1.000000000000000021e-02 1.107697720398661989e+00
1.009727545900835841e-02 1.107692039389422511e+00
1.019549716950923779e-02 1.107686086204010323e+00
1.029467433620748044e-02 1.107679940270109853e+00
1.039481625334708927e-02 1.107673762047954424e+00
1.049593230558227772e-02 1.107667563762303242e+00
1.059803196885688789e-02 1.107661045410691880e+00
1.070112481129246833e-02 1.107654490927090229e+00
1.080522049408488318e-02 1.107647793586785667e+00
1.091032877240974419e-02 1.107640929806851027e+00
1.101645949633656314e-02 1.107633945855951874e+00
1.112362261175187626e-02 1.107626830740513713e+00
1.123182816129126085e-02 1.107619567127967164e+00
1.134108628528052165e-02 1.107612197048434055e+00
1.145140722268592030e-02 1.107604583751990113e+00
1.156280131207376022e-02 1.107596852623729644e+00
1.167527899257919492e-02 1.107588965309066698e+00
1.178885080488457221e-02 1.107581057419028570e+00
1.190352739220719262e-02 1.107572833743998508e+00
1.201931950129673729e-02 1.107564849375062277e+00
1.213623798344241195e-02 1.107556484192725899e+00
1.225429379548980714e-02 1.107547412266497444e+00
1.237349800086776086e-02 1.107538468047057245e+00
1.249386177062509519e-02 1.107529423723576434e+00
1.261539638447754796e-02 1.107520021336743543e+00
1.273811323186478488e-02 1.107510700189631603e+00
1.286202381301779218e-02 1.107501143670132082e+00
1.298713974003655978e-02 1.107490916371390632e+00
1.311347273797833224e-02 1.107481001301696910e+00
1.324103464595636874e-02 1.107470779009717354e+00
1.336983741824946531e-02 1.107460598936483409e+00
1.349989312542219239e-02 1.107450458344777511e+00
1.363121395545611320e-02 1.107439291834584338e+00
1.376381221489191876e-02 1.107428838454003639e+00
1.389770032998276401e-02 1.107417678594829979e+00
1.403289084785873213e-02 1.107405560390479549e+00
1.416939643770268736e-02 1.107393917158166818e+00
1.430722989193757184e-02 1.107382072027427666e+00
1.444640412742520530e-02 1.107369901862836015e+00
1.458693218667675602e-02 1.107357403917396566e+00
1.472882723907502529e-02 1.107344860379181561e+00
1.487210258210860774e-02 1.107332061909206855e+00
1.501677164261799868e-02 1.107319449699557756e+00
1.516284797805393485e-02 1.107306090788818143e+00
1.531034527774784160e-02 1.107292454766749090e+00
1.545927736419477720e-02 1.107278792722413696e+00
1.560965819434872483e-02 1.107264669524907985e+00
1.576150186093060873e-02 1.107250244325951760e+00
1.591482259374891323e-02 1.107235540182405442e+00
1.606963476103326349e-02 1.107220512873910101e+00
1.622595287078087284e-02 1.107205170705637398e+00
1.638379157211618947e-02 1.107189516982175048e+00
1.654316565666366645e-02 1.107173449066019666e+00
1.670409005993399310e-02 1.107157210442102357e+00
1.686657986272368723e-02 1.107140676834536430e+00
1.703065029252844378e-02 1.107123825707244658e+00
1.719631672497009753e-02 1.107106508160273561e+00
1.736359468523754335e-02 1.107088975547927401e+00
1.753249984954170088e-02 1.107071071308817212e+00
1.770304804658450262e-02 1.107052884112059044e+00
1.787525525904235316e-02 1.107035876453316137e+00
1.804913762506383731e-02 1.107015354725604972e+00
1.822471143978214581e-02 1.106996011526326429e+00
1.840199315684210371e-02 1.106976271387719812e+00
1.858099938994215231e-02 1.106956133404956244e+00
1.876174691439120440e-02 1.106935548660533009e+00
1.894425266868081034e-02 1.106914301652318633e+00
1.912853375607242307e-02 1.106893464712083608e+00
1.931460744620030340e-02 1.106871457279755999e+00
1.950249117668984011e-02 1.106848793172859891e+00
1.969220255479172538e-02 1.106826298752899618e+00
1.988375935903200636e-02 1.106803256020695070e+00
2.007717954087816226e-02 1.106779729480272589e+00
2.027248122642137662e-02 1.106755871148730641e+00
2.046968271807520987e-02 1.106731427484596297e+00
2.066880249629082095e-02 1.106706737212832525e+00
2.086985922128879734e-02 1.106681332948526775e+00
2.107287173480786382e-02 1.106654982407392573e+00
2.127785906187062287e-02 1.106628721504460122e+00
2.148484041256648255e-02 1.106601770292246600e+00
2.169383518385184506e-02 1.106574262247625784e+00
2.190486296136792688e-02 1.106546170645407612e+00
2.211794352127614133e-02 1.106517593649174680e+00
2.233309683211144592e-02 1.106488487854109914e+00
2.255034305665360936e-02 1.106458778784611852e+00
2.276970255381680075e-02 1.106428597105928224e+00
2.299119588055741764e-02 1.106396344916708907e+00
2.321484379380064564e-02 1.106366302111606581e+00
2.344066725238556220e-02 1.106334270106950068e+00
2.366868741902936057e-02 1.106301325462378360e+00
2.389892566231050300e-02 1.106268149127062728e+00
2.413140355867127856e-02 1.106233925840866661e+00
2.436614289443983158e-02 1.106199570318999736e+00
2.460316566787181664e-02 1.106164258124951116e+00
2.484249409121190577e-02 1.106128668108133484e+00
2.508415059277539771e-02 1.106091191369780846e+00
2.532815781905008515e-02 1.106053306902582190e+00
2.557453863681850847e-02 1.106015207117727162e+00
2.582331613530085626e-02 1.105975957377275831e+00
2.607451362831877603e-02 1.105936583078449109e+00
2.632815465648021339e-02 1.105895328860869276e+00
2.658426298938541474e-02 1.105854212052716834e+00
2.684286262785454819e-02 1.105811611921989623e+00
2.710397780617682106e-02 1.105769073440903139e+00
2.736763299438163891e-02 1.105725253999462865e+00
2.763385290053169824e-02 1.105681828793852128e+00
2.790266247303856487e-02 1.105636319581919436e+00
2.817408690300057458e-02 1.105589219615136898e+00
2.844815162656363222e-02 1.105542102502820256e+00
2.872488232730495070e-02 1.105494125182454601e+00
2.900430493863991738e-02 1.105445288808017734e+00
2.928644564625237229e-02 1.105394724773513415e+00
2.957133089054861039e-02 1.105344183248811341e+00
2.985898736913520854e-02 1.105291579090626142e+00
3.014944203932094433e-02 1.105238548707458968e+00
3.044272212064302874e-02 1.105184542779280799e+00
3.073885509741795460e-02 1.105129474351579155e+00
3.103786872131722788e-02 1.105073682527298651e+00
3.133979101396793671e-02 1.105016635888903309e+00
3.164465026957891114e-02 1.104957969814563734e+00
3.195247505759213347e-02 1.104898345941480509e+00
3.226329422536015901e-02 1.104837544284582362e+00
3.257713690084949876e-02 1.104775152592827325e+00
3.289403249537032475e-02 1.104712328286676870e+00
3.321401070633261954e-02 1.104647958985679690e+00
3.353710152002930406e-02 1.104582249998923515e+00
3.386333521444636480e-02 1.104515312552706963e+00
3.419274236210027851e-02 1.104447167715366440e+00
3.452535383290306070e-02 1.104377486529368957e+00
3.486120079705520153e-02 1.104306688089480293e+00
3.520031472796678745e-02 1.104234504940230455e+00
3.554272740520694751e-02 1.104160997061285343e+00
3.588847091748199186e-02 1.104085963000284831e+00
3.623757766564258964e-02 1.104009260882298893e+00
3.659008036572020811e-02 1.103931282734483599e+00
3.694601205199302130e-02 1.103851694272236283e+00
3.730540608008161424e-02 1.103770734503244144e+00
3.766829613007490613e-02 1.103687880062392379e+00
3.803471620968648659e-02 1.103603572468204286e+00
3.840470065744145539e-02 1.103517114298201651e+00
3.877828414589457040e-02 1.103429791556312933e+00
3.915550168487941241e-02 1.103340283779924436e+00
3.953638862478930927e-02 1.103248905448426243e+00
3.992098065989020672e-02 1.103156095300112272e+00
4.030931383166566628e-02 1.103061020196033137e+00
4.070142453219438572e-02 1.102965454668880962e+00
4.109734950756069316e-02 1.102866838284112028e+00
4.149712586129815362e-02 1.102765298530270499e+00
4.190079105786669034e-02 1.102663241185978915e+00
4.230838292616342228e-02 1.102558712021419751e+00
4.271993966306778662e-02 1.102452365905753906e+00
4.313549983702118923e-02 1.102344191154809527e+00
4.355510239164130798e-02 1.102233737882292841e+00
4.397878664937160398e-02 1.102121107599777883e+00
4.440659231516640160e-02 1.102007457138333146e+00
4.483855948021186338e-02 1.101888829035598372e+00
4.527472862568297785e-02 1.101769363954782532e+00
4.571514062653719151e-02 1.101648162643058315e+00
4.615983675534499064e-02 1.101523510785064941e+00
4.660885868615767536e-02 1.101397091114622917e+00
4.706224849841281199e-02 1.101268580667166486e+00
4.752004868087766204e-02 1.101136961398045733e+00
4.798230213563085128e-02 1.101003175861062333e+00
4.844905218208294534e-02 1.100866516010047036e+00
4.892034256103611894e-02 1.100728180814250390e+00
4.939621743878321036e-02 1.100586089260344291e+00
4.987672141124663283e-02 1.100441387258576986e+00
5.036189950815770505e-02 1.100293734627773024e+00
5.085179719727656034e-02 1.100143842712486775e+00
5.134646038865306461e-02 1.099990682814046439e+00
5.184593543892913187e-02 1.099834330842936359e+00
5.235026915568305461e-02 1.099675305545275039e+00
5.285950880181603667e-02 1.099512425718300435e+00
5.337370209998133774e-02 1.099346554305082657e+00
5.389289723705643909e-02 1.099180645990180061e+00
5.441714286865893119e-02 1.099006410546425894e+00
5.494648812370611646e-02 1.098831310089453339e+00
5.548098260901916656e-02 1.098652845051975468e+00
5.602067641397187603e-02 1.098470248439624486e+00
5.656562011518465050e-02 1.098288142924694455e+00
5.711586478126431943e-02 1.098095829115108613e+00
5.767146197758996756e-02 1.097904102798410220e+00
5.823246377114527778e-02 1.097706622083197470e+00
5.879892273539785025e-02 1.097506020750646627e+00
5.937089195522609469e-02 1.097302770309012132e+00
5.994842503189409116e-02 1.097094850505751618e+00
6.053157608807464840e-02 1.096881564567371292e+00
6.112039977292132997e-02 1.096665918781952298e+00
6.171495126718981594e-02 1.096443953995223541e+00
6.231528628840921763e-02 1.096219751957232758e+00
6.292146109610344262e-02 1.095991054576769264e+00
6.353353249706343575e-02 1.095757950880898113e+00
6.415155785067082339e-02 1.095519771010299293e+00
6.477559507427335661e-02 1.095277279467502973e+00
6.540570264861225724e-02 1.095030361209531122e+00
6.604193962330305590e-02 1.094778324053692575e+00
6.668436562236895737e-02 1.094521988920753808e+00
6.733304084982863480e-02 1.094259424049692786e+00
6.798802609533814711e-02 1.093992954412518648e+00
6.864938273988777095e-02 1.093735032221970549e+00
6.931717276155408003e-02 1.093444550335795684e+00
6.999145874130821565e-02 1.093162901107360030e+00
7.067230386888070925e-02 1.092874054649817683e+00
7.135977194868306506e-02 1.092581000323973539e+00
7.205392740578704658e-02 1.092281607056937442e+00
7.275483529196229149e-02 1.091976666979092681e+00
7.346256129177256011e-02 1.091665913068722960e+00
7.417717172873124210e-02 1.091349000876608022e+00
7.489873357151664857e-02 1.091027966963978857e+00
7.562731444024800576e-02 1.090698394505705382e+00
7.636298261282241373e-02 1.090364023864062393e+00
7.710580703131336699e-02 1.090023037872480671e+00
7.785585730843146146e-02 1.089674896941971616e+00
7.861320373404813433e-02 1.089320233995841214e+00
7.937791728178281159e-02 1.088958184588975531e+00
8.015006961565404597e-02 1.088589465387679756e+00
8.092973309679550586e-02 1.088212268458437659e+00
8.171698079023696770e-02 1.087833099026167316e+00
8.251188647175167201e-02 1.087441730688093688e+00
8.331452463477014014e-02 1.087044657564028238e+00
8.412497049736118726e-02 1.086635813462848654e+00
8.494330000928071445e-02 1.086227155105921938e+00
8.576958985908941790e-02 1.085806410849465387e+00
8.660391748133952627e-02 1.085377632467189102e+00
8.744636106383144036e-02 1.084941004340775450e+00
8.829699955494091368e-02 1.084496977678744534e+00
8.915591267101763417e-02 1.084047936062656037e+00
9.002318090385581784e-02 1.083581853717097809e+00
9.089888552823731371e-02 1.083112216845506515e+00
9.178310860954806694e-02 1.082631785394045254e+00
9.267593301146882789e-02 1.082143540030360951e+00
9.357744240374062106e-02 1.081645693811982500e+00
9.448772127000577836e-02 1.081139552062912790e+00
9.540685491572513388e-02 1.080623839360076666e+00
9.633492947617222635e-02 1.080095059166767957e+00
9.727203192450542546e-02 1.079558546064942837e+00
9.821825007991856482e-02 1.079014011475356583e+00
9.917367261587073379e-02 1.078453740440578290e+00
1.001383890683960748e-01 1.077886424860493131e+00
1.011124898444945991e-01 1.077315817347217708e+00
1.020960662306047012e-01 1.076719839059811612e+00
1.030892104011576216e-01 1.076119664393290876e+00
1.040920154272158005e-01 1.075507927544496090e+00
1.051045752851944987e-01 1.074885669015489098e+00
1.061269848656690717e-01 1.074250501360854093e+00
1.071593399822671072e-01 1.073604117084311360e+00
1.082017373806478805e-01 1.072946659736594865e+00
1.092542747475682557e-01 1.072274485757483076e+00
1.103170507200377515e-01 1.071591180699106083e+00
1.113901648945616746e-01 1.070895250840717461e+00
1.124737178364751955e-01 1.070186376579821408e+00
1.135678110893671017e-01 1.069462813858079731e+00
1.146725471845963656e-01 1.068727613421931899e+00
1.157880296509002094e-01 1.067978158367168140e+00
1.169143630240966764e-01 1.067214792016939917e+00
1.180516528568804902e-01 1.066436557189675005e+00
1.192000057287153220e-01 1.065644621800933667e+00
1.203595292558212876e-01 1.064801918428923910e+00
1.215303321012602134e-01 1.064017858379481929e+00
1.227125239851190319e-01 1.063180714533093152e+00
1.239062156947916271e-01 1.062329321999424536e+00
1.251115190953615564e-01 1.061460426155646175e+00
1.263285471400849291e-01 1.060575994183066806e+00
1.275574138809759950e-01 1.059678734431215741e+00
1.287982344794950385e-01 1.058758787530880596e+00
1.300511252173409127e-01 1.057826223609452443e+00
1.313162035073478784e-01 1.056876043932592824e+00
1.325935879044890797e-01 1.055906485264711758e+00
1.338833981169864351e-01 1.054920454873376379e+00
1.351857550175293021e-01 1.053930641873118024e+00
1.365007806546013891e-01 1.052894848602471845e+00
1.378285982639189389e-01 1.051854194936950426e+00
1.391693322799789911e-01 1.050793534188044331e+00
1.405231083477211373e-01 1.049716083480704443e+00
1.418900533343016301e-01 1.048629684412438090e+00
1.432702953409830948e-01 1.047499098797248562e+00
1.446639637151387880e-01 1.046360162676857719e+00
1.460711890623745679e-01 1.045201444899104493e+00
1.474921032587684921e-01 1.044021607668043528e+00
1.489268394632288772e-01 1.042820679858217359e+00
1.503755321299738434e-01 1.041597161973306873e+00
1.518383170211306810e-01 1.040352472890519131e+00
1.533153312194593942e-01 1.039085728108896545e+00
1.548067131411984265e-01 1.037796128055610279e+00
1.563126025490369497e-01 1.036483278676232578e+00
1.578331405652117214e-01 1.035147074834367409e+00
1.593684696847328941e-01 1.033819937870197547e+00
1.609187337887370006e-01 1.032404068171058453e+00
1.624840781579713067e-01 1.030995301348355264e+00
1.640646494864078653e-01 1.029562056291683403e+00
1.656605958949914359e-01 1.028103485142576323e+00
1.672720669455196874e-01 1.026619319479564529e+00
1.688992136546599021e-01 1.025108905051071995e+00
1.705421885081006561e-01 1.023572220431070656e+00
1.722011454748421100e-01 1.022008443864432570e+00
1.738762400216251336e-01 1.020417332791274223e+00
1.755676291275001522e-01 1.018798495945006266e+00
1.772754712985387948e-01 1.017152673112870609e+00
1.789999265826875408e-01 1.015477639041222124e+00
1.807411565847668600e-01 1.013783213906599423e+00
1.824993244816152382e-01 1.012040031088694114e+00
1.842745950373816666e-01 1.010276412500892729e+00
1.860671346189656239e-01 1.008482460515579993e+00
1.878771112116086051e-01 1.006658105675848125e+00
1.897046944346358344e-01 1.004803051024544924e+00
1.915500555573527997e-01 1.002916454978057148e+00
1.934133675150944698e-01 1.000996770793285640e+00
1.952948049254327745e-01 9.990455579638167771e-01
1.971945441045395986e-01 9.970571813914628212e-01
1.991127630837108697e-01 9.950442469397056122e-01
2.010496416260497965e-01 9.929926747017152611e-01
2.030053612433137811e-01 9.909074182376701456e-01
2.049801052129238688e-01 9.887853066577922956e-01
2.069740585951406198e-01 9.866303168364014553e-01
2.089874082504071251e-01 9.844392664477846777e-01
2.110203428568595552e-01 9.822127671927711745e-01
2.130730529280097374e-01 9.799488375715462718e-01
2.151457308305980698e-01 9.776462940083355813e-01
2.172385708026215445e-01 9.753074326362661806e-01
2.193517689715359098e-01 9.729302754858232261e-01
2.214855233726360506e-01 9.705158795054545928e-01
2.236400339676138660e-01 9.680610507267635167e-01
2.258155026632983065e-01 9.655673603788944570e-01
2.280121333305757114e-01 9.630350330647297064e-01
2.302301318234963867e-01 9.604598888105424503e-01
2.324697059985647851e-01 9.578436496920614829e-01
2.347310657342196183e-01 9.551883759472987734e-01
2.370144229505012079e-01 9.524904116813623922e-01
2.393199916289123208e-01 9.497496917034585762e-01
2.416479878324700736e-01 9.469662857225557007e-01
2.439986297259550130e-01 9.441440306223528589e-01
2.463721375963552895e-01 9.412728916463080076e-01
2.487687338735107279e-01 9.383550762343261242e-01
2.511886431509580686e-01 9.353971513308870778e-01
2.536320922069775774e-01 9.323935827666743892e-01
2.560993100258459609e-01 9.293434241746715285e-01
2.585905278192945911e-01 9.262485859930360554e-01
2.611059790481781162e-01 9.231061376526271678e-01
2.636458994443517945e-01 9.199179821719917216e-01
2.662105270327638773e-01 9.166825088876391359e-01
2.688001021537606006e-01 9.133990205694342279e-01
2.714148674856106669e-01 9.100670477984814655e-01
2.740550680672460548e-01 9.066876123396661047e-01
2.767209513212268712e-01 9.032578552292871432e-01
2.794127670769268601e-01 8.997787633864428036e-01
2.821307675939472293e-01 8.962518988147775145e-01
2.848752075857552413e-01 8.926740977539684430e-01
2.876463442435557849e-01 8.890452468874571190e-01
2.904444372603925406e-01 8.853658717485261009e-01
2.932697488554852905e-01 8.816338139515701444e-01
2.961225437988035947e-01 8.778530882701518490e-01
2.990030894358785551e-01 8.740196570576632684e-01
3.019116557128577738e-01 8.701341973823176756e-01
3.048485152018017286e-01 8.661952494484123077e-01
3.078139431262288950e-01 8.622042682875709074e-01
3.108082173869063936e-01 8.581604609109458881e-01
3.138316185878944342e-01 8.540626381371438924e-01
3.168844300628416155e-01 8.499124010913221561e-01
3.199669379015380732e-01 8.457079402606991758e-01
3.230794309767249795e-01 8.414496046683649366e-01
3.262222009711669979e-01 8.371376140229717100e-01
3.293955424049855307e-01 8.327713845239326229e-01
3.325997526632606949e-01 8.283497443691103523e-01
3.358351320238990301e-01 8.238730130928856310e-01
3.391019836857747105e-01 8.193447126249222556e-01
3.424006137971423724e-01 8.147587597840399987e-01
3.457313314843284413e-01 8.101188256438939250e-01
3.490944488806992929e-01 8.054243334844540803e-01
3.524902811559130766e-01 8.006746419357210209e-01
3.559191465454557002e-01 7.958696414783615891e-01
3.593813663804627523e-01 7.910178515592621862e-01
3.628772651178337472e-01 7.860964792766118592e-01
3.664071703706370808e-01 7.811280823611672641e-01
3.699714129388128048e-01 7.761074442876185753e-01
3.735703268401719401e-01 7.710253465471321732e-01
3.772042493416999376e-01 7.658931416986314300e-01
3.808735209911614517e-01 7.607056000224891035e-01
3.845784856490158665e-01 7.554652866637374675e-01
3.883194905206404091e-01 7.501702694578948893e-01
3.920968861888690649e-01 7.448233766884844176e-01
3.959110266468458539e-01 7.394216766567420773e-01
3.997622693312000708e-01 7.339674012137396009e-01
4.036509751555413805e-01 7.284605377753431421e-01
4.075775085442840395e-01 7.229021542819071833e-01
4.115422374667966343e-01 7.172907735048851263e-01
4.155455334718875515e-01 7.116307955657048545e-01
4.195877717226225712e-01 7.059177515650385537e-01
4.236693310314835759e-01 7.001557002647345040e-01
4.277905938958687093e-01 6.943449577192973843e-01
4.319519465339363706e-01 6.884839303438222702e-01
4.361537789208005944e-01 6.825779768856017338e-01
4.403964848250754294e-01 6.766272463475840881e-01
4.446804618457780300e-01 6.706145985123993514e-01
4.490061114495874639e-01 6.645681633891442619e-01
4.533738390084691150e-01 6.584690103033954411e-01
4.577840538376618529e-01 6.523303584573706404e-01
4.622371692340384031e-01 6.461472454419440181e-01
4.667336025148346446e-01 6.399209692225069634e-01
4.712737750567601580e-01 6.336531609917546159e-01
4.758581123354846953e-01 6.273441796748208121e-01
4.804870439655131720e-01 6.209954205148143780e-01
4.851610037404442966e-01 6.146095099426427399e-01
4.898804296736250508e-01 6.081850950474173567e-01
4.946457640391963562e-01 6.017235847040003360e-01
4.994574534135413635e-01 5.952210513262676805e-01
5.043159487171361421e-01 5.886961068604188441e-01
5.092217052568053237e-01 5.821339357393873204e-01
5.141751827683928022e-01 5.755390354367426742e-01
5.191768454598426619e-01 5.689096992291001742e-01
5.242271620547044320e-01 5.622597592867104588e-01
5.293266058360561743e-01 5.555780226290338852e-01
5.344756546908600026e-01 5.488716920750799089e-01
5.396747911547442600e-01 5.421411598171864688e-01
5.449245024572260121e-01 5.353850496761155542e-01
5.502252805673685243e-01 5.286094973986180667e-01
5.555776222398878250e-01 5.218170347805327625e-01
5.609820290617031358e-01 5.149994179117579618e-01
5.664390074989449353e-01 5.081681593353410964e-01
5.719490689444144405e-01 5.013233283083935454e-01
5.775127297655114900e-01 4.944648165516680738e-01
5.831305113526221717e-01 4.875946068531815114e-01
5.888029401679826247e-01 4.807149726404285062e-01
5.945305477950136863e-01 4.738270952741673869e-01
6.003138709881384871e-01 4.669333471375222699e-01
6.061534517230839914e-01 4.600352687125548456e-01
6.120498372476699256e-01 4.531340736265646041e-01
6.180035801330957534e-01 4.462326097205397413e-01
6.240152383257209223e-01 4.393327593882373483e-01
6.300853751993553686e-01 4.324411953434824651e-01
6.362145596080520660e-01 4.255452895839952898e-01
6.424033659394193796e-01 4.186612282372930705e-01
6.486523741684461219e-01 4.117862401905572067e-01
6.549621699118558515e-01 4.049223252366824788e-01
6.613333444829840868e-01 3.980718224512811987e-01
6.677664949471955325e-01 3.912344973430126327e-01
6.742622241778342129e-01 3.844174275350895620e-01
6.808211409127237213e-01 3.776168699882022639e-01
6.874438598112112553e-01 3.708444862785363894e-01
6.941310015117725385e-01 3.640823519551515952e-01
7.008831926901714082e-01 3.573531669172281267e-01
7.077010661181889484e-01 3.506413268674244410e-01
7.145852607229240538e-01 3.439718847887580089e-01
7.215364216466665370e-01 3.373277644776894180e-01
7.285552003073593186e-01 3.307221274381990095e-01
7.356422544596413760e-01 3.241411881793890282e-01
7.427982482564918776e-01 3.176082290295908495e-01
7.500238523114668432e-01 3.111160885957342526e-01
7.573197437615483141e-01 3.046429563168673860e-01
7.646866063305975958e-01 2.982339507140921997e-01
7.721251303934327792e-01 2.918621808411888674e-01
7.796360130405233235e-01 2.855403846509166343e-01
7.872199581433195759e-01 2.792597460154724875e-01
7.948776764202123424e-01 2.730324959858169698e-01
8.026098855031396084e-01 2.668569932737763217e-01
8.104173100048355227e-01 2.607340558310741740e-01
8.183006815867394090e-01 2.546670861329252133e-01
8.262607390275591435e-01 2.486596056170252977e-01
8.342982282925082149e-01 2.427062907599668862e-01
8.424139026032094746e-01 2.368130375591790682e-01
8.506085225082840040e-01 2.309874194340978404e-01
8.588828559546254349e-01 2.252165198362862386e-01
8.672376783593644944e-01 2.195136006029445586e-01
8.756737726825394308e-01 2.138751660314328340e-01
8.841919295004664336e-01 2.083070155539845647e-01
8.927929470798307010e-01 2.028023659955909275e-01
9.014776314524917122e-01 1.973745428389344081e-01
9.102467964910225806e-01 1.920157846470703367e-01
9.191012639849772681e-01 1.867221608994067139e-01
9.280418637179072006e-01 1.815110318838276671e-01
9.370694335451198453e-01 1.763671138931335591e-01
9.461848194722002336e-01 1.713052175553066714e-01
9.553888757342895444e-01 1.663157111390153597e-01
9.646824648761427312e-01 1.614041102708711206e-01
9.740664578329562007e-01 1.565703650809502356e-01
9.835417340119908536e-01 1.518148881144860685e-01
9.931091813749796104e-01 1.471415821641191002e-01
1.002769696521346621e+00 1.425450772010972700e-01
1.012524184772224167e+00 1.380274536877148517e-01
1.022373560255302127e+00 1.335933946137389527e-01
1.032318745990486564e+00 1.292490261747904490e-01
1.042360673976402197e+00 1.249701697833364017e-01
1.052500285277732761e+00 1.207820127082184364e-01
1.062738530113414459e+00 1.166779033486279038e-01
1.073076367945679621e+00 1.126407602734769281e-01
1.083514767569973225e+00 1.087139252816453489e-01
1.094054707205742494e+00 1.048597119979703396e-01
1.104697174588111785e+00 1.010858826903714425e-01
1.115443167060441221e+00 9.738947858038365935e-02
1.126293691667795249e+00 9.378660927589566043e-02
1.137249765251314271e+00 9.028284353634581649e-02
1.148312414543511073e+00 8.682642095044723618e-02
1.159482676264482759e+00 8.346164747148382412e-02
1.170761597219069250e+00 8.018489416019680682e-02
1.182150234394952371e+00 7.699011955270491925e-02
1.193649655061713055e+00 7.387657327816866959e-02
1.205260936870842681e+00 7.084271134195954667e-02
1.216985167956738056e+00 6.789235746582339415e-02
1.228823447038673411e+00 6.502033909453235061e-02
1.240776883523764251e+00 6.222789511483055314e-02
1.252846597610937529e+00 5.951107803620189068e-02
1.265033720395903893e+00 5.687836810273229349e-02
1.277339393977160009e+00 5.431996535571180507e-02
1.289764771563017165e+00 5.183819688999816155e-02
1.302311017579677488e+00 4.943236533011619027e-02
1.314979307780347773e+00 4.710036004431512879e-02
1.327770829355430449e+00 4.484338304096538441e-02
1.340686781043774811e+00 4.265852445612460658e-02
1.353728373245021821e+00 4.054626692742726440e-02
1.366896828133026487e+00 3.850486120357806546e-02
1.380193379770397355e+00 3.653367992235456718e-02
1.393619274224142002e+00 3.463123313807558307e-02
1.407175769682446731e+00 3.279864525381297191e-02
1.420864136572576708e+00 3.103031666199749725e-02
1.434685657679937831e+00 2.932724902555662594e-02
1.448641628268290127e+00 2.768838537262158575e-02
1.462733356201129986e+00 2.611506245343649807e-02
1.476962162064259898e+00 2.460324062805507514e-02
1.491329379289537682e+00 2.315125209637295539e-02
1.505836354279841416e+00 2.176049854446374457e-02
1.520484446535244283e+00 2.042690404930045875e-02
1.535275028780422657e+00 1.915132410416506281e-02
1.550209487093291205e+00 1.793017955582619505e-02
1.565289221034902312e+00 1.676345862744129875e-02
1.580515643780601165e+00 1.565139451859850345e-02
1.595890182252465817e+00 1.459109741303933790e-02
1.611414277253019778e+00 1.358140668409038923e-02
1.627089383600260675e+00 1.261968960293161079e-02
1.642916970263993193e+00 1.170689877194474801e-02
1.658898520503498064e+00 1.084061645335065299e-02
1.675035532006524441e+00 1.001959417282314094e-02
1.691329517029648732e+00 9.242387680009919379e-03
1.707782002539993016e+00 8.508812919204722033e-03
1.724394530358320354e+00 7.815498214544483457e-03
1.741168657303530987e+00 7.162553056560236851e-03
1.758105955338547632e+00 6.548233442635824353e-03
1.775208011717636092e+00 5.971460911394881055e-03
1.792476429135148930e+00 5.430399203578169763e-03
1.809912825875727105e+00 4.924725425106544173e-03
1.827518835965944666e+00 4.452333042965625140e-03
1.845296109327445366e+00 4.012169651099810677e-03
1.863246311931559873e+00 3.603261177949332750e-03
1.881371125955437096e+00 3.223523403276897393e-03
1.899672249939675650e+00 2.872533266114684573e-03
1.918151398947507635e+00 2.548662232824260888e-03
1.936810304725519849e+00 2.251102441509991378e-03
1.955650715865949074e+00 1.978225900777574181e-03
1.974674397970537454e+00 1.728976399051391014e-03
1.993883133816001019e+00 1.502182986150500362e-03
2.013278723521096492e+00 1.296666039792338833e-03
2.032862984715323673e+00 1.111285456623945954e-03
2.052637752709252084e+00 9.449305927711298915e-04
2.072604880666519822e+00 7.964327379611421936e-04
2.092766239777499759e+00 6.647261639165716459e-04
2.113123719434652603e+00 5.487144691386215646e-04
2.133679227409597701e+00 4.473174757894925755e-04
2.154434690031884259e+00 3.594868535300387003e-04
2.175392052369522489e+00 2.841798124409725341e-04
2.196553278411258248e+00 2.203716191532559222e-04
2.217920351250634692e+00 1.670539928997619085e-04
2.239495273271823184e+00 1.232339752494543991e-04
2.261280066337279404e+00 8.793140977099065357e-05
2.283276771977218012e+00 6.018912851359591292e-05
2.305487451580938707e+00 3.905816881656195747e-05
2.327914186589993051e+00 2.360841273250988674e-05
2.350559078693253756e+00 1.292358414681146953e-05
2.373424250023866033e+00 6.102171469532957732e-06
2.396511843358130278e+00 2.256922474948158878e-06
2.419824022316292567e+00 5.143937899047071253e-07
2.443362971565319341e+00 0.000000000000000000e+00
