1.000000000000000021e-02 1.268186162336164546e+00
1.009727545900835841e-02 1.268181488934590151e+00
1.019549716950923779e-02 1.268198162846435384e+00
1.029467433620748044e-02 1.268192985965619357e+00
1.039481625334708927e-02 1.268187709592931034e+00
1.049593230558227772e-02 1.268159732431046072e+00
1.059803196885688789e-02 1.268154047238024607e+00
1.070112481129246833e-02 1.268148303078581396e+00
1.080522049408488318e-02 1.268142965472694783e+00
1.091032877240974419e-02 1.268159754665846073e+00
1.101645949633656314e-02 1.268153539281998921e+00
1.112362261175187626e-02 1.268123759060208355e+00
1.123182816129126085e-02 1.268117132794965185e+00
1.134108628528052165e-02 1.268110541068142805e+00
1.145140722268592030e-02 1.268103473852271623e+00
1.156280131207376022e-02 1.268096650042369600e+00
1.167527899257919492e-02 1.268089691498535565e+00
1.178885080488457221e-02 1.268082584529982126e+00
1.190352739220719262e-02 1.268075323872052129e+00
1.201931950129673729e-02 1.268067947141102270e+00
1.213623798344241195e-02 1.268060180421840766e+00
1.225429379548980714e-02 1.268052523876845639e+00
1.237349800086776086e-02 1.268041031525953599e+00
1.249386177062509519e-02 1.268036517795620099e+00
1.261539638447754796e-02 1.268028785902781674e+00
1.273811323186478488e-02 1.268020483065483317e+00
1.286202381301779218e-02 1.268011937783351639e+00
1.298713974003655978e-02 1.268003307911876654e+00
1.311347273797833224e-02 1.267994537666112143e+00
1.324103464595636874e-02 1.267985542526580245e+00
1.336983741824946531e-02 1.267976397543505440e+00
1.349989312542219239e-02 1.267967058752437204e+00
1.363121395545611320e-02 1.267957479212893368e+00
1.376381221489191876e-02 1.267947757256458141e+00
1.389770032998276401e-02 1.267937848509715915e+00
1.403289084785873213e-02 1.267927736356486923e+00
1.416939643770268736e-02 1.267917412838784674e+00
1.430722989193757184e-02 1.267906874148775564e+00
1.444640412742520530e-02 1.267896109291757112e+00
1.458693218667675602e-02 1.267885216474771370e+00
1.472882723907502529e-02 1.267874146563099824e+00
1.487210258210860774e-02 1.267862749010423062e+00
1.501677164261799868e-02 1.267851125818534097e+00
1.516284797805393485e-02 1.267839529002377619e+00
1.531034527774784160e-02 1.267827115404605465e+00
1.545927736419477720e-02 1.267814733365894453e+00
1.560965819434872483e-02 1.267802097233614145e+00
1.576150186093060873e-02 1.267788644603741632e+00
1.591482259374891323e-02 1.267775566558593914e+00
1.606963476103326349e-02 1.267762804828051815e+00
1.622595287078087284e-02 1.267749039809665357e+00
1.638379157211618947e-02 1.267735209171794830e+00
1.654316565666366645e-02 1.267721087891469089e+00
1.670409005993399310e-02 1.267706291169337085e+00
1.686657986272368723e-02 1.267691827036864005e+00
1.703065029252844378e-02 1.267677604277667180e+00
1.719631672497009753e-02 1.267662366714673805e+00
1.736359468523754335e-02 1.267646855087327662e+00
1.753249984954170088e-02 1.267631020958559285e+00
1.770304804658450262e-02 1.267613994945049116e+00
1.787525525904235316e-02 1.267597429094512673e+00
1.804913762506383731e-02 1.267580535860173940e+00
1.822471143978214581e-02 1.267563168537954921e+00
1.840199315684210371e-02 1.267545829188127193e+00
1.858099938994215231e-02 1.267528018827724035e+00
1.876174691439120440e-02 1.267510043146652166e+00
1.894425266868081034e-02 1.267491884791838608e+00
1.912853375607242307e-02 1.267473231433987602e+00
1.931460744620030340e-02 1.267454028082184436e+00
1.950249117668984011e-02 1.267433787702826553e+00
1.969220255479172538e-02 1.267414411489655945e+00
1.988375935903200636e-02 1.267394013761852012e+00
2.007717954087816226e-02 1.267373168298171038e+00
2.027248122642137662e-02 1.267351891808127684e+00
2.046968271807520987e-02 1.267330155214860810e+00
2.066880249629082095e-02 1.267308011651633759e+00
2.086985922128879734e-02 1.267285356172154431e+00
2.107287173480786382e-02 1.267262559786473508e+00
2.127785906187062287e-02 1.267238800006457389e+00
2.148484041256648255e-02 1.267214976063069098e+00
2.169383518385184506e-02 1.267190683108449845e+00
2.190486296136792688e-02 1.267166157478921695e+00
2.211794352127614133e-02 1.267140881972931732e+00
2.233309683211144592e-02 1.267117108881720799e+00
2.255034305665360936e-02 1.267088837096625564e+00
2.276970255381680075e-02 1.267062197351930486e+00
2.299119588055741764e-02 1.267034835528403569e+00
2.321484379380064564e-02 1.267006948887792195e+00
2.344066725238556220e-02 1.266978453514017167e+00
2.366868741902936057e-02 1.266949066055551354e+00
2.389892566231050300e-02 1.266919553323324399e+00
2.413140355867127856e-02 1.266889224567123495e+00
2.436614289443983158e-02 1.266858485451364702e+00
2.460316566787181664e-02 1.266827679490875269e+00
2.484249409121190577e-02 1.266795625118652513e+00
2.508415059277539771e-02 1.266762681472744623e+00
2.532815781905008515e-02 1.266729385282859610e+00
2.557453863681850847e-02 1.266695484387046156e+00
2.582331613530085626e-02 1.266661159389086189e+00
2.607451362831877603e-02 1.266625742776919861e+00
2.632815465648021339e-02 1.266589318451240676e+00
2.658426298938541474e-02 1.266553250803356567e+00
2.684286262785454819e-02 1.266515897328225115e+00
2.710397780617682106e-02 1.266477827832900305e+00
2.736763299438163891e-02 1.266438880780717646e+00
2.763385290053169824e-02 1.266399207194292886e+00
2.790266247303856487e-02 1.266358981432768038e+00
2.817408690300057458e-02 1.266318066301500123e+00
2.844815162656363222e-02 1.266276477036685000e+00
2.872488232730495070e-02 1.266232210438914763e+00
2.900430493863991738e-02 1.266190292264604000e+00
2.928644564625237229e-02 1.266145724010413698e+00
2.957133089054861039e-02 1.266100504071192345e+00
2.985898736913520854e-02 1.266054511589004505e+00
3.014944203932094433e-02 1.266007263408593708e+00
3.044272212064302874e-02 1.265959551132455063e+00
3.073885509741795460e-02 1.265910270317238240e+00
3.103786872131722788e-02 1.265861122714248888e+00
3.133979101396793671e-02 1.265809740435069886e+00
3.164465026957891114e-02 1.265757876589447939e+00
3.195247505759213347e-02 1.265704086793637773e+00
3.226329422536015901e-02 1.265650303071031990e+00
3.257713690084949876e-02 1.265595662930070420e+00
3.289403249537032475e-02 1.265538875656240903e+00
3.321401070633261954e-02 1.265482073586150058e+00
3.353710152002930406e-02 1.265423639212174711e+00
3.386333521444636480e-02 1.265364306080893009e+00
3.419274236210027851e-02 1.265305055276533697e+00
3.452535383290306070e-02 1.265243286918579679e+00
3.486120079705520153e-02 1.265179956301860198e+00
3.520031472796678745e-02 1.265115356216766518e+00
3.554272740520694751e-02 1.265050227141527150e+00
3.588847091748199186e-02 1.264983404433246195e+00
3.623757766564258964e-02 1.264916051062365820e+00
3.659008036572020811e-02 1.264846329474567765e+00
3.694601205199302130e-02 1.264775906943307771e+00
3.730540608008161424e-02 1.264703841872061529e+00
3.766829613007490613e-02 1.264630352813252312e+00
3.803471620968648659e-02 1.264555681957804101e+00
3.840470065744145539e-02 1.264479580806080694e+00
3.877828414589457040e-02 1.264402133530019512e+00
3.915550168487941241e-02 1.264324000234879897e+00
3.953638862478930927e-02 1.264243084917928472e+00
3.992098065989020672e-02 1.264160171868757621e+00
4.030931383166566628e-02 1.264076128703250701e+00
4.070142453219438572e-02 1.263990154208334271e+00
4.109734950756069316e-02 1.263902474639077456e+00
4.149712586129815362e-02 1.263813966143491507e+00
4.190079105786669034e-02 1.263723082388004348e+00
4.230838292616342228e-02 1.263630483385291603e+00
4.271993966306778662e-02 1.263535995502771625e+00
4.313549983702118923e-02 1.263439957453011298e+00
4.355510239164130798e-02 1.263342137458501435e+00
4.397878664937160398e-02 1.263242468228679805e+00
4.440659231516640160e-02 1.263140899517001037e+00
4.483855948021186338e-02 1.263037272879646622e+00
4.527472862568297785e-02 1.262931375572337034e+00
4.571514062653719151e-02 1.262823515105265360e+00
4.615983675534499064e-02 1.262713742489746549e+00
4.660885868615767536e-02 1.262601893027340605e+00
4.706224849841281199e-02 1.262487477405087377e+00
4.752004868087766204e-02 1.262370984837111187e+00
4.798230213563085128e-02 1.262252235749767415e+00
4.844905218208294534e-02 1.262130950216818315e+00
4.892034256103611894e-02 1.262007272814100078e+00
4.939621743878321036e-02 1.261881062984961277e+00
4.987672141124663283e-02 1.261752794069546102e+00
5.036189950815770505e-02 1.261621849742128765e+00
5.085179719727656034e-02 1.261489991219303164e+00
5.134646038865306461e-02 1.261351702407831121e+00
5.184593543892913187e-02 1.261213003055297932e+00
5.235026915568305461e-02 1.261072355382030885e+00
5.285950880181603667e-02 1.260930237900753426e+00
5.337370209998133774e-02 1.260781320411249018e+00
5.389289723705643909e-02 1.260631803127325146e+00
5.441714286865893119e-02 1.260479331811941828e+00
5.494648812370611646e-02 1.260325821474433505e+00
5.548098260901916656e-02 1.260164702872091480e+00
5.602067641397187603e-02 1.260003637862879389e+00
5.656562011518465050e-02 1.259838535009543792e+00
5.711586478126431943e-02 1.259671322086777678e+00
5.767146197758996756e-02 1.259499568230199484e+00
5.823246377114527778e-02 1.259325654799383187e+00
5.879892273539785025e-02 1.259147616075268816e+00
5.937089195522609469e-02 1.258966105987649353e+00
5.994842503189409116e-02 1.258780993340745669e+00
6.053157608807464840e-02 1.258592843984762899e+00
6.112039977292132997e-02 1.258401400362026079e+00
6.171495126718981594e-02 1.258205442754660952e+00
6.231528628840921763e-02 1.258006045375641202e+00
6.292146109610344262e-02 1.257802789920708264e+00
6.353353249706343575e-02 1.257595603963436171e+00
6.415155785067082339e-02 1.257383777392188984e+00
6.477559507427335661e-02 1.257168780755535176e+00
6.540570264861225724e-02 1.256949497739894062e+00
6.604193962330305590e-02 1.256724455418293696e+00
6.668436562236895737e-02 1.256496787809704641e+00
6.733304084982863480e-02 1.256266759838904346e+00
6.798802609533814711e-02 1.256026790112708014e+00
6.864938273988777095e-02 1.255785049984984969e+00
6.931717276155408003e-02 1.255539597749661285e+00
6.999145874130821565e-02 1.255288186593614297e+00
7.067230386888070925e-02 1.255033019272555839e+00
7.135977194868306506e-02 1.254771898356158433e+00
7.205392740578704658e-02 1.254506647104060901e+00
7.275483529196229149e-02 1.254235738390793387e+00
7.346256129177256011e-02 1.253959791983199956e+00
7.417717172873124210e-02 1.253679234326812164e+00
7.489873357151664857e-02 1.253390742220624521e+00
7.562731444024800576e-02 1.253098365233863420e+00
7.636298261282241373e-02 1.252800198465730430e+00
7.710580703131336699e-02 1.252495897727265550e+00
7.785585730843146146e-02 1.252187031219280211e+00
7.861320373404813433e-02 1.251871695756572977e+00
7.937791728178281159e-02 1.251550771201627610e+00
8.015006961565404597e-02 1.251223073400624441e+00
8.092973309679550586e-02 1.250888908390214826e+00
8.171698079023696770e-02 1.250548488039523898e+00
8.251188647175167201e-02 1.250201663670710950e+00
8.331452463477014014e-02 1.249848057977035465e+00
8.412497049736118726e-02 1.249487292272514871e+00
8.494330000928071445e-02 1.249120348213008880e+00
8.576958985908941790e-02 1.248765489970300235e+00
8.660391748133952627e-02 1.248365054720867340e+00
8.744636106383144036e-02 1.247976832467373232e+00
8.829699955494091368e-02 1.247580873118526279e+00
8.915591267101763417e-02 1.247176897064336876e+00
9.002318090385581784e-02 1.246775051947207613e+00
9.089888552823731371e-02 1.246346334575284986e+00
9.178310860954806694e-02 1.245918692135651984e+00
9.267593301146882789e-02 1.245482788331739865e+00
9.357744240374062106e-02 1.245041239320754167e+00
9.448772127000577836e-02 1.244587958487944901e+00
9.540685491572513388e-02 1.244128769965947123e+00
9.633492947617222635e-02 1.243659165695042201e+00
9.727203192450542546e-02 1.243181876973298738e+00
9.821825007991856482e-02 1.242693487239722394e+00
9.917367261587073379e-02 1.242195616919481882e+00
1.001383890683960748e-01 1.241689512282541541e+00
1.011124898444945991e-01 1.241171693763297279e+00
1.020960662306047012e-01 1.240650176507371194e+00
1.030892104011576216e-01 1.240112860925009386e+00
1.040920154272158005e-01 1.239567513270321886e+00
1.051045752851944987e-01 1.239008421843352137e+00
1.061269848656690717e-01 1.238443758374704551e+00
1.071593399822671072e-01 1.237867603846702913e+00
1.082017373806478805e-01 1.237279052803332613e+00
1.092542747475682557e-01 1.236679843056793127e+00
1.103170507200377515e-01 1.236070358161665439e+00
1.113901648945616746e-01 1.235448342005139200e+00
1.124737178364751955e-01 1.234815067311108905e+00
1.135678110893671017e-01 1.234170386657674312e+00
1.146725471845963656e-01 1.233511970210886544e+00
1.157880296509002094e-01 1.232842167847117087e+00
1.169143630240966764e-01 1.232159502822684161e+00
1.180516528568804902e-01 1.231465621532227050e+00
1.192000057287153220e-01 1.230759223039301631e+00
1.203595292558212876e-01 1.230034306965311020e+00
1.215303321012602134e-01 1.229299397366233171e+00
1.227125239851190319e-01 1.228550042873957304e+00
1.239062156947916271e-01 1.227787158137083612e+00
1.251115190953615564e-01 1.227010073247953414e+00
1.263285471400849291e-01 1.226228784681473449e+00
1.275574138809759950e-01 1.225412261276481729e+00
1.287982344794950385e-01 1.224590753772818008e+00
1.300511252173409127e-01 1.223754143099318403e+00
1.313162035073478784e-01 1.222902825996883935e+00
1.325935879044890797e-01 1.222034354535796341e+00
1.338833981169864351e-01 1.221150176409349530e+00
1.351857550175293021e-01 1.220250460000233961e+00
1.365007806546013891e-01 1.219332547759605756e+00
1.378285982639189389e-01 1.218398982709768097e+00
1.391693322799789911e-01 1.217448539814721453e+00
1.405231083477211373e-01 1.216479595526331670e+00
1.418900533343016301e-01 1.215492189051659899e+00
1.432702953409830948e-01 1.214487815398225701e+00
1.446639637151387880e-01 1.213465044769027834e+00
1.460711890623745679e-01 1.212423107765084218e+00
1.474921032587684921e-01 1.211363031542527224e+00
1.489268394632288772e-01 1.210281585471443933e+00
1.503755321299738434e-01 1.209182461243390350e+00
1.518383170211306810e-01 1.208063132841246334e+00
1.533153312194593942e-01 1.206922392648512421e+00
1.548067131411984265e-01 1.205761375224449150e+00
1.563126025490369497e-01 1.204578755591453776e+00
1.578331405652117214e-01 1.203373839004060253e+00
1.593684696847328941e-01 1.202149197881877241e+00
1.609187337887370006e-01 1.200901257492905216e+00
1.624840781579713067e-01 1.199631537258289304e+00
1.640646494864078653e-01 1.198338304995530512e+00
1.656605958949914359e-01 1.197022322281019457e+00
1.672720669455196874e-01 1.195681574295907712e+00
1.688992136546599021e-01 1.194327772411479804e+00
1.705421885081006561e-01 1.192929323305136347e+00
1.722011454748421100e-01 1.191516264842121142e+00
1.738762400216251336e-01 1.190077587817312432e+00
1.755676291275001522e-01 1.188614363702810151e+00
1.772754712985387948e-01 1.187138875366692492e+00
1.789999265826875408e-01 1.185607250516923949e+00
1.807411565847668600e-01 1.184063293143865936e+00
1.824993244816152382e-01 1.182493542408474596e+00
1.842745950373816666e-01 1.180895092517965539e+00
1.860671346189656239e-01 1.179268905417206970e+00
1.878771112116086051e-01 1.177613173793059964e+00
1.897046944346358344e-01 1.175929075317051264e+00
1.915500555573527997e-01 1.174216058574792276e+00
1.934133675150944698e-01 1.172472707821572868e+00
1.952948049254327745e-01 1.170698648913385487e+00
1.971945441045395986e-01 1.168893868686026849e+00
1.991127630837108697e-01 1.167058396628884998e+00
2.010496416260497965e-01 1.165191310564478888e+00
2.030053612433137811e-01 1.163291236869652190e+00
2.049801052129238688e-01 1.161358675264968499e+00
2.069740585951406198e-01 1.159393088427859375e+00
2.089874082504071251e-01 1.157393944656154972e+00
2.110203428568595552e-01 1.155360476776461365e+00
2.130730529280097374e-01 1.153292434417767298e+00
2.151457308305980698e-01 1.151189362003667283e+00
2.172385708026215445e-01 1.149050201168441809e+00
2.193517689715359098e-01 1.146875158049341703e+00
2.214855233726360506e-01 1.144665183466146097e+00
2.236400339676138660e-01 1.142417106477284783e+00
2.258155026632983065e-01 1.140140956546781714e+00
2.280121333305757114e-01 1.137806349919831872e+00
2.302301318234963867e-01 1.135443744151974466e+00
2.324697059985647851e-01 1.133041395316062960e+00
2.347310657342196183e-01 1.130600076686071764e+00
2.370144229505012079e-01 1.128118663435459856e+00
2.393199916289123208e-01 1.125596658653220006e+00
2.416479878324700736e-01 1.123032722374770032e+00
2.439986297259550130e-01 1.120427564882559235e+00
2.463721375963552895e-01 1.117771747520657888e+00
2.487687338735107279e-01 1.115089756418295552e+00
2.511886431509580686e-01 1.112356109469426313e+00
2.536320922069775774e-01 1.109579148384867819e+00
2.560993100258459609e-01 1.106755725703099325e+00
2.585905278192945911e-01 1.103890282543896983e+00
2.611059790481781162e-01 1.100978602022734565e+00
2.636458994443517945e-01 1.098021806431681346e+00
2.662105270327638773e-01 1.095017711900915902e+00
2.688001021537606006e-01 1.091965107278745739e+00
2.714148674856106669e-01 1.088866524574472416e+00
2.740550680672460548e-01 1.085719474944237373e+00
2.767209513212268712e-01 1.082525466683096349e+00
2.794127670769268601e-01 1.079280301070492554e+00
2.821307675939472293e-01 1.075987464321849885e+00
2.848752075857552413e-01 1.072645165884563268e+00
2.876463442435557849e-01 1.069249887476820371e+00
2.904444372603925406e-01 1.065803761551242346e+00
2.932697488554852905e-01 1.062308029204132254e+00
2.961225437988035947e-01 1.058760052055409684e+00
2.990030894358785551e-01 1.055158695504564870e+00
3.019116557128577738e-01 1.051504110470601772e+00
3.048485152018017286e-01 1.047802542645595913e+00
3.078139431262288950e-01 1.044039973266466914e+00
3.108082173869063936e-01 1.040221534144118332e+00
3.138316185878944342e-01 1.036353295295423527e+00
3.168844300628416155e-01 1.032428422566392667e+00
3.199669379015380732e-01 1.028447088882621818e+00
3.230794309767249795e-01 1.024411833718793297e+00
3.262222009711669979e-01 1.020318256342481522e+00
3.293955424049855307e-01 1.016169999287297454e+00
3.325997526632606949e-01 1.011963513369498413e+00
3.358351320238990301e-01 1.007699654100561171e+00
3.391019836857747105e-01 1.003378415102818000e+00
3.424006137971423724e-01 9.989996681965775949e-01
3.457313314843284413e-01 9.945611783661080230e-01
3.490944488806992929e-01 9.900640048948076144e-01
3.524902811559130766e-01 9.855098938081163773e-01
3.559191465454557002e-01 9.808954347176603861e-01
3.593813663804627523e-01 9.762207916838616661e-01
3.628772651178337472e-01 9.714870552465733056e-01
3.664071703706370808e-01 9.666915193120674266e-01
3.699714129388128048e-01 9.618388602727360182e-01
3.735703268401719401e-01 9.569251158607707808e-01
3.772042493416999376e-01 9.519513953704733522e-01
3.808735209911614517e-01 9.469151375688543704e-01
3.845784856490158665e-01 9.418196609437990974e-01
3.883194905206404091e-01 9.366632631248685836e-01
3.920968861888690649e-01 9.314451797477442119e-01
3.959110266468458539e-01 9.261667713305682392e-01
3.997622693312000708e-01 9.208282513078249742e-01
4.036509751555413805e-01 9.154284005134470936e-01
4.075775085442840395e-01 9.099680102662230929e-01
4.115422374667966343e-01 9.044474102325047449e-01
4.155455334718875515e-01 8.988649630407544722e-01
4.195877717226225712e-01 8.932212565560434525e-01
4.236693310314835759e-01 8.875197639051193299e-01
4.277905938958687093e-01 8.817571310876621826e-01
4.319519465339363706e-01 8.759342969233601117e-01
4.361537789208005944e-01 8.700515105762329782e-01
4.403964848250754294e-01 8.641105913130143756e-01
4.446804618457780300e-01 8.581092575416213730e-01
4.490061114495874639e-01 8.520502666081158916e-01
4.533738390084691150e-01 8.459333232453500884e-01
4.577840538376618529e-01 8.397569551484556083e-01
4.622371692340384031e-01 8.335291482647680938e-01
4.667336025148346446e-01 8.272350439316082937e-01
4.712737750567601580e-01 8.208895328604806085e-01
4.758581123354846953e-01 8.144871925350501973e-01
4.804870439655131720e-01 8.080302587281339433e-01
4.851610037404442966e-01 8.015183219127340886e-01
4.898804296736250508e-01 7.949534406651406204e-01
4.946457640391963562e-01 7.883350847209377177e-01
4.994574534135413635e-01 7.816642439520513630e-01
5.043159487171361421e-01 7.749412934841372058e-01
5.092217052568053237e-01 7.681680792700537053e-01
5.141751827683928022e-01 7.613438509679452126e-01
5.191768454598426619e-01 7.544735678887125596e-01
5.242271620547044320e-01 7.475517171074756995e-01
5.293266058360561743e-01 7.405850684039029241e-01
5.344756546908600026e-01 7.335746829939879810e-01
5.396747911547442600e-01 7.265167142215182006e-01
5.449245024572260121e-01 7.194201865381474326e-01
5.502252805673685243e-01 7.122613882087778236e-01
5.555776222398878250e-01 7.050872104141129304e-01
5.609820290617031358e-01 6.978633424889939540e-01
5.664390074989449353e-01 6.905969547724941648e-01
5.719490689444144405e-01 6.832969295079650562e-01
5.775127297655114900e-01 6.759598668750675943e-01
5.831305113526221717e-01 6.685849155959051604e-01
5.888029401679826247e-01 6.611824153757470679e-01
5.945305477950136863e-01 6.537454553840563731e-01
6.003138709881384871e-01 6.462776574469922819e-01
6.061534517230839914e-01 6.387832605552381526e-01
6.120498372476699256e-01 6.312609157789331737e-01
6.180035801330957534e-01 6.237122714287041125e-01
6.240152383257209223e-01 6.161403270746218519e-01
6.300853751993553686e-01 6.085458833725126970e-01
6.362145596080520660e-01 6.009329137783511188e-01
6.424033659394193796e-01 5.932989299804457550e-01
6.486523741684461219e-01 5.856728856448174536e-01
6.549621699118558515e-01 5.779855208737790795e-01
6.613333444829840868e-01 5.703077784142108753e-01
6.677664949471955325e-01 5.626198365176207083e-01
6.742622241778342129e-01 5.549230767584611979e-01
6.808211409127237213e-01 5.472161730336193575e-01
6.874438598112112553e-01 5.395067236178091585e-01
6.941310015117725385e-01 5.317953142597942051e-01
7.008831926901714082e-01 5.240763459205219910e-01
7.077010661181889484e-01 5.163589718445522614e-01
7.145852607229240538e-01 5.086434576653375839e-01
7.215364216466665370e-01 5.009419496649304415e-01
7.285552003073593186e-01 4.932412039373216817e-01
7.356422544596413760e-01 4.855495205535628744e-01
7.427982482564918776e-01 4.778683941923700385e-01
7.500238523114668432e-01 4.702006996529532468e-01
7.573197437615483141e-01 4.625478137083245955e-01
7.646866063305975958e-01 4.549025851511578344e-01
7.721251303934327792e-01 4.472951646285089899e-01
7.796360130405233235e-01 4.396996557271029560e-01
7.872199581433195759e-01 4.321313848565428994e-01
7.948776764202123424e-01 4.245772757670110975e-01
8.026098855031396084e-01 4.170650511587029596e-01
8.104173100048355227e-01 4.095768892837834962e-01
8.183006815867394090e-01 4.021205097274928586e-01
8.262607390275591435e-01 3.946987227919723229e-01
8.342982282925082149e-01 3.873105785367079168e-01
8.424139026032094746e-01 3.799644013677804799e-01
8.506085225082840040e-01 3.726541067932227502e-01
8.588828559546254349e-01 3.654018748897900903e-01
8.672376783593644944e-01 3.581671626335705683e-01
8.756737726825394308e-01 3.509932648767332131e-01
8.841919295004664336e-01 3.438551318756799535e-01
8.927929470798307010e-01 3.367833720525837959e-01
9.014776314524917122e-01 3.297560530140636326e-01
9.102467964910225806e-01 3.227896150120597718e-01
9.191012639849772681e-01 3.158656870648014481e-01
9.280418637179072006e-01 3.090131107869945604e-01
9.370694335451198453e-01 3.022201542871372770e-01
9.461848194722002336e-01 2.954712654524183080e-01
9.553888757342895444e-01 2.887956715955230513e-01
9.646824648761427312e-01 2.821822786592768639e-01
9.740664578329562007e-01 2.756383943520421265e-01
9.835417340119908536e-01 2.691538608740999816e-01
9.931091813749796104e-01 2.627417738169127714e-01
1.002769696521346621e+00 2.563997548283388217e-01
1.012524184772224167e+00 2.501284768325118257e-01
1.022373560255302127e+00 2.439319356735525357e-01
1.032318745990486564e+00 2.378100252922636937e-01
1.042360673976402197e+00 2.317598800836138950e-01
1.052500285277732761e+00 2.257877477836240099e-01
1.062738530113414459e+00 2.198915724651645254e-01
1.073076367945679621e+00 2.140782779361995181e-01
1.083514767569973225e+00 2.083433172495997021e-01
1.094054707205742494e+00 2.026861657657620941e-01
1.104697174588111785e+00 1.971147251231498976e-01
1.115443167060441221e+00 1.916203021212573021e-01
1.126293691667795249e+00 1.862166708012553129e-01
1.137249765251314271e+00 1.808949673440615191e-01
1.148312414543511073e+00 1.756507587087250410e-01
1.159482676264482759e+00 1.705018087419480355e-01
1.170761597219069250e+00 1.654308427572670215e-01
1.182150234394952371e+00 1.604537556102805795e-01
1.193649655061713055e+00 1.555600579790146487e-01
1.205260936870842681e+00 1.507528226711530861e-01
1.216985167956738056e+00 1.460338224830515508e-01
1.228823447038673411e+00 1.414022828342940130e-01
1.240776883523764251e+00 1.368613988499164935e-01
1.252846597610937529e+00 1.324054033691557664e-01
1.265033720395903893e+00 1.280360729864962743e-01
1.277339393977160009e+00 1.237573726286175929e-01
1.289764771563017165e+00 1.195768547432119744e-01
1.302311017579677488e+00 1.154642975171718267e-01
1.314979307780347773e+00 1.114499777767789662e-01
1.327770829355430449e+00 1.075249313909649729e-01
1.340686781043774811e+00 1.036806273842109105e-01
1.353728373245021821e+00 9.993281879075391338e-02
1.366896828133026487e+00 9.627044066810690193e-02
1.380193379770397355e+00 9.269203047637725179e-02
1.393619274224142002e+00 8.919402348821645066e-02
1.407175769682446731e+00 8.579157550956573175e-02
1.420864136572576708e+00 8.249005247311810840e-02
1.434685657679937831e+00 7.923909793478789432e-02
1.448641628268290127e+00 7.608037056227456851e-02
1.462733356201129986e+00 7.301053460313991494e-02
1.476962162064259898e+00 7.002326447930992681e-02
1.491329379289537682e+00 6.711742013708910104e-02
1.505836354279841416e+00 6.429119738172295317e-02
1.520484446535244283e+00 6.154792635711368171e-02
1.535275028780422657e+00 5.888216684420707892e-02
1.550209487093291205e+00 5.629510246511951893e-02
1.565289221034902312e+00 5.378225244280095130e-02
1.580515643780601165e+00 5.135172816519560646e-02
1.595890182252465817e+00 4.899365717409584486e-02
1.611414277253019778e+00 4.670984502691857138e-02
1.627089383600260675e+00 4.449999227483029951e-02
1.642916970263993193e+00 4.236108436705136177e-02
1.658898520503498064e+00 4.029434677923380420e-02
1.675035532006524441e+00 3.829674420278014052e-02
1.691329517029648732e+00 3.636848793006728503e-02
1.707782002539993016e+00 3.450767926966273602e-02
1.724394530358320354e+00 3.271366356595192121e-02
1.741168657303530987e+00 3.098443406541158060e-02
1.758105955338547632e+00 2.932125523993884750e-02
1.775208011717636092e+00 2.771858132715999956e-02
1.792476429135148930e+00 2.617696367184056336e-02
1.809912825875727105e+00 2.469553125016912473e-02
1.827518835965944666e+00 2.327521267191524565e-02
1.845296109327445366e+00 2.191220153871704240e-02
1.863246311931559873e+00 2.060460901240008386e-02
1.881371125955437096e+00 1.935373783623563562e-02
1.899672249939675650e+00 1.815566969616421236e-02
1.918151398947507635e+00 1.701103117880375243e-02
1.936810304725519849e+00 1.591649184602488346e-02
1.955650715865949074e+00 1.487183916841237734e-02
1.974674397970537454e+00 1.387720156896763563e-02
1.993883133816001019e+00 1.292984141770484562e-02
2.013278723521096492e+00 1.202861063317697474e-02
2.032862984715323673e+00 1.117094795040300508e-02
2.052637752709252084e+00 1.035779127866279063e-02
2.072604880666519822e+00 9.586733190815998479e-03
2.092766239777499759e+00 8.856699526932828095e-03
2.113123719434652603e+00 8.166101019483599024e-03
2.133679227409597701e+00 7.514731339132931127e-03
2.154434690031884259e+00 6.899723263436461848e-03
2.175392052369522489e+00 6.320947531773639383e-03
2.196553278411258248e+00 5.776806243450907652e-03
2.217920351250634692e+00 5.266286598250987175e-03
2.239495273271823184e+00 4.787702370877892216e-03
2.261280066337279404e+00 4.340700386742581823e-03
2.283276771977218012e+00 3.923379802240679545e-03
2.305487451580938707e+00 3.534764840672620628e-03
2.327914186589993051e+00 3.173930589671945975e-03
2.350559078693253756e+00 2.839013110307806332e-03
2.373424250023866033e+00 2.529604529967009914e-03
2.396511843358130278e+00 2.244368706829170338e-03
2.419824022316292567e+00 1.982143271872459020e-03
2.443362971565319341e+00 1.741887730162903136e-03
2.467130897023623426e+00 1.522503124895367623e-03
2.491130026067788439e+00 1.322943598589356720e-03
2.515362607741312928e+00 1.142152599801420131e-03
2.539830912965362675e+00 9.791009658424529999e-04
2.564537234751594674e+00 8.328018753325036215e-04
2.589483888417040802e+00 7.022149046378842923e-04
2.614673211801092023e+00 5.863919102482757512e-04
2.640107565484572927e+00 4.843616503195366583e-04
2.665789333010967876e+00 3.951695415281022104e-04
2.691720921109787668e+00 3.178828562751700353e-04
2.717904759922122881e+00 2.515880522108109420e-04
2.744343303228365283e+00 1.953817145807083312e-04
2.771039028678170535e+00 1.483772346043714038e-04
2.797994438022641805e+00 1.097010301067257186e-04
2.825212057348790218e+00 7.850102016192197672e-05
2.852694437316245057e+00 5.393338193921336335e-05
2.880444153396297668e+00 3.517080230024511683e-05
2.908463806113254169e+00 2.140366024203296328e-05
2.936756021288137397e+00 1.183209477164401478e-05
2.965323450284773621e+00 5.672442742017926960e-06
2.994168770258243573e+00 2.153825787731952167e-06
3.023294684405779531e+00 5.180977002666671296e-07
3.052703922220086241e+00 0.000000000000000000e+00
