1.000000000000000021e-02 1.927137165679815745e+00
1.009727545900835841e-02 1.927133296087490733e+00
1.019549716950923779e-02 1.927130129135153469e+00
1.029467433620748044e-02 1.927125472702926778e+00
1.039481625334708927e-02 1.927121327475602497e+00
1.049593230558227772e-02 1.927117064262714452e+00
1.059803196885688789e-02 1.927113643615114835e+00
1.070112481129246833e-02 1.927109268173563095e+00
1.080522049408488318e-02 1.927104817942385084e+00
1.091032877240974419e-02 1.927100223782026944e+00
1.101645949633656314e-02 1.927095515430029327e+00
1.112362261175187626e-02 1.927090193192683376e+00
1.123182816129126085e-02 1.927086933035863980e+00
1.134108628528052165e-02 1.927080238716669003e+00
1.145140722268592030e-02 1.927075095622620804e+00
1.156280131207376022e-02 1.927069843947845973e+00
1.167527899257919492e-02 1.927064984855955121e+00
1.178885080488457221e-02 1.927059537457030292e+00
1.190352739220719262e-02 1.927053978035722759e+00
1.201931950129673729e-02 1.927048301001555775e+00
1.213623798344241195e-02 1.927042505663502769e+00
1.225429379548980714e-02 1.927036575340920654e+00
1.237349800086776086e-02 1.927030499448936451e+00
1.249386177062509519e-02 1.927024308499202476e+00
1.261539638447754796e-02 1.927017957860492237e+00
1.273811323186478488e-02 1.927011456863255257e+00
1.286202381301779218e-02 1.927004831651349503e+00
1.298713974003655978e-02 1.926998088411480348e+00
1.311347273797833224e-02 1.926991215824257697e+00
1.324103464595636874e-02 1.926984186242959751e+00
1.336983741824946531e-02 1.926977039757729049e+00
1.349989312542219239e-02 1.926969752078167009e+00
1.363121395545611320e-02 1.926962318211005165e+00
1.376381221489191876e-02 1.926954848379847540e+00
1.389770032998276401e-02 1.926947234224093863e+00
1.403289084785873213e-02 1.926939432395836205e+00
1.416939643770268736e-02 1.926931468518521484e+00
1.430722989193757184e-02 1.926923364867736410e+00
1.444640412742520530e-02 1.926915076345451672e+00
1.458693218667675602e-02 1.926906588366408712e+00
1.472882723907502529e-02 1.926897985329119933e+00
1.487210258210860774e-02 1.926889220954257853e+00
1.501677164261799868e-02 1.926880333101056442e+00
1.516284797805393485e-02 1.926871450426250520e+00
1.531034527774784160e-02 1.926862319309463389e+00
1.545927736419477720e-02 1.926853104561659036e+00
1.560965819434872483e-02 1.926843662364965626e+00
1.576150186093060873e-02 1.926834007112022240e+00
1.591482259374891323e-02 1.926824066974704097e+00
1.606963476103326349e-02 1.926814139774493784e+00
1.622595287078087284e-02 1.926804023923305076e+00
1.638379157211618947e-02 1.926797882852595123e+00
1.654316565666366645e-02 1.926787144710169430e+00
1.670409005993399310e-02 1.926772647808199235e+00
1.686657986272368723e-02 1.926761713145747734e+00
1.703065029252844378e-02 1.926750550879290147e+00
1.719631672497009753e-02 1.926739196071078908e+00
1.736359468523754335e-02 1.926727714310768835e+00
1.753249984954170088e-02 1.926716108358652146e+00
1.770304804658450262e-02 1.926704250900650672e+00
1.787525525904235316e-02 1.926692126166778429e+00
1.804913762506383731e-02 1.926679770123949975e+00
1.822471143978214581e-02 1.926667192247460525e+00
1.840199315684210371e-02 1.926654465885326850e+00
1.858099938994215231e-02 1.926641383587566647e+00
1.876174691439120440e-02 1.926627493858202644e+00
1.894425266868081034e-02 1.926614393207454201e+00
1.912853375607242307e-02 1.926600472769366190e+00
1.931460744620030340e-02 1.926586326244915215e+00
1.950249117668984011e-02 1.926571841240438898e+00
1.969220255479172538e-02 1.926557044092591209e+00
1.988375935903200636e-02 1.926541818748645163e+00
2.007717954087816226e-02 1.926525061408258299e+00
2.027248122642137662e-02 1.926508945979592102e+00
2.046968271807520987e-02 1.926492748862711046e+00
2.066880249629082095e-02 1.926476177867641804e+00
2.086985922128879734e-02 1.926459239923594469e+00
2.107287173480786382e-02 1.926441875945075655e+00
2.127785906187062287e-02 1.926424299788812800e+00
2.148484041256648255e-02 1.926406464483590764e+00
2.169383518385184506e-02 1.926388181806809374e+00
2.190486296136792688e-02 1.926369591667571601e+00
2.211794352127614133e-02 1.926351440169864926e+00
2.233309683211144592e-02 1.926332159044237491e+00
2.255034305665360936e-02 1.926312580338070068e+00
2.276970255381680075e-02 1.926291373664605455e+00
2.299119588055741764e-02 1.926271412492559953e+00
2.321484379380064564e-02 1.926249737780599158e+00
2.344066725238556220e-02 1.926228359198949747e+00
2.366868741902936057e-02 1.926206524000712683e+00
2.389892566231050300e-02 1.926184702586154263e+00
2.413140355867127856e-02 1.926162118866195039e+00
2.436614289443983158e-02 1.926139154731694392e+00
2.460316566787181664e-02 1.926115769130051891e+00
2.484249409121190577e-02 1.926091891132048373e+00
2.508415059277539771e-02 1.926067495775419802e+00
2.532815781905008515e-02 1.926043020441194020e+00
2.557453863681850847e-02 1.926017553227397983e+00
2.582331613530085626e-02 1.925988429539780888e+00
2.607451362831877603e-02 1.925965416392206420e+00
2.632815465648021339e-02 1.925947580517386015e+00
2.658426298938541474e-02 1.925927595273940751e+00
2.684286262785454819e-02 1.925883491351486176e+00
2.710397780617682106e-02 1.925855135053323064e+00
2.736763299438163891e-02 1.925826045867440994e+00
2.763385290053169824e-02 1.925796425055994243e+00
2.790266247303856487e-02 1.925763888474981700e+00
2.817408690300057458e-02 1.925732840754978303e+00
2.844815162656363222e-02 1.925701298870241995e+00
2.872488232730495070e-02 1.925668185519694209e+00
2.900430493863991738e-02 1.925636076612621927e+00
2.928644564625237229e-02 1.925606396584156998e+00
2.957133089054861039e-02 1.925572484320777988e+00
2.985898736913520854e-02 1.925534139310745463e+00
3.014944203932094433e-02 1.925498963170124922e+00
3.044272212064302874e-02 1.925463293684233967e+00
3.073885509741795460e-02 1.925427187343750068e+00
3.103786872131722788e-02 1.925390336477545761e+00
3.133979101396793671e-02 1.925352733333733468e+00
3.164465026957891114e-02 1.925314317940027387e+00
3.195247505759213347e-02 1.925275180926146801e+00
3.226329422536015901e-02 1.925235341973772663e+00
3.257713690084949876e-02 1.925194740396382720e+00
3.289403249537032475e-02 1.925153260403440703e+00
3.321401070633261954e-02 1.925111047219853155e+00
3.353710152002930406e-02 1.925067880852314728e+00
3.386333521444636480e-02 1.925023838861878112e+00
3.419274236210027851e-02 1.924979065396914324e+00
3.452535383290306070e-02 1.924933145653767053e+00
3.486120079705520153e-02 1.924886251131471493e+00
3.520031472796678745e-02 1.924838388350446738e+00
3.554272740520694751e-02 1.924789579875618051e+00
3.588847091748199186e-02 1.924739991791542426e+00
3.623757766564258964e-02 1.924689124555542419e+00
3.659008036572020811e-02 1.924637206750907215e+00
3.694601205199302130e-02 1.924584096715483028e+00
3.730540608008161424e-02 1.924530009650008422e+00
3.766829613007490613e-02 1.924474876191830885e+00
3.803471620968648659e-02 1.924418549335066508e+00
3.840470065744145539e-02 1.924361321048726037e+00
3.877828414589457040e-02 1.924303023905936438e+00
3.915550168487941241e-02 1.924243296277445392e+00
3.953638862478930927e-02 1.924182501990011396e+00
3.992098065989020672e-02 1.924120203091930215e+00
4.030931383166566628e-02 1.924056458721755458e+00
4.070142453219438572e-02 1.923989661734710088e+00
4.109734950756069316e-02 1.923923861750357123e+00
4.149712586129815362e-02 1.923856359120859061e+00
4.190079105786669034e-02 1.923789638778401923e+00
4.230838292616342228e-02 1.923717740112040664e+00
4.271993966306778662e-02 1.923649056724068496e+00
4.313549983702118923e-02 1.923577271117506982e+00
4.355510239164130798e-02 1.923506774576308143e+00
4.397878664937160398e-02 1.923430942686075173e+00
4.440659231516640160e-02 1.923355507068460257e+00
4.483855948021186338e-02 1.923279817515886947e+00
4.527472862568297785e-02 1.923200752470402231e+00
4.571514062653719151e-02 1.923118750706735547e+00
4.615983675534499064e-02 1.923036101482847204e+00
4.660885868615767536e-02 1.922952086869776700e+00
4.706224849841281199e-02 1.922865739947877017e+00
4.752004868087766204e-02 1.922777423891579573e+00
4.798230213563085128e-02 1.922687439142515498e+00
4.844905218208294534e-02 1.922595889527705104e+00
4.892034256103611894e-02 1.922503652454992329e+00
4.939621743878321036e-02 1.922407487834912443e+00
4.987672141124663283e-02 1.922311885898323469e+00
5.036189950815770505e-02 1.922214701404559412e+00
5.085179719727656034e-02 1.922115322630514767e+00
5.134646038865306461e-02 1.922014341640137181e+00
5.184593543892913187e-02 1.921910835308974441e+00
5.235026915568305461e-02 1.921805390573362748e+00
5.285950880181603667e-02 1.921697654500847730e+00
5.337370209998133774e-02 1.921587728033586240e+00
5.389289723705643909e-02 1.921476825474889960e+00
5.441714286865893119e-02 1.921362329668452329e+00
5.494648812370611646e-02 1.921245511192273936e+00
5.548098260901916656e-02 1.921126371093589524e+00
5.602067641397187603e-02 1.921005270305841117e+00
5.656562011518465050e-02 1.920881495838073549e+00
5.711586478126431943e-02 1.920754883959416848e+00
5.767146197758996756e-02 1.920626271074797886e+00
5.823246377114527778e-02 1.920495832829298255e+00
5.879892273539785025e-02 1.920362960127261154e+00
5.937089195522609469e-02 1.920226855661336884e+00
5.994842503189409116e-02 1.920088112364770394e+00
6.053157608807464840e-02 1.919946670811084832e+00
6.112039977292132997e-02 1.919802012172854067e+00
6.171495126718981594e-02 1.919654501377548117e+00
6.231528628840921763e-02 1.919503823371335294e+00
6.292146109610344262e-02 1.919350556204403757e+00
6.353353249706343575e-02 1.919194373880070303e+00
6.415155785067082339e-02 1.919036309365922399e+00
6.477559507427335661e-02 1.918874248121228421e+00
6.540570264861225724e-02 1.918708707105690303e+00
6.604193962330305590e-02 1.918538238247645245e+00
6.668436562236895737e-02 1.918366911064906866e+00
6.733304084982863480e-02 1.918192440607416449e+00
6.798802609533814711e-02 1.918015360400024516e+00
6.864938273988777095e-02 1.917832548453952457e+00
6.931717276155408003e-02 1.917647217362476120e+00
6.999145874130821565e-02 1.917460048785956106e+00
7.067230386888070925e-02 1.917267248258928358e+00
7.135977194868306506e-02 1.917071048735424110e+00
7.205392740578704658e-02 1.916868635092120021e+00
7.275483529196229149e-02 1.916665389109199147e+00
7.346256129177256011e-02 1.916458217272868803e+00
7.417717172873124210e-02 1.916246621783620707e+00
7.489873357151664857e-02 1.916034231635790785e+00
7.562731444024800576e-02 1.915815002257867716e+00
7.636298261282241373e-02 1.915590995273009245e+00
7.710580703131336699e-02 1.915361731771452858e+00
7.785585730843146146e-02 1.915129564370833704e+00
7.861320373404813433e-02 1.914889457210939616e+00
7.937791728178281159e-02 1.914648272662336392e+00
8.015006961565404597e-02 1.914402313012249834e+00
8.092973309679550586e-02 1.914150849488307715e+00
8.171698079023696770e-02 1.913893880748101850e+00
8.251188647175167201e-02 1.913632091864108542e+00
8.331452463477014014e-02 1.913368386517802389e+00
8.412497049736118726e-02 1.913093180272558369e+00
8.494330000928071445e-02 1.912818300811369943e+00
8.576958985908941790e-02 1.912539555601584729e+00
8.660391748133952627e-02 1.912251070410788456e+00
8.744636106383144036e-02 1.911956752376534840e+00
8.829699955494091368e-02 1.911656783530869985e+00
8.915591267101763417e-02 1.911350744196397722e+00
9.002318090385581784e-02 1.911038550703777705e+00
9.089888552823731371e-02 1.910726527076661796e+00
9.178310860954806694e-02 1.910404515423372418e+00
9.267593301146882789e-02 1.910075958254037864e+00
9.357744240374062106e-02 1.909741483505202897e+00
9.448772127000577836e-02 1.909400892560096041e+00
9.540685491572513388e-02 1.909053186362575705e+00
9.633492947617222635e-02 1.908697396984661232e+00
9.727203192450542546e-02 1.908338670235551815e+00
9.821825007991856482e-02 1.907969826041187256e+00
9.917367261587073379e-02 1.907594919766812280e+00
1.001383890683960748e-01 1.907214313922523719e+00
1.011124898444945991e-01 1.906821057602670511e+00
1.020960662306047012e-01 1.906422445118698183e+00
1.030892104011576216e-01 1.906019934709793917e+00
1.040920154272158005e-01 1.905606278387845354e+00
1.051045752851944987e-01 1.905185457693698847e+00
1.061269848656690717e-01 1.904756203053099783e+00
1.071593399822671072e-01 1.904319186086740334e+00
1.082017373806478805e-01 1.903874006990114998e+00
1.092542747475682557e-01 1.903419487226712503e+00
1.103170507200377515e-01 1.902957575640670251e+00
1.113901648945616746e-01 1.902487100828986089e+00
1.124737178364751955e-01 1.902006815606187118e+00
1.135678110893671017e-01 1.901516567667834723e+00
1.146725471845963656e-01 1.901019231376739560e+00
1.157880296509002094e-01 1.900511334604767510e+00
1.169143630240966764e-01 1.899994769339402589e+00
1.180516528568804902e-01 1.899466115982701098e+00
1.192000057287153220e-01 1.898928970502280933e+00
1.203595292558212876e-01 1.898381952861331490e+00
1.215303321012602134e-01 1.897824742517773222e+00
1.227125239851190319e-01 1.897256267199892266e+00
1.239062156947916271e-01 1.896675324218949799e+00
1.251115190953615564e-01 1.896084643700110650e+00
1.263285471400849291e-01 1.895481774167166789e+00
1.275574138809759950e-01 1.894867380328075335e+00
1.287982344794950385e-01 1.894242267405479963e+00
1.300511252173409127e-01 1.893604830339348011e+00
1.313162035073478784e-01 1.892955986704055737e+00
1.325935879044890797e-01 1.892296237062501607e+00
1.338833981169864351e-01 1.891624940677888889e+00
1.351857550175293021e-01 1.890940685363279972e+00
1.365007806546013891e-01 1.890240635009832637e+00
1.378285982639189389e-01 1.889528491268723354e+00
1.391693322799789911e-01 1.888803092912605619e+00
1.405231083477211373e-01 1.888064744724811783e+00
1.418900533343016301e-01 1.887307573832672780e+00
1.432702953409830948e-01 1.886543532988823380e+00
1.446639637151387880e-01 1.885761944941332313e+00
1.460711890623745679e-01 1.884966303537907839e+00
1.474921032587684921e-01 1.884153865288897833e+00
1.489268394632288772e-01 1.883327302487182608e+00
1.503755321299738434e-01 1.882485009299065482e+00
1.518383170211306810e-01 1.881627208869108392e+00
1.533153312194593942e-01 1.880754412844207080e+00
1.548067131411984265e-01 1.879864135496299493e+00
1.563126025490369497e-01 1.878957766642536997e+00
1.578331405652117214e-01 1.878033695508811274e+00
1.593684696847328941e-01 1.877092752752859806e+00
1.609187337887370006e-01 1.876134566457468900e+00
1.624840781579713067e-01 1.875159304567171281e+00
1.640646494864078653e-01 1.874165854218610372e+00
1.656605958949914359e-01 1.873153832821613518e+00
1.672720669455196874e-01 1.872122550013234132e+00
1.688992136546599021e-01 1.871071733000718273e+00
1.705421885081006561e-01 1.870000577099383055e+00
1.722011454748421100e-01 1.868912701649414920e+00
1.738762400216251336e-01 1.867801729204886296e+00
1.755676291275001522e-01 1.866673415595478058e+00
1.772754712985387948e-01 1.865525372114816616e+00
1.789999265826875408e-01 1.864354192995953952e+00
1.807411565847668600e-01 1.863158670467769396e+00
1.824993244816152382e-01 1.861943261853445275e+00
1.842745950373816666e-01 1.860705183548321484e+00
1.860671346189656239e-01 1.859446666260029080e+00
1.878771112116086051e-01 1.858164856002284315e+00
1.897046944346358344e-01 1.856858986480463436e+00
1.915500555573527997e-01 1.855526719037728478e+00
1.934133675150944698e-01 1.854170939388769757e+00
1.952948049254327745e-01 1.852794257549653434e+00
1.971945441045395986e-01 1.851392209532089161e+00
1.991127630837108697e-01 1.849963185572723656e+00
2.010496416260497965e-01 1.848507097174336034e+00
2.030053612433137811e-01 1.847026790579556543e+00
2.049801052129238688e-01 1.845517522336434180e+00
2.069740585951406198e-01 1.843981185621204943e+00
2.089874082504071251e-01 1.842421237362392716e+00
2.110203428568595552e-01 1.840829429401056094e+00
2.130730529280097374e-01 1.839210732055619468e+00
2.151457308305980698e-01 1.837564678728555334e+00
2.172385708026215445e-01 1.835888593146914438e+00
2.193517689715359098e-01 1.834178191994520368e+00
2.214855233726360506e-01 1.832440965418127732e+00
2.236400339676138660e-01 1.830673609442849514e+00
2.258155026632983065e-01 1.828875855360371672e+00
2.280121333305757114e-01 1.827045021769913236e+00
2.302301318234963867e-01 1.825182660070817420e+00
2.324697059985647851e-01 1.823283958319083853e+00
2.347310657342196183e-01 1.821353178211275070e+00
2.370144229505012079e-01 1.819391658226714004e+00
2.393199916289123208e-01 1.817397437334302479e+00
2.416479878324700736e-01 1.815366353039389979e+00
2.439986297259550130e-01 1.813293941645924390e+00
2.463721375963552895e-01 1.811188271354279733e+00
2.487687338735107279e-01 1.809052928217393719e+00
2.511886431509580686e-01 1.806877987783663375e+00
2.536320922069775774e-01 1.804660796915531495e+00
2.560993100258459609e-01 1.802404867493896612e+00
2.585905278192945911e-01 1.800118125581324335e+00
2.611059790481781162e-01 1.797787044142968860e+00
2.636458994443517945e-01 1.795417829797467446e+00
2.662105270327638773e-01 1.793006617638703615e+00
2.688001021537606006e-01 1.790555993118989386e+00
2.714148674856106669e-01 1.788064182454404571e+00
2.740550680672460548e-01 1.785529498997798559e+00
2.767209513212268712e-01 1.782952585662231026e+00
2.794127670769268601e-01 1.780331573254465782e+00
2.821307675939472293e-01 1.777666590516059575e+00
2.848752075857552413e-01 1.774958057407526546e+00
2.876463442435557849e-01 1.772204988473564224e+00
2.904444372603925406e-01 1.769407252121345753e+00
2.932697488554852905e-01 1.766561820741455957e+00
2.961225437988035947e-01 1.763665449890860604e+00
2.990030894358785551e-01 1.760727405417939373e+00
3.019116557128577738e-01 1.757743539047476933e+00
3.048485152018017286e-01 1.754707539448083553e+00
3.078139431262288950e-01 1.751620984959057381e+00
3.108082173869063936e-01 1.748486414233765274e+00
3.138316185878944342e-01 1.745299818133826397e+00
3.168844300628416155e-01 1.742064250886705690e+00
3.199669379015380732e-01 1.738775434278637233e+00
3.230794309767249795e-01 1.735434814255049307e+00
3.262222009711669979e-01 1.732041086777446948e+00
3.293955424049855307e-01 1.728595336107701108e+00
3.325997526632606949e-01 1.725093650206536822e+00
3.358351320238990301e-01 1.721536154436426491e+00
3.391019836857747105e-01 1.717925614157831626e+00
3.424006137971423724e-01 1.714258675113522701e+00
3.457313314843284413e-01 1.710532516955675542e+00
3.490944488806992929e-01 1.706755019157046416e+00
3.524902811559130766e-01 1.702915632366085230e+00
3.559191465454557002e-01 1.699017901481208570e+00
3.593813663804627523e-01 1.695062562724743316e+00
3.628772651178337472e-01 1.691046531040860224e+00
3.664071703706370808e-01 1.686970855623918020e+00
3.699714129388128048e-01 1.682835744825850410e+00
3.735703268401719401e-01 1.678638652960301014e+00
3.772042493416999376e-01 1.674380342488088758e+00
3.808735209911614517e-01 1.670056665948426167e+00
3.845784856490158665e-01 1.665669805243255253e+00
3.883194905206404091e-01 1.661193705243269703e+00
3.920968861888690649e-01 1.656711738910459530e+00
3.959110266468458539e-01 1.652134656449673944e+00
3.997622693312000708e-01 1.647492798365566724e+00
4.036509751555413805e-01 1.642787526600942849e+00
4.075775085442840395e-01 1.638011618458674601e+00
4.115422374667966343e-01 1.633740988892954160e+00
4.155455334718875515e-01 1.628268493685169238e+00
4.195877717226225712e-01 1.623295019213853996e+00
4.236693310314835759e-01 1.618248189585043129e+00
4.277905938958687093e-01 1.613155104819755659e+00
4.319519465339363706e-01 1.607964369131242410e+00
4.361537789208005944e-01 1.602715830699937616e+00
4.403964848250754294e-01 1.597450366623109463e+00
4.446804618457780300e-01 1.592011285276755839e+00
4.490061114495874639e-01 1.586552587703145001e+00
4.533738390084691150e-01 1.581025058626062574e+00
4.577840538376618529e-01 1.575427887085472989e+00
4.622371692340384031e-01 1.569759914760623376e+00
4.667336025148346446e-01 1.564015647238134576e+00
4.712737750567601580e-01 1.558203655506031682e+00
4.758581123354846953e-01 1.552320483516818284e+00
4.804870439655131720e-01 1.546363740385945817e+00
4.851610037404442966e-01 1.540335087958469185e+00
4.898804296736250508e-01 1.534230373091858057e+00
4.946457640391963562e-01 1.528061071016843853e+00
4.994574534135413635e-01 1.521818912594127271e+00
5.043159487171361421e-01 1.515498157931755019e+00
5.092217052568053237e-01 1.509103524259812756e+00
5.141751827683928022e-01 1.502640661954832924e+00
5.191768454598426619e-01 1.496106298509473298e+00
5.242271620547044320e-01 1.489496948598915571e+00
5.293266058360561743e-01 1.482813332567182618e+00
5.344756546908600026e-01 1.476059292578942639e+00
5.396747911547442600e-01 1.469232480386623019e+00
5.449245024572260121e-01 1.462333548224384439e+00
5.502252805673685243e-01 1.455361519384669178e+00
5.555776222398878250e-01 1.448320724585292929e+00
5.609820290617031358e-01 1.441203813119684041e+00
5.664390074989449353e-01 1.434018480094646275e+00
5.719490689444144405e-01 1.426762982951241154e+00
5.775127297655114900e-01 1.419431297658308111e+00
5.831305113526221717e-01 1.412041255349988811e+00
5.888029401679826247e-01 1.404568096202779337e+00
5.945305477950136863e-01 1.397032916147314507e+00
6.003138709881384871e-01 1.389428048805617433e+00
6.061534517230839914e-01 1.381752537183140062e+00
6.120498372476699256e-01 1.374012557974173099e+00
6.180035801330957534e-01 1.366198749017164982e+00
6.240152383257209223e-01 1.358229343393183353e+00
6.300853751993553686e-01 1.350383484741572104e+00
6.362145596080520660e-01 1.342379214142868094e+00
6.424033659394193796e-01 1.334309765887753629e+00
6.486523741684461219e-01 1.326170892850743632e+00
6.549621699118558515e-01 1.317976887678175668e+00
6.613333444829840868e-01 1.309718559640876911e+00
6.677664949471955325e-01 1.301399776778080053e+00
6.742622241778342129e-01 1.293017642049857141e+00
6.808211409127237213e-01 1.284580695828926533e+00
6.874438598112112553e-01 1.276083644089997193e+00
6.941310015117725385e-01 1.267529494247542354e+00
7.008831926901714082e-01 1.258922252802780584e+00
7.077010661181889484e-01 1.250257101807400240e+00
7.145852607229240538e-01 1.241539816218794501e+00
7.215364216466665370e-01 1.232773032394440804e+00
7.285552003073593186e-01 1.223951558780191018e+00
7.356422544596413760e-01 1.215081320159225209e+00
7.427982482564918776e-01 1.206163671928822900e+00
7.500238523114668432e-01 1.197199290125588345e+00
7.573197437615483141e-01 1.188185784106633891e+00
7.646866063305975958e-01 1.179135697734575716e+00
7.721251303934327792e-01 1.170038881703520772e+00
7.796360130405233235e-01 1.160895449766924603e+00
7.872199581433195759e-01 1.151719912659048495e+00
7.948776764202123424e-01 1.142500995050481194e+00
8.026098855031396084e-01 1.133251523099653602e+00
8.104173100048355227e-01 1.123946691616318549e+00
8.183006815867394090e-01 1.114640985351772473e+00
8.262607390275591435e-01 1.105288414061170732e+00
8.342982282925082149e-01 1.095905706551959513e+00
8.424139026032094746e-01 1.086499050995603621e+00
8.506085225082840040e-01 1.077060427649207952e+00
8.588828559546254349e-01 1.067599535005411493e+00
8.672376783593644944e-01 1.058113646633984439e+00
8.756737726825394308e-01 1.048607767800118662e+00
8.841919295004664336e-01 1.039085410316582303e+00
8.927929470798307010e-01 1.029545244859896513e+00
9.014776314524917122e-01 1.019986288789654472e+00
9.102467964910225806e-01 1.010414762616487216e+00
9.191012639849772681e-01 1.000832249701037791e+00
9.280418637179072006e-01 9.912398683305033709e-01
9.370694335451198453e-01 9.816411194147961483e-01
9.461848194722002336e-01 9.720343082752346264e-01
9.553888757342895444e-01 9.624234896267135353e-01
9.646824648761427312e-01 9.528130358118983567e-01
9.740664578329562007e-01 9.431996298401464918e-01
9.835417340119908536e-01 9.336097148981783445e-01
9.931091813749796104e-01 9.239810390704521481e-01
1.002769696521346621e+00 9.143788289476947329e-01
1.012524184772224167e+00 9.047852335125571299e-01
1.022373560255302127e+00 8.951986715196783573e-01
1.032318745990486564e+00 8.856274263135640590e-01
1.042360673976402197e+00 8.760657730798389053e-01
1.052500285277732761e+00 8.665225889664361913e-01
1.062738530113414459e+00 8.569930120533157947e-01
1.073076367945679621e+00 8.474839327213024021e-01
1.083514767569973225e+00 8.379960399146541006e-01
1.094054707205742494e+00 8.285295172187582269e-01
1.104697174588111785e+00 8.190900612864220331e-01
1.115443167060441221e+00 8.096739005942079626e-01
1.126293691667795249e+00 8.002858403996305769e-01
1.137249765251314271e+00 7.909314024087957806e-01
1.148312414543511073e+00 7.816088999674802862e-01
1.159482676264482759e+00 7.723113565054005036e-01
1.170761597219069250e+00 7.630576950631098310e-01
1.182150234394952371e+00 7.538367337203611962e-01
1.193649655061713055e+00 7.446539329382467765e-01
1.205260936870842681e+00 7.355140922199489006e-01
1.216985167956738056e+00 7.264111050111671242e-01
1.228823447038673411e+00 7.173585168546937618e-01
1.240776883523764251e+00 7.083432620642918787e-01
1.252846597610937529e+00 6.993798491829636976e-01
1.265033720395903893e+00 6.904611025467081165e-01
1.277339393977160009e+00 6.815885794015577037e-01
1.289764771563017165e+00 6.727748209552507630e-01
1.302311017579677488e+00 6.640053635751425043e-01
1.314979307780347773e+00 6.552927175297099671e-01
1.327770829355430449e+00 6.466334606678196817e-01
1.340686781043774811e+00 6.380291242988506140e-01
1.353728373245021821e+00 6.294850271982621592e-01
1.366896828133026487e+00 6.209964976223918409e-01
1.380193379770397355e+00 6.125660718579406527e-01
1.393619274224142002e+00 6.041978616255334611e-01
1.407175769682446731e+00 5.958916104848136497e-01
1.420864136572576708e+00 5.876453702429794701e-01
1.434685657679937831e+00 5.794652784110037036e-01
1.448641628268290127e+00 5.713487446950044069e-01
1.462733356201129986e+00 5.632951661928525811e-01
1.476962162064259898e+00 5.553090468599090057e-01
1.491329379289537682e+00 5.473910138283715199e-01
1.505836354279841416e+00 5.395413197308501774e-01
1.520484446535244283e+00 5.317574695897885340e-01
1.535275028780422657e+00 5.243428450379513661e-01
1.550209487093291205e+00 5.163980026982196714e-01
1.565289221034902312e+00 5.088270308985071155e-01
1.580515643780601165e+00 5.013225489067438811e-01
1.595890182252465817e+00 4.938907038449334985e-01
1.611414277253019778e+00 4.865422572444174643e-01
1.627089383600260675e+00 4.792420113705235796e-01
1.642916970263993193e+00 4.720093280776186950e-01
1.658898520503498064e+00 4.648866783919441414e-01
1.675035532006524441e+00 4.578189547015582561e-01
1.691329517029648732e+00 4.508222657728284122e-01
1.707782002539993016e+00 4.439012989500544237e-01
1.724394530358320354e+00 4.370564674515747816e-01
1.741168657303530987e+00 4.302390128858067930e-01
1.758105955338547632e+00 4.235861515384385378e-01
1.775208011717636092e+00 4.169622675125345679e-01
1.792476429135148930e+00 4.104228300820852993e-01
1.809912825875727105e+00 4.039411914830840500e-01
1.827518835965944666e+00 3.975426468717406236e-01
1.845296109327445366e+00 3.911746221258654566e-01
1.863246311931559873e+00 3.849691043519620215e-01
1.881371125955437096e+00 3.787934470140237875e-01
1.899672249939675650e+00 3.726937406574890033e-01
1.918151398947507635e+00 3.666675329125829164e-01
1.936810304725519849e+00 3.607168497329687473e-01
1.955650715865949074e+00 3.548382317277807285e-01
1.974674397970537454e+00 3.490347826466231873e-01
1.993883133816001019e+00 3.433041290782264943e-01
2.013278723521096492e+00 3.376149685088315477e-01
2.032862984715323673e+00 3.320625127489143513e-01
2.052637752709252084e+00 3.265518708513184820e-01
2.072604880666519822e+00 3.211119577186590801e-01
2.092766239777499759e+00 3.157464066591179064e-01
2.113123719434652603e+00 3.104505524736579924e-01
2.133679227409597701e+00 3.052256814598609536e-01
2.154434690031884259e+00 3.000722036899539091e-01
2.175392052369522489e+00 2.949903021263891589e-01
2.196553278411258248e+00 2.899773983887989348e-01
2.217920351250634692e+00 2.850346067218710866e-01
2.239495273271823184e+00 2.801585877798933311e-01
2.261280066337279404e+00 2.753531640439871309e-01
2.283276771977218012e+00 2.706156142923912822e-01
2.305487451580938707e+00 2.659442445047504044e-01
2.327914186589993051e+00 2.613404712843589994e-01
2.350559078693253756e+00 2.568030618244658836e-01
2.373424250023866033e+00 2.523328674000164806e-01
2.396511843358130278e+00 2.479255049224396157e-01
2.419824022316292567e+00 2.435853932941633715e-01
2.443362971565319341e+00 2.393075898092850429e-01
2.467130897023623426e+00 2.350923483924023394e-01
2.491130026067788439e+00 2.309425750804718902e-01
2.515362607741312928e+00 2.268541291436753371e-01
2.539830912965362675e+00 2.228259122210367316e-01
2.564537234751594674e+00 2.188600344683201138e-01
2.589483888417040802e+00 2.149540277900564011e-01
2.614673211801092023e+00 2.111089703491163261e-01
2.640107565484572927e+00 2.073221591606758396e-01
2.665789333010967876e+00 2.035934770369220159e-01
2.691720921109787668e+00 1.999229921014804290e-01
2.717904759922122881e+00 1.963072170086616886e-01
2.744343303228365283e+00 1.927532195296560447e-01
2.771039028678170535e+00 1.892521813427369415e-01
2.797994438022641805e+00 1.858069586423954089e-01
2.825212057348790218e+00 1.824146794442924879e-01
2.852694437316245057e+00 1.790474571311087004e-01
2.880444153396297668e+00 1.757954684624925823e-01
2.908463806113254169e+00 1.725618168523179452e-01
2.936756021288137397e+00 1.693834163143959348e-01
2.965323450284773621e+00 1.662548509864303914e-01
2.994168770258243573e+00 1.631786788075795247e-01
3.023294684405779531e+00 1.601511600438322580e-01
3.052703922220086241e+00 1.571730511371427219e-01
3.082399239745143404e+00 1.542428420747846973e-01
3.112383419834465759e+00 1.513616847895906947e-01
3.142659272411905569e+00 1.485281047713175318e-01
3.173229634734976212e+00 1.457413493349580258e-01
3.204097371660752813e+00 1.430002903627899113e-01
3.235265375914330388e+00 1.403038343397122467e-01
3.266736568359921655e+00 1.376535568775675566e-01
3.298513898274578082e+00 1.350475858616211056e-01
3.330600343624588788e+00 1.324850883045582683e-01
3.362998911344535991e+00 1.299647678205166079e-01
3.395712637619100693e+00 1.274841000918042200e-01
3.428744588167585317e+00 1.250521165657006162e-01
3.462097858531227423e+00 1.226381584975087119e-01
3.495775574363275240e+00 1.203042700627014044e-01
3.529780891721914671e+00 1.179902116436736398e-01
3.564116997366032269e+00 1.157159721903402438e-01
3.598787109053855460e+00 1.134667345659128163e-01
3.633794475844513094e+00 1.112835597118379677e-01
3.669142378402494131e+00 1.091243351626373370e-01
3.704834129305105694e+00 1.070015431176071091e-01
3.740873073352900313e+00 1.049158557366004357e-01
3.777262587883141176e+00 1.028663094814882134e-01
3.814006083086284082e+00 1.008453297202806520e-01
3.851107002325572903e+00 9.887632561994572078e-02
3.888568822459721019e+00 9.692776390545845833e-02
3.926395054168756449e+00 9.501682648525643093e-02
3.964589242282997805e+00 9.313911372982233705e-02
4.003154966115265445e+00 9.129416138401319492e-02
4.042095839796306045e+00 8.947867342232800059e-02
4.081415512613501662e+00 8.770108523891913255e-02
4.121117669352832635e+00 8.595173255264582091e-02
4.161206030644208020e+00 8.423318982403533994e-02
4.201684353310133346e+00 8.254516972860513613e-02
4.242556430717777438e+00 8.088695683008995108e-02
4.283826093134470270e+00 7.925595989872021019e-02
4.325497208086633627e+00 7.765785677287591338e-02
4.367573680722233398e+00 7.608556859165724329e-02
4.410059454176736615e+00 7.454275946612420878e-02
4.452958509942654963e+00 7.302722108514915489e-02
4.496274868242640110e+00 7.153814803140697010e-02
4.540012588406244554e+00 7.007639900060155802e-02
4.584175769250333765e+00 6.863916462383751194e-02
4.628768549463215365e+00 6.722985688936271298e-02
4.673795107992464004e+00 6.584548547509247451e-02
4.719259664436561863e+00 6.448628449922418071e-02
4.765166479440326341e+00 6.314904190826167718e-02
4.811519855094205766e+00 6.183860913749944510e-02
4.858324135337417360e+00 6.054935171524507276e-02
4.905583706365050922e+00 5.928933661951261980e-02
4.953302997039108924e+00 5.804860149670729857e-02
5.001486479303548727e+00 5.683065514388598027e-02
5.050138668603383785e+00 5.563323652600665747e-02
5.099264124307808288e+00 5.446102086862151387e-02
5.148867450137498025e+00 5.330886686009687209e-02
5.198953294596024399e+00 5.217782923942370504e-02
5.249526351405507718e+00 5.106679072065346131e-02
5.300591359946452030e+00 4.997818521262045732e-02
5.352153105701904501e+00 4.890838648817841250e-02
5.404216420705915347e+00 4.785832223043042649e-02
5.456786183996381823e+00 4.682800479748632644e-02
5.509867322072253160e+00 4.581691137487776261e-02
5.563464809355226137e+00 4.482453182606691705e-02
5.617583668655908191e+00 4.384976288232960567e-02
5.672228971644543094e+00 4.289520310269306913e-02
5.727405839326266346e+00 4.195740679007341212e-02
5.783119442521027054e+00 4.103403294963443859e-02
5.839375002348160315e+00 4.013480949146534110e-02
5.896177790715694478e+00 3.924912312173757523e-02
5.953533130814370189e+00 3.837990964845282293e-02
6.011446397616513337e+00 3.752469024207865517e-02
6.069923018379741464e+00 3.669129780269574786e-02
6.128968473155564034e+00 3.587093835768266625e-02
6.188588295302960063e+00 3.506559136150204370e-02
6.248788072006894012e+00 3.427502034688505173e-02
6.309573444801936049e+00 3.350248935018496771e-02
6.370950110100935149e+00 3.274305723461603396e-02
6.432923819728876502e+00 3.199822164354688969e-02
6.495500381461869033e+00 3.127002333955396923e-02
6.558685659571435345e+00 3.055143370556550469e-02
6.622485575374063238e+00 2.984896853426747057e-02
6.686906107786136921e+00 2.916015845796565698e-02
6.751953293884205287e+00 2.848490669722101784e-02
6.817633229470763112e+00 2.782220080046202138e-02
6.883952069645496330e+00 2.717344651782483550e-02
6.950916029382126382e+00 2.653675287127392826e-02
7.018531384110795912e+00 2.591276523479901783e-02
7.086804470306189430e+00 2.530102751460540367e-02
7.155741686081340980e+00 2.470144770528135553e-02
7.225349491787214085e+00 2.411378244897538145e-02
7.295634410618154320e+00 2.353772012779387079e-02
7.366603029223159460e+00 2.297316889694180769e-02
7.438261998323163482e+00 2.241986705474783431e-02
7.510618033334286459e+00 2.187783011661780311e-02
7.583677914997190683e+00 2.134650640623977219e-02
7.657448490012479958e+00 2.082570062803148353e-02
7.731936671682362316e+00 2.031592858805526813e-02
7.807149440558499798e+00 1.981629081650002067e-02
7.883093845096216690e+00 1.932676958139957837e-02
7.959777002314985417e+00 1.884733041308846516e-02
8.037206098465421888e+00 1.837760597929734285e-02
8.115388389702712146e+00 1.791758042059134193e-02
8.194331202766655053e+00 1.746690805137861638e-02
8.274041935668218883e+00 1.702581007760553544e-02
8.354528058382872047e+00 1.659336152346227791e-02
8.435797113550611570e+00 1.617068953674209025e-02
8.517856717182803905e+00 1.575646763569232139e-02
8.600714559375941093e+00 1.535097914720112179e-02
8.684378405032257220e+00 1.495392378089806934e-02
8.768856094587436090e+00 1.456596082264019140e-02
8.854155544745349715e+00 1.418497761729812720e-02
8.940284749219998162e+00 1.381269098577460851e-02
9.027251779484577909e+00 1.344840782975218613e-02
9.115064785527916769e+00 1.309183130054153953e-02
9.203731996618220279e+00 1.274269027090902187e-02
9.293261722074316111e+00 1.240168108963773420e-02
9.383662352044273902e+00 1.206778628531129070e-02
9.474942358291729150e+00 1.174118000490838830e-02
9.567110294989774388e+00 1.142115499697713039e-02
9.660174799522645017e+00 1.110919673758785885e-02
9.754144593295098531e+00 1.080363672762933366e-02
9.849028482549766039e+00 1.050526272118230790e-02
9.944835359192397917e+00 1.021269390311585652e-02
1.004157420162519543e+01 9.927135618583675727e-03
1.013925407558815373e+01 9.647614048286493396e-03
1.023788413500867378e+01 9.374834193682119246e-03
1.033747362285940774e+01 9.108289234744658056e-03
1.043803187202444072e+01 8.847901202274350077e-03
1.053956830617394580e+01 8.592960467568475438e-03
1.064209244064724658e+01 8.343944140665238846e-03
1.074561388334458023e+01 8.100857675892003326e-03
1.085014233562746178e+01 7.863389103095473273e-03
1.095568759322787855e+01 7.631454082995607971e-03
1.106225954716621906e+01 7.405387763172070065e-03
1.116986818467823817e+01 7.183783734851947531e-03
1.127852359015096795e+01 6.967862488569972687e-03
1.138823594606782130e+01 6.757060253060718710e-03
1.149901553396274245e+01 6.551324574123646056e-03
1.161087273538378994e+01 6.350453318969884187e-03
1.172381803286598512e+01 6.154569401976632895e-03
1.183786201091373513e+01 5.963394039105730272e-03
1.195301535699265827e+01 5.776870070304530348e-03
1.206928886253119870e+01 5.594993911974711388e-03
1.218669342393191712e+01 5.417514552654063148e-03
1.230524004359261525e+01 5.244450381963699712e-03
1.242493983093746479e+01 5.076070921011832139e-03
1.254580400345803248e+01 4.911505589381095181e-03
1.266784388776455827e+01 4.751201076040924461e-03
1.279107092064739781e+01 4.595044876578411805e-03
1.291549665014884063e+01 4.442836945990956063e-03
1.304113273664525430e+01 4.294643040774782754e-03
1.316799095393986185e+01 4.150275032077889101e-03
1.329608319036608854e+01 4.009600874305305554e-03
1.342542144990170527e+01 3.872734467801363257e-03
1.355601785329368880e+01 3.739408470913544325e-03
1.368788463919415221e+01 3.609772500200371815e-03
1.382103416530724438e+01 3.483452254168723557e-03
1.395547890954729020e+01 3.360678668766361055e-03
1.409123147120805619e+01 3.241632089553329529e-03
1.422830457214353395e+01 3.124977195382356698e-03
1.436671105796013137e+01 3.011965575271708002e-03
1.450646389922046886e+01 2.902146497009049780e-03
1.464757619265895272e+01 2.795383320280893195e-03
1.479006116240903168e+01 2.691658371137322248e-03
1.493393216124253264e+01 2.590844195108274288e-03
1.507920267182097263e+01 2.492954153223090816e-03
1.522588630795911513e+01 2.397850244014392441e-03
1.537399681590069456e+01 2.305606118601650177e-03
1.552354807560667105e+01 2.216091742931095877e-03
1.567455410205595001e+01 2.129136236343132354e-03
1.582702904655883280e+01 2.044829367646622091e-03
1.598098719808309376e+01 1.963032504263636461e-03
1.613644298459311699e+01 1.883805821837557324e-03
1.629341097440194730e+01 1.806974934105422606e-03
1.645190587753662470e+01 1.732409425858186681e-03
1.661194254711659113e+01 1.660296347970183608e-03
1.677353598074571295e+01 1.590435883386010678e-03
1.693670132191772026e+01 1.522924651590242635e-03
1.710145386143542012e+01 1.457311258968796257e-03
1.726780903884355922e+01 1.393961864012840642e-03
1.743578244387577669e+01 1.332695110665547316e-03
1.760538981791556523e+01 1.273476763583943202e-03
1.777664705547142532e+01 1.216209389026539495e-03
1.794957020566648254e+01 1.160871108949061096e-03
1.812417547374237614e+01 1.107458306339074517e-03
1.830047922257800863e+01 1.055882647552021728e-03
1.847849797422290763e+01 1.006072564801281698e-03
1.865824841144566193e+01 9.580512026552858015e-04
1.883974737929719367e+01 9.117347388697801197e-04
1.902301188668945642e+01 8.670838574926641607e-04
1.920805910798935301e+01 8.240745874943975835e-04
1.939490638462828542e+01 7.826434162013365999e-04
1.958357122672716955e+01 7.427728154953249645e-04
1.977407131473744428e+01 7.044063294272793780e-04
1.996642450109793288e+01 6.675104555610893511e-04
2.016064881190793656e+01 6.320449341441653499e-04
2.035676244861640072e+01 5.979788928949504546e-04
2.055478378972772546e+01 5.652778745449352649e-04
2.075473139252405730e+01 5.338842779218770131e-04
2.095662399480432825e+01 5.037903386202799818e-04
2.116048051664034446e+01 4.749359870291597991e-04
2.136632006214970403e+01 4.473077846574811662e-04
2.157416192128621546e+01 4.208565937698463305e-04
2.178402557164756459e+01 3.955514824408506232e-04
2.199593068030074861e+01 3.713734601543329148e-04
2.220989710562497521e+01 3.482727210484773297e-04
2.242594489917278011e+01 3.262269012146706425e-04
2.264409430754907504e+01 3.052043576302618851e-04
2.286436577430861306e+01 2.851655782437695829e-04
2.308677994187169702e+01 2.660901065582968765e-04
2.331135765345874944e+01 2.479415305669955606e-04
2.353811995504354471e+01 2.307021596904123163e-04
2.376708809732560823e+01 2.143312032862787389e-04
2.399828353772154799e+01 1.988052350126998981e-04
2.423172794237600769e+01 1.840928096025656099e-04
2.446744318819203201e+01 1.701767869333666060e-04
2.470545136488123816e+01 1.570197933106843376e-04
2.494577477703398571e+01 1.446004562622821787e-04
2.518843594620949489e+01 1.328921668853980391e-04
2.543345761304651020e+01 1.218702413839738819e-04
2.568086273939435316e+01 1.115066814418295721e-04
2.593067451046487548e+01 1.017773049275399219e-04
2.618291633700505372e+01 9.266537962000386994e-05
2.643761185749101372e+01 8.413320192226748310e-05
2.669478494034320804e+01 7.617166905030116309e-05
2.695445968616333587e+01 6.875530648870136310e-05
2.721666042999271795e+01 6.185490149174211697e-05
2.748141174359293259e+01 5.545902639005254297e-05
2.774873843774846804e+01 4.952738942151330788e-05
2.801866556459195223e+01 4.405621249167548654e-05
2.829121841995168651e+01 3.901761647224285813e-05
2.856642254572233952e+01 3.439608141188089274e-05
2.884430373225852051e+01 3.016496194038772470e-05
2.912488802079168337e+01 2.630776025621890102e-05
2.940820170587063842e+01 2.280552114208524143e-05
2.969427133782552986e+01 1.964034724044505151e-05
2.998312372525609959e+01 1.678815856278463613e-05
3.027478593754393543e+01 1.423392754035676917e-05
3.056928530738937155e+01 1.195878770743529970e-05
3.086664943337274636e+01 9.948097257242202499e-06
3.116690618254088463e+01 8.180775850435434172e-06
3.147008369301855879e+01 6.640278841703575620e-06
3.177621037664554038e+01 5.309944665196625465e-06
3.208531492163897525e+01 4.174163262681391973e-06
3.239742629528198847e+01 3.215405903427700054e-06
3.271257374663825601e+01 2.418609498410149826e-06
3.303078680929315425e+01 1.767581798242034437e-06
3.335209530412127066e+01 1.246416660825601023e-06
3.367652934208116022e+01 8.406532591582508646e-07
3.400411932703705986e+01 5.350805052318680462e-07
3.433489595860830690e+01 3.150190934468436186e-07
3.466889023504609213e+01 1.660121163026385343e-07
3.500613345613854221e+01 7.305564866605028555e-08
3.534665722614391115e+01 2.407978347059401381e-08
3.569049345675229290e+01 4.381931064196487582e-09
3.603767437007633134e+01 0.000000000000000000e+00
