1.000000000000000021e-02 1.889486149225550804e+00
1.009727545900835841e-02 1.889482264212154261e+00
1.019549716950923779e-02 1.889478296759699250e+00
1.029467433620748044e-02 1.889474383676849722e+00
1.039481625334708927e-02 1.889470340050906971e+00
1.049593230558227772e-02 1.889466096922350680e+00
1.059803196885688789e-02 1.889461861935662679e+00
1.070112481129246833e-02 1.889457478511472388e+00
1.080522049408488318e-02 1.889453058780707684e+00
1.091032877240974419e-02 1.889448533529292540e+00
1.101645949633656314e-02 1.889443856939064581e+00
1.112362261175187626e-02 1.889439123968824852e+00
1.123182816129126085e-02 1.889434306928704066e+00
1.134108628528052165e-02 1.889429391629972699e+00
1.145140722268592030e-02 1.889424332427984465e+00
1.156280131207376022e-02 1.889419338432450690e+00
1.167527899257919492e-02 1.889414188784624304e+00
1.178885080488457221e-02 1.889408772730903241e+00
1.190352739220719262e-02 1.889403257922931623e+00
1.201931950129673729e-02 1.889398249958653464e+00
1.213623798344241195e-02 1.889391836991689111e+00
1.225429379548980714e-02 1.889385805879797653e+00
1.237349800086776086e-02 1.889379829548780254e+00
1.249386177062509519e-02 1.889373167035724554e+00
1.261539638447754796e-02 1.889366743437573160e+00
1.273811323186478488e-02 1.889360441875619356e+00
1.286202381301779218e-02 1.889353900609147319e+00
1.298713974003655978e-02 1.889348152220979848e+00
1.311347273797833224e-02 1.889341769177363961e+00
1.324103464595636874e-02 1.889334987621427597e+00
1.336983741824946531e-02 1.889328102592489733e+00
1.349989312542219239e-02 1.889321022546649020e+00
1.363121395545611320e-02 1.889313778474819516e+00
1.376381221489191876e-02 1.889306391012333997e+00
1.389770032998276401e-02 1.889298868435577150e+00
1.403289084785873213e-02 1.889290006214616069e+00
1.416939643770268736e-02 1.889281813985309588e+00
1.430722989193757184e-02 1.889273977804844407e+00
1.444640412742520530e-02 1.889265947831992198e+00
1.458693218667675602e-02 1.889257743505538656e+00
1.472882723907502529e-02 1.889250252938630803e+00
1.487210258210860774e-02 1.889240824681450714e+00
1.501677164261799868e-02 1.889233065541344736e+00
1.516284797805393485e-02 1.889224039574387781e+00
1.531034527774784160e-02 1.889215067383176905e+00
1.545927736419477720e-02 1.889206026638720948e+00
1.560965819434872483e-02 1.889253410550153722e+00
1.576150186093060873e-02 1.889246230994735098e+00
1.591482259374891323e-02 1.889238378956200837e+00
1.606963476103326349e-02 1.889190714858034914e+00
1.622595287078087284e-02 1.889155722041892860e+00
1.638379157211618947e-02 1.889145081056538888e+00
1.654316565666366645e-02 1.889134223575835492e+00
1.670409005993399310e-02 1.889123161533170281e+00
1.686657986272368723e-02 1.889111921292814911e+00
1.703065029252844378e-02 1.889100515558533422e+00
1.719631672497009753e-02 1.889088941032530222e+00
1.736359468523754335e-02 1.889077187979913530e+00
1.753249984954170088e-02 1.889065773293007622e+00
1.770304804658450262e-02 1.889053299185631252e+00
1.787525525904235316e-02 1.889040934196013932e+00
1.804913762506383731e-02 1.889028364924971060e+00
1.822471143978214581e-02 1.889015620441277576e+00
1.840199315684210371e-02 1.889002603393135749e+00
1.858099938994215231e-02 1.888989314883210202e+00
1.876174691439120440e-02 1.888975738205139976e+00
1.894425266868081034e-02 1.888961888457843630e+00
1.912853375607242307e-02 1.888947774330916429e+00
1.931460744620030340e-02 1.888933449871517123e+00
1.950249117668984011e-02 1.888918877000413055e+00
1.969220255479172538e-02 1.888904016892353432e+00
1.988375935903200636e-02 1.888889052693896398e+00
2.007717954087816226e-02 1.888873545589844438e+00
2.027248122642137662e-02 1.888857800376042784e+00
2.046968271807520987e-02 1.888842035040031231e+00
2.066880249629082095e-02 1.888825212213292692e+00
2.086985922128879734e-02 1.888808508812862108e+00
2.107287173480786382e-02 1.888791402627605809e+00
2.127785906187062287e-02 1.888773876585778666e+00
2.148484041256648255e-02 1.888755951716250658e+00
2.169383518385184506e-02 1.888737628148738912e+00
2.190486296136792688e-02 1.888718901937371353e+00
2.211794352127614133e-02 1.888699764975366735e+00
2.233309683211144592e-02 1.888680272951723582e+00
2.255034305665360936e-02 1.888660400997821842e+00
2.276970255381680075e-02 1.888640102410629629e+00
2.299119588055741764e-02 1.888619426951398728e+00
2.321484379380064564e-02 1.888598311758767911e+00
2.344066725238556220e-02 1.888576739774113111e+00
2.366868741902936057e-02 1.888555084775239923e+00
2.389892566231050300e-02 1.888529843946654463e+00
2.413140355867127856e-02 1.888506635005097190e+00
2.436614289443983158e-02 1.888483081113309980e+00
2.460316566787181664e-02 1.888459666186544039e+00
2.484249409121190577e-02 1.888435261030454448e+00
2.508415059277539771e-02 1.888409657791681573e+00
2.532815781905008515e-02 1.888387456345054671e+00
2.557453863681850847e-02 1.888361855294550473e+00
2.582331613530085626e-02 1.888336675416009580e+00
2.607451362831877603e-02 1.888310360655207187e+00
2.632815465648021339e-02 1.888283474013225938e+00
2.658426298938541474e-02 1.888256023699370179e+00
2.684286262785454819e-02 1.888223653193464635e+00
2.710397780617682106e-02 1.888199461580547522e+00
2.736763299438163891e-02 1.888170105708507629e+00
2.763385290053169824e-02 1.888140084687438547e+00
2.790266247303856487e-02 1.888109408903872355e+00
2.817408690300057458e-02 1.888078278319899939e+00
2.844815162656363222e-02 1.888047682578088970e+00
2.872488232730495070e-02 1.888014903006905332e+00
2.900430493863991738e-02 1.887981960377482782e+00
2.928644564625237229e-02 1.887946685926269019e+00
2.957133089054861039e-02 1.887913269127933447e+00
2.985898736913520854e-02 1.887878661171979111e+00
3.014944203932094433e-02 1.887843357758207441e+00
3.044272212064302874e-02 1.887807892670954280e+00
3.073885509741795460e-02 1.887771067374103051e+00
3.103786872131722788e-02 1.887733540392567022e+00
3.133979101396793671e-02 1.887695280862712099e+00
3.164465026957891114e-02 1.887658455022947823e+00
3.195247505759213347e-02 1.887618747948926368e+00
3.226329422536015901e-02 1.887578534084861648e+00
3.257713690084949876e-02 1.887537398104331521e+00
3.289403249537032475e-02 1.887495375902633832e+00
3.321401070633261954e-02 1.887452228763720541e+00
3.353710152002930406e-02 1.887408422526246854e+00
3.386333521444636480e-02 1.887363743932227056e+00
3.419274236210027851e-02 1.887318199453619672e+00
3.452535383290306070e-02 1.887271778433613711e+00
3.486120079705520153e-02 1.887224405110251135e+00
3.520031472796678745e-02 1.887175829031597196e+00
3.554272740520694751e-02 1.887126419978667702e+00
3.588847091748199186e-02 1.887076042320952940e+00
3.623757766564258964e-02 1.887024477550851342e+00
3.659008036572020811e-02 1.886971730889832166e+00
3.694601205199302130e-02 1.886917778334725737e+00
3.730540608008161424e-02 1.886862921018301442e+00
3.766829613007490613e-02 1.886806334308521738e+00
3.803471620968648659e-02 1.886749160501623113e+00
3.840470065744145539e-02 1.886692542695066477e+00
3.877828414589457040e-02 1.886633978874459938e+00
3.915550168487941241e-02 1.886573430969581411e+00
3.953638862478930927e-02 1.886512161640679919e+00
3.992098065989020672e-02 1.886449867087932164e+00
4.030931383166566628e-02 1.886386354957121370e+00
4.070142453219438572e-02 1.886321510265487111e+00
4.109734950756069316e-02 1.886253483687757138e+00
4.149712586129815362e-02 1.886185887876043799e+00
4.190079105786669034e-02 1.886116931571413913e+00
4.230838292616342228e-02 1.886046843448655697e+00
4.271993966306778662e-02 1.885975666154358743e+00
4.313549983702118923e-02 1.885904086446193784e+00
4.355510239164130798e-02 1.885830543814922544e+00
4.397878664937160398e-02 1.885755712406798290e+00
4.440659231516640160e-02 1.885682508770297527e+00
4.483855948021186338e-02 1.885603030536942004e+00
4.527472862568297785e-02 1.885524753893558669e+00
4.571514062653719151e-02 1.885443307994086659e+00
4.615983675534499064e-02 1.885359662918502544e+00
4.660885868615767536e-02 1.885274856654028719e+00
4.706224849841281199e-02 1.885188141696410469e+00
4.752004868087766204e-02 1.885100539122253283e+00
4.798230213563085128e-02 1.885010957865915771e+00
4.844905218208294534e-02 1.884919562870133403e+00
4.892034256103611894e-02 1.884826184955039841e+00
4.939621743878321036e-02 1.884729023126692438e+00
4.987672141124663283e-02 1.884631616827230571e+00
5.036189950815770505e-02 1.884535076416143706e+00
5.085179719727656034e-02 1.884436248814320702e+00
5.134646038865306461e-02 1.884334199886752215e+00
5.184593543892913187e-02 1.884226813291996816e+00
5.235026915568305461e-02 1.884120196397569336e+00
5.285950880181603667e-02 1.884010657344489026e+00
5.337370209998133774e-02 1.883898974630176859e+00
5.389289723705643909e-02 1.883787984407395033e+00
5.441714286865893119e-02 1.883670868461490899e+00
5.494648812370611646e-02 1.883553907501196445e+00
5.548098260901916656e-02 1.883434282969193019e+00
5.602067641397187603e-02 1.883312450102109681e+00
5.656562011518465050e-02 1.883188928882415514e+00
5.711586478126431943e-02 1.883062578236311069e+00
5.767146197758996756e-02 1.882933471903287082e+00
5.823246377114527778e-02 1.882801879813375434e+00
5.879892273539785025e-02 1.882667647486077511e+00
5.937089195522609469e-02 1.882530487302866984e+00
5.994842503189409116e-02 1.882390275456775841e+00
6.053157608807464840e-02 1.882247374027609554e+00
6.112039977292132997e-02 1.882103943496033160e+00
6.171495126718981594e-02 1.881953465027279337e+00
6.231528628840921763e-02 1.881803192065745645e+00
6.292146109610344262e-02 1.881648355284183838e+00
6.353353249706343575e-02 1.881491945624626183e+00
6.415155785067082339e-02 1.881332243551191219e+00
6.477559507427335661e-02 1.881169057316085746e+00
6.540570264861225724e-02 1.881002296592774181e+00
6.604193962330305590e-02 1.880833896494077839e+00
6.668436562236895737e-02 1.880660999648177567e+00
6.733304084982863480e-02 1.880484142614880616e+00
6.798802609533814711e-02 1.880306359141374006e+00
6.864938273988777095e-02 1.880123692857160744e+00
6.931717276155408003e-02 1.879937639879289968e+00
6.999145874130821565e-02 1.879748022998467105e+00
7.067230386888070925e-02 1.879555389816840005e+00
7.135977194868306506e-02 1.879357868440723722e+00
7.205392740578704658e-02 1.879156406639609145e+00
7.275483529196229149e-02 1.878951517589126485e+00
7.346256129177256011e-02 1.878742114188434176e+00
7.417717172873124210e-02 1.878529110163414284e+00
7.489873357151664857e-02 1.878311022343625458e+00
7.562731444024800576e-02 1.878088731625938479e+00
7.636298261282241373e-02 1.877862730939538372e+00
7.710580703131336699e-02 1.877632757177104317e+00
7.785585730843146146e-02 1.877396922455233375e+00
7.861320373404813433e-02 1.877158879255239832e+00
7.937791728178281159e-02 1.876917290031366647e+00
8.015006961565404597e-02 1.876669953433517390e+00
8.092973309679550586e-02 1.876416680797575731e+00
8.171698079023696770e-02 1.876158997641096837e+00
8.251188647175167201e-02 1.875895649187389269e+00
8.331452463477014014e-02 1.875629144115821489e+00
8.412497049736118726e-02 1.875353355629261420e+00
8.494330000928071445e-02 1.875076971939137582e+00
8.576958985908941790e-02 1.874792007812504879e+00
8.660391748133952627e-02 1.874502467896933755e+00
8.744636106383144036e-02 1.874206799272551960e+00
8.829699955494091368e-02 1.873906721227645011e+00
8.915591267101763417e-02 1.873600630702930925e+00
9.002318090385581784e-02 1.873288020835801815e+00
9.089888552823731371e-02 1.872969273383514599e+00
9.178310860954806694e-02 1.872644450978598885e+00
9.267593301146882789e-02 1.872313018425173059e+00
9.357744240374062106e-02 1.871975096877734668e+00
9.448772127000577836e-02 1.871631605536643539e+00
9.540685491572513388e-02 1.871281408953065162e+00
9.633492947617222635e-02 1.870924912158156816e+00
9.727203192450542546e-02 1.870562087721483913e+00
9.821825007991856482e-02 1.870192568707744751e+00
9.917367261587073379e-02 1.869814594114424855e+00
1.001383890683960748e-01 1.869429445609791518e+00
1.011124898444945991e-01 1.869036681345106254e+00
1.020960662306047012e-01 1.868633539216457251e+00
1.030892104011576216e-01 1.868229114794446311e+00
1.040920154272158005e-01 1.867811335051463573e+00
1.051045752851944987e-01 1.867392602463040951e+00
1.061269848656690717e-01 1.866961260768121855e+00
1.071593399822671072e-01 1.866522451480905564e+00
1.082017373806478805e-01 1.866074338112309938e+00
1.092542747475682557e-01 1.865616489863508143e+00
1.103170507200377515e-01 1.865151419699050628e+00
1.113901648945616746e-01 1.864677519345288914e+00
1.124737178364751955e-01 1.864193929129787985e+00
1.135678110893671017e-01 1.863700752347575484e+00
1.146725471845963656e-01 1.863198226033309979e+00
1.157880296509002094e-01 1.862687501733753859e+00
1.169143630240966764e-01 1.862167157171128240e+00
1.180516528568804902e-01 1.861636000535158653e+00
1.192000057287153220e-01 1.861094240125648724e+00
1.203595292558212876e-01 1.860543384700989344e+00
1.215303321012602134e-01 1.859980496343434098e+00
1.227125239851190319e-01 1.859407503025741537e+00
1.239062156947916271e-01 1.858823971720482415e+00
1.251115190953615564e-01 1.858230229313631687e+00
1.263285471400849291e-01 1.857624487087627951e+00
1.275574138809759950e-01 1.857008485767044137e+00
1.287982344794950385e-01 1.856380183045311494e+00
1.300511252173409127e-01 1.855738939954411304e+00
1.313162035073478784e-01 1.855084907514019665e+00
1.325935879044890797e-01 1.854420640454878866e+00
1.338833981169864351e-01 1.853743705078464199e+00
1.351857550175293021e-01 1.853053608074108460e+00
1.365007806546013891e-01 1.852350158546926640e+00
1.378285982639189389e-01 1.851632020285799651e+00
1.391693322799789911e-01 1.850902522609646939e+00
1.405231083477211373e-01 1.850159546710927749e+00
1.418900533343016301e-01 1.849402051375160339e+00
1.432702953409830948e-01 1.848630012508594822e+00
1.446639637151387880e-01 1.847841368127672856e+00
1.460711890623745679e-01 1.847038588781692248e+00
1.474921032587684921e-01 1.846220567327117257e+00
1.489268394632288772e-01 1.845388355780524847e+00
1.503755321299738434e-01 1.844541800936357889e+00
1.518383170211306810e-01 1.843679468901856522e+00
1.533153312194593942e-01 1.842802148811604868e+00
1.548067131411984265e-01 1.841906866887992322e+00
1.563126025490369497e-01 1.840994952608867807e+00
1.578331405652117214e-01 1.840065156702815008e+00
1.593684696847328941e-01 1.839119831846530717e+00
1.609187337887370006e-01 1.838155388997476436e+00
1.624840781579713067e-01 1.837173473107367005e+00
1.640646494864078653e-01 1.836173237014304238e+00
1.656605958949914359e-01 1.835151969498310942e+00
1.672720669455196874e-01 1.834115669863264353e+00
1.688992136546599021e-01 1.833058978722894583e+00
1.705421885081006561e-01 1.831982506230956709e+00
1.722011454748421100e-01 1.830885788557385707e+00
1.738762400216251336e-01 1.829768427282557175e+00
1.755676291275001522e-01 1.828630551936689663e+00
1.772754712985387948e-01 1.827472763148688006e+00
1.789999265826875408e-01 1.826296737878009946e+00
1.807411565847668600e-01 1.825097570916031309e+00
1.824993244816152382e-01 1.823873237849055640e+00
1.842745950373816666e-01 1.822628763179251044e+00
1.860671346189656239e-01 1.821360206418158656e+00
1.878771112116086051e-01 1.820068442578099521e+00
1.897046944346358344e-01 1.818755365114852252e+00
1.915500555573527997e-01 1.817416799442865827e+00
1.934133675150944698e-01 1.816054207940476450e+00
1.952948049254327745e-01 1.814667841732072295e+00
1.971945441045395986e-01 1.813255548223066560e+00
1.991127630837108697e-01 1.811814795674905776e+00
2.010496416260497965e-01 1.810352427556915833e+00
2.030053612433137811e-01 1.808861128958066500e+00
2.049801052129238688e-01 1.807344045007051037e+00
2.069740585951406198e-01 1.805801602633469116e+00
2.089874082504071251e-01 1.804229052743673067e+00
2.110203428568595552e-01 1.802629076169039779e+00
2.130730529280097374e-01 1.801000568973405436e+00
2.151457308305980698e-01 1.799342592701058674e+00
2.172385708026215445e-01 1.797654444946509278e+00
2.193517689715359098e-01 1.795937946073077995e+00
2.214855233726360506e-01 1.794191758110168067e+00
2.236400339676138660e-01 1.792412971370651809e+00
2.258155026632983065e-01 1.790600024718856043e+00
2.280121333305757114e-01 1.788757633020822579e+00
2.302301318234963867e-01 1.786884080742881631e+00
2.324697059985647851e-01 1.784977563940880252e+00
2.347310657342196183e-01 1.783036938029128660e+00
2.370144229505012079e-01 1.781061575563614996e+00
2.393199916289123208e-01 1.779052605040012836e+00
2.416479878324700736e-01 1.777016130887815626e+00
2.439986297259550130e-01 1.774926043312617274e+00
2.463721375963552895e-01 1.772812550452522506e+00
2.487687338735107279e-01 1.770659220509493759e+00
2.511886431509580686e-01 1.768466634706994389e+00
2.536320922069775774e-01 1.766234712757470016e+00
2.560993100258459609e-01 1.763977727958856878e+00
2.585905278192945911e-01 1.761674155533348385e+00
2.611059790481781162e-01 1.759399539135956481e+00
2.636458994443517945e-01 1.756946224454629002e+00
2.662105270327638773e-01 1.754521216089375280e+00
2.688001021537606006e-01 1.752055131998485171e+00
2.714148674856106669e-01 1.749548791573915407e+00
2.740550680672460548e-01 1.747000902256053756e+00
2.767209513212268712e-01 1.744408236768614451e+00
2.794127670769268601e-01 1.741770005783160880e+00
2.821307675939472293e-01 1.739094898743541284e+00
2.848752075857552413e-01 1.736369241220948156e+00
2.876463442435557849e-01 1.733599307997416128e+00
2.904444372603925406e-01 1.730782366710553966e+00
2.932697488554852905e-01 1.727925438861810825e+00
2.961225437988035947e-01 1.725020169459592800e+00
2.990030894358785551e-01 1.722062766639686382e+00
3.019116557128577738e-01 1.719054760727626308e+00
3.048485152018017286e-01 1.716000408412409417e+00
3.078139431262288950e-01 1.712902900385090410e+00
3.108082173869063936e-01 1.709749127377205857e+00
3.138316185878944342e-01 1.706546032322763029e+00
3.168844300628416155e-01 1.703291522067383879e+00
3.199669379015380732e-01 1.699984993514287002e+00
3.230794309767249795e-01 1.696627566423845046e+00
3.262222009711669979e-01 1.693214908065449276e+00
3.293955424049855307e-01 1.689750946450503388e+00
3.325997526632606949e-01 1.686228676567114837e+00
3.358351320238990301e-01 1.682655238650684781e+00
3.391019836857747105e-01 1.679024592223972379e+00
3.424006137971423724e-01 1.675337025332600316e+00
3.457313314843284413e-01 1.671599110157521162e+00
3.490944488806992929e-01 1.667795928664981497e+00
3.524902811559130766e-01 1.663935631866365616e+00
3.559191465454557002e-01 1.660018215454479140e+00
3.593813663804627523e-01 1.656043296877500071e+00
3.628772651178337472e-01 1.652007622759694261e+00
3.664071703706370808e-01 1.647909594622168461e+00
3.699714129388128048e-01 1.643754025128101759e+00
3.735703268401719401e-01 1.639533912894472589e+00
3.772042493416999376e-01 1.635254806406926331e+00
3.808735209911614517e-01 1.630912589068727048e+00
3.845784856490158665e-01 1.626504404165624917e+00
3.883194905206404091e-01 1.622034192097934868e+00
3.920968861888690649e-01 1.617502325801090546e+00
3.959110266468458539e-01 1.612904454733553816e+00
3.997622693312000708e-01 1.608239344488081812e+00
4.036509751555413805e-01 1.603510798955321004e+00
4.075775085442840395e-01 1.598714249852792424e+00
4.115422374667966343e-01 1.593850264847226139e+00
4.155455334718875515e-01 1.588923657254436739e+00
4.195877717226225712e-01 1.583925186956757658e+00
4.236693310314835759e-01 1.578859865401917251e+00
4.277905938958687093e-01 1.573728224385558150e+00
4.319519465339363706e-01 1.568525405457269928e+00
4.361537789208005944e-01 1.563253098477395131e+00
4.403964848250754294e-01 1.557914168445754255e+00
4.446804618457780300e-01 1.552504032096386988e+00
4.490061114495874639e-01 1.547021899187394078e+00
4.533738390084691150e-01 1.541473251332203587e+00
4.577840538376618529e-01 1.535850781880792937e+00
4.622371692340384031e-01 1.530154527200183079e+00
4.667336025148346446e-01 1.524392790577967505e+00
4.712737750567601580e-01 1.518553882042970926e+00
4.758581123354846953e-01 1.512647455315010436e+00
4.804870439655131720e-01 1.506679095311577621e+00
4.851610037404442966e-01 1.500613210721988056e+00
4.898804296736250508e-01 1.494488064089360746e+00
4.946457640391963562e-01 1.488291404709611632e+00
4.994574534135413635e-01 1.482024144272605426e+00
5.043159487171361421e-01 1.475681618165058051e+00
5.092217052568053237e-01 1.469265528276252564e+00
5.141751827683928022e-01 1.462777335419829461e+00
5.191768454598426619e-01 1.456216760607358607e+00
5.242271620547044320e-01 1.449584435976003505e+00
5.293266058360561743e-01 1.442880461650612567e+00
5.344756546908600026e-01 1.436102313845255107e+00
5.396747911547442600e-01 1.429251306035087321e+00
5.449245024572260121e-01 1.422329948535742572e+00
5.502252805673685243e-01 1.415336836572941071e+00
5.555776222398878250e-01 1.408271133232966044e+00
5.609820290617031358e-01 1.401132346634823556e+00
5.664390074989449353e-01 1.393924139530113626e+00
5.719490689444144405e-01 1.386648037684133028e+00
5.775127297655114900e-01 1.379298584919109949e+00
5.831305113526221717e-01 1.371872538358831717e+00
5.888029401679826247e-01 1.364386582724780084e+00
5.945305477950136863e-01 1.356830797859336135e+00
6.003138709881384871e-01 1.349205415209068670e+00
6.061534517230839914e-01 1.341508822659678746e+00
6.120498372476699256e-01 1.333748563554958189e+00
6.180035801330957534e-01 1.325918325092783734e+00
6.240152383257209223e-01 1.318026706349326949e+00
6.300853751993553686e-01 1.310064655562551250e+00
6.362145596080520660e-01 1.302039112153080103e+00
6.424033659394193796e-01 1.293949923884813780e+00
6.486523741684461219e-01 1.285798414264797795e+00
6.549621699118558515e-01 1.277586199478194739e+00
6.613333444829840868e-01 1.269308776549064044e+00
6.677664949471955325e-01 1.260975611468530655e+00
6.742622241778342129e-01 1.252575363157799160e+00
6.808211409127237213e-01 1.244129295144318581e+00
6.874438598112112553e-01 1.235613179022001296e+00
6.941310015117725385e-01 1.227047067289950499e+00
7.008831926901714082e-01 1.218425217020482565e+00
7.077010661181889484e-01 1.209747176561218662e+00
7.145852607229240538e-01 1.201019913529546956e+00
7.215364216466665370e-01 1.192237677097375492e+00
7.285552003073593186e-01 1.183411637526829763e+00
7.356422544596413760e-01 1.174528578630493092e+00
7.427982482564918776e-01 1.165603019118078398e+00
7.500238523114668432e-01 1.156630821216692695e+00
7.573197437615483141e-01 1.147609184872087518e+00
7.646866063305975958e-01 1.138551510186350813e+00
7.721251303934327792e-01 1.129445351225688343e+00
7.796360130405233235e-01 1.120304667387938879e+00
7.872199581433195759e-01 1.111121352213085389e+00
7.948776764202123424e-01 1.101900761219967384e+00
8.026098855031396084e-01 1.092648515556800204e+00
8.104173100048355227e-01 1.083358896158312268e+00
8.183006815867394090e-01 1.074036067487191604e+00
8.262607390275591435e-01 1.064685752230457805e+00
8.342982282925082149e-01 1.055306191335159349e+00
8.424139026032094746e-01 1.045895351708557408e+00
8.506085225082840040e-01 1.036465809694635976e+00
8.588828559546254349e-01 1.027009149895884210e+00
8.672376783593644944e-01 1.017529564237455553e+00
8.756737726825394308e-01 1.008032696326737865e+00
8.841919295004664336e-01 9.985153028564719424e-01
8.927929470798307010e-01 9.889855638840251428e-01
9.014776314524917122e-01 9.794378679211217520e-01
9.102467964910225806e-01 9.698785144692086968e-01
9.191012639849772681e-01 9.603088063632750915e-01
9.280418637179072006e-01 9.507338899279812461e-01
9.370694335451198453e-01 9.411467310976020517e-01
9.461848194722002336e-01 9.315563191090420192e-01
9.553888757342895444e-01 9.219658587292475227e-01
9.646824648761427312e-01 9.123709432143320974e-01
9.740664578329562007e-01 9.027512162091817505e-01
9.835417340119908536e-01 8.931896504731834385e-01
9.931091813749796104e-01 8.836077601554794825e-01
1.002769696521346621e+00 8.740272361653128597e-01
1.012524184772224167e+00 8.644602901909478332e-01
1.022373560255302127e+00 8.549045699583974756e-01
1.032318745990486564e+00 8.453614813633771874e-01
1.042360673976402197e+00 8.358293952576467678e-01
1.052500285277732761e+00 8.263156655344575663e-01
1.062738530113414459e+00 8.168310951167829792e-01
1.073076367945679621e+00 8.073446963656023545e-01
1.083514767569973225e+00 7.978951935852959254e-01
1.094054707205742494e+00 7.884185993610233201e-01
1.104697174588111785e+00 7.790640748142039218e-01
1.115443167060441221e+00 7.696895478111263067e-01
1.126293691667795249e+00 7.603465074971136328e-01
1.137249765251314271e+00 7.510311358650939573e-01
1.148312414543511073e+00 7.417541081215534016e-01
1.159482676264482759e+00 7.325068279020191531e-01
1.170761597219069250e+00 7.232992431013239853e-01
1.182150234394952371e+00 7.140800391248594003e-01
1.193649655061713055e+00 7.049883300830905863e-01
1.205260936870842681e+00 6.959075509623225964e-01
1.216985167956738056e+00 6.868636124330770309e-01
1.228823447038673411e+00 6.778609611440278293e-01
1.240776883523764251e+00 6.689090241018695870e-01
1.252846597610937529e+00 6.600012166305726513e-01
1.265033720395903893e+00 6.511115410573038442e-01
1.277339393977160009e+00 6.423349962715548811e-01
1.289764771563017165e+00 6.335822991391653058e-01
1.302311017579677488e+00 6.248806102805668505e-01
1.314979307780347773e+00 6.162357473807401620e-01
1.327770829355430449e+00 6.076430475238802087e-01
1.340686781043774811e+00 5.991105933331609679e-01
1.353728373245021821e+00 5.906369482475579691e-01
1.366896828133026487e+00 5.822202752738939724e-01
1.380193379770397355e+00 5.738662147340168884e-01
1.393619274224142002e+00 5.655731793964239307e-01
1.407175769682446731e+00 5.573474426684490446e-01
1.420864136572576708e+00 5.491807182735987114e-01
1.434685657679937831e+00 5.410825152930900384e-01
1.448641628268290127e+00 5.330478620651849520e-01
1.462733356201129986e+00 5.250778012627994595e-01
1.476962162064259898e+00 5.171795893357268303e-01
1.491329379289537682e+00 5.093483267283325233e-01
1.505836354279841416e+00 5.015854504280985449e-01
1.520484446535244283e+00 4.938940117079310133e-01
1.535275028780422657e+00 4.862714552260211653e-01
1.550209487093291205e+00 4.787231511509538739e-01
1.565289221034902312e+00 4.712445108530816107e-01
1.580515643780601165e+00 4.638306405207803240e-01
1.595890182252465817e+00 4.565045723827446666e-01
1.611414277253019778e+00 4.492398104616447396e-01
1.627089383600260675e+00 4.420594045694609120e-01
1.642916970263993193e+00 4.349473824210961515e-01
1.658898520503498064e+00 4.279111293102980107e-01
1.675035532006524441e+00 4.209464536026309434e-01
1.691329517029648732e+00 4.140107040164252572e-01
1.707782002539993016e+00 4.072515775782296621e-01
1.724394530358320354e+00 4.005110379833798362e-01
1.741168657303530987e+00 3.938525993887634913e-01
1.758105955338547632e+00 3.872674521331301301e-01
1.775208011717636092e+00 3.807618552582468507e-01
1.792476429135148930e+00 3.743296273644471372e-01
1.809912825875727105e+00 3.679739664898932228e-01
1.827518835965944666e+00 3.616931166277134735e-01
1.845296109327445366e+00 3.554894143963406306e-01
1.863246311931559873e+00 3.493637650653090843e-01
1.881371125955437096e+00 3.433124698218880666e-01
1.899672249939675650e+00 3.373369991970334714e-01
1.918151398947507635e+00 3.314356876376348682e-01
1.936810304725519849e+00 3.256122862570986487e-01
1.955650715865949074e+00 3.198643150451458972e-01
1.974674397970537454e+00 3.141915034727897349e-01
1.993883133816001019e+00 3.085913181023257623e-01
2.013278723521096492e+00 3.030649939338488918e-01
2.032862984715323673e+00 2.976181005839255156e-01
2.052637752709252084e+00 2.922425795617951683e-01
2.072604880666519822e+00 2.869408478878854862e-01
2.092766239777499759e+00 2.817112203833569417e-01
2.113123719434652603e+00 2.765555560361691034e-01
2.133679227409597701e+00 2.714416477919810444e-01
2.154434690031884259e+00 2.664612556243639019e-01
2.175392052369522489e+00 2.615222410025061506e-01
2.196553278411258248e+00 2.566525027483655963e-01
2.217920351250634692e+00 2.518548336423822032e-01
2.239495273271823184e+00 2.471275617628620469e-01
2.261280066337279404e+00 2.424695736707616345e-01
2.283276771977218012e+00 2.378777441478077681e-01
2.305487451580938707e+00 2.333602601114660169e-01
2.327914186589993051e+00 2.289083120418187456e-01
2.350559078693253756e+00 2.245236734438876558e-01
2.373424250023866033e+00 2.202055712605303084e-01
2.396511843358130278e+00 2.159543944922020231e-01
2.419824022316292567e+00 2.117684967577253830e-01
2.443362971565319341e+00 2.076484211005562575e-01
2.467130897023623426e+00 2.035928451067844924e-01
2.491130026067788439e+00 1.996008261684651675e-01
2.515362607741312928e+00 1.956723473761601828e-01
2.539830912965362675e+00 1.918015599887116507e-01
2.564537234751594674e+00 1.880018865437539100e-01
2.589483888417040802e+00 1.842616676227313011e-01
2.614673211801092023e+00 1.805771005843260224e-01
2.640107565484572927e+00 1.769562806841870894e-01
2.665789333010967876e+00 1.733932612538192919e-01
2.691720921109787668e+00 1.698905516526025006e-01
2.717904759922122881e+00 1.664417934838277602e-01
2.744343303228365283e+00 1.630552583436756797e-01
2.771039028678170535e+00 1.597246961575062851e-01
2.797994438022641805e+00 1.564488334778943723e-01
2.825212057348790218e+00 1.532307417404409622e-01
2.852694437316245057e+00 1.500697928334539799e-01
2.880444153396297668e+00 1.469429746343128007e-01
2.908463806113254169e+00 1.438964340048821677e-01
2.936756021288137397e+00 1.408909657612427979e-01
2.965323450284773621e+00 1.379382029676456678e-01
2.994168770258243573e+00 1.350323207692517846e-01
3.023294684405779531e+00 1.321857550831635197e-01
3.052703922220086241e+00 1.293853823536293413e-01
3.082399239745143404e+00 1.266341490775040324e-01
3.112383419834465759e+00 1.239290826879420049e-01
3.142659272411905569e+00 1.212790833043529831e-01
3.173229634734976212e+00 1.186703927391637853e-01
3.204097371660752813e+00 1.161094001489979127e-01
3.235265375914330388e+00 1.135951721897904138e-01
3.266736568359921655e+00 1.111265248545355022e-01
3.298513898274578082e+00 1.086998089016684432e-01
3.330600343624588788e+00 1.063202255464355539e-01
3.362998911344535991e+00 1.039863943198296864e-01
3.395712637619100693e+00 1.016927778572243590e-01
3.428744588167585317e+00 9.942866623622918787e-02
3.462097858531227423e+00 9.723283752829456339e-02
3.495775574363275240e+00 9.506459932108893285e-02
3.529780891721914671e+00 9.293628127737585398e-02
3.564116997366032269e+00 9.084155944268533511e-02
3.598787109053855460e+00 8.879994961145556975e-02
3.633794475844513094e+00 8.678994996342444257e-02
3.669142378402494131e+00 8.481654006374293731e-02
3.704834129305105694e+00 8.287928944525162211e-02
3.740873073352900313e+00 8.098580502068143672e-02
3.777262587883141176e+00 7.912445818712361689e-02
3.814006083086284082e+00 7.730391326397201279e-02
3.851107002325572903e+00 7.551420009124928945e-02
3.888568822459721019e+00 7.375283793573543523e-02
3.926395054168756449e+00 7.203130113659333977e-02
3.964589242282997805e+00 7.034326553248806957e-02
4.003154966115265445e+00 6.868862234735705063e-02
4.042095839796306045e+00 6.706578074415386892e-02
4.081415512613501662e+00 6.547606928369346935e-02
4.121117669352832635e+00 6.391623773494513328e-02
4.161206030644208020e+00 6.238878694633851613e-02
4.201684353310133346e+00 6.089040722136428163e-02
4.242556430717777438e+00 5.942273912963591531e-02
4.283826093134470270e+00 5.798459150458241257e-02
4.325497208086633627e+00 5.657521230037842325e-02
4.367573680722233398e+00 5.519437041588821924e-02
4.410059454176736615e+00 5.384145452656841774e-02
4.452958509942654963e+00 5.251647316745399613e-02
4.496274868242640110e+00 5.121812398801232208e-02
4.540012588406244554e+00 4.994590126281844844e-02
4.584175769250333765e+00 4.870107634311610784e-02
4.628768549463215365e+00 4.748392632189896156e-02
4.673795107992464004e+00 4.628703139267601602e-02
4.719259664436561863e+00 4.511748032388490648e-02
4.765166479440326341e+00 4.397241652474546958e-02
4.811519855094205766e+00 4.285131162940072902e-02
4.858324135337417360e+00 4.175351701840242929e-02
4.905583706365050922e+00 4.067950316347590523e-02
4.953302997039108924e+00 3.962702098961556896e-02
5.001486479303548727e+00 3.859936757949291447e-02
5.050138668603383785e+00 3.759171427706898411e-02
5.099264124307808288e+00 3.660629824684354799e-02
5.148867450137498025e+00 3.564185233528884000e-02
5.198953294596024399e+00 3.469992170380989394e-02
5.249526351405507718e+00 3.377554349611681939e-02
5.300591359946452030e+00 3.287268660667178044e-02
5.352153105701904501e+00 3.198878539120518505e-02
5.404216420705915347e+00 3.112589813982807180e-02
5.456786183996381823e+00 3.028175895387804489e-02
5.509867322072253160e+00 2.945554177014128236e-02
5.563464809355226137e+00 2.864786854122744822e-02
5.617583668655908191e+00 2.785844461576834907e-02
5.672228971644543094e+00 2.708539333640800489e-02
5.727405839326266346e+00 2.633225134724521618e-02
5.783119442521027054e+00 2.559499482685083718e-02
5.839375002348160315e+00 2.487447159284265560e-02
5.896177790715694478e+00 2.417044786537518239e-02
5.953533130814370189e+00 2.348241931029205684e-02
6.011446397616513337e+00 2.281048318695306013e-02
6.069923018379741464e+00 2.215377320632224908e-02
6.128968473155564034e+00 2.151302789172426788e-02
6.188588295302960063e+00 2.088710615416578681e-02
6.248788072006894012e+00 2.027343388978560673e-02
6.309573444801936049e+00 1.967788388940037297e-02
6.370950110100935149e+00 1.909499104808852141e-02
6.432923819728876502e+00 1.852592484635372239e-02
6.495500381461869033e+00 1.797051468886887507e-02
6.558685659571435345e+00 1.742947994546316728e-02
6.622485575374063238e+00 1.689946467055584642e-02
6.686906107786136921e+00 1.638323938645148969e-02
6.751953293884205287e+00 1.587986754164694495e-02
6.817633229470763112e+00 1.538864173978597358e-02
6.883952069645496330e+00 1.490973976608525424e-02
6.950916029382126382e+00 1.444262781113007411e-02
7.018531384110795912e+00 1.398718397881430070e-02
7.086804470306189430e+00 1.354310473631329531e-02
7.155741686081340980e+00 1.311043243811869409e-02
7.225349491787214085e+00 1.268845902674116920e-02
7.295634410618154320e+00 1.227745227341375638e-02
7.366603029223159460e+00 1.187634377439986122e-02
7.438261998323163482e+00 1.148680842063804983e-02
7.510618033334286459e+00 1.110671218351805267e-02
7.583677914997190683e+00 1.073664230194378358e-02
7.657448490012479958e+00 1.037617499558783629e-02
7.731936671682362316e+00 1.002543518965936208e-02
7.807149440558499798e+00 9.683950295246825449e-03
7.883093845096216690e+00 9.351475134168200573e-03
7.959777002314985417e+00 9.027841785691092039e-03
8.037206098465421888e+00 8.713447718843246245e-03
8.115388389702712146e+00 8.407480531854047076e-03
8.194331202766655053e+00 8.109827706397756270e-03
8.274041935668218883e+00 7.820483091779817722e-03
8.354528058382872047e+00 7.539518209400841546e-03
8.435797113550611570e+00 7.265826873206011373e-03
8.517856717182803905e+00 7.000037999577164716e-03
8.600714559375941093e+00 6.741962002445781206e-03
8.684378405032257220e+00 6.491248842196330714e-03
8.768856094587436090e+00 6.247651129302024715e-03
8.854155544745349715e+00 6.011310272930444482e-03
8.940284749219998162e+00 5.781923178071300337e-03
9.027251779484577909e+00 5.559629337505063787e-03
9.115064785527916769e+00 5.343082345146805100e-03
9.203731996618220279e+00 5.133506689272431152e-03
9.293261722074316111e+00 4.930136010809235345e-03
9.383662352044273902e+00 4.732879759577923728e-03
9.474942358291729150e+00 4.542240588936943824e-03
9.567110294989774388e+00 4.357346109330326699e-03
9.660174799522645017e+00 4.178081511402790063e-03
9.754144593295098531e+00 4.004281695334434288e-03
9.849028482549766039e+00 3.836197511985304370e-03
9.944835359192397917e+00 3.674599708584897102e-03
1.004157420162519543e+01 3.516397491585925277e-03
1.013925407558815373e+01 3.363939682515874798e-03
1.023788413500867378e+01 3.216525869197754597e-03
1.033747362285940774e+01 3.074173229142954968e-03
1.043803187202444072e+01 2.936557616994380296e-03
1.053956830617394580e+01 2.803750959618476080e-03
1.064209244064724658e+01 2.675411871860707263e-03
1.074561388334458023e+01 2.551528494866710500e-03
1.085014233562746178e+01 2.431992306128046531e-03
1.095568759322787855e+01 2.317004442120101926e-03
1.106225954716621906e+01 2.205503926093986804e-03
1.116986818467823817e+01 2.098344702549543965e-03
1.127852359015096795e+01 1.995108712121148719e-03
1.138823594606782130e+01 1.895674162505069267e-03
1.149901553396274245e+01 1.799992845446892441e-03
1.161087273538378994e+01 1.707902283898391198e-03
1.172381803286598512e+01 1.619341021482297548e-03
1.183786201091373513e+01 1.534233948237087022e-03
1.195301535699265827e+01 1.452450424638638150e-03
1.206928886253119870e+01 1.373931664409935600e-03
1.218669342393191712e+01 1.298569646523689038e-03
1.230524004359261525e+01 1.226305764547010353e-03
1.242493983093746479e+01 1.157016226154203298e-03
1.254580400345803248e+01 1.090609619867678650e-03
1.266784388776455827e+01 1.027056483628756550e-03
1.279107092064739781e+01 9.662380460408365223e-04
1.291549665014884063e+01 9.080839252496028047e-04
1.304113273664525430e+01 8.525199411520315669e-04
1.316799095393986185e+01 7.994625779777458745e-04
1.329608319036608854e+01 7.488394035994857048e-04
1.342542144990170527e+01 7.005742509797248819e-04
1.355601785329368880e+01 6.546039232634406554e-04
1.368788463919415221e+01 6.108350459834913223e-04
1.382103416530724438e+01 5.692101647761676521e-04
1.395547890954729020e+01 5.296800608535015293e-04
1.409123147120805619e+01 4.921557408575302512e-04
1.422830457214353395e+01 4.565661253525733656e-04
1.436671105796013137e+01 4.228549828900784232e-04
1.450646389922046886e+01 3.909660801681902526e-04
1.464757619265895272e+01 3.608272642926571832e-04
1.479006116240903168e+01 3.323772050872644108e-04
1.493393216124253264e+01 3.055729201710384265e-04
1.507920267182097263e+01 2.803117783882783055e-04
1.522588630795911513e+01 2.565794269537015576e-04
1.537399681590069456e+01 2.343010267311188021e-04
1.552354807560667105e+01 2.134231923162765033e-04
1.567455410205595001e+01 1.938847871669612953e-04
1.582702904655883280e+01 1.756532478970237435e-04
1.598098719808309376e+01 1.586544048253079762e-04
1.613644298459311699e+01 1.428414104579140461e-04
1.629341097440194730e+01 1.281639082952601980e-04
1.645190587753662470e+01 1.145773912953918649e-04
1.661194254711659113e+01 1.020263562835964588e-04
1.677353598074571295e+01 9.046187084190462349e-05
1.693670132191772026e+01 7.984842821453216400e-05
1.710145386143542012e+01 7.012941178719164488e-05
1.726780903884355922e+01 6.125885936989405520e-05
1.743578244387577669e+01 5.319612641504533262e-05
1.760538981791556523e+01 4.590321114582372308e-05
1.777664705547142532e+01 3.932347679968301762e-05
1.794957020566648254e+01 3.342537149182838065e-05
1.812417547374237614e+01 2.816243118776611809e-05
1.830047922257800863e+01 2.350277494383063603e-05
1.847849797422290763e+01 1.939912624949496724e-05
1.865824841144566193e+01 1.581268115262535897e-05
1.883974737929719367e+01 1.270745015726641836e-05
1.902301188668945642e+01 1.004989840449669233e-05
1.920805910798935301e+01 7.793065009631039964e-06
1.939490638462828542e+01 5.910402910845595485e-06
1.958357122672716955e+01 4.363337498436367317e-06
1.977407131473744428e+01 3.115432697105630284e-06
1.996642450109793288e+01 2.135055490224545688e-06
2.016064881190793656e+01 1.387811744941456274e-06
2.035676244861640072e+01 8.409020047334423708e-07
2.055478378972772546e+01 4.620016403062748858e-07
2.075473139252405730e+01 2.194351876627551816e-07
2.095662399480432825e+01 8.118721245443406202e-08
2.116048051664034446e+01 1.877756348515101873e-08
2.136632006214970403e+01 0.000000000000000000e+00
