1.000000000000000021e-02 1.142726325949677824e+00
1.009727545900835841e-02 1.142720563310226201e+00
1.019549716950923779e-02 1.142714691713893282e+00
1.029467433620748044e-02 1.142708730089417868e+00
1.039481625334708927e-02 1.142702678786325032e+00
1.049593230558227772e-02 1.142696497495666152e+00
1.059803196885688789e-02 1.142690428842727757e+00
1.070112481129246833e-02 1.142684039238411886e+00
1.080522049408488318e-02 1.142677447431512894e+00
1.091032877240974419e-02 1.142670814634462628e+00
1.101645949633656314e-02 1.142664143064005433e+00
1.112362261175187626e-02 1.142657161799814025e+00
1.123182816129126085e-02 1.142650126757143836e+00
1.134108628528052165e-02 1.142642940256831219e+00
1.145140722268592030e-02 1.142635555497854449e+00
1.156280131207376022e-02 1.142628077266734321e+00
1.167527899257919492e-02 1.142620441369133211e+00
1.178885080488457221e-02 1.142612646185923175e+00
1.190352739220719262e-02 1.142604736140836241e+00
1.201931950129673729e-02 1.142596630334619112e+00
1.213623798344241195e-02 1.142588269467974538e+00
1.225429379548980714e-02 1.142579805267525117e+00
1.237349800086776086e-02 1.142571320258571221e+00
1.249386177062509519e-02 1.142562680564108035e+00
1.261539638447754796e-02 1.142553753553921636e+00
1.273811323186478488e-02 1.142544934778237486e+00
1.286202381301779218e-02 1.142535183826600464e+00
1.298713974003655978e-02 1.142525633231816107e+00
1.311347273797833224e-02 1.142515929417094345e+00
1.324103464595636874e-02 1.142505831669957006e+00
1.336983741824946531e-02 1.142495841715186478e+00
1.349989312542219239e-02 1.142485594444019759e+00
1.363121395545611320e-02 1.142474641269422886e+00
1.376381221489191876e-02 1.142464007907361134e+00
1.389770032998276401e-02 1.142453620833121075e+00
1.403289084785873213e-02 1.142441963247059267e+00
1.416939643770268736e-02 1.142430624362141378e+00
1.430722989193757184e-02 1.142419144911925644e+00
1.444640412742520530e-02 1.142408063542410313e+00
1.458693218667675602e-02 1.142396172956842593e+00
1.472882723907502529e-02 1.142383309752720510e+00
1.487210258210860774e-02 1.142370646534668799e+00
1.501677164261799868e-02 1.142357898141099115e+00
1.516284797805393485e-02 1.142344897686550009e+00
1.531034527774784160e-02 1.142331496441495009e+00
1.545927736419477720e-02 1.142318059908194350e+00
1.560965819434872483e-02 1.142304222562677607e+00
1.576150186093060873e-02 1.142290337272241052e+00
1.591482259374891323e-02 1.142276476886158854e+00
1.606963476103326349e-02 1.142261860475567214e+00
1.622595287078087284e-02 1.142247221392365564e+00
1.638379157211618947e-02 1.142232080650061876e+00
1.654316565666366645e-02 1.142216636478712743e+00
1.670409005993399310e-02 1.142200877812692861e+00
1.686657986272368723e-02 1.142184755914902095e+00
1.703065029252844378e-02 1.142168312877710923e+00
1.719631672497009753e-02 1.142151535310301336e+00
1.736359468523754335e-02 1.142134425727525660e+00
1.753249984954170088e-02 1.142116912167172371e+00
1.770304804658450262e-02 1.142099195484310714e+00
1.787525525904235316e-02 1.142081137690808212e+00
1.804913762506383731e-02 1.142062596182572776e+00
1.822471143978214581e-02 1.142043809984830904e+00
1.840199315684210371e-02 1.142024696574625242e+00
1.858099938994215231e-02 1.142005137907120771e+00
1.876174691439120440e-02 1.141986892480616467e+00
1.894425266868081034e-02 1.141964921976268865e+00
1.912853375607242307e-02 1.141944194261027334e+00
1.931460744620030340e-02 1.141923040944789580e+00
1.950249117668984011e-02 1.141901462687503033e+00
1.969220255479172538e-02 1.141879407253889145e+00
1.988375935903200636e-02 1.141857116700393249e+00
2.007717954087816226e-02 1.141834301989536060e+00
2.027248122642137662e-02 1.141810735709645419e+00
2.046968271807520987e-02 1.141786697290255281e+00
2.066880249629082095e-02 1.141762388089348379e+00
2.086985922128879734e-02 1.141737837177181580e+00
2.107287173480786382e-02 1.141712620897717745e+00
2.127785906187062287e-02 1.141686717720535649e+00
2.148484041256648255e-02 1.141660712589338322e+00
2.169383518385184506e-02 1.141634247672106417e+00
2.190486296136792688e-02 1.141607033628659895e+00
2.211794352127614133e-02 1.141578842868090859e+00
2.233309683211144592e-02 1.141550690826421910e+00
2.255034305665360936e-02 1.141521825319252281e+00
2.276970255381680075e-02 1.141492362008147410e+00
2.299119588055741764e-02 1.141462273115414039e+00
2.321484379380064564e-02 1.141431663955754683e+00
2.344066725238556220e-02 1.141400492839532710e+00
2.366868741902936057e-02 1.141368686137102184e+00
2.389892566231050300e-02 1.141336359744618889e+00
2.413140355867127856e-02 1.141301917630153318e+00
2.436614289443983158e-02 1.141269618827998711e+00
2.460316566787181664e-02 1.141235310774815215e+00
2.484249409121190577e-02 1.141200271748019635e+00
2.508415059277539771e-02 1.141164484543455648e+00
2.532815781905008515e-02 1.141127835433659365e+00
2.557453863681850847e-02 1.141091125664218664e+00
2.582331613530085626e-02 1.141053277693119927e+00
2.607451362831877603e-02 1.141014729805893468e+00
2.632815465648021339e-02 1.140974976960958509e+00
2.658426298938541474e-02 1.140934970898736633e+00
2.684286262785454819e-02 1.140893604109145754e+00
2.710397780617682106e-02 1.140851568115650583e+00
2.736763299438163891e-02 1.140809368170006000e+00
2.763385290053169824e-02 1.140765273001052682e+00
2.790266247303856487e-02 1.140721206777580710e+00
2.817408690300057458e-02 1.140675569055291660e+00
2.844815162656363222e-02 1.140630022855414261e+00
2.872488232730495070e-02 1.140583090235377295e+00
2.900430493863991738e-02 1.140536528950422568e+00
2.928644564625237229e-02 1.140487775053383279e+00
2.957133089054861039e-02 1.140437378843309757e+00
2.985898736913520854e-02 1.140386928147634871e+00
3.014944203932094433e-02 1.140335533495705711e+00
3.044272212064302874e-02 1.140283151838575648e+00
3.073885509741795460e-02 1.140229073193078424e+00
3.103786872131722788e-02 1.140174970427881851e+00
3.133979101396793671e-02 1.140118609648070436e+00
3.164465026957891114e-02 1.140061821968132882e+00
3.195247505759213347e-02 1.140003987720570766e+00
3.226329422536015901e-02 1.139945020532319830e+00
3.257713690084949876e-02 1.139885288466330193e+00
3.289403249537032475e-02 1.139824168960640982e+00
3.321401070633261954e-02 1.139761380948648650e+00
3.353710152002930406e-02 1.139697535028802333e+00
3.386333521444636480e-02 1.139632424372481356e+00
3.419274236210027851e-02 1.139565829743272918e+00
3.452535383290306070e-02 1.139498318047132974e+00
3.486120079705520153e-02 1.139429398137657312e+00
3.520031472796678745e-02 1.139359026353284010e+00
3.554272740520694751e-02 1.139287337038099812e+00
3.588847091748199186e-02 1.139214145898398867e+00
3.623757766564258964e-02 1.139139747577046391e+00
3.659008036572020811e-02 1.139063941712208372e+00
3.694601205199302130e-02 1.138987019362399211e+00
3.730540608008161424e-02 1.138907959022477545e+00
3.766829613007490613e-02 1.138827625853439995e+00
3.803471620968648659e-02 1.138745512850276809e+00
3.840470065744145539e-02 1.138661899115904763e+00
3.877828414589457040e-02 1.138576815809833720e+00
3.915550168487941241e-02 1.138490132392347087e+00
3.953638862478930927e-02 1.138401428457675779e+00
3.992098065989020672e-02 1.138311158307211191e+00
4.030931383166566628e-02 1.138218616106603465e+00
4.070142453219438572e-02 1.138125105534781412e+00
4.109734950756069316e-02 1.138029265167328274e+00
4.149712586129815362e-02 1.137931426614173125e+00
4.190079105786669034e-02 1.137832047178817696e+00
4.230838292616342228e-02 1.137730269735563127e+00
4.271993966306778662e-02 1.137627844131612997e+00
4.313549983702118923e-02 1.137521005863714185e+00
4.355510239164130798e-02 1.137413658541138739e+00
4.397878664937160398e-02 1.137305588180504090e+00
4.440659231516640160e-02 1.137192531268131468e+00
4.483855948021186338e-02 1.137078685617197049e+00
4.527472862568297785e-02 1.136962861871209096e+00
4.571514062653719151e-02 1.136844566908177034e+00
4.615983675534499064e-02 1.136724065548474938e+00
4.660885868615767536e-02 1.136602225900054108e+00
4.706224849841281199e-02 1.136475891305129826e+00
4.752004868087766204e-02 1.136347535874186354e+00
4.798230213563085128e-02 1.136217788557311925e+00
4.844905218208294534e-02 1.136084454858405701e+00
4.892034256103611894e-02 1.135949035888403902e+00
4.939621743878321036e-02 1.135811439704187853e+00
4.987672141124663283e-02 1.135670860963806428e+00
5.036189950815770505e-02 1.135527317255742297e+00
5.085179719727656034e-02 1.135377764258378219e+00
5.134646038865306461e-02 1.135232662034383111e+00
5.184593543892913187e-02 1.135080890033909329e+00
5.235026915568305461e-02 1.134925998717752682e+00
5.285950880181603667e-02 1.134773704147847617e+00
5.337370209998133774e-02 1.134607517031179347e+00
5.389289723705643909e-02 1.134443200823013642e+00
5.441714286865893119e-02 1.134276245963057539e+00
5.494648812370611646e-02 1.134106040794018222e+00
5.548098260901916656e-02 1.133931659331611552e+00
5.602067641397187603e-02 1.133754178717374606e+00
5.656562011518465050e-02 1.133576513723364210e+00
5.711586478126431943e-02 1.133390090426798169e+00
5.767146197758996756e-02 1.133202690672672430e+00
5.823246377114527778e-02 1.133011701453983333e+00
5.879892273539785025e-02 1.132816647700675139e+00
5.937089195522609469e-02 1.132620992300042539e+00
5.994842503189409116e-02 1.132415587975425408e+00
6.053157608807464840e-02 1.132210354420080778e+00
6.112039977292132997e-02 1.131999012558941198e+00
6.171495126718981594e-02 1.131785219562482681e+00
6.231528628840921763e-02 1.131566800309692367e+00
6.292146109610344262e-02 1.131343908480709759e+00
6.353353249706343575e-02 1.131116082213905694e+00
6.415155785067082339e-02 1.130885260876120180e+00
6.477559507427335661e-02 1.130647865476672509e+00
6.540570264861225724e-02 1.130407947063231555e+00
6.604193962330305590e-02 1.130163280049189645e+00
6.668436562236895737e-02 1.129913792605935940e+00
6.733304084982863480e-02 1.129658856772325359e+00
6.798802609533814711e-02 1.129399388441778562e+00
6.864938273988777095e-02 1.129135149279365979e+00
6.931717276155408003e-02 1.128865489701367464e+00
6.999145874130821565e-02 1.128591216912800732e+00
7.067230386888070925e-02 1.128310280900282292e+00
7.135977194868306506e-02 1.128025159924582077e+00
7.205392740578704658e-02 1.127748526749180469e+00
7.275483529196229149e-02 1.127438410661998791e+00
7.346256129177256011e-02 1.127137062266016843e+00
7.417717172873124210e-02 1.126828332827009227e+00
7.489873357151664857e-02 1.126514542989701662e+00
7.562731444024800576e-02 1.126202331619866825e+00
7.636298261282241373e-02 1.125868020564662952e+00
7.710580703131336699e-02 1.125535573973694969e+00
7.785585730843146146e-02 1.125196537762796378e+00
7.861320373404813433e-02 1.124853075755045451e+00
7.937791728178281159e-02 1.124500546215726260e+00
8.015006961565404597e-02 1.124142824942587771e+00
8.092973309679550586e-02 1.123778068586986922e+00
8.171698079023696770e-02 1.123405695086180822e+00
8.251188647175167201e-02 1.123026337489329229e+00
8.331452463477014014e-02 1.122639156551655359e+00
8.412497049736118726e-02 1.122244832233029399e+00
8.494330000928071445e-02 1.121841273284817087e+00
8.576958985908941790e-02 1.121435907257744446e+00
8.660391748133952627e-02 1.121017174212307177e+00
8.744636106383144036e-02 1.120592511179446360e+00
8.829699955494091368e-02 1.120155668260142567e+00
8.915591267101763417e-02 1.119718236048486304e+00
9.002318090385581784e-02 1.119268298778547388e+00
9.089888552823731371e-02 1.118809788607294742e+00
9.178310860954806694e-02 1.118342854300018452e+00
9.267593301146882789e-02 1.117868017923192125e+00
9.357744240374062106e-02 1.117387677741074725e+00
9.448772127000577836e-02 1.116889474796394666e+00
9.540685491572513388e-02 1.116387269856622177e+00
9.633492947617222635e-02 1.115873620402269228e+00
9.727203192450542546e-02 1.115351585391470834e+00
9.821825007991856482e-02 1.114819297682607901e+00
9.917367261587073379e-02 1.114278127939966945e+00
1.001383890683960748e-01 1.113726670522805495e+00
1.011124898444945991e-01 1.113161524511759426e+00
1.020960662306047012e-01 1.112587968760988755e+00
1.030892104011576216e-01 1.112005889767325950e+00
1.040920154272158005e-01 1.111407013785738584e+00
1.051045752851944987e-01 1.110801132680625303e+00
1.061269848656690717e-01 1.110191012750533668e+00
1.071593399822671072e-01 1.109553612431354974e+00
1.082017373806478805e-01 1.108912155033763725e+00
1.092542747475682557e-01 1.108258350142264037e+00
1.103170507200377515e-01 1.107593312708931688e+00
1.113901648945616746e-01 1.106914763807558932e+00
1.124737178364751955e-01 1.106223739246763760e+00
1.135678110893671017e-01 1.105521116459778241e+00
1.146725471845963656e-01 1.104802895954438702e+00
1.157880296509002094e-01 1.104072798551815282e+00
1.169143630240966764e-01 1.103329221903913693e+00
1.180516528568804902e-01 1.102571789271694636e+00
1.192000057287153220e-01 1.101798918755839685e+00
1.203595292558212876e-01 1.101013269639601999e+00
1.215303321012602134e-01 1.100212658468689764e+00
1.227125239851190319e-01 1.099397165330233683e+00
1.239062156947916271e-01 1.098567036748543169e+00
1.251115190953615564e-01 1.097719977143750691e+00
1.263285471400849291e-01 1.096821648131544702e+00
1.275574138809759950e-01 1.095982416117783353e+00
1.287982344794950385e-01 1.095088321363062223e+00
1.300511252173409127e-01 1.094178300461564612e+00
1.313162035073478784e-01 1.093251169391410205e+00
1.325935879044890797e-01 1.092306725320127958e+00
1.338833981169864351e-01 1.091348801149051084e+00
1.351857550175293021e-01 1.090366435024679337e+00
1.365007806546013891e-01 1.089370725910955073e+00
1.378285982639189389e-01 1.088355165249450529e+00
1.391693322799789911e-01 1.087320995571453119e+00
1.405231083477211373e-01 1.086268699230846346e+00
1.418900533343016301e-01 1.085206573811710040e+00
1.432702953409830948e-01 1.084106520495746073e+00
1.446639637151387880e-01 1.082995842782459306e+00
1.460711890623745679e-01 1.081864025471425572e+00
1.474921032587684921e-01 1.080714009839604417e+00
1.489268394632288772e-01 1.079554383636894599e+00
1.503755321299738434e-01 1.078348346319747186e+00
1.518383170211306810e-01 1.077133119412378548e+00
1.533153312194593942e-01 1.075897050505727703e+00
1.548067131411984265e-01 1.074638213710967793e+00
1.563126025490369497e-01 1.073357123610994002e+00
1.578331405652117214e-01 1.072052064031412177e+00
1.593684696847328941e-01 1.070723409865963704e+00
1.609187337887370006e-01 1.069373495261292994e+00
1.624840781579713067e-01 1.067998222834254607e+00
1.640646494864078653e-01 1.066598261959014193e+00
1.656605958949914359e-01 1.065173507908635520e+00
1.672720669455196874e-01 1.063724198475484384e+00
1.688992136546599021e-01 1.062249067551669368e+00
1.705421885081006561e-01 1.060747323593346447e+00
1.722011454748421100e-01 1.059219592591425618e+00
1.738762400216251336e-01 1.057665010493366919e+00
1.755676291275001522e-01 1.056083282464233442e+00
1.772754712985387948e-01 1.054473732339470615e+00
1.789999265826875408e-01 1.052836262200378847e+00
1.807411565847668600e-01 1.051170209146652157e+00
1.824993244816152382e-01 1.049474947330576446e+00
1.842745950373816666e-01 1.047750630347151546e+00
1.860671346189656239e-01 1.045997623336367921e+00
1.878771112116086051e-01 1.044214005844762205e+00
1.897046944346358344e-01 1.042408686240050564e+00
1.915500555573527997e-01 1.040552974611617998e+00
1.934133675150944698e-01 1.038675243139313809e+00
1.952948049254327745e-01 1.036765401025947053e+00
1.971945441045395986e-01 1.034823380499666712e+00
1.991127630837108697e-01 1.032849466864640409e+00
2.010496416260497965e-01 1.030841108786886728e+00
2.030053612433137811e-01 1.028798278946747580e+00
2.049801052129238688e-01 1.026722561474874507e+00
2.069740585951406198e-01 1.024606472377669997e+00
2.089874082504071251e-01 1.022465463268994457e+00
2.110203428568595552e-01 1.020283388669870339e+00
2.130730529280097374e-01 1.018065692799110078e+00
2.151457308305980698e-01 1.015809123108650569e+00
2.172385708026215445e-01 1.013518028849820007e+00
2.193517689715359098e-01 1.011188560857550378e+00
2.214855233726360506e-01 1.008821853557071435e+00
2.236400339676138660e-01 1.006415714093765068e+00
2.258155026632983065e-01 1.003968910564554173e+00
2.280121333305757114e-01 1.001483835519460408e+00
2.302301318234963867e-01 9.989584318637789728e-01
2.324697059985647851e-01 9.963937653668119010e-01
2.347310657342196183e-01 9.937865990570439179e-01
2.370144229505012079e-01 9.911385648640577140e-01
2.393199916289123208e-01 9.884498107856771743e-01
2.416479878324700736e-01 9.857161022450845467e-01
2.439986297259550130e-01 9.829392273284768278e-01
2.463721375963552895e-01 9.801212561598693362e-01
2.487687338735107279e-01 9.772585276975256363e-01
2.511886431509580686e-01 9.743508906580503615e-01
2.536320922069775774e-01 9.713984611214987464e-01
2.560993100258459609e-01 9.684051877897410510e-01
2.585905278192945911e-01 9.653606646783911005e-01
2.611059790481781162e-01 9.622674566018987186e-01
2.636458994443517945e-01 9.591320225585868720e-01
2.662105270327638773e-01 9.559488391010748654e-01
2.688001021537606006e-01 9.527168513966088881e-01
2.714148674856106669e-01 9.494379139693512881e-01
2.740550680672460548e-01 9.461096351670628124e-01
2.767209513212268712e-01 9.427333623813809460e-01
2.794127670769268601e-01 9.393076042100489964e-01
2.821307675939472293e-01 9.358317543450308529e-01
2.848752075857552413e-01 9.323052488333635202e-01
2.876463442435557849e-01 9.287292701222844560e-01
2.904444372603925406e-01 9.251007759759685145e-01
2.932697488554852905e-01 9.214209133809334595e-01
2.961225437988035947e-01 9.176912649714860093e-01
2.990030894358785551e-01 9.139085586034062514e-01
3.019116557128577738e-01 9.100727433712120229e-01
3.048485152018017286e-01 9.061843167385877917e-01
3.078139431262288950e-01 9.022413640858422124e-01
3.108082173869063936e-01 8.982477785175767560e-01
3.138316185878944342e-01 8.941993636118148459e-01
3.168844300628416155e-01 8.900971111635097577e-01
3.199669379015380732e-01 8.859393053037110111e-01
3.230794309767249795e-01 8.817276809705572038e-01
3.262222009711669979e-01 8.774613096825680802e-01
3.293955424049855307e-01 8.731390590141219210e-01
3.325997526632606949e-01 8.687626667722607721e-01
3.358351320238990301e-01 8.643301930775524333e-01
3.391019836857747105e-01 8.598421592348517439e-01
3.424006137971423724e-01 8.552987832623387687e-01
3.457313314843284413e-01 8.506994702672550090e-01
3.490944488806992929e-01 8.460431148586549099e-01
3.524902811559130766e-01 8.413300422423903857e-01
3.559191465454557002e-01 8.365638251829763394e-01
3.593813663804627523e-01 8.317386814528363592e-01
3.628772651178337472e-01 8.268579576678850573e-01
3.664071703706370808e-01 8.219213119311699067e-01
3.699714129388128048e-01 8.169284292200086339e-01
3.735703268401719401e-01 8.118782509408583037e-01
3.772042493416999376e-01 8.067810076067764014e-01
3.808735209911614517e-01 8.016119239223256088e-01
3.845784856490158665e-01 7.963951896214818138e-01
3.883194905206404091e-01 7.911252866317217691e-01
3.920968861888690649e-01 7.857926639578248773e-01
3.959110266468458539e-01 7.804092029362126315e-01
3.997622693312000708e-01 7.749694703743610358e-01
4.036509751555413805e-01 7.694767757682912102e-01
4.075775085442840395e-01 7.639277016866533598e-01
4.115422374667966343e-01 7.583264135024800900e-01
4.155455334718875515e-01 7.526698413742551885e-01
4.195877717226225712e-01 7.469602054460270368e-01
4.236693310314835759e-01 7.411973662889463910e-01
4.277905938958687093e-01 7.353831108836978991e-01
4.319519465339363706e-01 7.295153795481352788e-01
4.361537789208005944e-01 7.235989565255034339e-01
4.403964848250754294e-01 7.176291592556214294e-01
4.446804618457780300e-01 7.116105632048115304e-01
4.490061114495874639e-01 7.055436573041515835e-01
4.533738390084691150e-01 6.994262838979842245e-01
4.577840538376618529e-01 6.932646657686933889e-01
4.622371692340384031e-01 6.870609940030875107e-01
4.667336025148346446e-01 6.807902662481304379e-01
4.712737750567601580e-01 6.744814634623546024e-01
4.758581123354846953e-01 6.681361970046911791e-01
4.804870439655131720e-01 6.617444943430613735e-01
4.851610037404442966e-01 6.553091380272805244e-01
4.898804296736250508e-01 6.488315666265046522e-01
4.946457640391963562e-01 6.423135297648411290e-01
4.994574534135413635e-01 6.357554674929645211e-01
5.043159487171361421e-01 6.291589094558657225e-01
5.092217052568053237e-01 6.225266026571077971e-01
5.141751827683928022e-01 6.158572511449892373e-01
5.191768454598426619e-01 6.091523247049070999e-01
5.242271620547044320e-01 6.024140898896288565e-01
5.293266058360561743e-01 5.956431782298879929e-01
5.344756546908600026e-01 5.888429780971987659e-01
5.396747911547442600e-01 5.820119727912859142e-01
5.449245024572260121e-01 5.751535808117769211e-01
5.502252805673685243e-01 5.682668704865668774e-01
5.555776222398878250e-01 5.613555884576764132e-01
5.609820290617031358e-01 5.544221282208547930e-01
5.664390074989449353e-01 5.474669248154023782e-01
5.719490689444144405e-01 5.404887280382033588e-01
5.775127297655114900e-01 5.334944021036065465e-01
5.831305113526221717e-01 5.264845645354474524e-01
5.888029401679826247e-01 5.194530498603714408e-01
5.945305477950136863e-01 5.124105993984605645e-01
6.003138709881384871e-01 5.053535698471764981e-01
6.061534517230839914e-01 4.982949706672757939e-01
6.120498372476699256e-01 4.912232215467201013e-01
6.180035801330957534e-01 4.841453238869933284e-01
6.240152383257209223e-01 4.770625340203411002e-01
6.300853751993553686e-01 4.699773383265677396e-01
6.362145596080520660e-01 4.628913019144137442e-01
6.424033659394193796e-01 4.558056602580663474e-01
6.486523741684461219e-01 4.487261949149052298e-01
6.549621699118558515e-01 4.416466784583746308e-01
6.613333444829840868e-01 4.345821826490255946e-01
6.677664949471955325e-01 4.275166140522506097e-01
6.742622241778342129e-01 4.204670213035213711e-01
6.808211409127237213e-01 4.134304592811805512e-01
6.874438598112112553e-01 4.064089553641377361e-01
6.941310015117725385e-01 3.994047813198413066e-01
7.008831926901714082e-01 3.924180112873355553e-01
7.077010661181889484e-01 3.854556267975017270e-01
7.145852607229240538e-01 3.785137707035626242e-01
7.215364216466665370e-01 3.716049895805157433e-01
7.285552003073593186e-01 3.647092439729429092e-01
7.356422544596413760e-01 3.578514505840645343e-01
7.427982482564918776e-01 3.510147092768335364e-01
7.500238523114668432e-01 3.442252345696001359e-01
7.573197437615483141e-01 3.374649903542098484e-01
7.646866063305975958e-01 3.307478198745834597e-01
7.721251303934327792e-01 3.240590324255619437e-01
7.796360130405233235e-01 3.174230448021279072e-01
7.872199581433195759e-01 3.108317906373291861e-01
7.948776764202123424e-01 3.042644366489877794e-01
8.026098855031396084e-01 2.977639660927771659e-01
8.104173100048355227e-01 2.913057200305280148e-01
8.183006815867394090e-01 2.849015941322632917e-01
8.262607390275591435e-01 2.785425210950883690e-01
8.342982282925082149e-01 2.722409985182389636e-01
8.424139026032094746e-01 2.659952720394757053e-01
8.506085225082840040e-01 2.598060464952852699e-01
8.588828559546254349e-01 2.536766722271396324e-01
8.672376783593644944e-01 2.476108545329046562e-01
8.756737726825394308e-01 2.416028132964452013e-01
8.841919295004664336e-01 2.356597502338767802e-01
8.927929470798307010e-01 2.297850373436697013e-01
9.014776314524917122e-01 2.239714531101132389e-01
9.102467964910225806e-01 2.182292795484370163e-01
9.191012639849772681e-01 2.125536147336962167e-01
9.280418637179072006e-01 2.069524517530716423e-01
9.370694335451198453e-01 2.014180099485930464e-01
9.461848194722002336e-01 1.959637966105617912e-01
9.553888757342895444e-01 1.905818361503034686e-01
9.646824648761427312e-01 1.852679191742291342e-01
9.740664578329562007e-01 1.800397677332806201e-01
9.835417340119908536e-01 1.748815454922816870e-01
9.931091813749796104e-01 1.698083593304377248e-01
1.002769696521346621e+00 1.648102139734137772e-01
1.012524184772224167e+00 1.598926253607128589e-01
1.022373560255302127e+00 1.550554622797203630e-01
1.032318745990486564e+00 1.502990522298900955e-01
1.042360673976402197e+00 1.456271470924471734e-01
1.052500285277732761e+00 1.410342902051564540e-01
1.062738530113414459e+00 1.365225203025718093e-01
1.073076367945679621e+00 1.320963920959691562e-01
1.083514767569973225e+00 1.277623267324196898e-01
1.094054707205742494e+00 1.234948675048449795e-01
1.104697174588111785e+00 1.193202879802776062e-01
1.115443167060441221e+00 1.152314577196217882e-01
1.126293691667795249e+00 1.112203952600542278e-01
1.137249765251314271e+00 1.073026870242927006e-01
1.148312414543511073e+00 1.034681665982904453e-01
1.159482676264482759e+00 9.971549805863152982e-02
1.170761597219069250e+00 9.604137309832655456e-02
1.182150234394952371e+00 9.246190628965786362e-02
1.193649655061713055e+00 8.898248979882288079e-02
1.205260936870842681e+00 8.555158560590125916e-02
1.216985167956738056e+00 8.221305430448157259e-02
1.228823447038673411e+00 7.896333707666404467e-02
1.240776883523764251e+00 7.579629694229733650e-02
1.252846597610937529e+00 7.271108529511303986e-02
1.265033720395903893e+00 6.970609909239211532e-02
1.277339393977160009e+00 6.678507370230508944e-02
1.289764771563017165e+00 6.394276483110374054e-02
1.302311017579677488e+00 6.118034305044922627e-02
1.314979307780347773e+00 5.849346688500644403e-02
1.327770829355430449e+00 5.589150476317697458e-02
1.340686781043774811e+00 5.336364017172286894e-02
1.353728373245021821e+00 5.091240452168666053e-02
1.366896828133026487e+00 4.853718891124938345e-02
1.380193379770397355e+00 4.623566159953736848e-02
1.393619274224142002e+00 4.400903793702187761e-02
1.407175769682446731e+00 4.185435863313397703e-02
1.420864136572576708e+00 3.977204655520344412e-02
1.434685657679937831e+00 3.776030572756085973e-02
1.448641628268290127e+00 3.581846201391716139e-02
1.462733356201129986e+00 3.394499471970952725e-02
1.476962162064259898e+00 3.214097028804489137e-02
1.491329379289537682e+00 3.040079115327269654e-02
1.505836354279841416e+00 2.872536129300811911e-02
1.520484446535244283e+00 2.711365878683654265e-02
1.535275028780422657e+00 2.556693312694565193e-02
1.550209487093291205e+00 2.408115228877714953e-02
1.565289221034902312e+00 2.265463310950774356e-02
1.580515643780601165e+00 2.128871214143198201e-02
1.595890182252465817e+00 1.997933711934480813e-02
1.611414277253019778e+00 1.872731254680375448e-02
1.627089383600260675e+00 1.752909675620436397e-02
1.642916970263993193e+00 1.638461741157197504e-02
1.658898520503498064e+00 1.529409146488875521e-02
1.675035532006524441e+00 1.425464017668129357e-02
1.691329517029648732e+00 1.326510365622783974e-02
1.707782002539993016e+00 1.232276573512108668e-02
1.724394530358320354e+00 1.142876870778358755e-02
1.741168657303530987e+00 1.058050918226468608e-02
1.758105955338547632e+00 9.776902551292253676e-03
1.775208011717636092e+00 9.016189885888724331e-03
1.792476429135148930e+00 8.298491745687856802e-03
1.809912825875727105e+00 7.620374435437314749e-03
1.827518835965944666e+00 6.981921885637552318e-03
1.845296109327445366e+00 6.381407087447226074e-03
1.863246311931559873e+00 5.817756506267514338e-03
1.881371125955437096e+00 5.289156933657558103e-03
1.899672249939675650e+00 4.795268857694152780e-03
1.918151398947507635e+00 4.334022095343492524e-03
1.936810304725519849e+00 3.904370018793957165e-03
1.955650715865949074e+00 3.505346097856243404e-03
1.974674397970537454e+00 3.134898708224628360e-03
1.993883133816001019e+00 2.792602395977693708e-03
2.013278723521096492e+00 2.477007810152866054e-03
2.032862984715323673e+00 2.186851605976908482e-03
2.052637752709252084e+00 1.920995563330241606e-03
2.072604880666519822e+00 1.678244022567819101e-03
2.092766239777499759e+00 1.457444387792308695e-03
2.113123719434652603e+00 1.257435674216732897e-03
2.133679227409597701e+00 1.077097264881985003e-03
2.154434690031884259e+00 9.153372558433391440e-04
2.175392052369522489e+00 7.710079982858140252e-04
2.196553278411258248e+00 6.430623636391898492e-04
2.217920351250634692e+00 5.304258922833926309e-04
2.239495273271823184e+00 4.320377356886458782e-04
2.261280066337279404e+00 3.468674787456269069e-04
2.283276771977218012e+00 2.739009986184096340e-04
2.305487451580938707e+00 2.121266738235749077e-04
2.327914186589993051e+00 1.605595207729829837e-04
2.350559078693253756e+00 1.182250398227609748e-04
2.373424250023866033e+00 8.417108364994961523e-05
2.396511843358130278e+00 5.745408900129757242e-05
2.419824022316292567e+00 3.714827140279644725e-05
2.443362971565319341e+00 2.234425061988708173e-05
2.467130897023623426e+00 1.214640956941231421e-05
2.491130026067788439e+00 5.673842856265437494e-06
2.515362607741312928e+00 2.059862979329353121e-06
2.539830912965362675e+00 4.516621395221076538e-07
2.564537234751594674e+00 0.000000000000000000e+00
