1.000000000000000021e-02 1.032277296913107101e+00
1.009727545900835841e-02 1.032271067994158020e+00
1.019549716950923779e-02 1.032264706752192618e+00
1.029467433620748044e-02 1.032258218711436859e+00
1.039481625334708927e-02 1.032251588488649618e+00
1.049593230558227772e-02 1.032244823723125426e+00
1.059803196885688789e-02 1.032237918653098330e+00
1.070112481129246833e-02 1.032230868811122360e+00
1.080522049408488318e-02 1.032223860610719690e+00
1.091032877240974419e-02 1.032216990323119310e+00
1.101645949633656314e-02 1.032209299976934114e+00
1.112362261175187626e-02 1.032201520727864530e+00
1.123182816129126085e-02 1.032193720484993138e+00
1.134108628528052165e-02 1.032185665291309062e+00
1.145140722268592030e-02 1.032177642607413626e+00
1.156280131207376022e-02 1.032169435913287359e+00
1.167527899257919492e-02 1.032161072097338206e+00
1.178885080488457221e-02 1.032152531660729400e+00
1.190352739220719262e-02 1.032143321362026356e+00
1.201931950129673729e-02 1.032134355346871368e+00
1.213623798344241195e-02 1.032125886034368056e+00
1.225429379548980714e-02 1.032116059087679005e+00
1.237349800086776086e-02 1.032106788477711756e+00
1.249386177062509519e-02 1.032097175132218769e+00
1.261539638447754796e-02 1.032087248967767046e+00
1.273811323186478488e-02 1.032077237718528551e+00
1.286202381301779218e-02 1.032067059424640831e+00
1.298713974003655978e-02 1.032056593754809182e+00
1.311347273797833224e-02 1.032045943193580673e+00
1.324103464595636874e-02 1.032035032913318995e+00
1.336983741824946531e-02 1.032024032371437139e+00
1.349989312542219239e-02 1.032013238101983976e+00
1.363121395545611320e-02 1.032001730965090402e+00
1.376381221489191876e-02 1.031990004675865658e+00
1.389770032998276401e-02 1.031978069870056025e+00
1.403289084785873213e-02 1.031966092734249774e+00
1.416939643770268736e-02 1.031953696315811575e+00
1.430722989193757184e-02 1.031941044841904631e+00
1.444640412742520530e-02 1.031928112368624140e+00
1.458693218667675602e-02 1.031914910018219445e+00
1.472882723907502529e-02 1.031901440986170204e+00
1.487210258210860774e-02 1.031887611573282015e+00
1.501677164261799868e-02 1.031873637831277168e+00
1.516284797805393485e-02 1.031859427395250162e+00
1.531034527774784160e-02 1.031844934530171676e+00
1.545927736419477720e-02 1.031829970029528809e+00
1.560965819434872483e-02 1.031814882108017306e+00
1.576150186093060873e-02 1.031799473678927992e+00
1.591482259374891323e-02 1.031783723951759768e+00
1.606963476103326349e-02 1.031769179053980467e+00
1.622595287078087284e-02 1.031751493814424991e+00
1.638379157211618947e-02 1.031734664151378711e+00
1.654316565666366645e-02 1.031717842979562594e+00
1.670409005993399310e-02 1.031700504247960781e+00
1.686657986272368723e-02 1.031682778358718133e+00
1.703065029252844378e-02 1.031664684953773170e+00
1.719631672497009753e-02 1.031646147910755040e+00
1.736359468523754335e-02 1.031627201191426479e+00
1.753249984954170088e-02 1.031608030608608173e+00
1.770304804658450262e-02 1.031588508839464513e+00
1.787525525904235316e-02 1.031568761582781546e+00
1.804913762506383731e-02 1.031548170983105583e+00
1.822471143978214581e-02 1.031527909667419918e+00
1.840199315684210371e-02 1.031507166144980836e+00
1.858099938994215231e-02 1.031485731148866103e+00
1.876174691439120440e-02 1.031463843690189952e+00
1.894425266868081034e-02 1.031441263857113322e+00
1.912853375607242307e-02 1.031418487440808995e+00
1.931460744620030340e-02 1.031395257466594106e+00
1.950249117668984011e-02 1.031371550646545066e+00
1.969220255479172538e-02 1.031347340325449835e+00
1.988375935903200636e-02 1.031322710891184880e+00
2.007717954087816226e-02 1.031297622312284945e+00
2.027248122642137662e-02 1.031271995546364062e+00
2.046968271807520987e-02 1.031245964995971764e+00
2.066880249629082095e-02 1.031218058197578724e+00
2.086985922128879734e-02 1.031192317122707758e+00
2.107287173480786382e-02 1.031164707283884097e+00
2.127785906187062287e-02 1.031136605127369821e+00
2.148484041256648255e-02 1.031107691249451896e+00
2.169383518385184506e-02 1.031078638045302975e+00
2.190486296136792688e-02 1.031048624500131350e+00
2.211794352127614133e-02 1.031018107417284169e+00
2.233309683211144592e-02 1.030986991535180586e+00
2.255034305665360936e-02 1.030955221432318325e+00
2.276970255381680075e-02 1.030922483047687299e+00
2.299119588055741764e-02 1.030889604820980354e+00
2.321484379380064564e-02 1.030856088523341985e+00
2.344066725238556220e-02 1.030821352246226397e+00
2.366868741902936057e-02 1.030786291290019863e+00
2.389892566231050300e-02 1.030750395491780935e+00
2.413140355867127856e-02 1.030714282688124372e+00
2.436614289443983158e-02 1.030677199934476818e+00
2.460316566787181664e-02 1.030639643798106908e+00
2.484249409121190577e-02 1.030601237089554312e+00
2.508415059277539771e-02 1.030563068775934621e+00
2.532815781905008515e-02 1.030522400813387307e+00
2.557453863681850847e-02 1.030481776045190756e+00
2.582331613530085626e-02 1.030440419915865435e+00
2.607451362831877603e-02 1.030398320980853821e+00
2.632815465648021339e-02 1.030354730926348550e+00
2.658426298938541474e-02 1.030311137525781406e+00
2.684286262785454819e-02 1.030266131448575706e+00
2.710397780617682106e-02 1.030220069914891567e+00
2.736763299438163891e-02 1.030173500067990577e+00
2.763385290053169824e-02 1.030126148979500833e+00
2.790266247303856487e-02 1.030078690554229848e+00
2.817408690300057458e-02 1.030028518925361070e+00
2.844815162656363222e-02 1.029978075436120077e+00
2.872488232730495070e-02 1.029926788962512330e+00
2.900430493863991738e-02 1.029874220313046651e+00
2.928644564625237229e-02 1.029820402306871552e+00
2.957133089054861039e-02 1.029766274221960209e+00
2.985898736913520854e-02 1.029710744315762705e+00
3.014944203932094433e-02 1.029653848894665602e+00
3.044272212064302874e-02 1.029596380386178511e+00
3.073885509741795460e-02 1.029537618238273167e+00
3.103786872131722788e-02 1.029477519259033080e+00
3.133979101396793671e-02 1.029416514678902272e+00
3.164465026957891114e-02 1.029354176102194929e+00
3.195247505759213347e-02 1.029290716530871341e+00
3.226329422536015901e-02 1.029225938136696827e+00
3.257713690084949876e-02 1.029159826418093671e+00
3.289403249537032475e-02 1.029092562310224501e+00
3.321401070633261954e-02 1.029023743808629821e+00
3.353710152002930406e-02 1.028954044097728060e+00
3.386333521444636480e-02 1.028882553714676185e+00
3.419274236210027851e-02 1.028809829813682963e+00
3.452535383290306070e-02 1.028739939859497410e+00
3.486120079705520153e-02 1.028659896803338247e+00
3.520031472796678745e-02 1.028582685555061493e+00
3.554272740520694751e-02 1.028503857140534050e+00
3.588847091748199186e-02 1.028423940149673088e+00
3.623757766564258964e-02 1.028341753131410741e+00
3.659008036572020811e-02 1.028258273227478314e+00
3.694601205199302130e-02 1.028173563382210220e+00
3.730540608008161424e-02 1.028087802601569178e+00
3.766829613007490613e-02 1.027998517435126269e+00
3.803471620968648659e-02 1.027908294164550984e+00
3.840470065744145539e-02 1.027816563127681215e+00
3.877828414589457040e-02 1.027723189183450403e+00
3.915550168487941241e-02 1.027627881456370629e+00
3.953638862478930927e-02 1.027530665558675560e+00
3.992098065989020672e-02 1.027431223440935737e+00
4.030931383166566628e-02 1.027330233006232385e+00
4.070142453219438572e-02 1.027227088828695623e+00
4.109734950756069316e-02 1.027122491618595923e+00
4.149712586129815362e-02 1.027014812956779988e+00
4.190079105786669034e-02 1.026905806411921862e+00
4.230838292616342228e-02 1.026794920134454170e+00
4.271993966306778662e-02 1.026681511891785581e+00
4.313549983702118923e-02 1.026565888927326586e+00
4.355510239164130798e-02 1.026447863033152608e+00
4.397878664937160398e-02 1.026328508741558121e+00
4.440659231516640160e-02 1.026206122327696146e+00
4.483855948021186338e-02 1.026081026704133592e+00
4.527472862568297785e-02 1.025953463060713888e+00
4.571514062653719151e-02 1.025824089647207504e+00
4.615983675534499064e-02 1.025691883670523108e+00
4.660885868615767536e-02 1.025556865945221663e+00
4.706224849841281199e-02 1.025419577641709656e+00
4.752004868087766204e-02 1.025279048250787417e+00
4.798230213563085128e-02 1.025135756357390848e+00
4.844905218208294534e-02 1.024992662420755041e+00
4.892034256103611894e-02 1.024842141961882946e+00
4.939621743878321036e-02 1.024690960933776873e+00
4.987672141124663283e-02 1.024536845600808599e+00
5.036189950815770505e-02 1.024379216017853311e+00
5.085179719727656034e-02 1.024222553368009825e+00
5.134646038865306461e-02 1.024055860185764555e+00
5.184593543892913187e-02 1.023889908222585632e+00
5.235026915568305461e-02 1.023719834178551835e+00
5.285950880181603667e-02 1.023546611476007895e+00
5.337370209998133774e-02 1.023371152102933390e+00
5.389289723705643909e-02 1.023191538266853939e+00
5.441714286865893119e-02 1.023007611876211254e+00
5.494648812370611646e-02 1.022821169978361144e+00
5.548098260901916656e-02 1.022629198001474338e+00
5.602067641397187603e-02 1.022436679966141515e+00
5.656562011518465050e-02 1.022238263912512268e+00
5.711586478126431943e-02 1.022036653192799571e+00
5.767146197758996756e-02 1.021831223590422999e+00
5.823246377114527778e-02 1.021621392888370394e+00
5.879892273539785025e-02 1.021408251493111319e+00
5.937089195522609469e-02 1.021190515990338499e+00
5.994842503189409116e-02 1.020969213701337530e+00
6.053157608807464840e-02 1.020742426948765491e+00
6.112039977292132997e-02 1.020512267948045393e+00
6.171495126718981594e-02 1.020277547001741336e+00
6.231528628840921763e-02 1.020038727258177458e+00
6.292146109610344262e-02 1.019794174200153725e+00
6.353353249706343575e-02 1.019545549914781413e+00
6.415155785067082339e-02 1.019292307431557854e+00
6.477559507427335661e-02 1.019033446333194703e+00
6.540570264861225724e-02 1.018770083194274090e+00
6.604193962330305590e-02 1.018501500438367291e+00
6.668436562236895737e-02 1.018227714951998486e+00
6.733304084982863480e-02 1.017950351917231044e+00
6.798802609533814711e-02 1.017666017724833338e+00
6.864938273988777095e-02 1.017376534157990120e+00
6.931717276155408003e-02 1.017081971012298025e+00
6.999145874130821565e-02 1.016780873749423275e+00
7.067230386888070925e-02 1.016474288772968748e+00
7.135977194868306506e-02 1.016161318199471086e+00
7.205392740578704658e-02 1.015842609647994443e+00
7.275483529196229149e-02 1.015516299662272859e+00
7.346256129177256011e-02 1.015188754233463442e+00
7.417717172873124210e-02 1.014850277899192132e+00
7.489873357151664857e-02 1.014507030982643165e+00
7.562731444024800576e-02 1.014152717177001062e+00
7.636298261282241373e-02 1.013800001392547001e+00
7.710580703131336699e-02 1.013436197538427175e+00
7.785585730843146146e-02 1.013065359205467031e+00
7.861320373404813433e-02 1.012687757757167795e+00
7.937791728178281159e-02 1.012303795154370745e+00
8.015006961565404597e-02 1.011915721373247035e+00
8.092973309679550586e-02 1.011512278994680658e+00
8.171698079023696770e-02 1.011106125518093091e+00
8.251188647175167201e-02 1.010690451112866484e+00
8.331452463477014014e-02 1.010268071488813924e+00
8.412497049736118726e-02 1.009837243499511095e+00
8.494330000928071445e-02 1.009399550714054516e+00
8.576958985908941790e-02 1.008951645643064499e+00
8.660391748133952627e-02 1.008495704261661574e+00
8.744636106383144036e-02 1.008031263181699222e+00
8.829699955494091368e-02 1.007558030805548066e+00
8.915591267101763417e-02 1.007075984179104822e+00
9.002318090385581784e-02 1.006584223889831264e+00
9.089888552823731371e-02 1.006089978810974506e+00
9.178310860954806694e-02 1.005574471595645170e+00
9.267593301146882789e-02 1.005054889744861457e+00
9.357744240374062106e-02 1.004525630584992335e+00
9.448772127000577836e-02 1.003986521650683805e+00
9.540685491572513388e-02 1.003436572861071019e+00
9.633492947617222635e-02 1.002876835041765835e+00
9.727203192450542546e-02 1.002307590444569074e+00
9.821825007991856482e-02 1.001725412606041976e+00
9.917367261587073379e-02 1.001133817951964211e+00
1.001383890683960748e-01 1.000530601031734079e+00
1.011124898444945991e-01 9.999165910872541696e-01
1.020960662306047012e-01 9.992897329648912086e-01
1.030892104011576216e-01 9.986528581990423703e-01
1.040920154272158005e-01 9.980037089474480538e-01
1.051045752851944987e-01 9.973418535151380437e-01
1.061269848656690717e-01 9.966673181494379863e-01
1.071593399822671072e-01 9.959809516309571231e-01
1.082017373806478805e-01 9.952824141153524540e-01
1.092542747475682557e-01 9.945709430291249653e-01
1.103170507200377515e-01 9.938451486725601303e-01
1.113901648945616746e-01 9.931063432411629810e-01
1.124737178364751955e-01 9.923535345182001866e-01
1.135678110893671017e-01 9.915865649618939015e-01
1.146725471845963656e-01 9.908059377455799011e-01
1.157880296509002094e-01 9.900103346048948483e-01
1.169143630240966764e-01 9.892014076526398636e-01
1.180516528568804902e-01 9.883770390585699950e-01
1.192000057287153220e-01 9.875358058214500634e-01
1.203595292558212876e-01 9.866801730131676829e-01
1.215303321012602134e-01 9.858216018040301121e-01
1.227125239851190319e-01 9.849221492547974854e-01
1.239062156947916271e-01 9.840189355052396669e-01
1.251115190953615564e-01 9.830990683664677654e-01
1.263285471400849291e-01 9.821624817758216608e-01
1.275574138809759950e-01 9.812197520838237264e-01
1.287982344794950385e-01 9.802372244818042812e-01
1.300511252173409127e-01 9.792615860140747586e-01
1.313162035073478784e-01 9.782413360383568346e-01
1.325935879044890797e-01 9.772166484861077862e-01
1.338833981169864351e-01 9.761727690603790863e-01
1.351857550175293021e-01 9.751094175787923257e-01
1.365007806546013891e-01 9.740418151889577159e-01
1.378285982639189389e-01 9.729263592133168270e-01
1.391693322799789911e-01 9.718051384803640946e-01
1.405231083477211373e-01 9.706635560725579426e-01
1.418900533343016301e-01 9.695014681441638249e-01
1.432702953409830948e-01 9.683193122123863184e-01
1.446639637151387880e-01 9.671153715683652452e-01
1.460711890623745679e-01 9.658896257801972141e-01
1.474921032587684921e-01 9.646423236537552404e-01
1.489268394632288772e-01 9.633728062341608833e-01
1.503755321299738434e-01 9.620807872623210466e-01
1.518383170211306810e-01 9.607654849647573325e-01
1.533153312194593942e-01 9.594341389621577898e-01
1.548067131411984265e-01 9.580654542139731555e-01
1.563126025490369497e-01 9.566793941676589030e-01
1.578331405652117214e-01 9.552689255107995603e-01
1.593684696847328941e-01 9.538345877865622713e-01
1.609187337887370006e-01 9.523743433703673045e-01
1.624840781579713067e-01 9.508885739306882634e-01
1.640646494864078653e-01 9.493774489138143702e-01
1.656605958949914359e-01 9.478394947993968866e-01
1.672720669455196874e-01 9.462743481873769902e-01
1.688992136546599021e-01 9.446826153975758089e-01
1.705421885081006561e-01 9.430636651960832006e-01
1.722011454748421100e-01 9.414169300166409515e-01
1.738762400216251336e-01 9.397409649689844047e-01
1.755676291275001522e-01 9.380369985581228365e-01
1.772754712985387948e-01 9.363006877229678171e-01
1.789999265826875408e-01 9.345416631917470296e-01
1.807411565847668600e-01 9.327488910539448730e-01
1.824993244816152382e-01 9.309261481530527460e-01
1.842745950373816666e-01 9.290707767544191809e-01
1.860671346189656239e-01 9.271862459129408540e-01
1.878771112116086051e-01 9.252696726423179641e-01
1.897046944346358344e-01 9.233216590865430673e-01
1.915500555573527997e-01 9.213403355196020383e-01
1.934133675150944698e-01 9.193247151133249195e-01
1.952948049254327745e-01 9.172765747719158203e-01
1.971945441045395986e-01 9.151943764861607544e-01
1.991127630837108697e-01 9.130791927815099518e-01
2.010496416260497965e-01 9.109278087239690569e-01
2.030053612433137811e-01 9.087417512499155192e-01
2.049801052129238688e-01 9.065212541989120520e-01
2.069740585951406198e-01 9.042623928559071489e-01
2.089874082504071251e-01 9.019675859983212751e-01
2.110203428568595552e-01 8.996364756853807432e-01
2.130730529280097374e-01 8.972676994896301439e-01
2.151457308305980698e-01 8.948607266783253911e-01
2.172385708026215445e-01 8.924153692977033758e-01
2.193517689715359098e-01 8.899354556516085868e-01
2.214855233726360506e-01 8.874114287439490711e-01
2.236400339676138660e-01 8.848459968767936612e-01
2.258155026632983065e-01 8.822430892987583873e-01
2.280121333305757114e-01 8.795998737104585574e-01
2.302301318234963867e-01 8.769147148867866282e-01
2.324697059985647851e-01 8.741890512486432119e-01
2.347310657342196183e-01 8.714207900368787785e-01
2.370144229505012079e-01 8.686110177288326462e-01
2.393199916289123208e-01 8.657585271301470042e-01
2.416479878324700736e-01 8.628624773576227813e-01
2.439986297259550130e-01 8.599226034434904742e-01
2.463721375963552895e-01 8.569395950246782023e-01
2.487687338735107279e-01 8.539109694386604055e-01
2.511886431509580686e-01 8.508374396579809762e-01
2.536320922069775774e-01 8.477204854418882718e-01
2.560993100258459609e-01 8.445561857697114760e-01
2.585905278192945911e-01 8.413469012987865314e-01
2.611059790481781162e-01 8.380912189518728850e-01
2.636458994443517945e-01 8.347870994381998422e-01
2.662105270327638773e-01 8.314382817549992311e-01
2.688001021537606006e-01 8.280416452568415409e-01
2.714148674856106669e-01 8.245969228637780590e-01
2.740550680672460548e-01 8.211028727091966850e-01
2.767209513212268712e-01 8.175616320777306933e-01
2.794127670769268601e-01 8.139715383974092111e-01
2.821307675939472293e-01 8.103315079990505154e-01
2.848752075857552413e-01 8.066431006470927700e-01
2.876463442435557849e-01 8.029046639491713711e-01
2.904444372603925406e-01 7.991163066614987986e-01
2.932697488554852905e-01 7.952777274106421768e-01
2.961225437988035947e-01 7.913897802496202560e-01
2.990030894358785551e-01 7.874498155917689646e-01
3.019116557128577738e-01 7.834585830568363551e-01
3.048485152018017286e-01 7.794199625363184003e-01
3.078139431262288950e-01 7.753260000773732896e-01
3.108082173869063936e-01 7.711822993769056334e-01
3.138316185878944342e-01 7.669874085053999258e-01
3.168844300628416155e-01 7.627407297481122450e-01
3.199669379015380732e-01 7.584422433268657171e-01
3.230794309767249795e-01 7.540921814219838648e-01
3.262222009711669979e-01 7.496901304251770704e-01
3.293955424049855307e-01 7.452375087895070083e-01
3.325997526632606949e-01 7.407347955812860762e-01
3.358351320238990301e-01 7.361739671591809309e-01
3.391019836857747105e-01 7.315651994214402709e-01
3.424006137971423724e-01 7.269039934030093741e-01
3.457313314843284413e-01 7.221917085212826715e-01
3.490944488806992929e-01 7.174272870505457034e-01
3.524902811559130766e-01 7.126128843289780690e-01
3.559191465454557002e-01 7.077457790023713446e-01
3.593813663804627523e-01 7.028279803736466880e-01
3.628772651178337472e-01 6.978591008355857772e-01
3.664071703706370808e-01 6.928401476956257410e-01
3.699714129388128048e-01 6.877696641839239344e-01
3.735703268401719401e-01 6.826515745262564661e-01
3.772042493416999376e-01 6.774819248278702855e-01
3.808735209911614517e-01 6.722636972326695437e-01
3.845784856490158665e-01 6.669970947890061508e-01
3.883194905206404091e-01 6.616811423157386018e-01
3.920968861888690649e-01 6.563173605601770877e-01
3.959110266468458539e-01 6.509064103460735495e-01
3.997622693312000708e-01 6.454484586078351738e-01
4.036509751555413805e-01 6.399405985545684183e-01
4.075775085442840395e-01 6.343926104070037875e-01
4.115422374667966343e-01 6.287979666432228498e-01
4.155455334718875515e-01 6.231579804266775824e-01
4.195877717226225712e-01 6.174742041663079384e-01
4.236693310314835759e-01 6.117476073964897010e-01
4.277905938958687093e-01 6.059782038091497958e-01
4.319519465339363706e-01 6.001674814628462640e-01
4.361537789208005944e-01 5.943176997051529131e-01
4.403964848250754294e-01 5.884273464466526216e-01
4.446804618457780300e-01 5.824979620053422069e-01
4.490061114495874639e-01 5.765343153829807221e-01
4.533738390084691150e-01 5.705264411456091311e-01
4.577840538376618529e-01 5.644880055601987356e-01
4.622371692340384031e-01 5.584138562437581665e-01
4.667336025148346446e-01 5.523056891912992983e-01
4.712737750567601580e-01 5.461657897862810529e-01
4.758581123354846953e-01 5.399941390492398741e-01
4.804870439655131720e-01 5.337938717009524936e-01
4.851610037404442966e-01 5.275651925890545435e-01
4.898804296736250508e-01 5.213074651130310544e-01
4.946457640391963562e-01 5.150241702211300066e-01
4.994574534135413635e-01 5.087196000800932039e-01
5.043159487171361421e-01 5.023852677598235061e-01
5.092217052568053237e-01 4.960324712204676190e-01
5.141751827683928022e-01 4.896595489198410922e-01
5.191768454598426619e-01 4.832678474811932245e-01
5.242271620547044320e-01 4.768586826297084302e-01
5.293266058360561743e-01 4.704337101463071935e-01
5.344756546908600026e-01 4.639947463270458483e-01
5.396747911547442600e-01 4.575437990495595519e-01
5.449245024572260121e-01 4.510816860643385717e-01
5.502252805673685243e-01 4.446097121329652957e-01
5.555776222398878250e-01 4.381306141896020301e-01
5.609820290617031358e-01 4.316454325603087949e-01
5.664390074989449353e-01 4.251618884410657828e-01
5.719490689444144405e-01 4.186673060871693441e-01
5.775127297655114900e-01 4.121762163615188546e-01
5.831305113526221717e-01 4.056951957713894608e-01
5.888029401679826247e-01 3.992008385315043428e-01
5.945305477950136863e-01 3.927201673925085346e-01
6.003138709881384871e-01 3.862448582750256931e-01
6.061534517230839914e-01 3.797811594931986834e-01
6.120498372476699256e-01 3.733268033291061716e-01
6.180035801330957534e-01 3.668796086684652513e-01
6.240152383257209223e-01 3.604586437767379747e-01
6.300853751993553686e-01 3.540485625995559160e-01
6.362145596080520660e-01 3.476492386971432591e-01
6.424033659394193796e-01 3.412823710875895200e-01
6.486523741684461219e-01 3.349369089378982922e-01
6.549621699118558515e-01 3.286122285211014460e-01
6.613333444829840868e-01 3.223087731505074882e-01
6.677664949471955325e-01 3.160434341445583772e-01
6.742622241778342129e-01 3.098032132915425896e-01
6.808211409127237213e-01 3.035943568928517466e-01
6.874438598112112553e-01 2.974201673372109944e-01
6.941310015117725385e-01 2.912810948109993969e-01
7.008831926901714082e-01 2.851831211364392882e-01
7.077010661181889484e-01 2.791178623219757182e-01
7.145852607229240538e-01 2.730971116256353803e-01
7.215364216466665370e-01 2.671193719768067965e-01
7.285552003073593186e-01 2.611855395407097769e-01
7.356422544596413760e-01 2.552991620312442533e-01
7.427982482564918776e-01 2.494617811500250137e-01
7.500238523114668432e-01 2.436739966931188717e-01
7.573197437615483141e-01 2.379359481926897613e-01
7.646866063305975958e-01 2.322614383827719398e-01
7.721251303934327792e-01 2.266252397201402313e-01
7.796360130405233235e-01 2.210529656197921244e-01
7.872199581433195759e-01 2.155375944249620923e-01
7.948776764202123424e-01 2.100844104646616972e-01
8.026098855031396084e-01 2.046873407801548528e-01
8.104173100048355227e-01 1.993592055572018518e-01
8.183006815867394090e-01 1.940927539458809636e-01
8.262607390275591435e-01 1.888846464439561945e-01
8.342982282925082149e-01 1.837513224537387913e-01
8.424139026032094746e-01 1.786787561066817132e-01
8.506085225082840040e-01 1.736810407431978454e-01
8.588828559546254349e-01 1.687579740581627852e-01
8.672376783593644944e-01 1.638890912906943997e-01
8.756737726825394308e-01 1.591004454217929409e-01
8.841919295004664336e-01 1.543838789322878324e-01
8.927929470798307010e-01 1.497437964028159596e-01
9.014776314524917122e-01 1.451748505013747970e-01
9.102467964910225806e-01 1.406792162134428148e-01
9.191012639849772681e-01 1.362618181965740416e-01
9.280418637179072006e-01 1.319281615666760554e-01
9.370694335451198453e-01 1.276567828860824538e-01
9.461848194722002336e-01 1.234705390206611714e-01
9.553888757342895444e-01 1.193637371565759858e-01
9.646824648761427312e-01 1.153292477332904797e-01
9.740664578329562007e-01 1.113818473443205365e-01
9.835417340119908536e-01 1.075125866649486728e-01
9.931091813749796104e-01 1.037200326218376406e-01
1.002769696521346621e+00 1.000014501312134207e-01
1.012524184772224167e+00 9.637298095501703465e-02
1.022373560255302127e+00 9.284062930290597204e-02
1.032318745990486564e+00 8.935228806609869789e-02
1.042360673976402197e+00 8.595314553767979815e-02
1.052500285277732761e+00 8.263936566252096105e-02
1.062738530113414459e+00 7.940542488882984529e-02
1.073076367945679621e+00 7.625001895158675658e-02
1.083514767569973225e+00 7.317249517455357011e-02
1.094054707205742494e+00 7.017661834748228911e-02
1.104697174588111785e+00 6.725730798533471888e-02
1.115443167060441221e+00 6.441624376950652597e-02
1.126293691667795249e+00 6.164999019731848967e-02
1.137249765251314271e+00 5.896538449369861934e-02
1.148312414543511073e+00 5.635467758798759497e-02
1.159482676264482759e+00 5.381980854483806725e-02
1.170761597219069250e+00 5.135991296748838170e-02
1.182150234394952371e+00 4.897339308091163551e-02
1.193649655061713055e+00 4.666096071309896315e-02
1.205260936870842681e+00 4.442119591278524682e-02
1.216985167956738056e+00 4.225337119406933489e-02
1.228823447038673411e+00 4.015631116741892603e-02
1.240776883523764251e+00 3.812950684716383265e-02
1.252846597610937529e+00 3.617155274764000811e-02
1.265033720395903893e+00 3.428370058712224000e-02
1.277339393977160009e+00 3.246040983696587418e-02
1.289764771563017165e+00 3.070290314667039125e-02
1.302311017579677488e+00 2.901004352574897485e-02
1.314979307780347773e+00 2.738337463088218529e-02
1.327770829355430449e+00 2.581876187289171634e-02
1.340686781043774811e+00 2.431494489114163771e-02
1.353728373245021821e+00 2.287312692718070778e-02
1.366896828133026487e+00 2.148931651629219439e-02
1.380193379770397355e+00 2.016451079950147204e-02
1.393619274224142002e+00 1.889507310530082890e-02
1.407175769682446731e+00 1.768112125733443951e-02
1.420864136572576708e+00 1.652296736049208709e-02
1.434685657679937831e+00 1.541770600046387350e-02
1.448641628268290127e+00 1.436417496105707112e-02
1.462733356201129986e+00 1.335987653335053184e-02
1.476962162064259898e+00 1.240572171851797058e-02
1.491329379289537682e+00 1.149932119648371803e-02
1.505836354279841416e+00 1.063945085673334567e-02
1.520484446535244283e+00 9.824682324764589733e-03
1.535275028780422657e+00 9.054876911097003295e-03
1.550209487093291205e+00 8.326590743301030134e-03
1.565289221034902312e+00 7.640005705953778134e-03
1.580515643780601165e+00 6.993359678088510896e-03
1.595890182252465817e+00 6.385580808628422110e-03
1.611414277253019778e+00 5.814792743923900831e-03
1.627089383600260675e+00 5.280742531676109117e-03
1.642916970263993193e+00 4.781262953242640737e-03
1.658898520503498064e+00 4.315260238221019749e-03
1.675035532006524441e+00 3.881809738743091827e-03
1.691329517029648732e+00 3.478754016453009662e-03
1.707782002539993016e+00 3.105727134338476074e-03
1.724394530358320354e+00 2.760985294888043760e-03
1.741168657303530987e+00 2.443724341889305478e-03
1.758105955338547632e+00 2.152352826811088082e-03
1.775208011717636092e+00 1.885741562485385115e-03
1.792476429135148930e+00 1.642696924566402084e-03
1.809912825875727105e+00 1.422023001006308875e-03
1.827518835965944666e+00 1.222544825480547737e-03
1.845296109327445366e+00 1.043108356887254614e-03
1.863246311931559873e+00 8.825297038642349696e-04
1.881371125955437096e+00 7.397066668579769556e-04
1.899672249939675650e+00 6.135101069870654194e-04
1.918151398947507635e+00 5.028256358528783096e-04
1.936810304725519849e+00 4.065715157013333561e-04
1.955650715865949074e+00 3.236702386612051881e-04
1.974674397970537454e+00 2.530621527320345635e-04
1.993883133816001019e+00 1.937036600087181822e-04
2.013278723521096492e+00 1.445663529145329088e-04
2.032862984715323673e+00 1.046336400822987138e-04
2.052637752709252084e+00 7.291296064416058270e-05
2.072604880666519822e+00 4.841910545412248348e-05
2.092766239777499759e+00 3.018554959584548764e-05
2.113123719434652603e+00 1.725972233558170106e-05
2.133679227409597701e+00 8.703591278015372697e-06
2.154434690031884259e+00 3.592917036420197279e-06
2.175392052369522489e+00 1.015336742406415009e-06
2.196553278411258248e+00 0.000000000000000000e+00
