1.000000000000000021e-02 1.685691769831875630e+00
1.009727545900835841e-02 1.685687512111933239e+00
1.019549716950923779e-02 1.685682631885028426e+00
1.029467433620748044e-02 1.685678672696978575e+00
1.039481625334708927e-02 1.685674226833612455e+00
1.049593230558227772e-02 1.685669661975082612e+00
1.059803196885688789e-02 1.685665014267237138e+00
1.070112481129246833e-02 1.685660286889574921e+00
1.080522049408488318e-02 1.685655462427905427e+00
1.091032877240974419e-02 1.685650085213525662e+00
1.101645949633656314e-02 1.685646513432245142e+00
1.112362261175187626e-02 1.685639901563658061e+00
1.123182816129126085e-02 1.685634666220161115e+00
1.134108628528052165e-02 1.685629330129707837e+00
1.145140722268592030e-02 1.685624362246558539e+00
1.156280131207376022e-02 1.685618822353084356e+00
1.167527899257919492e-02 1.685613187816310088e+00
1.178885080488457221e-02 1.685607438609910913e+00
1.190352739220719262e-02 1.685601264720649528e+00
1.201931950129673729e-02 1.685595766954316010e+00
1.213623798344241195e-02 1.685589659487502390e+00
1.225429379548980714e-02 1.685583180572083117e+00
1.237349800086776086e-02 1.685576815761929304e+00
1.249386177062509519e-02 1.685570311515283137e+00
1.261539638447754796e-02 1.685563667535676657e+00
1.273811323186478488e-02 1.685556889859022300e+00
1.286202381301779218e-02 1.685550023919005547e+00
1.298713974003655978e-02 1.685542967271170145e+00
1.311347273797833224e-02 1.685535776636821748e+00
1.324103464595636874e-02 1.685528470891471731e+00
1.336983741824946531e-02 1.685521532623836194e+00
1.349989312542219239e-02 1.685514034471374378e+00
1.363121395545611320e-02 1.685505791479920745e+00
1.376381221489191876e-02 1.685497949832482911e+00
1.389770032998276401e-02 1.685490416902919897e+00
1.403289084785873213e-02 1.685482239418873984e+00
1.416939643770268736e-02 1.685474122365870686e+00
1.430722989193757184e-02 1.685465658912275844e+00
1.444640412742520530e-02 1.685457051105136328e+00
1.458693218667675602e-02 1.685448076632558578e+00
1.472882723907502529e-02 1.685438887336594194e+00
1.487210258210860774e-02 1.685429766097576332e+00
1.501677164261799868e-02 1.685420973511580378e+00
1.516284797805393485e-02 1.685411517459966646e+00
1.531034527774784160e-02 1.685401871724049983e+00
1.545927736419477720e-02 1.685392018080192456e+00
1.560965819434872483e-02 1.685381400273886054e+00
1.576150186093060873e-02 1.685370875765977772e+00
1.591482259374891323e-02 1.685360046471145345e+00
1.606963476103326349e-02 1.685349332070669393e+00
1.622595287078087284e-02 1.685338411174926998e+00
1.638379157211618947e-02 1.685327287586428691e+00
1.654316565666366645e-02 1.685317232951556221e+00
1.670409005993399310e-02 1.685305321308703252e+00
1.686657986272368723e-02 1.685293603983677668e+00
1.703065029252844378e-02 1.685281359812298430e+00
1.719631672497009753e-02 1.685269771169095376e+00
1.736359468523754335e-02 1.685256246592806040e+00
1.753249984954170088e-02 1.685243478310851195e+00
1.770304804658450262e-02 1.685230039411510949e+00
1.787525525904235316e-02 1.685216776220262558e+00
1.804913762506383731e-02 1.685203221753226677e+00
1.822471143978214581e-02 1.685189460768714786e+00
1.840199315684210371e-02 1.685175469562302908e+00
1.858099938994215231e-02 1.685161323040490267e+00
1.876174691439120440e-02 1.685147312075015558e+00
1.894425266868081034e-02 1.685132522093014229e+00
1.912853375607242307e-02 1.685117433854021129e+00
1.931460744620030340e-02 1.685102068559286792e+00
1.950249117668984011e-02 1.685086248142062981e+00
1.969220255479172538e-02 1.685070274719720373e+00
1.988375935903200636e-02 1.685054220599973229e+00
2.007717954087816226e-02 1.685037794048101167e+00
2.027248122642137662e-02 1.685020099956779704e+00
2.046968271807520987e-02 1.685002877872703975e+00
2.066880249629082095e-02 1.684985269941026376e+00
2.086985922128879734e-02 1.684967225689079084e+00
2.107287173480786382e-02 1.684949239402406818e+00
2.127785906187062287e-02 1.684930731732235731e+00
2.148484041256648255e-02 1.684911503890000439e+00
2.169383518385184506e-02 1.684892087250123849e+00
2.190486296136792688e-02 1.684872263268075709e+00
2.211794352127614133e-02 1.684856998422301411e+00
2.233309683211144592e-02 1.684831717042475807e+00
2.255034305665360936e-02 1.684810668450233972e+00
2.276970255381680075e-02 1.684788870620093748e+00
2.299119588055741764e-02 1.684766996834755171e+00
2.321484379380064564e-02 1.684744645847590538e+00
2.344066725238556220e-02 1.684721917488773757e+00
2.366868741902936057e-02 1.684698518759144337e+00
2.389892566231050300e-02 1.684675211199436307e+00
2.413140355867127856e-02 1.684651172171504063e+00
2.436614289443983158e-02 1.684626430334583924e+00
2.460316566787181664e-02 1.684601500497298954e+00
2.484249409121190577e-02 1.684575980724859035e+00
2.508415059277539771e-02 1.684548507119100202e+00
2.532815781905008515e-02 1.684521849536525506e+00
2.557453863681850847e-02 1.684494758598021669e+00
2.582331613530085626e-02 1.684467429813560679e+00
2.607451362831877603e-02 1.684440192491627242e+00
2.632815465648021339e-02 1.684410395290979690e+00
2.658426298938541474e-02 1.684384194337624541e+00
2.684286262785454819e-02 1.684351349768667516e+00
2.710397780617682106e-02 1.684321097200579320e+00
2.736763299438163891e-02 1.684289986287110130e+00
2.763385290053169824e-02 1.684258182986852592e+00
2.790266247303856487e-02 1.684226171569819908e+00
2.817408690300057458e-02 1.684195445202844033e+00
2.844815162656363222e-02 1.684162154998427807e+00
2.872488232730495070e-02 1.684128029597825371e+00
2.900430493863991738e-02 1.684091185501707999e+00
2.928644564625237229e-02 1.684055720236332876e+00
2.957133089054861039e-02 1.684019582983879770e+00
2.985898736913520854e-02 1.683982820359667620e+00
3.014944203932094433e-02 1.683945066035514193e+00
3.044272212064302874e-02 1.683906677670049534e+00
3.073885509741795460e-02 1.683867528510002654e+00
3.103786872131722788e-02 1.683827519453195753e+00
3.133979101396793671e-02 1.683786663534085459e+00
3.164465026957891114e-02 1.683745139896989818e+00
3.195247505759213347e-02 1.683703221479295076e+00
3.226329422536015901e-02 1.683660089986950936e+00
3.257713690084949876e-02 1.683616177073469000e+00
3.289403249537032475e-02 1.683571572593787424e+00
3.321401070633261954e-02 1.683525746123816225e+00
3.353710152002930406e-02 1.683477709590121218e+00
3.386333521444636480e-02 1.683432187202132946e+00
3.419274236210027851e-02 1.683383941816602336e+00
3.452535383290306070e-02 1.683334782463452806e+00
3.486120079705520153e-02 1.683284273105701612e+00
3.520031472796678745e-02 1.683233400471111807e+00
3.554272740520694751e-02 1.683180503335859335e+00
3.588847091748199186e-02 1.683127522965098377e+00
3.623757766564258964e-02 1.683070072640110437e+00
3.659008036572020811e-02 1.683016668348288336e+00
3.694601205199302130e-02 1.682958588422949431e+00
3.730540608008161424e-02 1.682900935546721710e+00
3.766829613007490613e-02 1.682842921302249328e+00
3.803471620968648659e-02 1.682782315646358606e+00
3.840470065744145539e-02 1.682721744383236073e+00
3.877828414589457040e-02 1.682659203755937138e+00
3.915550168487941241e-02 1.682595038271673893e+00
3.953638862478930927e-02 1.682530454138846387e+00
3.992098065989020672e-02 1.682463946580399661e+00
4.030931383166566628e-02 1.682397189246601421e+00
4.070142453219438572e-02 1.682328337193022438e+00
4.109734950756069316e-02 1.682258844471516301e+00
4.149712586129815362e-02 1.682189287095483765e+00
4.190079105786669034e-02 1.682115413488289857e+00
4.230838292616342228e-02 1.682042809983488096e+00
4.271993966306778662e-02 1.681966682886363529e+00
4.313549983702118923e-02 1.681889696393934930e+00
4.355510239164130798e-02 1.681811658930295161e+00
4.397878664937160398e-02 1.681731288784864997e+00
4.440659231516640160e-02 1.681649444424298867e+00
4.483855948021186338e-02 1.681566037897434196e+00
4.527472862568297785e-02 1.681480888822308728e+00
4.571514062653719151e-02 1.681393839871236029e+00
4.615983675534499064e-02 1.681305368551704538e+00
4.660885868615767536e-02 1.681216635749813948e+00
4.706224849841281199e-02 1.681125357559765776e+00
4.752004868087766204e-02 1.681031360113012019e+00
4.798230213563085128e-02 1.680936703098965257e+00
4.844905218208294534e-02 1.680839514101878818e+00
4.892034256103611894e-02 1.680740540137296568e+00
4.939621743878321036e-02 1.680639418849608768e+00
4.987672141124663283e-02 1.680538771970967904e+00
5.036189950815770505e-02 1.680431800908873008e+00
5.085179719727656034e-02 1.680325182353131552e+00
5.134646038865306461e-02 1.680217016949939302e+00
5.184593543892913187e-02 1.680106076911796587e+00
5.235026915568305461e-02 1.679992473618387105e+00
5.285950880181603667e-02 1.679876371929692969e+00
5.337370209998133774e-02 1.679758852741393804e+00
5.389289723705643909e-02 1.679638514938040394e+00
5.441714286865893119e-02 1.679516086607068859e+00
5.494648812370611646e-02 1.679391073597729767e+00
5.548098260901916656e-02 1.679262888742517390e+00
5.602067641397187603e-02 1.679132536689163402e+00
5.656562011518465050e-02 1.679000686533395736e+00
5.711586478126431943e-02 1.678866143014531742e+00
5.767146197758996756e-02 1.678728698411388498e+00
5.823246377114527778e-02 1.678588481683291667e+00
5.879892273539785025e-02 1.678445561079128900e+00
5.937089195522609469e-02 1.678300313748168460e+00
5.994842503189409116e-02 1.678151879792234347e+00
6.053157608807464840e-02 1.678002309337764730e+00
6.112039977292132997e-02 1.677847869179057927e+00
6.171495126718981594e-02 1.677690809022574170e+00
6.231528628840921763e-02 1.677530924142223379e+00
6.292146109610344262e-02 1.677367074326804541e+00
6.353353249706343575e-02 1.677200586721231179e+00
6.415155785067082339e-02 1.677036991593906734e+00
6.477559507427335661e-02 1.676857364076345336e+00
6.540570264861225724e-02 1.676682075120246029e+00
6.604193962330305590e-02 1.676499760268574502e+00
6.668436562236895737e-02 1.676319457565476068e+00
6.733304084982863480e-02 1.676133786436395212e+00
6.798802609533814711e-02 1.675943276949432237e+00
6.864938273988777095e-02 1.675749046007756426e+00
6.931717276155408003e-02 1.675551629442191937e+00
6.999145874130821565e-02 1.675353169548731591e+00
7.067230386888070925e-02 1.675143710608678393e+00
7.135977194868306506e-02 1.674933833356334612e+00
7.205392740578704658e-02 1.674720326857363162e+00
7.275483529196229149e-02 1.674503018364890350e+00
7.346256129177256011e-02 1.674281332310684212e+00
7.417717172873124210e-02 1.674054789023441181e+00
7.489873357151664857e-02 1.673824074696838027e+00
7.562731444024800576e-02 1.673588533633577624e+00
7.636298261282241373e-02 1.673349188673477039e+00
7.710580703131336699e-02 1.673105150121365181e+00
7.785585730843146146e-02 1.672856002763831507e+00
7.861320373404813433e-02 1.672602914108402672e+00
7.937791728178281159e-02 1.672342687285805818e+00
8.015006961565404597e-02 1.672079725116462745e+00
8.092973309679550586e-02 1.671811605026382042e+00
8.171698079023696770e-02 1.671537178827294579e+00
8.251188647175167201e-02 1.671257965935420309e+00
8.331452463477014014e-02 1.670973942711947435e+00
8.412497049736118726e-02 1.670684738719253604e+00
8.494330000928071445e-02 1.670389765827136275e+00
8.576958985908941790e-02 1.670087486924630937e+00
8.660391748133952627e-02 1.669780961286962739e+00
8.744636106383144036e-02 1.669468921163991482e+00
8.829699955494091368e-02 1.669149483185753180e+00
8.915591267101763417e-02 1.668825631069563054e+00
9.002318090385581784e-02 1.668493122642185300e+00
9.089888552823731371e-02 1.668154975003165674e+00
9.178310860954806694e-02 1.667810510376971367e+00
9.267593301146882789e-02 1.667460468389429185e+00
9.357744240374062106e-02 1.667103281233570433e+00
9.448772127000577836e-02 1.666738599974238344e+00
9.540685491572513388e-02 1.666365565588382447e+00
9.633492947617222635e-02 1.665985827541700104e+00
9.727203192450542546e-02 1.665602462161705155e+00
9.821825007991856482e-02 1.665206992654941542e+00
9.917367261587073379e-02 1.664807184048861188e+00
1.001383890683960748e-01 1.664399491068945913e+00
1.011124898444945991e-01 1.663984565870735066e+00
1.020960662306047012e-01 1.663560771731077415e+00
1.030892104011576216e-01 1.663125971770742506e+00
1.040920154272158005e-01 1.662688479621940774e+00
1.051045752851944987e-01 1.662238812625440598e+00
1.061269848656690717e-01 1.661782475604273168e+00
1.071593399822671072e-01 1.661316595703628662e+00
1.082017373806478805e-01 1.660840800555701602e+00
1.092542747475682557e-01 1.660357265551959172e+00
1.103170507200377515e-01 1.659863214642760099e+00
1.113901648945616746e-01 1.659359653991624883e+00
1.124737178364751955e-01 1.658846657928091828e+00
1.135678110893671017e-01 1.658324471482797380e+00
1.146725471845963656e-01 1.657790953912636978e+00
1.157880296509002094e-01 1.657249848539196657e+00
1.169143630240966764e-01 1.656696600894808968e+00
1.180516528568804902e-01 1.656134314604532198e+00
1.192000057287153220e-01 1.655561450041397764e+00
1.203595292558212876e-01 1.654976775356278962e+00
1.215303321012602134e-01 1.654380768801473112e+00
1.227125239851190319e-01 1.653774611723261678e+00
1.239062156947916271e-01 1.653156563426138925e+00
1.251115190953615564e-01 1.652526698530624394e+00
1.263285471400849291e-01 1.651888821846084321e+00
1.275574138809759950e-01 1.651230751625192505e+00
1.287982344794950385e-01 1.650565476528720543e+00
1.300511252173409127e-01 1.649886527423747307e+00
1.313162035073478784e-01 1.649194424929570246e+00
1.325935879044890797e-01 1.648489099949150161e+00
1.338833981169864351e-01 1.647769885908046517e+00
1.351857550175293021e-01 1.647037566213985116e+00
1.365007806546013891e-01 1.646293418647292839e+00
1.378285982639189389e-01 1.645533693648820073e+00
1.391693322799789911e-01 1.644760320186023694e+00
1.405231083477211373e-01 1.643973700306284869e+00
1.418900533343016301e-01 1.643170940155316950e+00
1.432702953409830948e-01 1.642353368923758383e+00
1.446639637151387880e-01 1.641520257666010396e+00
1.460711890623745679e-01 1.640671985637287333e+00
1.474921032587684921e-01 1.639807190896193534e+00
1.489268394632288772e-01 1.638926600113018495e+00
1.503755321299738434e-01 1.638028110784105040e+00
1.518383170211306810e-01 1.637114398110428581e+00
1.533153312194593942e-01 1.636182976010468915e+00
1.548067131411984265e-01 1.635277035243365429e+00
1.563126025490369497e-01 1.634269644175748271e+00
1.578331405652117214e-01 1.633285714658059717e+00
1.593684696847328941e-01 1.632285266066264784e+00
1.609187337887370006e-01 1.631265617366176590e+00
1.624840781579713067e-01 1.630227542226877491e+00
1.640646494864078653e-01 1.629168053765933433e+00
1.656605958949914359e-01 1.628088475100869514e+00
1.672720669455196874e-01 1.626989975365554342e+00
1.688992136546599021e-01 1.625871613394037185e+00
1.705421885081006561e-01 1.624734207396306251e+00
1.722011454748421100e-01 1.623573914620233261e+00
1.738762400216251336e-01 1.622393764705760244e+00
1.755676291275001522e-01 1.621193155166980482e+00
1.772754712985387948e-01 1.619968257818036994e+00
1.789999265826875408e-01 1.618720861421654167e+00
1.807411565847668600e-01 1.617452002388550358e+00
1.824993244816152382e-01 1.616158132093084454e+00
1.842745950373816666e-01 1.614842458883182674e+00
1.860671346189656239e-01 1.613503967427388774e+00
1.878771112116086051e-01 1.612138988097235881e+00
1.897046944346358344e-01 1.610748768174150580e+00
1.915500555573527997e-01 1.609336844540088629e+00
1.934133675150944698e-01 1.607895810212951471e+00
1.952948049254327745e-01 1.606430931166179743e+00
1.971945441045395986e-01 1.604938898943811143e+00
1.991127630837108697e-01 1.603420543573364832e+00
2.010496416260497965e-01 1.601874481418152918e+00
2.030053612433137811e-01 1.600301685629176740e+00
2.049801052129238688e-01 1.598698721014477409e+00
2.069740585951406198e-01 1.597069005682916210e+00
2.089874082504071251e-01 1.595408770767737350e+00
2.110203428568595552e-01 1.593720038915656279e+00
2.130730529280097374e-01 1.592001100797771462e+00
2.151457308305980698e-01 1.590251762753115194e+00
2.172385708026215445e-01 1.588471947731040057e+00
2.193517689715359098e-01 1.586661400324508531e+00
2.214855233726360506e-01 1.584818645764940026e+00
2.236400339676138660e-01 1.582940887029971266e+00
2.258155026632983065e-01 1.581031811593972991e+00
2.280121333305757114e-01 1.579088729561809012e+00
2.302301318234963867e-01 1.577113040313942172e+00
2.324697059985647851e-01 1.575102576302576773e+00
2.347310657342196183e-01 1.573057339354818840e+00
2.370144229505012079e-01 1.570976549301744241e+00
2.393199916289123208e-01 1.568859470477301343e+00
2.416479878324700736e-01 1.566706020267947919e+00
2.439986297259550130e-01 1.564515311974165046e+00
2.463721375963552895e-01 1.562285910154752822e+00
2.487687338735107279e-01 1.560019399842407894e+00
2.511886431509580686e-01 1.557714576354783276e+00
2.536320922069775774e-01 1.555370386469181021e+00
2.560993100258459609e-01 1.552987247989273456e+00
2.585905278192945911e-01 1.550562746689169824e+00
2.611059790481781162e-01 1.548097118585642251e+00
2.636458994443517945e-01 1.545589328968968168e+00
2.662105270327638773e-01 1.543040042531137690e+00
2.688001021537606006e-01 1.540449099987722281e+00
2.714148674856106669e-01 1.537811705981013244e+00
2.740550680672460548e-01 1.535133355452275028e+00
2.767209513212268712e-01 1.532410504906862148e+00
2.794127670769268601e-01 1.529640900456264330e+00
2.821307675939472293e-01 1.526844375382746088e+00
2.848752075857552413e-01 1.523966222352243216e+00
2.876463442435557849e-01 1.521057865254255681e+00
2.904444372603925406e-01 1.518104079742616186e+00
2.932697488554852905e-01 1.515102250177274623e+00
2.961225437988035947e-01 1.512051134138501896e+00
2.990030894358785551e-01 1.508950883456020575e+00
3.019116557128577738e-01 1.505799456600763531e+00
3.048485152018017286e-01 1.502598109090609535e+00
3.078139431262288950e-01 1.499337781861955099e+00
3.108082173869063936e-01 1.496044282986116247e+00
3.138316185878944342e-01 1.492688850379991772e+00
3.168844300628416155e-01 1.489279159961248045e+00
3.199669379015380732e-01 1.485816625097305721e+00
3.230794309767249795e-01 1.482300277718971548e+00
3.262222009711669979e-01 1.478730153420432236e+00
3.293955424049855307e-01 1.475105140228785583e+00
3.325997526632606949e-01 1.471424034720401730e+00
3.358351320238990301e-01 1.467683949665416598e+00
3.391019836857747105e-01 1.463889253885378716e+00
3.424006137971423724e-01 1.460037177113059803e+00
3.457313314843284413e-01 1.456126733896136782e+00
3.490944488806992929e-01 1.452156694843586004e+00
3.524902811559130766e-01 1.448126791846757300e+00
3.559191465454557002e-01 1.444037354860553179e+00
3.593813663804627523e-01 1.439889983624494052e+00
3.628772651178337472e-01 1.435681444068262591e+00
3.664071703706370808e-01 1.431407520830836111e+00
3.699714129388128048e-01 1.427074369716704538e+00
3.735703268401719401e-01 1.422678460833983305e+00
3.772042493416999376e-01 1.418220364205464268e+00
3.808735209911614517e-01 1.413696566339850635e+00
3.845784856490158665e-01 1.409111058398851535e+00
3.883194905206404091e-01 1.404458940530353139e+00
3.920968861888690649e-01 1.399743070645014464e+00
3.959110266468458539e-01 1.394961985809178850e+00
3.997622693312000708e-01 1.390114996961770988e+00
4.036509751555413805e-01 1.385200828349148372e+00
4.075775085442840395e-01 1.380218717041594712e+00
4.115422374667966343e-01 1.375171856937395187e+00
4.155455334718875515e-01 1.370058096684100057e+00
4.195877717226225712e-01 1.364874438535078616e+00
4.236693310314835759e-01 1.359621705815430071e+00
4.277905938958687093e-01 1.354301971868231869e+00
4.319519465339363706e-01 1.348913667611475686e+00
4.361537789208005944e-01 1.343456809876225178e+00
4.403964848250754294e-01 1.337927469196639851e+00
4.446804618457780300e-01 1.332330433506664358e+00
4.490061114495874639e-01 1.326662593956646763e+00
4.533738390084691150e-01 1.320927025834656821e+00
4.577840538376618529e-01 1.315118694890346385e+00
4.622371692340384031e-01 1.309239290555111124e+00
4.667336025148346446e-01 1.303291745198837948e+00
4.712737750567601580e-01 1.297270462688774995e+00
4.758581123354846953e-01 1.291180982558439494e+00
4.804870439655131720e-01 1.285017243840528733e+00
4.851610037404442966e-01 1.278785485647613962e+00
4.898804296736250508e-01 1.272481458086880401e+00
4.946457640391963562e-01 1.266104528446437172e+00
4.994574534135413635e-01 1.259661795774835058e+00
5.043159487171361421e-01 1.253145084878553694e+00
5.092217052568053237e-01 1.246553998626491522e+00
5.141751827683928022e-01 1.239897065824997924e+00
5.191768454598426619e-01 1.233165744044898204e+00
5.242271620547044320e-01 1.226370303170072784e+00
5.293266058360561743e-01 1.219499036957729432e+00
5.344756546908600026e-01 1.212562350351666929e+00
5.396747911547442600e-01 1.205552984974229025e+00
5.449245024572260121e-01 1.198486572541242579e+00
5.502252805673685243e-01 1.191330409361878173e+00
5.555776222398878250e-01 1.184111793931258427e+00
5.609820290617031358e-01 1.176829093760434652e+00
5.664390074989449353e-01 1.169478007527585905e+00
5.719490689444144405e-01 1.162061702399130647e+00
5.775127297655114900e-01 1.154576961198938267e+00
5.831305113526221717e-01 1.147027898599132900e+00
5.888029401679826247e-01 1.139412926003811499e+00
5.945305477950136863e-01 1.131732545211203700e+00
6.003138709881384871e-01 1.123990895765913267e+00
6.061534517230839914e-01 1.116183591857170532e+00
6.120498372476699256e-01 1.108314654727915904e+00
6.180035801330957534e-01 1.100384135349907533e+00
6.240152383257209223e-01 1.092392956003519267e+00
6.300853751993553686e-01 1.084342891808835141e+00
6.362145596080520660e-01 1.076234526146211401e+00
6.424033659394193796e-01 1.068065833331503622e+00
6.486523741684461219e-01 1.059843170619489516e+00
6.549621699118558515e-01 1.051564997291383419e+00
6.613333444829840868e-01 1.043230626082793711e+00
6.677664949471955325e-01 1.034844796620585150e+00
6.742622241778342129e-01 1.026403268427388937e+00
6.808211409127237213e-01 1.017915293756111783e+00
6.874438598112112553e-01 1.009354311508305901e+00
6.941310015117725385e-01 1.000785647653676502e+00
7.008831926901714082e-01 9.921515192513767900e-01
7.077010661181889484e-01 9.834695912281166130e-01
7.145852607229240538e-01 9.747448890837866475e-01
7.215364216466665370e-01 9.659776643612890679e-01
7.285552003073593186e-01 9.571628346353743266e-01
7.356422544596413760e-01 9.483190528824588794e-01
7.427982482564918776e-01 9.394315463191686977e-01
7.500238523114668432e-01 9.305085651906588318e-01
7.573197437615483141e-01 9.215525808104859662e-01
7.646866063305975958e-01 9.125586542183770078e-01
7.721251303934327792e-01 9.035373554912041749e-01
7.796360130405233235e-01 8.944824158560493732e-01
7.872199581433195759e-01 8.854027624366440641e-01
7.948776764202123424e-01 8.762959103257775828e-01
8.026098855031396084e-01 8.671644426103265468e-01
8.104173100048355227e-01 8.580093351915395461e-01
8.183006815867394090e-01 8.488318956712459507e-01
8.262607390275591435e-01 8.396403409616911562e-01
8.342982282925082149e-01 8.304302284308104909e-01
8.424139026032094746e-01 8.212029028597447322e-01
8.506085225082840040e-01 8.119666365976112576e-01
8.588828559546254349e-01 8.027142285934967258e-01
8.672376783593644944e-01 7.934579678468661745e-01
8.756737726825394308e-01 7.841901510617665938e-01
8.841919295004664336e-01 7.749191242462295515e-01
8.927929470798307010e-01 7.656464502418958151e-01
9.014776314524917122e-01 7.563695989930152574e-01
9.102467964910225806e-01 7.470950995851701748e-01
9.191012639849772681e-01 7.378246295683823508e-01
9.280418637179072006e-01 7.285565062210387355e-01
9.370694335451198453e-01 7.193000044192596754e-01
9.461848194722002336e-01 7.100483616485806504e-01
9.553888757342895444e-01 7.008108280954451486e-01
9.646824648761427312e-01 6.915867890175585453e-01
9.740664578329562007e-01 6.823755560749724669e-01
9.835417340119908536e-01 6.731858673634036894e-01
9.931091813749796104e-01 6.640127953118525328e-01
1.002769696521346621e+00 6.548569872683349669e-01
1.012524184772224167e+00 6.457319133663144139e-01
1.022373560255302127e+00 6.366344606445837329e-01
1.032318745990486564e+00 6.275591215112789056e-01
1.042360673976402197e+00 6.185148249062765169e-01
1.052500285277732761e+00 6.095023050087644556e-01
1.062738530113414459e+00 6.005229089160458722e-01
1.073076367945679621e+00 5.915745755625333446e-01
1.083514767569973225e+00 5.826729005751732915e-01
1.094054707205742494e+00 5.738057302883057265e-01
1.104697174588111785e+00 5.649813569757732301e-01
1.115443167060441221e+00 5.561991365169967061e-01
1.126293691667795249e+00 5.474894474976803593e-01
1.137249765251314271e+00 5.387667910785639558e-01
1.148312414543511073e+00 5.301091710666604451e-01
1.159482676264482759e+00 5.215352471599470352e-01
1.170761597219069250e+00 5.129956408534067647e-01
1.182150234394952371e+00 5.044936664276773453e-01
1.193649655061713055e+00 4.960699965828623825e-01
1.205260936870842681e+00 4.877013629955803675e-01
1.216985167956738056e+00 4.793840405228377288e-01
1.228823447038673411e+00 4.711273854346008649e-01
1.240776883523764251e+00 4.629140826040546441e-01
1.252846597610937529e+00 4.547960283163101081e-01
1.265033720395903893e+00 4.467293210395024139e-01
1.277339393977160009e+00 4.387265332405177465e-01
1.289764771563017165e+00 4.307902912249095273e-01
1.302311017579677488e+00 4.229203665014184543e-01
1.314979307780347773e+00 4.151231877591504138e-01
1.327770829355430449e+00 4.073917676192209680e-01
1.340686781043774811e+00 3.997338362293659797e-01
1.353728373245021821e+00 3.921501282373451303e-01
1.366896828133026487e+00 3.846390672367006047e-01
1.380193379770397355e+00 3.772036025491689593e-01
1.393619274224142002e+00 3.698426217282172468e-01
1.407175769682446731e+00 3.625587465470544446e-01
1.420864136572576708e+00 3.553521430393541403e-01
1.434685657679937831e+00 3.482247930607679787e-01
1.448641628268290127e+00 3.411745698092717438e-01
1.462733356201129986e+00 3.342094819160313923e-01
1.476962162064259898e+00 3.273199268596784783e-01
1.491329379289537682e+00 3.205105723772452286e-01
1.505836354279841416e+00 3.137844069105337752e-01
1.520484446535244283e+00 3.071442212948232720e-01
1.535275028780422657e+00 3.005762572762503693e-01
1.550209487093291205e+00 2.941020259363932854e-01
1.565289221034902312e+00 2.877071171792811577e-01
1.580515643780601165e+00 2.813971822232133047e-01
1.595890182252465817e+00 2.751730342653347372e-01
1.611414277253019778e+00 2.690299268883414308e-01
1.627089383600260675e+00 2.629734093687283725e-01
1.642916970263993193e+00 2.570020784088981602e-01
1.658898520503498064e+00 2.511148417221700235e-01
1.675035532006524441e+00 2.453286388851106392e-01
1.691329517029648732e+00 2.395975180530528492e-01
1.707782002539993016e+00 2.339666056463542143e-01
1.724394530358320354e+00 2.284166218361714518e-01
1.741168657303530987e+00 2.229612769901478386e-01
1.758105955338547632e+00 2.175846520042620247e-01
1.775208011717636092e+00 2.122967220847724046e-01
1.792476429135148930e+00 2.070893752783513342e-01
1.809912825875727105e+00 2.019682803151014727e-01
1.827518835965944666e+00 1.968922926553439146e-01
1.845296109327445366e+00 1.919786257292369347e-01
1.863246311931559873e+00 1.871103073798578154e-01
1.881371125955437096e+00 1.823249768746443289e-01
1.899672249939675650e+00 1.776231523562651904e-01
1.918151398947507635e+00 1.730027919163936445e-01
1.936810304725519849e+00 1.684592540704382135e-01
1.955650715865949074e+00 1.640095965864209193e-01
1.974674397970537454e+00 1.596382101638233186e-01
1.993883133816001019e+00 1.553320651965965915e-01
2.013278723521096492e+00 1.511284340410344873e-01
2.032862984715323673e+00 1.469936200651567326e-01
2.052637752709252084e+00 1.429373268067664904e-01
2.072604880666519822e+00 1.389685955458022093e-01
2.092766239777499759e+00 1.350711451233694294e-01
2.113123719434652603e+00 1.312565610980344355e-01
2.133679227409597701e+00 1.275104959695716744e-01
2.154434690031884259e+00 1.238397953021220105e-01
2.175392052369522489e+00 1.202474750604044379e-01
2.196553278411258248e+00 1.167319817663097503e-01
2.217920351250634692e+00 1.132855455940442041e-01
2.239495273271823184e+00 1.099145053316108595e-01
2.261280066337279404e+00 1.066157655285432937e-01
2.283276771977218012e+00 1.033880525919839283e-01
2.305487451580938707e+00 1.002320897751682732e-01
2.327914186589993051e+00 9.714448900989657021e-02
2.350559078693253756e+00 9.412741749042657924e-02
2.373424250023866033e+00 9.117741431706491428e-02
2.396511843358130278e+00 8.829572264201245024e-02
2.419824022316292567e+00 8.548019952996670223e-02
2.443362971565319341e+00 8.273065801326238977e-02
2.467130897023623426e+00 8.004428225213611192e-02
2.491130026067788439e+00 7.742456641004945295e-02
2.515362607741312928e+00 7.486406348189660054e-02
2.539830912965362675e+00 7.237036428852029746e-02
2.564537234751594674e+00 6.993434265660211646e-02
2.589483888417040802e+00 6.756220018999035959e-02
2.614673211801092023e+00 6.524802747240283918e-02
2.640107565484572927e+00 6.298899984921836614e-02
2.665789333010967876e+00 6.079437022110461414e-02
2.691720921109787668e+00 5.865294422881119768e-02
2.717904759922122881e+00 5.656802497213093278e-02
2.744343303228365283e+00 5.453795726106008823e-02
2.771039028678170535e+00 5.256192418772689945e-02
2.797994438022641805e+00 5.063959302954837427e-02
2.825212057348790218e+00 4.876912658939155931e-02
2.852694437316245057e+00 4.694988711647287566e-02
2.880444153396297668e+00 4.518231277882939906e-02
2.908463806113254169e+00 4.346656363803950290e-02
2.936756021288137397e+00 4.179295299261068936e-02
2.965323450284773621e+00 4.017095707003064814e-02
2.994168770258243573e+00 3.859328384158332986e-02
3.023294684405779531e+00 3.706484318672335215e-02
3.052703922220086241e+00 3.558342909786029601e-02
3.082399239745143404e+00 3.414521775107408341e-02
3.112383419834465759e+00 3.274939013462530718e-02
3.142659272411905569e+00 3.139374881489605251e-02
3.173229634734976212e+00 3.008454625528933501e-02
3.204097371660752813e+00 2.882212371506623697e-02
3.235265375914330388e+00 2.758613836147091186e-02
3.266736568359921655e+00 2.639269564639022334e-02
3.298513898274578082e+00 2.524020373352863639e-02
3.330600343624588788e+00 2.412568466061896025e-02
3.362998911344535991e+00 2.304687173389750876e-02
3.395712637619100693e+00 2.200477675619313608e-02
3.428744588167585317e+00 2.099856894715955782e-02
3.462097858531227423e+00 2.002612221545973376e-02
3.495775574363275240e+00 1.908742372053687936e-02
3.529780891721914671e+00 1.818225199786795490e-02
3.564116997366032269e+00 1.730776654437396478e-02
3.598787109053855460e+00 1.646533033662260156e-02
3.633794475844513094e+00 1.565269487142012875e-02
3.669142378402494131e+00 1.487170858048867360e-02
3.704834129305105694e+00 1.411853168672905050e-02
3.740873073352900313e+00 1.339415157481917487e-02
3.777262587883141176e+00 1.269587639803036391e-02
3.814006083086284082e+00 1.202737669215857980e-02
3.851107002325572903e+00 1.138403080275640807e-02
3.888568822459721019e+00 1.076583290668886063e-02
3.926395054168756449e+00 1.017278645633394422e-02
3.964589242282997805e+00 9.604455013417613832e-03
4.003154966115265445e+00 9.058532350597564217e-03
4.042095839796306045e+00 8.536324414222154489e-03
4.081415512613501662e+00 8.035899310135461576e-03
4.121117669352832635e+00 7.557881402833624765e-03
4.161206030644208020e+00 7.100947255113740711e-03
4.201684353310133346e+00 6.663691332841403976e-03
4.242556430717777438e+00 6.246984839630453402e-03
4.283826093134470270e+00 5.848997646286775709e-03
4.325497208086633627e+00 5.470240302658399556e-03
4.367573680722233398e+00 5.109042257902840847e-03
4.410059454176736615e+00 4.765301829767502537e-03
4.452958509942654963e+00 4.438988842959431039e-03
4.496274868242640110e+00 4.129057225174665585e-03
4.540012588406244554e+00 3.834937193857275353e-03
4.584175769250333765e+00 3.555946837427447198e-03
4.628768549463215365e+00 3.291977637705317556e-03
4.673795107992464004e+00 3.042328405054886293e-03
4.719259664436561863e+00 2.806521289728786724e-03
4.765166479440326341e+00 2.584039038635199421e-03
4.811519855094205766e+00 2.374563187747330811e-03
4.858324135337417360e+00 2.177282170785240986e-03
4.905583706365050922e+00 1.991993368114037145e-03
4.953302997039108924e+00 1.818185323469810773e-03
5.001486479303548727e+00 1.655405650484934130e-03
5.050138668603383785e+00 1.503122208208652975e-03
5.099264124307808288e+00 1.361139773824196920e-03
5.148867450137498025e+00 1.228832804854226466e-03
5.198953294596024399e+00 1.105845237973261588e-03
5.249526351405507718e+00 9.917706676377698299e-04
5.300591359946452030e+00 8.862150752023234112e-04
5.352153105701904501e+00 7.887802843586426372e-04
5.404216420705915347e+00 6.990960318935122075e-04
5.456786183996381823e+00 6.167751180851096865e-04
5.509867322072253160e+00 5.414625459384011900e-04
5.563464809355226137e+00 4.727863353096318903e-04
5.617583668655908191e+00 4.104050767780246102e-04
5.672228971644543094e+00 3.539668719713802924e-04
5.727405839326266346e+00 3.031387296828532535e-04
5.783119442521027054e+00 2.575872793832292645e-04
5.839375002348160315e+00 2.169809342742638010e-04
5.896177790715694478e+00 1.810116190575384047e-04
5.953533130814370189e+00 1.493647407105065227e-04
6.011446397616513337e+00 1.217338910944477638e-04
6.069923018379741464e+00 9.781859680192472395e-05
6.128968473155564034e+00 7.733451421003273711e-05
6.188588295302960063e+00 5.998756274750736620e-05
6.248788072006894012e+00 4.549829123023498641e-05
6.309573444801936049e+00 3.359339612142063985e-05
6.370950110100935149e+00 2.400236795414409762e-05
6.432923819728876502e+00 1.646250942909442780e-05
6.495500381461869033e+00 1.071282058641896969e-05
6.558685659571435345e+00 6.502649164276080485e-06
6.622485575374063238e+00 3.582673138902729374e-06
6.686906107786136921e+00 1.709329806051746095e-06
6.751953293884205287e+00 6.439324486422707352e-07
6.817633229470763112e+00 1.516525226176996516e-07
6.883952069645496330e+00 0.000000000000000000e+00
