1.000000000000000021e-02 9.914949829776767976e-01
1.009727545900835841e-02 9.914884941840514943e-01
1.019549716950923779e-02 9.914818789826513878e-01
1.029467433620748044e-02 9.914752809728513139e-01
1.039481625334708927e-02 9.914688347294033921e-01
1.049593230558227772e-02 9.914616015359577483e-01
1.059803196885688789e-02 9.914541548931306014e-01
1.070112481129246833e-02 9.914469488419423993e-01
1.080522049408488318e-02 9.914393802072707373e-01
1.091032877240974419e-02 9.914318346490991196e-01
1.101645949633656314e-02 9.914241159146639504e-01
1.112362261175187626e-02 9.914162503487994327e-01
1.123182816129126085e-02 9.914082195149465093e-01
1.134108628528052165e-02 9.913995496186399636e-01
1.145140722268592030e-02 9.913911159094755954e-01
1.156280131207376022e-02 9.913825609453161825e-01
1.167527899257919492e-02 9.913744621076225894e-01
1.178885080488457221e-02 9.913656728574766763e-01
1.190352739220719262e-02 9.913561354317702579e-01
1.201931950129673729e-02 9.913468006637989882e-01
1.213623798344241195e-02 9.913373823224236325e-01
1.225429379548980714e-02 9.913278076694660434e-01
1.237349800086776086e-02 9.913179607547101257e-01
1.249386177062509519e-02 9.913079395161724650e-01
1.261539638447754796e-02 9.912976734242264776e-01
1.273811323186478488e-02 9.912873126254790890e-01
1.286202381301779218e-02 9.912771682841147181e-01
1.298713974003655978e-02 9.912663452557708421e-01
1.311347273797833224e-02 9.912553111197569544e-01
1.324103464595636874e-02 9.912442517879734849e-01
1.336983741824946531e-02 9.912327045450746166e-01
1.349989312542219239e-02 9.912211392611655070e-01
1.363121395545611320e-02 9.912092318051277662e-01
1.376381221489191876e-02 9.911970587445637637e-01
1.389770032998276401e-02 9.911846318818356982e-01
1.403289084785873213e-02 9.911719541591326177e-01
1.416939643770268736e-02 9.911589408283121294e-01
1.430722989193757184e-02 9.911457828091343458e-01
1.444640412742520530e-02 9.911324025735472887e-01
1.458693218667675602e-02 9.911187577331860288e-01
1.472882723907502529e-02 9.911046665091874930e-01
1.487210258210860774e-02 9.910904609576171032e-01
1.501677164261799868e-02 9.910759541087197366e-01
1.516284797805393485e-02 9.910611249898613195e-01
1.531034527774784160e-02 9.910474387877667990e-01
1.545927736419477720e-02 9.910307803160585127e-01
1.560965819434872483e-02 9.910149352489224794e-01
1.576150186093060873e-02 9.909990974275753040e-01
1.591482259374891323e-02 9.909827715430917783e-01
1.606963476103326349e-02 9.909660802284123715e-01
1.622595287078087284e-02 9.909490420497886198e-01
1.638379157211618947e-02 9.909315807577555590e-01
1.654316565666366645e-02 9.909138024656047872e-01
1.670409005993399310e-02 9.908956794696403003e-01
1.686657986272368723e-02 9.908772943621941831e-01
1.703065029252844378e-02 9.908587011887086682e-01
1.719631672497009753e-02 9.908393076179805581e-01
1.736359468523754335e-02 9.908202317584370311e-01
1.753249984954170088e-02 9.908007027913965370e-01
1.770304804658450262e-02 9.907805189897198606e-01
1.787525525904235316e-02 9.907599036412803040e-01
1.804913762506383731e-02 9.907386299632041649e-01
1.822471143978214581e-02 9.907171745623388759e-01
1.840199315684210371e-02 9.906952918524609686e-01
1.858099938994215231e-02 9.906729601639374660e-01
1.876174691439120440e-02 9.906501541643266684e-01
1.894425266868081034e-02 9.906269525938317111e-01
1.912853375607242307e-02 9.906033175574225913e-01
1.931460744620030340e-02 9.905791703617875532e-01
1.950249117668984011e-02 9.905546480099772788e-01
1.969220255479172538e-02 9.905283045563210154e-01
1.988375935903200636e-02 9.905041160541324663e-01
2.007717954087816226e-02 9.904779342932463759e-01
2.027248122642137662e-02 9.904516244645525935e-01
2.046968271807520987e-02 9.904243895977173917e-01
2.066880249629082095e-02 9.903970265941387519e-01
2.086985922128879734e-02 9.903687493254648144e-01
2.107287173480786382e-02 9.903399762776333715e-01
2.127785906187062287e-02 9.903106518280446746e-01
2.148484041256648255e-02 9.902808041664554750e-01
2.169383518385184506e-02 9.902498873299109272e-01
2.190486296136792688e-02 9.902192358624265500e-01
2.211794352127614133e-02 9.901873361832022047e-01
2.233309683211144592e-02 9.901545625685033158e-01
2.255034305665360936e-02 9.901215672622278863e-01
2.276970255381680075e-02 9.900877424706793217e-01
2.299119588055741764e-02 9.900537210910698160e-01
2.321484379380064564e-02 9.900187774039848065e-01
2.344066725238556220e-02 9.899833856487155748e-01
2.366868741902936057e-02 9.899472008347348639e-01
2.389892566231050300e-02 9.899112608161488858e-01
2.413140355867127856e-02 9.898729233569655284e-01
2.436614289443983158e-02 9.898346434724031306e-01
2.460316566787181664e-02 9.897961017316353471e-01
2.484249409121190577e-02 9.897560107157029607e-01
2.508415059277539771e-02 9.897149369682822773e-01
2.532815781905008515e-02 9.896738488281493495e-01
2.557453863681850847e-02 9.896314485950562512e-01
2.582331613530085626e-02 9.895880439485079672e-01
2.607451362831877603e-02 9.895441596735748968e-01
2.632815465648021339e-02 9.894995373813827433e-01
2.658426298938541474e-02 9.894548193996950403e-01
2.684286262785454819e-02 9.894075274185717417e-01
2.710397780617682106e-02 9.893599879160328570e-01
2.736763299438163891e-02 9.893116475101009222e-01
2.763385290053169824e-02 9.892621153797214184e-01
2.790266247303856487e-02 9.892113915719342732e-01
2.817408690300057458e-02 9.891599738049984269e-01
2.844815162656363222e-02 9.891080620401517809e-01
2.872488232730495070e-02 9.890544402590832895e-01
2.900430493863991738e-02 9.890002927711899483e-01
2.928644564625237229e-02 9.889449158940781803e-01
2.957133089054861039e-02 9.888884002594336975e-01
2.985898736913520854e-02 9.888307812993566426e-01
3.014944203932094433e-02 9.887720252738591009e-01
3.044272212064302874e-02 9.887122101844676436e-01
3.073885509741795460e-02 9.886512265668404575e-01
3.103786872131722788e-02 9.885888383787381217e-01
3.133979101396793671e-02 9.885254411622850235e-01
3.164465026957891114e-02 9.884605832402310055e-01
3.195247505759213347e-02 9.883948800117052791e-01
3.226329422536015901e-02 9.883274958358061468e-01
3.257713690084949876e-02 9.882589516288589060e-01
3.289403249537032475e-02 9.881931663998470006e-01
3.321401070633261954e-02 9.881176289770372545e-01
3.353710152002930406e-02 9.880448574591114141e-01
3.386333521444636480e-02 9.879705584902179760e-01
3.419274236210027851e-02 9.878954277480898050e-01
3.452535383290306070e-02 9.878177645150973962e-01
3.486120079705520153e-02 9.877390866403666925e-01
3.520031472796678745e-02 9.876592311385697931e-01
3.554272740520694751e-02 9.875772642369848864e-01
3.588847091748199186e-02 9.874939335757724201e-01
3.623757766564258964e-02 9.874091711369009650e-01
3.659008036572020811e-02 9.873226986449313847e-01
3.694601205199302130e-02 9.872345445017227661e-01
3.730540608008161424e-02 9.871448469181373087e-01
3.766829613007490613e-02 9.870532003045836555e-01
3.803471620968648659e-02 9.869594435449962067e-01
3.840470065744145539e-02 9.868642423394446972e-01
3.877828414589457040e-02 9.867670155288639222e-01
3.915550168487941241e-02 9.866684149456593778e-01
3.953638862478930927e-02 9.865668925423691782e-01
3.992098065989020672e-02 9.864641474931096221e-01
4.030931383166566628e-02 9.863596297530493606e-01
4.070142453219438572e-02 9.862527258633659866e-01
4.109734950756069316e-02 9.861437331996821820e-01
4.149712586129815362e-02 9.860324429444607963e-01
4.190079105786669034e-02 9.859199416221980927e-01
4.230838292616342228e-02 9.858045626950645568e-01
4.271993966306778662e-02 9.856866261153207631e-01
4.313549983702118923e-02 9.855663590302354837e-01
4.355510239164130798e-02 9.854444697374342699e-01
4.397878664937160398e-02 9.853197595490438276e-01
4.440659231516640160e-02 9.851924552291599912e-01
4.483855948021186338e-02 9.850630068561908592e-01
4.527472862568297785e-02 9.849305543498737547e-01
4.571514062653719151e-02 9.847954362599843359e-01
4.615983675534499064e-02 9.846605685955369669e-01
4.660885868615767536e-02 9.845186313894639385e-01
4.706224849841281199e-02 9.843760927813792749e-01
4.752004868087766204e-02 9.842307817350711696e-01
4.798230213563085128e-02 9.840821711520590931e-01
4.844905218208294534e-02 9.839345980734316433e-01
4.892034256103611894e-02 9.837772799023967174e-01
4.939621743878321036e-02 9.836212069922919410e-01
4.987672141124663283e-02 9.834604732202257837e-01
5.036189950815770505e-02 9.832979527597179858e-01
5.085179719727656034e-02 9.831317239557595400e-01
5.134646038865306461e-02 9.829623591188844101e-01
5.184593543892913187e-02 9.827889250100160234e-01
5.235026915568305461e-02 9.826115037830667198e-01
5.285950880181603667e-02 9.824330966922869557e-01
5.337370209998133774e-02 9.822505911740517792e-01
5.389289723705643909e-02 9.820635075172997608e-01
5.441714286865893119e-02 9.818733965276281728e-01
5.494648812370611646e-02 9.816798168091540600e-01
5.548098260901916656e-02 9.814817521042211723e-01
5.602067641397187603e-02 9.812808252001610221e-01
5.656562011518465050e-02 9.810755031668889625e-01
5.711586478126431943e-02 9.808668363305943494e-01
5.767146197758996756e-02 9.806533211461283539e-01
5.823246377114527778e-02 9.804359508711839588e-01
5.879892273539785025e-02 9.802260850473429876e-01
5.937089195522609469e-02 9.799894067277742371e-01
5.994842503189409116e-02 9.797587768060773694e-01
6.053157608807464840e-02 9.795243141735747727e-01
6.112039977292132997e-02 9.792854878629548843e-01
6.171495126718981594e-02 9.790413632024714818e-01
6.231528628840921763e-02 9.787929956113288199e-01
6.292146109610344262e-02 9.785397060582209372e-01
6.353353249706343575e-02 9.782815076914076480e-01
6.415155785067082339e-02 9.780199162612770447e-01
6.477559507427335661e-02 9.777517880444484000e-01
6.540570264861225724e-02 9.774787777022746482e-01
6.604193962330305590e-02 9.772009602235809389e-01
6.668436562236895737e-02 9.769169840752023326e-01
6.733304084982863480e-02 9.766278253283174893e-01
6.798802609533814711e-02 9.763326169188568660e-01
6.864938273988777095e-02 9.760320278833075625e-01
6.931717276155408003e-02 9.757240896914015638e-01
6.999145874130821565e-02 9.754153321178427039e-01
7.067230386888070925e-02 9.750960653104165932e-01
7.135977194868306506e-02 9.747722992241432127e-01
7.205392740578704658e-02 9.744379107590270817e-01
7.275483529196229149e-02 9.741054032496473392e-01
7.346256129177256011e-02 9.737622291769860716e-01
7.417717172873124210e-02 9.734124168576966385e-01
7.489873357151664857e-02 9.730562380916671916e-01
7.562731444024800576e-02 9.726940570516341422e-01
7.636298261282241373e-02 9.723280583285089929e-01
7.710580703131336699e-02 9.719474054932473184e-01
7.785585730843146146e-02 9.715642826874200111e-01
7.861320373404813433e-02 9.711721028022954894e-01
7.937791728178281159e-02 9.707736754636875354e-01
8.015006961565404597e-02 9.703672422994521485e-01
8.092973309679550586e-02 9.699543419206524408e-01
8.171698079023696770e-02 9.695317635587498151e-01
8.251188647175167201e-02 9.691016109215969676e-01
8.331452463477014014e-02 9.686634388686011787e-01
8.412497049736118726e-02 9.682169477423617776e-01
8.494330000928071445e-02 9.677621466924495319e-01
8.576958985908941790e-02 9.672981600385232026e-01
8.660391748133952627e-02 9.668317660618652720e-01
8.744636106383144036e-02 9.663454516875886746e-01
8.829699955494091368e-02 9.658551888534304686e-01
8.915591267101763417e-02 9.653557970963813073e-01
9.002318090385581784e-02 9.648470971881151215e-01
9.089888552823731371e-02 9.643281658877551621e-01
9.178310860954806694e-02 9.637999816135830455e-01
9.267593301146882789e-02 9.632628401823019049e-01
9.357744240374062106e-02 9.627134306721720769e-01
9.448772127000577836e-02 9.621551383792517065e-01
9.540685491572513388e-02 9.615858689285822214e-01
9.633492947617222635e-02 9.610090146236692776e-01
9.727203192450542546e-02 9.604148277859829719e-01
9.821825007991856482e-02 9.598137686295435955e-01
9.917367261587073379e-02 9.592011003610457776e-01
1.001383890683960748e-01 9.585764302697828976e-01
1.011124898444945991e-01 9.579397560680369406e-01
1.020960662306047012e-01 9.572919194109366092e-01
1.030892104011576216e-01 9.566326025425323509e-01
1.040920154272158005e-01 9.559610485683541770e-01
1.051045752851944987e-01 9.552759108281325684e-01
1.061269848656690717e-01 9.545785373687993847e-01
1.071593399822671072e-01 9.538678967047905521e-01
1.082017373806478805e-01 9.531438711770774397e-01
1.092542747475682557e-01 9.524069235306701353e-01
1.103170507200377515e-01 9.516558027153683152e-01
1.113901648945616746e-01 9.508921156170159206e-01
1.124737178364751955e-01 9.501133313787067936e-01
1.135678110893671017e-01 9.493196001210753021e-01
1.146725471845963656e-01 9.485116796433801234e-01
1.157880296509002094e-01 9.477011478008996459e-01
1.169143630240966764e-01 9.468517308328818771e-01
1.180516528568804902e-01 9.459988624755363285e-01
1.192000057287153220e-01 9.451302406104143961e-01
1.203595292558212876e-01 9.442457882511268163e-01
1.215303321012602134e-01 9.433555970868425788e-01
1.227125239851190319e-01 9.424276296688086640e-01
1.239062156947916271e-01 9.415063958548850476e-01
1.251115190953615564e-01 9.405426133324540361e-01
1.263285471400849291e-01 9.395748170899063112e-01
1.275574138809759950e-01 9.385888360476228875e-01
1.287982344794950385e-01 9.375844180542663997e-01
1.300511252173409127e-01 9.365625710737698340e-01
1.313162035073478784e-01 9.355222528113360525e-01
1.325935879044890797e-01 9.344630612814265325e-01
1.338833981169864351e-01 9.333845953719780431e-01
1.351857550175293021e-01 9.322867069010022378e-01
1.365007806546013891e-01 9.311908074479561259e-01
1.378285982639189389e-01 9.300322959571718506e-01
1.391693322799789911e-01 9.288741089654313221e-01
1.405231083477211373e-01 9.276955159581986576e-01
1.418900533343016301e-01 9.264958623442712815e-01
1.432702953409830948e-01 9.252749072115404871e-01
1.446639637151387880e-01 9.240318867280435944e-01
1.460711890623745679e-01 9.227736992992329190e-01
1.474921032587684921e-01 9.214800326452402546e-01
1.489268394632288772e-01 9.201699546925263817e-01
1.503755321299738434e-01 9.188367360705202991e-01
1.518383170211306810e-01 9.174808730374514054e-01
1.533153312194593942e-01 9.161004642154014777e-01
1.548067131411984265e-01 9.146957844277294747e-01
1.563126025490369497e-01 9.132671734044780498e-01
1.578331405652117214e-01 9.118130669021750068e-01
1.593684696847328941e-01 9.103331672348715653e-01
1.609187337887370006e-01 9.088280486674054082e-01
1.624840781579713067e-01 9.072970811832974380e-01
1.640646494864078653e-01 9.057397724004060402e-01
1.656605958949914359e-01 9.041547312091738897e-01
1.672720669455196874e-01 9.025430853307664369e-01
1.688992136546599021e-01 9.009008812268040067e-01
1.705421885081006561e-01 8.992368548114509919e-01
1.722011454748421100e-01 8.975408992110704975e-01
1.738762400216251336e-01 8.958164821977786518e-01
1.755676291275001522e-01 8.940610794662013916e-01
1.772754712985387948e-01 8.922779800222806479e-01
1.789999265826875408e-01 8.904644312030047804e-01
1.807411565847668600e-01 8.886210220099910462e-01
1.824993244816152382e-01 8.867459496200711389e-01
1.842745950373816666e-01 8.848381071603900194e-01
1.860671346189656239e-01 8.828996488676457144e-01
1.878771112116086051e-01 8.809286624202039562e-01
1.897046944346358344e-01 8.789263284814149424e-01
1.915500555573527997e-01 8.768895391846029952e-01
1.934133675150944698e-01 8.748197653695174436e-01
1.952948049254327745e-01 8.727172391367159499e-01
1.971945441045395986e-01 8.705781823689227039e-01
1.991127630837108697e-01 8.684049118342173079e-01
2.010496416260497965e-01 8.661970990204870269e-01
2.030053612433137811e-01 8.639533946763252592e-01
2.049801052129238688e-01 8.616733359356424371e-01
2.069740585951406198e-01 8.593566813726588594e-01
2.089874082504071251e-01 8.570071689917154734e-01
2.110203428568595552e-01 8.546155826353388774e-01
2.130730529280097374e-01 8.521844877683123487e-01
2.151457308305980698e-01 8.497181351552040018e-01
2.172385708026215445e-01 8.472124322013131481e-01
2.193517689715359098e-01 8.446672091400732052e-01
2.214855233726360506e-01 8.420833168802417390e-01
2.236400339676138660e-01 8.394587963473737480e-01
2.258155026632983065e-01 8.367946394688204892e-01
2.280121333305757114e-01 8.340897187083770037e-01
2.302301318234963867e-01 8.313431923012916114e-01
2.324697059985647851e-01 8.285547984973545832e-01
2.347310657342196183e-01 8.257252130156521597e-01
2.370144229505012079e-01 8.228519977479112901e-01
2.393199916289123208e-01 8.199358633850245548e-01
2.416479878324700736e-01 8.169782190993511994e-01
2.439986297259550130e-01 8.139762118754503284e-01
2.463721375963552895e-01 8.109293379840281091e-01
2.487687338735107279e-01 8.078389429250316667e-01
2.511886431509580686e-01 8.047022220355615207e-01
2.536320922069775774e-01 8.015226665948814722e-01
2.560993100258459609e-01 7.982973406171748332e-01
2.585905278192945911e-01 7.950258952640294474e-01
2.611059790481781162e-01 7.917072195042592631e-01
2.636458994443517945e-01 7.883432512602329689e-01
2.662105270327638773e-01 7.849325247437083375e-01
2.688001021537606006e-01 7.814737473368157383e-01
2.714148674856106669e-01 7.779685895440617838e-01
2.740550680672460548e-01 7.744154176364337339e-01
2.767209513212268712e-01 7.708142888552075300e-01
2.794127670769268601e-01 7.671649029003518860e-01
2.821307675939472293e-01 7.634680615668013592e-01
2.848752075857552413e-01 7.597211943634468723e-01
2.876463442435557849e-01 7.559250206975235420e-01
2.904444372603925406e-01 7.520832998568210970e-01
2.932697488554852905e-01 7.481881726151256018e-01
2.961225437988035947e-01 7.442452111371663515e-01
2.990030894358785551e-01 7.402529109009741148e-01
3.019116557128577738e-01 7.362106461003629088e-01
3.048485152018017286e-01 7.321185123706369646e-01
3.078139431262288950e-01 7.279765559555990695e-01
3.108082173869063936e-01 7.237843905486309737e-01
3.138316185878944342e-01 7.195434121988191212e-01
3.168844300628416155e-01 7.152539898511609540e-01
3.199669379015380732e-01 7.109084428318351856e-01
3.230794309767249795e-01 7.065164701476805975e-01
3.262222009711669979e-01 7.020737567799806289e-01
3.293955424049855307e-01 6.975815749464661097e-01
3.325997526632606949e-01 6.930388796258274420e-01
3.358351320238990301e-01 6.884476939824692998e-01
3.391019836857747105e-01 6.838053990835145646e-01
3.424006137971423724e-01 6.791131654914602800e-01
3.457313314843284413e-01 6.743727818072206004e-01
3.490944488806992929e-01 6.695829572920113382e-01
3.524902811559130766e-01 6.647430397310111205e-01
3.559191465454557002e-01 6.598567511326340895e-01
3.593813663804627523e-01 6.549203328347678044e-01
3.628772651178337472e-01 6.499364800732523317e-01
3.664071703706370808e-01 6.449053352671154649e-01
3.699714129388128048e-01 6.398269960543681023e-01
3.735703268401719401e-01 6.347001458487032677e-01
3.772042493416999376e-01 6.295196608666594473e-01
3.808735209911614517e-01 6.243095533352331916e-01
3.845784856490158665e-01 6.190427065724535272e-01
3.883194905206404091e-01 6.137364970307745971e-01
3.920968861888690649e-01 6.083842633971899838e-01
3.959110266468458539e-01 6.029875041472001485e-01
3.997622693312000708e-01 5.975476475033026924e-01
4.036509751555413805e-01 5.920656088154320207e-01
4.075775085442840395e-01 5.865413641812705636e-01
4.115422374667966343e-01 5.809763039973698806e-01
4.155455334718875515e-01 5.753725790029073917e-01
4.195877717226225712e-01 5.697287010561059573e-01
4.236693310314835759e-01 5.640461342160631997e-01
4.277905938958687093e-01 5.583294213990875887e-01
4.319519465339363706e-01 5.525689197387059215e-01
4.361537789208005944e-01 5.467777893363175989e-01
4.403964848250754294e-01 5.409510344207554278e-01
4.446804618457780300e-01 5.350902382497687571e-01
4.490061114495874639e-01 5.291975187694464289e-01
4.533738390084691150e-01 5.232730318491489729e-01
4.577840538376618529e-01 5.173195925020948049e-01
4.622371692340384031e-01 5.113373633726777667e-01
4.667336025148346446e-01 5.053257757352479507e-01
4.712737750567601580e-01 4.992895591009653966e-01
4.758581123354846953e-01 4.932285918332067753e-01
4.804870439655131720e-01 4.871388585808401062e-01
4.851610037404442966e-01 4.810299946636924506e-01
4.898804296736250508e-01 4.748999794817765352e-01
4.946457640391963562e-01 4.687504735820461343e-01
4.994574534135413635e-01 4.625825985314642730e-01
5.043159487171361421e-01 4.563979423553121140e-01
5.092217052568053237e-01 4.501985757750828765e-01
5.141751827683928022e-01 4.439853756946681718e-01
5.191768454598426619e-01 4.377601799021841877e-01
5.242271620547044320e-01 4.315238603710152554e-01
5.293266058360561743e-01 4.252790716309117203e-01
5.344756546908600026e-01 4.190268089811182151e-01
5.396747911547442600e-01 4.127710795277437228e-01
5.449245024572260121e-01 4.065098897782902232e-01
5.502252805673685243e-01 4.002472378518592833e-01
5.555776222398878250e-01 3.939921532214323840e-01
5.609820290617031358e-01 3.877230103801797001e-01
5.664390074989449353e-01 3.814653224837436518e-01
5.719490689444144405e-01 3.752112090052793225e-01
5.775127297655114900e-01 3.689666582513850268e-01
5.831305113526221717e-01 3.627295074074990411e-01
5.888029401679826247e-01 3.564978507188968360e-01
5.945305477950136863e-01 3.502886492864483170e-01
6.003138709881384871e-01 3.440903986045926177e-01
6.061534517230839914e-01 3.379001472345348756e-01
6.120498372476699256e-01 3.317395678653858870e-01
6.180035801330957534e-01 3.255981366518357900e-01
6.240152383257209223e-01 3.194752949912144091e-01
6.300853751993553686e-01 3.133715455156383389e-01
6.362145596080520660e-01 3.073029914930890949e-01
6.424033659394193796e-01 3.012573465729073141e-01
6.486523741684461219e-01 2.952397376657699413e-01
6.549621699118558515e-01 2.892559400921356771e-01
6.613333444829840868e-01 2.833038714719376960e-01
6.677664949471955325e-01 2.773901565017789506e-01
6.742622241778342129e-01 2.715068502360882818e-01
6.808211409127237213e-01 2.656652660558655454e-01
6.874438598112112553e-01 2.598640378204769008e-01
6.941310015117725385e-01 2.541040600552764706e-01
7.008831926901714082e-01 2.483888359413247426e-01
7.077010661181889484e-01 2.427198801713107423e-01
7.145852607229240538e-01 2.370978153270838218e-01
7.215364216466665370e-01 2.315228094803394865e-01
7.285552003073593186e-01 2.260130276566034990e-01
7.356422544596413760e-01 2.205299027538792089e-01
7.427982482564918776e-01 2.151124579048301622e-01
7.500238523114668432e-01 2.097492026693750233e-01
7.573197437615483141e-01 2.044453163298388110e-01
7.646866063305975958e-01 1.991949808705520408e-01
7.721251303934327792e-01 1.940106500490132169e-01
7.796360130405233235e-01 1.888853366078881713e-01
7.872199581433195759e-01 1.838159066030563005e-01
7.948776764202123424e-01 1.788182632416417672e-01
8.026098855031396084e-01 1.738789566383246443e-01
8.104173100048355227e-01 1.690116239073712334e-01
8.183006815867394090e-01 1.642080975473992066e-01
8.262607390275591435e-01 1.594728008992166435e-01
8.342982282925082149e-01 1.548068174661628438e-01
8.424139026032094746e-01 1.502103101529442541e-01
8.506085225082840040e-01 1.456877842265873746e-01
8.588828559546254349e-01 1.412339101937780950e-01
8.672376783593644944e-01 1.368509093808591148e-01
8.756737726825394308e-01 1.325475614410872305e-01
8.841919295004664336e-01 1.283173728943040326e-01
8.927929470798307010e-01 1.241516170381585793e-01
9.014776314524917122e-01 1.200683285978109693e-01
9.102467964910225806e-01 1.160621233210963332e-01
9.191012639849772681e-01 1.121261216346463307e-01
9.280418637179072006e-01 1.082747061148584544e-01
9.370694335451198453e-01 1.044992598486309404e-01
9.461848194722002336e-01 1.007984042057940705e-01
9.553888757342895444e-01 9.716950759253294156e-02
9.646824648761427312e-01 9.362838342829352123e-02
9.740664578329562007e-01 9.018081337809819020e-02
9.835417340119908536e-01 8.677624271938057243e-02
9.931091813749796104e-01 8.345859712991447743e-02
1.002769696521346621e+00 8.022420121783595259e-02
1.012524184772224167e+00 7.706771258804499813e-02
1.022373560255302127e+00 7.398790332535103154e-02
1.032318745990486564e+00 7.098415404335543799e-02
1.042360673976402197e+00 6.806017546918184669e-02
1.052500285277732761e+00 6.521113157106174507e-02
1.062738530113414459e+00 6.243839741168901586e-02
1.073076367945679621e+00 5.973892390845964018e-02
1.083514767569973225e+00 5.711934786577570200e-02
1.094054707205742494e+00 5.457208986054148947e-02
1.104697174588111785e+00 5.209905238781169928e-02
1.115443167060441221e+00 4.969948117091716605e-02
1.126293691667795249e+00 4.737175435962528991e-02
1.137249765251314271e+00 4.511705571015882377e-02
1.148312414543511073e+00 4.293268951466350930e-02
1.159482676264482759e+00 4.081927615052415026e-02
1.170761597219069250e+00 3.877523917742246862e-02
1.182150234394952371e+00 3.680008831700486843e-02
1.193649655061713055e+00 3.489246321845636961e-02
1.205260936870842681e+00 3.305359783757219616e-02
1.216985167956738056e+00 3.127663796352766340e-02
1.228823447038673411e+00 2.956705863167906345e-02
1.240776883523764251e+00 2.791949660000856218e-02
1.252846597610937529e+00 2.633687761003580818e-02
1.265033720395903893e+00 2.481527072745763271e-02
1.277339393977160009e+00 2.335309728354651587e-02
1.289764771563017165e+00 2.195187456097066198e-02
1.302311017579677488e+00 2.060759398418645499e-02
1.314979307780347773e+00 1.932120757245765069e-02
1.327770829355430449e+00 1.808916035359226654e-02
1.340686781043774811e+00 1.691155821673602511e-02
1.353728373245021821e+00 1.578870269756789055e-02
1.366896828133026487e+00 1.471773975003988141e-02
1.380193379770397355e+00 1.369759284650983421e-02
1.393619274224142002e+00 1.272559287106555040e-02
1.407175769682446731e+00 1.180284066425019845e-02
1.420864136572576708e+00 1.092690579913250214e-02
1.434685657679937831e+00 1.009658240590995647e-02
1.448641628268290127e+00 9.310458021234873857e-03
1.462733356201129986e+00 8.568382722341902694e-03
1.476962162064259898e+00 7.866975900438237870e-03
1.491329379289537682e+00 7.206395838598402513e-03
1.505836354279841416e+00 6.584902568741948618e-03
1.520484446535244283e+00 6.001428436906975500e-03
1.535275028780422657e+00 5.454141714897894379e-03
1.550209487093291205e+00 4.942735089550473991e-03
1.565289221034902312e+00 4.465105137564286814e-03
1.580515643780601165e+00 4.020156565415744163e-03
1.595890182252465817e+00 3.606959936557198841e-03
1.611414277253019778e+00 3.223397399575036928e-03
1.627089383600260675e+00 2.869081938326651510e-03
1.642916970263993193e+00 2.542423779159230009e-03
1.658898520503498064e+00 2.242230466078535579e-03
1.675035532006524441e+00 1.967297658366548140e-03
1.691329517029648732e+00 1.716392758477721346e-03
1.707782002539993016e+00 1.488325911207842665e-03
1.724394530358320354e+00 1.281895228938201856e-03
1.741168657303530987e+00 1.095938489344370874e-03
1.758105955338547632e+00 9.293206826155408877e-04
1.775208011717636092e+00 7.808475327237462873e-04
1.792476429135148930e+00 6.494267991364575682e-04
1.809912825875727105e+00 5.339348179482367174e-04
1.827518835965944666e+00 4.332625785507571744e-04
1.845296109327445366e+00 3.463323912180350491e-04
1.863246311931559873e+00 2.720711765124969247e-04
1.881371125955437096e+00 2.094232828204645072e-04
1.899672249939675650e+00 1.573487909609387527e-04
1.918151398947507635e+00 1.148208954446176399e-04
1.936810304725519849e+00 8.083163187142374060e-05
1.955650715865949074e+00 5.438581792958314872e-05
1.974674397970537454e+00 3.450252183835895840e-05
1.993883133816001019e+00 2.021701245680095437e-05
2.013278723521096492e+00 1.057940663412942580e-05
2.032862984715323673e+00 4.653285468471924616e-06
2.052637752709252084e+00 1.516652517334814168e-06
2.072604880666519822e+00 2.617475409442182200e-07
2.092766239777499759e+00 0.000000000000000000e+00
