1.000000000000000021e-02 1.918824481397954473e+00
1.009727545900835841e-02 1.918820465450670421e+00
1.019549716950923779e-02 1.918816364152870158e+00
1.029467433620748044e-02 1.918812806793895653e+00
1.039481625334708927e-02 1.918808541217320807e+00
1.049593230558227772e-02 1.918804186969862213e+00
1.059803196885688789e-02 1.918799742752109960e+00
1.070112481129246833e-02 1.918795196480556298e+00
1.080522049408488318e-02 1.918790535556571086e+00
1.091032877240974419e-02 1.918785793328128930e+00
1.101645949633656314e-02 1.918780932584187360e+00
1.112362261175187626e-02 1.918775956692909679e+00
1.123182816129126085e-02 1.918770887419540383e+00
1.134108628528052165e-02 1.918765721084849440e+00
1.145140722268592030e-02 1.918760460728974770e+00
1.156280131207376022e-02 1.918755083903452396e+00
1.167527899257919492e-02 1.918749607488437592e+00
1.178885080488457221e-02 1.918744019047930571e+00
1.190352739220719262e-02 1.918738316464673410e+00
1.201931950129673729e-02 1.918732610549981787e+00
1.213623798344241195e-02 1.918726801734548904e+00
1.225429379548980714e-02 1.918720848179559235e+00
1.237349800086776086e-02 1.918714767421382472e+00
1.249386177062509519e-02 1.918708592409565927e+00
1.261539638447754796e-02 1.918702272098402828e+00
1.273811323186478488e-02 1.918695801095345654e+00
1.286202381301779218e-02 1.918689230949059743e+00
1.298713974003655978e-02 1.918682534523477035e+00
1.311347273797833224e-02 1.918675749663001584e+00
1.324103464595636874e-02 1.918668913933541553e+00
1.336983741824946531e-02 1.918662043449110399e+00
1.349989312542219239e-02 1.918655016599142282e+00
1.363121395545611320e-02 1.918647816885275637e+00
1.376381221489191876e-02 1.918640457207601457e+00
1.389770032998276401e-02 1.918632860870643775e+00
1.403289084785873213e-02 1.918625293467532966e+00
1.416939643770268736e-02 1.918621824870721637e+00
1.430722989193757184e-02 1.918613796426388518e+00
1.444640412742520530e-02 1.918601882321644192e+00
1.458693218667675602e-02 1.918593788075833473e+00
1.472882723907502529e-02 1.918585488562558172e+00
1.487210258210860774e-02 1.918577001177687480e+00
1.501677164261799868e-02 1.918568376806084830e+00
1.516284797805393485e-02 1.918559652437945573e+00
1.531034527774784160e-02 1.918550839948921283e+00
1.545927736419477720e-02 1.918541842741219083e+00
1.560965819434872483e-02 1.918532606887110692e+00
1.576150186093060873e-02 1.918523228545542914e+00
1.591482259374891323e-02 1.918513665119110811e+00
1.606963476103326349e-02 1.918503997164658248e+00
1.622595287078087284e-02 1.918493589438257541e+00
1.638379157211618947e-02 1.918483431718347010e+00
1.654316565666366645e-02 1.918472838747785847e+00
1.670409005993399310e-02 1.918462819420529764e+00
1.686657986272368723e-02 1.918452018675477211e+00
1.703065029252844378e-02 1.918441205782309922e+00
1.719631672497009753e-02 1.918429837692439355e+00
1.736359468523754335e-02 1.918418264600882273e+00
1.753249984954170088e-02 1.918406682311796008e+00
1.770304804658450262e-02 1.918394525596048172e+00
1.787525525904235316e-02 1.918380473470813863e+00
1.804913762506383731e-02 1.918367801362967029e+00
1.822471143978214581e-02 1.918354856202155734e+00
1.840199315684210371e-02 1.918341545447861174e+00
1.858099938994215231e-02 1.918328107276940253e+00
1.876174691439120440e-02 1.918314422450543510e+00
1.894425266868081034e-02 1.918300586270316410e+00
1.912853375607242307e-02 1.918287166766465379e+00
1.931460744620030340e-02 1.918272760606505312e+00
1.950249117668984011e-02 1.918257930135123912e+00
1.969220255479172538e-02 1.918243000983288482e+00
1.988375935903200636e-02 1.918226495483268845e+00
2.007717954087816226e-02 1.918211515729192351e+00
2.027248122642137662e-02 1.918194796998313967e+00
2.046968271807520987e-02 1.918178482582503674e+00
2.066880249629082095e-02 1.918161794510399698e+00
2.086985922128879734e-02 1.918144859829487459e+00
2.107287173480786382e-02 1.918127816900168536e+00
2.127785906187062287e-02 1.918110342460798590e+00
2.148484041256648255e-02 1.918092534995342602e+00
2.169383518385184506e-02 1.918074290343720678e+00
2.190486296136792688e-02 1.918056148422659701e+00
2.211794352127614133e-02 1.918037162396538209e+00
2.233309683211144592e-02 1.918017915041470678e+00
2.255034305665360936e-02 1.917996428606408399e+00
2.276970255381680075e-02 1.917978004686803351e+00
2.299119588055741764e-02 1.917966051726189836e+00
2.321484379380064564e-02 1.917939917439195563e+00
2.344066725238556220e-02 1.917994517440656743e+00
2.366868741902936057e-02 1.917893913482416668e+00
2.389892566231050300e-02 1.917871721072141433e+00
2.413140355867127856e-02 1.917849088312965744e+00
2.436614289443983158e-02 1.917823928168474135e+00
2.460316566787181664e-02 1.917800410786920429e+00
2.484249409121190577e-02 1.917778543775727540e+00
2.508415059277539771e-02 1.917750726516274318e+00
2.532815781905008515e-02 1.917725708632993520e+00
2.557453863681850847e-02 1.917700651791860889e+00
2.582331613530085626e-02 1.917678006757799869e+00
2.607451362831877603e-02 1.917648399949379856e+00
2.632815465648021339e-02 1.917621560281004056e+00
2.658426298938541474e-02 1.917594351272201791e+00
2.684286262785454819e-02 1.917566836002913222e+00
2.710397780617682106e-02 1.917538722513742577e+00
2.736763299438163891e-02 1.917510045954394560e+00
2.763385290053169824e-02 1.917480707257361416e+00
2.790266247303856487e-02 1.917450843271970351e+00
2.817408690300057458e-02 1.917420520354775615e+00
2.844815162656363222e-02 1.917389571671064941e+00
2.872488232730495070e-02 1.917358093454497814e+00
2.900430493863991738e-02 1.917325738561014514e+00
2.928644564625237229e-02 1.917292972938546614e+00
2.957133089054861039e-02 1.917259411968862182e+00
2.985898736913520854e-02 1.917225295407006813e+00
3.014944203932094433e-02 1.917190243707415087e+00
3.044272212064302874e-02 1.917154544299886965e+00
3.073885509741795460e-02 1.917118302826483767e+00
3.103786872131722788e-02 1.917081067640199699e+00
3.133979101396793671e-02 1.917043126144983844e+00
3.164465026957891114e-02 1.917004278206245527e+00
3.195247505759213347e-02 1.916964591749106051e+00
3.226329422536015901e-02 1.916923992158364509e+00
3.257713690084949876e-02 1.916882640927684234e+00
3.289403249537032475e-02 1.916840503447028388e+00
3.321401070633261954e-02 1.916797431018436804e+00
3.353710152002930406e-02 1.916753732986890002e+00
3.386333521444636480e-02 1.916709187602664510e+00
3.419274236210027851e-02 1.916663522153503108e+00
3.452535383290306070e-02 1.916617153245732119e+00
3.486120079705520153e-02 1.916569555502688260e+00
3.520031472796678745e-02 1.916520879528859744e+00
3.554272740520694751e-02 1.916469013146213207e+00
3.588847091748199186e-02 1.916418775998359969e+00
3.623757766564258964e-02 1.916367129724305673e+00
3.659008036572020811e-02 1.916316825371064958e+00
3.694601205199302130e-02 1.916260818385458142e+00
3.730540608008161424e-02 1.916209063358565112e+00
3.766829613007490613e-02 1.916154651254751595e+00
3.803471620968648659e-02 1.916098388625663507e+00
3.840470065744145539e-02 1.916042440128974178e+00
3.877828414589457040e-02 1.915984745357813601e+00
3.915550168487941241e-02 1.915925780095617093e+00
3.953638862478930927e-02 1.915866535174094665e+00
3.992098065989020672e-02 1.915803830401842989e+00
4.030931383166566628e-02 1.915741195910061423e+00
4.070142453219438572e-02 1.915676312718519458e+00
4.109734950756069316e-02 1.915610604581069021e+00
4.149712586129815362e-02 1.915543023641132603e+00
4.190079105786669034e-02 1.915474291627399905e+00
4.230838292616342228e-02 1.915404371874587452e+00
4.271993966306778662e-02 1.915333290286891810e+00
4.313549983702118923e-02 1.915260166325088109e+00
4.355510239164130798e-02 1.915187270139641074e+00
4.397878664937160398e-02 1.915113051293457547e+00
4.440659231516640160e-02 1.915037067082311140e+00
4.483855948021186338e-02 1.914959959451657090e+00
4.527472862568297785e-02 1.914880782971267292e+00
4.571514062653719151e-02 1.914800102713730023e+00
4.615983675534499064e-02 1.914717703487942790e+00
4.660885868615767536e-02 1.914633684033056449e+00
4.706224849841281199e-02 1.914549552710291813e+00
4.752004868087766204e-02 1.914462197967732315e+00
4.798230213563085128e-02 1.914373006604934480e+00
4.844905218208294534e-02 1.914281957740969320e+00
4.892034256103611894e-02 1.914189398317062807e+00
4.939621743878321036e-02 1.914094905179326123e+00
4.987672141124663283e-02 1.913998241536059020e+00
5.036189950815770505e-02 1.913899961862853827e+00
5.085179719727656034e-02 1.913800180781618065e+00
5.134646038865306461e-02 1.913698464832015889e+00
5.184593543892913187e-02 1.913594248801825382e+00
5.235026915568305461e-02 1.913488093094889431e+00
5.285950880181603667e-02 1.913379887285345360e+00
5.337370209998133774e-02 1.913269159913205453e+00
5.389289723705643909e-02 1.913156163164979384e+00
5.441714286865893119e-02 1.913040687999431499e+00
5.494648812370611646e-02 1.912923247589012776e+00
5.548098260901916656e-02 1.912803954368568204e+00
5.602067641397187603e-02 1.912682581367166179e+00
5.656562011518465050e-02 1.912558726163904765e+00
5.711586478126431943e-02 1.912430261175413815e+00
5.767146197758996756e-02 1.912301600208800245e+00
5.823246377114527778e-02 1.912170522384346150e+00
5.879892273539785025e-02 1.912036946905847135e+00
5.937089195522609469e-02 1.911901323951413767e+00
5.994842503189409116e-02 1.911760876739315274e+00
6.053157608807464840e-02 1.911618839933242331e+00
6.112039977292132997e-02 1.911476240222560241e+00
6.171495126718981594e-02 1.911328744338568697e+00
6.231528628840921763e-02 1.911178608498088849e+00
6.292146109610344262e-02 1.911022706443059826e+00
6.353353249706343575e-02 1.910867304082867202e+00
6.415155785067082339e-02 1.910709055396798250e+00
6.477559507427335661e-02 1.910547037475030407e+00
6.540570264861225724e-02 1.910385652957030445e+00
6.604193962330305590e-02 1.910217903419784147e+00
6.668436562236895737e-02 1.910046480927747314e+00
6.733304084982863480e-02 1.909870436301204011e+00
6.798802609533814711e-02 1.909693082723676660e+00
6.864938273988777095e-02 1.909508823867667626e+00
6.931717276155408003e-02 1.909324257878283859e+00
6.999145874130821565e-02 1.909136076810055815e+00
7.067230386888070925e-02 1.908943262298843813e+00
7.135977194868306506e-02 1.908746416538326551e+00
7.205392740578704658e-02 1.908548168283463298e+00
7.275483529196229149e-02 1.908344212785327620e+00
7.346256129177256011e-02 1.908132574668853554e+00
7.417717172873124210e-02 1.907922823435523885e+00
7.489873357151664857e-02 1.907709542700755323e+00
7.562731444024800576e-02 1.907488342431713280e+00
7.636298261282241373e-02 1.907262719429636766e+00
7.710580703131336699e-02 1.907032563154789750e+00
7.785585730843146146e-02 1.906797779995573094e+00
7.861320373404813433e-02 1.906558258915799886e+00
7.937791728178281159e-02 1.906319772336788620e+00
8.015006961565404597e-02 1.906072966150425207e+00
8.092973309679550586e-02 1.905821005046332450e+00
8.171698079023696770e-02 1.905564669887895413e+00
8.251188647175167201e-02 1.905303667594546058e+00
8.331452463477014014e-02 1.905037084173436313e+00
8.412497049736118726e-02 1.904765288328633233e+00
8.494330000928071445e-02 1.904489605536984653e+00
8.576958985908941790e-02 1.904206616018165654e+00
8.660391748133952627e-02 1.903919129349998629e+00
8.744636106383144036e-02 1.903626110233027857e+00
8.829699955494091368e-02 1.903323127567343676e+00
8.915591267101763417e-02 1.903018608661830147e+00
9.002318090385581784e-02 1.902710682063884606e+00
9.089888552823731371e-02 1.902393347744809171e+00
9.178310860954806694e-02 1.902070042957473506e+00
9.267593301146882789e-02 1.901740346509006585e+00
9.357744240374062106e-02 1.901404801652568866e+00
9.448772127000577836e-02 1.901063043749130266e+00
9.540685491572513388e-02 1.900713893025858248e+00
9.633492947617222635e-02 1.900359136291890572e+00
9.727203192450542546e-02 1.899998737216920919e+00
9.821825007991856482e-02 1.899629172426034351e+00
9.917367261587073379e-02 1.899252482820230625e+00
1.001383890683960748e-01 1.898870703050894448e+00
1.011124898444945991e-01 1.898480549091851044e+00
1.020960662306047012e-01 1.898084032945804189e+00
1.030892104011576216e-01 1.897677738951662807e+00
1.040920154272158005e-01 1.897265227422385792e+00
1.051045752851944987e-01 1.896844823671304248e+00
1.061269848656690717e-01 1.896416182387009375e+00
1.071593399822671072e-01 1.895979092773778518e+00
1.082017373806478805e-01 1.895533651467904424e+00
1.092542747475682557e-01 1.895078048975557650e+00
1.103170507200377515e-01 1.894614151689207660e+00
1.113901648945616746e-01 1.894141392281959435e+00
1.124737178364751955e-01 1.893660048181946554e+00
1.135678110893671017e-01 1.893169746202887804e+00
1.146725471845963656e-01 1.892669912627810591e+00
1.157880296509002094e-01 1.892162399942405981e+00
1.169143630240966764e-01 1.891646228834719556e+00
1.180516528568804902e-01 1.891119777183551509e+00
1.192000057287153220e-01 1.890580647188283558e+00
1.203595292558212876e-01 1.890032236341190996e+00
1.215303321012602134e-01 1.889473655179169986e+00
1.227125239851190319e-01 1.888904751248879466e+00
1.239062156947916271e-01 1.888323655782984112e+00
1.251115190953615564e-01 1.887730267953760421e+00
1.263285471400849291e-01 1.887129990787672851e+00
1.275574138809759950e-01 1.886516314431948338e+00
1.287982344794950385e-01 1.885889388506288622e+00
1.300511252173409127e-01 1.885252158473522011e+00
1.313162035073478784e-01 1.884602634224369577e+00
1.325935879044890797e-01 1.883940611137481236e+00
1.338833981169864351e-01 1.883266634491290059e+00
1.351857550175293021e-01 1.882579633077911874e+00
1.365007806546013891e-01 1.881879788594255309e+00
1.378285982639189389e-01 1.881166453394788940e+00
1.391693322799789911e-01 1.880439776706096744e+00
1.405231083477211373e-01 1.879697823153956726e+00
1.418900533343016301e-01 1.878945502911341991e+00
1.432702953409830948e-01 1.878176630740425068e+00
1.446639637151387880e-01 1.877395204711390431e+00
1.460711890623745679e-01 1.876597681800916240e+00
1.474921032587684921e-01 1.875784766778215928e+00
1.489268394632288772e-01 1.874955874104855535e+00
1.503755321299738434e-01 1.874114439744839045e+00
1.518383170211306810e-01 1.873254079719012255e+00
1.533153312194593942e-01 1.872380782627722562e+00
1.548067131411984265e-01 1.871491721142735987e+00
1.563126025490369497e-01 1.870584741691603048e+00
1.578331405652117214e-01 1.869658914779497083e+00
1.593684696847328941e-01 1.868716368643144943e+00
1.609187337887370006e-01 1.867756133440272581e+00
1.624840781579713067e-01 1.866780011692853902e+00
1.640646494864078653e-01 1.865785661505703130e+00
1.656605958949914359e-01 1.864772282236695000e+00
1.672720669455196874e-01 1.863737754690383719e+00
1.688992136546599021e-01 1.862684950851643206e+00
1.705421885081006561e-01 1.861615695290333106e+00
1.722011454748421100e-01 1.860526479697000690e+00
1.738762400216251336e-01 1.859415777783063550e+00
1.755676291275001522e-01 1.858283569570840177e+00
1.772754712985387948e-01 1.857132195993681512e+00
1.789999265826875408e-01 1.855957663635491972e+00
1.807411565847668600e-01 1.854761725233106340e+00
1.824993244816152382e-01 1.853545228184358074e+00
1.842745950373816666e-01 1.852307035910093935e+00
1.860671346189656239e-01 1.851046166794565684e+00
1.878771112116086051e-01 1.849763285355837672e+00
1.897046944346358344e-01 1.848456307784648311e+00
1.915500555573527997e-01 1.847121438736015531e+00
1.934133675150944698e-01 1.845765787964576132e+00
1.952948049254327745e-01 1.844386139224635679e+00
1.971945441045395986e-01 1.842982192519632578e+00
1.991127630837108697e-01 1.841551771623973099e+00
2.010496416260497965e-01 1.840095705492017730e+00
2.030053612433137811e-01 1.838610248649350076e+00
2.049801052129238688e-01 1.837100077546527377e+00
2.069740585951406198e-01 1.835564909476995465e+00
2.089874082504071251e-01 1.834002987137516083e+00
2.110203428568595552e-01 1.832411743787705438e+00
2.130730529280097374e-01 1.830786704266149201e+00
2.151457308305980698e-01 1.829134905091523766e+00
2.172385708026215445e-01 1.827459360319154014e+00
2.193517689715359098e-01 1.825752119141248908e+00
2.214855233726360506e-01 1.824010494961334938e+00
2.236400339676138660e-01 1.822237210895856219e+00
2.258155026632983065e-01 1.820439282094092226e+00
2.280121333305757114e-01 1.818606406858886748e+00
2.302301318234963867e-01 1.816740021803805227e+00
2.324697059985647851e-01 1.814842040097739639e+00
2.347310657342196183e-01 1.812910077826453747e+00
2.370144229505012079e-01 1.810944977878456541e+00
2.393199916289123208e-01 1.808945182982342192e+00
2.416479878324700736e-01 1.806910962387028752e+00
2.439986297259550130e-01 1.804839783191959368e+00
2.463721375963552895e-01 1.802733334443739066e+00
2.487687338735107279e-01 1.800590669779806641e+00
2.511886431509580686e-01 1.798411788546426804e+00
2.536320922069775774e-01 1.796195990295030631e+00
2.560993100258459609e-01 1.793940358557094772e+00
2.585905278192945911e-01 1.791643335598452014e+00
2.611059790481781162e-01 1.789310612849035698e+00
2.636458994443517945e-01 1.786942014097109732e+00
2.662105270327638773e-01 1.784529362051630930e+00
2.688001021537606006e-01 1.782074591316415546e+00
2.714148674856106669e-01 1.779579570946334233e+00
2.740550680672460548e-01 1.777040930657377116e+00
2.767209513212268712e-01 1.774462075145270434e+00
2.794127670769268601e-01 1.771838098053572175e+00
2.821307675939472293e-01 1.769170982872676934e+00
2.848752075857552413e-01 1.766459238744356064e+00
2.876463442435557849e-01 1.763703594622749060e+00
2.904444372603925406e-01 1.760901116440473091e+00
2.932697488554852905e-01 1.758050751679972379e+00
2.961225437988035947e-01 1.755156355548504576e+00
2.990030894358785551e-01 1.752213748638026258e+00
3.019116557128577738e-01 1.749221063144491328e+00
3.048485152018017286e-01 1.746184585317654081e+00
3.078139431262288950e-01 1.743095332889009308e+00
3.108082173869063936e-01 1.739956287672741020e+00
3.138316185878944342e-01 1.736767708395545950e+00
3.168844300628416155e-01 1.733528789134162862e+00
3.199669379015380732e-01 1.730234976818618486e+00
3.230794309767249795e-01 1.726891058239692134e+00
3.262222009711669979e-01 1.723495745914308763e+00
3.293955424049855307e-01 1.720045791281548997e+00
3.325997526632606949e-01 1.716537581590618089e+00
3.358351320238990301e-01 1.712977362799845915e+00
3.391019836857747105e-01 1.709364035608596177e+00
3.424006137971423724e-01 1.705693201662217273e+00
3.457313314843284413e-01 1.701967258856354137e+00
3.490944488806992929e-01 1.698180665425483404e+00
3.524902811559130766e-01 1.694338992316170689e+00
3.559191465454557002e-01 1.690436765876326186e+00
3.593813663804627523e-01 1.686480560701637543e+00
3.628772651178337472e-01 1.682459074611697414e+00
3.664071703706370808e-01 1.678379608881420681e+00
3.699714129388128048e-01 1.674234039031708310e+00
3.735703268401719401e-01 1.670063521642054294e+00
3.772042493416999376e-01 1.665773551316642731e+00
3.808735209911614517e-01 1.661447350610483431e+00
3.845784856490158665e-01 1.657123869344176326e+00
3.883194905206404091e-01 1.652605431359190469e+00
3.920968861888690649e-01 1.648087794600545886e+00
3.959110266468458539e-01 1.643506564794221969e+00
3.997622693312000708e-01 1.638861776780501822e+00
4.036509751555413805e-01 1.634151806059559897e+00
4.075775085442840395e-01 1.629371129653417016e+00
4.115422374667966343e-01 1.624527362001853215e+00
4.155455334718875515e-01 1.619617393916504389e+00
4.195877717226225712e-01 1.614638051935347596e+00
4.236693310314835759e-01 1.609591046052858854e+00
4.277905938958687093e-01 1.604472659094732023e+00
4.319519465339363706e-01 1.599293539509085260e+00
4.361537789208005944e-01 1.594044777427943149e+00
4.403964848250754294e-01 1.588720446737029057e+00
4.446804618457780300e-01 1.583324866372269657e+00
4.490061114495874639e-01 1.577863144086420810e+00
4.533738390084691150e-01 1.572333963971086268e+00
4.577840538376618529e-01 1.566730076989646614e+00
4.622371692340384031e-01 1.561054345395642029e+00
4.667336025148346446e-01 1.555308776296175033e+00
4.712737750567601580e-01 1.549490685571610848e+00
4.758581123354846953e-01 1.543602521877290634e+00
4.804870439655131720e-01 1.537640509503533037e+00
4.851610037404442966e-01 1.531609629311117216e+00
4.898804296736250508e-01 1.525501168412470854e+00
4.946457640391963562e-01 1.519324077253714878e+00
4.994574534135413635e-01 1.513074334755457162e+00
5.043159487171361421e-01 1.506747443850094070e+00
5.092217052568053237e-01 1.500358320822144487e+00
5.141751827683928022e-01 1.493884736344853081e+00
5.191768454598426619e-01 1.487344413808156629e+00
5.242271620547044320e-01 1.480731413564020160e+00
5.293266058360561743e-01 1.474043767036106178e+00
5.344756546908600026e-01 1.467285890753281308e+00
5.396747911547442600e-01 1.460450175603329903e+00
5.449245024572260121e-01 1.453550467569635130e+00
5.502252805673685243e-01 1.446571609154857496e+00
5.555776222398878250e-01 1.439525958411797424e+00
5.609820290617031358e-01 1.432407955198559124e+00
5.664390074989449353e-01 1.425213519140308360e+00
5.719490689444144405e-01 1.417954026763502684e+00
5.775127297655114900e-01 1.410622862567715075e+00
5.831305113526221717e-01 1.403221634899059600e+00
5.888029401679826247e-01 1.395747190818961814e+00
5.945305477950136863e-01 1.388208600084036570e+00
6.003138709881384871e-01 1.380596598600270841e+00
6.061534517230839914e-01 1.372916501209244799e+00
6.120498372476699256e-01 1.365173283196607468e+00
6.180035801330957534e-01 1.357358504560753243e+00
6.240152383257209223e-01 1.349478563972772438e+00
6.300853751993553686e-01 1.341533794250575840e+00
6.362145596080520660e-01 1.333524342704791588e+00
6.424033659394193796e-01 1.325448772766925520e+00
6.486523741684461219e-01 1.317311712342696728e+00
6.549621699118558515e-01 1.309111787998696874e+00
6.613333444829840868e-01 1.300846921539300149e+00
6.677664949471955325e-01 1.292528095053008919e+00
6.742622241778342129e-01 1.284145340351454223e+00
6.808211409127237213e-01 1.275699047356217752e+00
6.874438598112112553e-01 1.267202447951397470e+00
6.941310015117725385e-01 1.258643296298597392e+00
7.008831926901714082e-01 1.250034205244437979e+00
7.077010661181889484e-01 1.241357706926444759e+00
7.145852607229240538e-01 1.232646064608290182e+00
7.215364216466665370e-01 1.223874254692804087e+00
7.285552003073593186e-01 1.215051170944828396e+00
7.356422544596413760e-01 1.206182678702147237e+00
7.427982482564918776e-01 1.197260610365119327e+00
7.500238523114668432e-01 1.188293692035071070e+00
7.573197437615483141e-01 1.179279882883571773e+00
7.646866063305975958e-01 1.170222759565214821e+00
7.721251303934327792e-01 1.161125326687393544e+00
7.796360130405233235e-01 1.151987158831964564e+00
7.872199581433195759e-01 1.142806013842533330e+00
7.948776764202123424e-01 1.133588138723398142e+00
8.026098855031396084e-01 1.124334387313917771e+00
8.104173100048355227e-01 1.115047551569248396e+00
8.183006815867394090e-01 1.105726242206905408e+00
8.262607390275591435e-01 1.096373008037633712e+00
8.342982282925082149e-01 1.086989531187092739e+00
8.424139026032094746e-01 1.077582102921953222e+00
8.506085225082840040e-01 1.068145086901067353e+00
8.588828559546254349e-01 1.058681617258606877e+00
8.672376783593644944e-01 1.049200047813981129e+00
8.756737726825394308e-01 1.039695282990905634e+00
8.841919295004664336e-01 1.030173107070182281e+00
8.927929470798307010e-01 1.020630968663084115e+00
9.014776314524917122e-01 1.011077653829542067e+00
9.102467964910225806e-01 1.001507056212820546e+00
9.191012639849772681e-01 9.919288108717432273e-01
9.280418637179072006e-01 9.823371030667477077e-01
9.370694335451198453e-01 9.727392301930459784e-01
9.461848194722002336e-01 9.631359614236494338e-01
9.553888757342895444e-01 9.535279163381090717e-01
9.646824648761427312e-01 9.439205130998501447e-01
9.740664578329562007e-01 9.343097871380963149e-01
9.835417340119908536e-01 9.247012353885095681e-01
9.931091813749796104e-01 9.150972889568723678e-01
1.002769696521346621e+00 9.055059848016574486e-01
1.012524184772224167e+00 8.959102555021440928e-01
1.022373560255302127e+00 8.863333475754349156e-01
1.032318745990486564e+00 8.767639915502155601e-01
1.042360673976402197e+00 8.672077227334217264e-01
1.052500285277732761e+00 8.576703313865001732e-01
1.062738530113414459e+00 8.481449600466303140e-01
1.073076367945679621e+00 8.386467861217274944e-01
1.083514767569973225e+00 8.291614444827092312e-01
1.094054707205742494e+00 8.197051262412328176e-01
1.104697174588111785e+00 8.102706316063827963e-01
1.115443167060441221e+00 8.008593968797330653e-01
1.126293691667795249e+00 7.914852494038224773e-01
1.137249765251314271e+00 7.821331972865518400e-01
1.148312414543511073e+00 7.728172204007436319e-01
1.159482676264482759e+00 7.635337256896296276e-01
1.170761597219069250e+00 7.542843572172555078e-01
1.182150234394952371e+00 7.450757549456710205e-01
1.193649655061713055e+00 7.359030638532947366e-01
1.205260936870842681e+00 7.267694237510956556e-01
1.216985167956738056e+00 7.176799921388601344e-01
1.228823447038673411e+00 7.086344235063898322e-01
1.240776883523764251e+00 6.996310654943023177e-01
1.252846597610937529e+00 6.906776216269256974e-01
1.265033720395903893e+00 6.817711201494222051e-01
1.277339393977160009e+00 6.729116641615229266e-01
1.289764771563017165e+00 6.641053309407221050e-01
1.302311017579677488e+00 6.553501572257415253e-01
1.314979307780347773e+00 6.466515523121236786e-01
1.327770829355430449e+00 6.380043549700128436e-01
1.340686781043774811e+00 6.299845703141006004e-01
1.353728373245021821e+00 6.208798531949696331e-01
1.366896828133026487e+00 6.124085487205046530e-01
1.380193379770397355e+00 6.039919118996051051e-01
1.393619274224142002e+00 5.956374518440479271e-01
1.407175769682446731e+00 5.873440818845775402e-01
1.420864136572576708e+00 5.791132352101920899e-01
1.434685657679937831e+00 5.709517977258934396e-01
1.448641628268290127e+00 5.628462369157209988e-01
1.462733356201129986e+00 5.548120200840259697e-01
1.476962162064259898e+00 5.468401651017658072e-01
1.491329379289537682e+00 5.389374065903944633e-01
1.505836354279841416e+00 5.311047091433861445e-01
1.520484446535244283e+00 5.233400398270958709e-01
1.535275028780422657e+00 5.156417644392576882e-01
1.550209487093291205e+00 5.080144099135935898e-01
1.565289221034902312e+00 5.004483688452739942e-01
1.580515643780601165e+00 4.929666318481691900e-01
1.595890182252465817e+00 4.855619888544291940e-01
1.611414277253019778e+00 4.781727129463250181e-01
1.627089383600260675e+00 4.709527153569198488e-01
1.642916970263993193e+00 4.637563668159144781e-01
1.658898520503498064e+00 4.566351742188875518e-01
1.675035532006524441e+00 4.495865445478741118e-01
1.691329517029648732e+00 4.426135746959745099e-01
1.707782002539993016e+00 4.357124799879489307e-01
1.724394530358320354e+00 4.288875452335616512e-01
1.741168657303530987e+00 4.221362611725917313e-01
1.758105955338547632e+00 4.154339410106726582e-01
1.775208011717636092e+00 4.088583286922352067e-01
1.792476429135148930e+00 4.023330488150133055e-01
1.809912825875727105e+00 3.958807512521494987e-01
1.827518835965944666e+00 3.895064251239039876e-01
1.845296109327445366e+00 3.832047052404153331e-01
1.863246311931559873e+00 3.769787240182700394e-01
1.881371125955437096e+00 3.708262706756593752e-01
1.899672249939675650e+00 3.647511044388473955e-01
1.918151398947507635e+00 3.587494245684896832e-01
1.936810304725519849e+00 3.528230227677198183e-01
1.955650715865949074e+00 3.469682450095983861e-01
1.974674397970537454e+00 3.411900545826553888e-01
1.993883133816001019e+00 3.354855931478860631e-01
2.013278723521096492e+00 3.298530999471578351e-01
2.032862984715323673e+00 3.242947539046428518e-01
2.052637752709252084e+00 3.188093253192275656e-01
2.072604880666519822e+00 3.133982709947861767e-01
2.092766239777499759e+00 3.080564680356818186e-01
2.113123719434652603e+00 3.027897485269651079e-01
2.133679227409597701e+00 2.975923798808213783e-01
2.154434690031884259e+00 2.924649103129722261e-01
2.175392052369522489e+00 2.874108068678127292e-01
2.196553278411258248e+00 2.824266663885656725e-01
2.217920351250634692e+00 2.775100506795492028e-01
2.239495273271823184e+00 2.726643199868599710e-01
2.261280066337279404e+00 2.678866298953656022e-01
2.283276771977218012e+00 2.631786746011785527e-01
2.305487451580938707e+00 2.585373353422172893e-01
2.327914186589993051e+00 2.539575529141561150e-01
2.350559078693253756e+00 2.494552133790157722e-01
2.373424250023866033e+00 2.450110028349799796e-01
2.396511843358130278e+00 2.406381074001257003e-01
2.419824022316292567e+00 2.363267773617169498e-01
2.443362971565319341e+00 2.320806093170594553e-01
2.467130897023623426e+00 2.278960816366736586e-01
2.491130026067788439e+00 2.237405734044569383e-01
2.515362607741312928e+00 2.197210048693865048e-01
2.539830912965362675e+00 2.157225609473233940e-01
2.564537234751594674e+00 2.117893940496141936e-01
2.589483888417040802e+00 2.079150644810871251e-01
2.614673211801092023e+00 2.041028762399386964e-01
2.640107565484572927e+00 2.003483657960515307e-01
2.665789333010967876e+00 1.966526559003546337e-01
2.691720921109787668e+00 1.930139788310482329e-01
2.717904759922122881e+00 1.894339657574511671e-01
2.744343303228365283e+00 1.859108489872788317e-01
2.771039028678170535e+00 1.824439054073796473e-01
2.797994438022641805e+00 1.790318490636155779e-01
2.825212057348790218e+00 1.756734822600721224e-01
2.852694437316245057e+00 1.723707620310716560e-01
2.880444153396297668e+00 1.691215929380368299e-01
2.908463806113254169e+00 1.659251560547192472e-01
2.936756021288137397e+00 1.627795460315033804e-01
2.965323450284773621e+00 1.596819327097684926e-01
2.994168770258243573e+00 1.566440845182335007e-01
3.023294684405779531e+00 1.536273915350394870e-01
3.052703922220086241e+00 1.507093186452631572e-01
3.082399239745143404e+00 1.478149697166306620e-01
3.112383419834465759e+00 1.449693556330957089e-01
3.142659272411905569e+00 1.421537195019422495e-01
3.173229634734976212e+00 1.394203541371031585e-01
3.204097371660752813e+00 1.367157703750906117e-01
3.235265375914330388e+00 1.340559805312692698e-01
3.266736568359921655e+00 1.314418824663345364e-01
3.298513898274578082e+00 1.288723256653146743e-01
3.330600343624588788e+00 1.263380122070957845e-01
3.362998911344535991e+00 1.238698547573582331e-01
3.395712637619100693e+00 1.214230737296139173e-01
3.428744588167585317e+00 1.190248479880881699e-01
3.462097858531227423e+00 1.166677778734852844e-01
3.495775574363275240e+00 1.143513449008521504e-01
3.529780891721914671e+00 1.120753026560992044e-01
3.564116997366032269e+00 1.098385553548436450e-01
3.598787109053855460e+00 1.076411262145189757e-01
3.633794475844513094e+00 1.054818624627988921e-01
3.669142378402494131e+00 1.033606348391291341e-01
3.704834129305105694e+00 1.012765778036677777e-01
3.740873073352900313e+00 9.922651219331304895e-02
3.777262587883141176e+00 9.721747758645625515e-02
3.814006083086284082e+00 9.524076544272981615e-02
3.851107002325572903e+00 9.330086742177449988e-02
3.888568822459721019e+00 9.139513492936943151e-02
3.926395054168756449e+00 8.952254797857833735e-02
3.964589242282997805e+00 8.768420643794143376e-02
4.003154966115265445e+00 8.587659698736090086e-02
4.042095839796306045e+00 8.410403294726177814e-02
4.081415512613501662e+00 8.236277932391787571e-02
4.121117669352832635e+00 8.065309909040004055e-02
4.161206030644208020e+00 7.897109092181388290e-02
4.201684353310133346e+00 7.732274803347322090e-02
4.242556430717777438e+00 7.570105045843134040e-02
4.283826093134470270e+00 7.411614876488134551e-02
4.325497208086633627e+00 7.255549324085135143e-02
4.367573680722233398e+00 7.102359852189174538e-02
4.410059454176736615e+00 6.951760091597733449e-02
4.452958509942654963e+00 6.804324541181304420e-02
4.496274868242640110e+00 6.659424804146402144e-02
4.540012588406244554e+00 6.517188489306843802e-02
4.584175769250333765e+00 6.377475075168001495e-02
4.628768549463215365e+00 6.240687053190252520e-02
4.673795107992464004e+00 6.106085357589167290e-02
4.719259664436561863e+00 5.974069321472376404e-02
4.765166479440326341e+00 5.844547293345193212e-02
4.811519855094205766e+00 5.717453702718971326e-02
4.858324135337417360e+00 5.592724639832909878e-02
4.905583706365050922e+00 5.470221382181005704e-02
4.953302997039108924e+00 5.350273087473970263e-02
5.001486479303548727e+00 5.232442187671255962e-02
5.050138668603383785e+00 5.116436097253277554e-02
5.099264124307808288e+00 5.003482543790238601e-02
5.148867450137498025e+00 4.892241849454803670e-02
5.198953294596024399e+00 4.783090034742774888e-02
5.249526351405507718e+00 4.675699140309507590e-02
5.300591359946452030e+00 4.571071170010685553e-02
5.352153105701904501e+00 4.468093526171479368e-02
5.404216420705915347e+00 4.367015735825921507e-02
5.456786183996381823e+00 4.267806361281080429e-02
5.509867322072253160e+00 4.170880578899048563e-02
5.563464809355226137e+00 4.075610628082865228e-02
5.617583668655908191e+00 3.982188153344283499e-02
5.672228971644543094e+00 3.890865722579588126e-02
5.727405839326266346e+00 3.800768496760125598e-02
5.783119442521027054e+00 3.712709459738557788e-02
5.839375002348160315e+00 3.626371730271454874e-02
5.896177790715694478e+00 3.541754063522958851e-02
5.953533130814370189e+00 3.458760587343545634e-02
6.011446397616513337e+00 3.377471906669592128e-02
6.069923018379741464e+00 3.297708861860431523e-02
6.128968473155564034e+00 3.219604970074733258e-02
6.188588295302960063e+00 3.142986052684493964e-02
6.248788072006894012e+00 3.067936172590637542e-02
6.309573444801936049e+00 2.994392558619949837e-02
6.370950110100935149e+00 2.922315652728472990e-02
6.432923819728876502e+00 2.851693598060302606e-02
6.495500381461869033e+00 2.782493186466692206e-02
6.558685659571435345e+00 2.714715704294144716e-02
6.622485575374063238e+00 2.648292127041576918e-02
6.686906107786136921e+00 2.583197130427407340e-02
6.751953293884205287e+00 2.519495029679564430e-02
6.817633229470763112e+00 2.457073583341427142e-02
6.883952069645496330e+00 2.395928060905212417e-02
6.950916029382126382e+00 2.336055411797113499e-02
7.018531384110795912e+00 2.277409184022329697e-02
7.086804470306189430e+00 2.219985914400616003e-02
7.155741686081340980e+00 2.163743764675658127e-02
7.225349491787214085e+00 2.108708473828406135e-02
7.295634410618154320e+00 2.054764199692347970e-02
7.366603029223159460e+00 2.002051748919921742e-02
7.438261998323163482e+00 1.950404691221420406e-02
7.510618033334286459e+00 1.899858058434535785e-02
7.583677914997190683e+00 1.850373926725376594e-02
7.657448490012479958e+00 1.802033772884013840e-02
7.731936671682362316e+00 1.754574852358748924e-02
7.807149440558499798e+00 1.708209640905137064e-02
7.883093845096216690e+00 1.662799930270384557e-02
7.959777002314985417e+00 1.618463556600626893e-02
8.037206098465421888e+00 1.575011634614004175e-02
8.115388389702712146e+00 1.532580736341685422e-02
8.194331202766655053e+00 1.491044933483895961e-02
8.274041935668218883e+00 1.450425404018909452e-02
8.354528058382872047e+00 1.410633339514092907e-02
8.435797113550611570e+00 1.371854015519066196e-02
8.517856717182803905e+00 1.333878542653865046e-02
8.600714559375941093e+00 1.296702367348365539e-02
8.684378405032257220e+00 1.260460370828246114e-02
8.768856094587436090e+00 1.224996165205659640e-02
8.854155544745349715e+00 1.190287051339053957e-02
8.940284749219998162e+00 1.156427155756082140e-02
9.027251779484577909e+00 1.123347086654385117e-02
9.115064785527916769e+00 1.091038437888980361e-02
9.203731996618220279e+00 1.059313859591756203e-02
9.293261722074316111e+00 1.028529587368733934e-02
9.383662352044273902e+00 9.983887902499684677e-03
9.474942358291729150e+00 9.689505981498000228e-03
9.567110294989774388e+00 9.402070505014547760e-03
9.660174799522645017e+00 9.121956620207620145e-03
9.754144593295098531e+00 8.847437009792683688e-03
9.849028482549766039e+00 8.580020253557972196e-03
9.944835359192397917e+00 8.318994045407156895e-03
1.004157420162519543e+01 8.064326803653661113e-03
1.013925407558815373e+01 7.815787197759126170e-03
1.023788413500867378e+01 7.573334290664130927e-03
1.033747362285940774e+01 7.336835913101304521e-03
1.043803187202444072e+01 7.106143909866130884e-03
1.053956830617394580e+01 6.881274523304412548e-03
1.064209244064724658e+01 6.661819380992104432e-03
1.074561388334458023e+01 6.447943866385075044e-03
1.085014233562746178e+01 6.240050451398679310e-03
1.095568759322787855e+01 6.036577777998795163e-03
1.106225954716621906e+01 5.838578490940191795e-03
1.116986818467823817e+01 5.645753157657177126e-03
1.127852359015096795e+01 5.457838866188929189e-03
1.138823594606782130e+01 5.274921722671555534e-03
1.149901553396274245e+01 5.096752425628866753e-03
1.161087273538378994e+01 4.923207325642033928e-03
1.172381803286598512e+01 4.754383378931520757e-03
1.183786201091373513e+01 4.589963007337016267e-03
1.195301535699265827e+01 4.430132069305058908e-03
1.206928886253119870e+01 4.274163068753497781e-03
1.218669342393191712e+01 4.123059054110438451e-03
1.230524004359261525e+01 3.975774697105579486e-03
1.242493983093746479e+01 3.832701197398058826e-03
1.254580400345803248e+01 3.693520914119234350e-03
1.266784388776455827e+01 3.558291784020701544e-03
1.279107092064739781e+01 3.426865811708965526e-03
1.291549665014884063e+01 3.299182745475500670e-03
1.304113273664525430e+01 3.175120095899676680e-03
1.316799095393986185e+01 3.054800550348847968e-03
1.329608319036608854e+01 2.938009588680612176e-03
1.342542144990170527e+01 2.824246981858019243e-03
1.355601785329368880e+01 2.714114163655368447e-03
1.368788463919415221e+01 2.607285289225156830e-03
1.382103416530724438e+01 2.503438654096781270e-03
1.395547890954729020e+01 2.403149559567293800e-03
1.409123147120805619e+01 2.305799377172334901e-03
1.422830457214353395e+01 2.211437166408504722e-03
1.436671105796013137e+01 2.119854336189792160e-03
1.450646389922046886e+01 2.031318627024615662e-03
1.464757619265895272e+01 1.945558145780566447e-03
1.479006116240903168e+01 1.862696304612048966e-03
1.493393216124253264e+01 1.782263042985502387e-03
1.507920267182097263e+01 1.704463790828184650e-03
1.522588630795911513e+01 1.629303204780040062e-03
1.537399681590069456e+01 1.556630079961484735e-03
1.552354807560667105e+01 1.486462551115754187e-03
1.567455410205595001e+01 1.418638428551452415e-03
1.582702904655883280e+01 1.353144826593347073e-03
1.598098719808309376e+01 1.289923760710322753e-03
1.613644298459311699e+01 1.228914979108181038e-03
1.629341097440194730e+01 1.170083297890870322e-03
1.645190587753662470e+01 1.113354957294504944e-03
1.661194254711659113e+01 1.058699288404849666e-03
1.677353598074571295e+01 1.006018329171234557e-03
1.693670132191772026e+01 9.552639788026321853e-04
1.710145386143542012e+01 9.065059088343105928e-04
1.726780903884355922e+01 8.595584875551231857e-04
1.743578244387577669e+01 8.144185563501054378e-04
1.760538981791556523e+01 7.710385333584501106e-04
1.777664705547142532e+01 7.293740076532586420e-04
1.794957020566648254e+01 6.893823024647539746e-04
1.812417547374237614e+01 6.510105682456843830e-04
1.830047922257800863e+01 6.142197464701532094e-04
1.847849797422290763e+01 5.789578629961221077e-04
1.865824841144566193e+01 5.451984047741880108e-04
1.883974737929719367e+01 5.128854732452969335e-04
1.902301188668945642e+01 4.819761409811188771e-04
1.920805910798935301e+01 4.524479940068347147e-04
1.939490638462828542e+01 4.242431023433298662e-04
1.958357122672716955e+01 3.973278436735472557e-04
1.977407131473744428e+01 3.716641372830716407e-04
1.996642450109793288e+01 3.472129577399823280e-04
2.016064881190793656e+01 3.239378251841169452e-04
2.035676244861640072e+01 3.017969507601345842e-04
2.055478378972772546e+01 2.807698996747209474e-04
2.075473139252405730e+01 2.608066241900208336e-04
2.095662399480432825e+01 2.418756270400514304e-04
2.116048051664034446e+01 2.239398128359072911e-04
2.136632006214970403e+01 2.069773316327736857e-04
2.157416192128621546e+01 1.909442940153021153e-04
2.178402557164756459e+01 1.758113127762565831e-04
2.199593068030074861e+01 1.615480416619694123e-04
2.220989710562497521e+01 1.481241039115042046e-04
2.242594489917278011e+01 1.355014618647664597e-04
2.264409430754907504e+01 1.236593691449787208e-04
2.286436577430861306e+01 1.125652253107610462e-04
2.308677994187169702e+01 1.021815233774814124e-04
2.331135765345874944e+01 9.249386958264070049e-05
2.353811995504354471e+01 8.347101738386228137e-05
2.376708809732560823e+01 7.508236895577043298e-05
2.399828353772154799e+01 6.729763341628303705e-05
2.423172794237600769e+01 6.008832298901664056e-05
2.446744318819203201e+01 5.343777739984361948e-05
2.470545136488123816e+01 4.731439338204561487e-05
2.494577477703398571e+01 4.169882810306685167e-05
2.518843594620949489e+01 3.655957339409577445e-05
2.543345761304651020e+01 3.187657033172557682e-05
2.568086273939435316e+01 2.762322451128520334e-05
2.593067451046487548e+01 2.378139633917950176e-05
2.618291633700505372e+01 2.032053074450939229e-05
2.643761185749101372e+01 1.722212370851410057e-05
2.669478494034320804e+01 1.446312835923676659e-05
2.695445968616333587e+01 1.202563667024130183e-05
2.721666042999271795e+01 9.884202682295482726e-06
2.748141174359293259e+01 8.018268497985801005e-06
2.774873843774846804e+01 6.407592907782144363e-06
2.801866556459195223e+01 5.033280549271568301e-06
2.829121841995168651e+01 3.873829833692671552e-06
2.856642254572233952e+01 2.910870595813789557e-06
2.884430373225852051e+01 2.124719363286494709e-06
2.912488802079168337e+01 1.495984027145371317e-06
2.940820170587063842e+01 1.007049530640231068e-06
2.969427133782552986e+01 6.393943736583710665e-07
2.998312372525609959e+01 3.751499016159146400e-07
3.027478593754393543e+01 1.967229635517620319e-07
3.056928530738937155e+01 8.616827037354106100e-08
3.086664943337274636e+01 2.790598463116942967e-08
3.116690618254088463e+01 4.914764591007185938e-09
3.147008369301855879e+01 0.000000000000000000e+00
