1.000000000000000021e-02 1.486797323147619698e+00
1.009727545900835841e-02 1.486791294170048294e+00
1.019549716950923779e-02 1.486786814968113823e+00
1.029467433620748044e-02 1.486782025196039969e+00
1.039481625334708927e-02 1.486778349073311745e+00
1.049593230558227772e-02 1.486773448507030526e+00
1.059803196885688789e-02 1.486768439512007101e+00
1.070112481129246833e-02 1.486763336363049914e+00
1.080522049408488318e-02 1.486757663057367562e+00
1.091032877240974419e-02 1.486752804313500542e+00
1.101645949633656314e-02 1.486747380796098028e+00
1.112362261175187626e-02 1.486741824834564962e+00
1.123182816129126085e-02 1.486735406223187894e+00
1.134108628528052165e-02 1.486728637948723009e+00
1.145140722268592030e-02 1.486722746601101930e+00
1.156280131207376022e-02 1.486716780335416876e+00
1.167527899257919492e-02 1.486711553670658548e+00
1.178885080488457221e-02 1.486704523418657775e+00
1.190352739220719262e-02 1.486698892717191356e+00
1.201931950129673729e-02 1.486692557895960665e+00
1.213623798344241195e-02 1.486686050610694476e+00
1.225429379548980714e-02 1.486678944174709249e+00
1.237349800086776086e-02 1.486673101637848937e+00
1.249386177062509519e-02 1.486666115476533268e+00
1.261539638447754796e-02 1.486658659858899778e+00
1.273811323186478488e-02 1.486651411555082181e+00
1.286202381301779218e-02 1.486644017765492265e+00
1.298713974003655978e-02 1.486636131743056977e+00
1.311347273797833224e-02 1.486628554242873435e+00
1.324103464595636874e-02 1.486620239105143515e+00
1.336983741824946531e-02 1.486612063318189847e+00
1.349989312542219239e-02 1.486603652904675776e+00
1.363121395545611320e-02 1.486595663166139003e+00
1.376381221489191876e-02 1.486624191780542725e+00
1.389770032998276401e-02 1.486614818851604403e+00
1.403289084785873213e-02 1.486605238738005319e+00
1.416939643770268736e-02 1.486560901890663366e+00
1.430722989193757184e-02 1.486551690187112307e+00
1.444640412742520530e-02 1.486571606007162982e+00
1.458693218667675602e-02 1.486532360606904968e+00
1.472882723907502529e-02 1.486522612656267395e+00
1.487210258210860774e-02 1.486512640653560036e+00
1.501677164261799868e-02 1.486536091215422628e+00
1.516284797805393485e-02 1.486492646800842587e+00
1.531034527774784160e-02 1.486482056352580239e+00
1.545927736419477720e-02 1.486471221209869187e+00
1.560965819434872483e-02 1.486460119984716277e+00
1.576150186093060873e-02 1.486448793192000961e+00
1.591482259374891323e-02 1.486436943908160169e+00
1.606963476103326349e-02 1.486425248693582946e+00
1.622595287078087284e-02 1.486413381482008411e+00
1.638379157211618947e-02 1.486400647227785532e+00
1.654316565666366645e-02 1.486388341312486761e+00
1.670409005993399310e-02 1.486375784340390416e+00
1.686657986272368723e-02 1.486363002894050878e+00
1.703065029252844378e-02 1.486350350194880265e+00
1.719631672497009753e-02 1.486336851511514734e+00
1.736359468523754335e-02 1.486322990359666640e+00
1.753249984954170088e-02 1.486309121772806829e+00
1.770304804658450262e-02 1.486295628846176164e+00
1.787525525904235316e-02 1.486281337895720256e+00
1.804913762506383731e-02 1.486266857437826383e+00
1.822471143978214581e-02 1.486251766665947605e+00
1.840199315684210371e-02 1.486236433699107629e+00
1.858099938994215231e-02 1.486220495399592112e+00
1.876174691439120440e-02 1.486204851636098612e+00
1.894425266868081034e-02 1.486188627853666455e+00
1.912853375607242307e-02 1.486172076042226564e+00
1.931460744620030340e-02 1.486154679973265891e+00
1.950249117668984011e-02 1.486137927713992779e+00
1.969220255479172538e-02 1.486120346898244016e+00
1.988375935903200636e-02 1.486102401153110764e+00
2.007717954087816226e-02 1.486084084419633244e+00
2.027248122642137662e-02 1.486065391424612248e+00
2.046968271807520987e-02 1.486046399842095633e+00
2.066880249629082095e-02 1.486026969067703707e+00
2.086985922128879734e-02 1.486007358515408994e+00
2.107287173480786382e-02 1.485986668915688425e+00
2.127785906187062287e-02 1.485967093587567955e+00
2.148484041256648255e-02 1.485946051132729373e+00
2.169383518385184506e-02 1.485924072246557648e+00
2.190486296136792688e-02 1.485902597907716949e+00
2.211794352127614133e-02 1.485880379874324753e+00
2.233309683211144592e-02 1.485856792653658109e+00
2.255034305665360936e-02 1.485833825606281300e+00
2.276970255381680075e-02 1.485810968136384247e+00
2.299119588055741764e-02 1.485786474693428394e+00
2.321484379380064564e-02 1.485762092711811366e+00
2.344066725238556220e-02 1.485736804333826377e+00
2.366868741902936057e-02 1.485711706961699186e+00
2.389892566231050300e-02 1.485686123314631901e+00
2.413140355867127856e-02 1.485660246540242202e+00
2.436614289443983158e-02 1.485633336158795004e+00
2.460316566787181664e-02 1.485605976390035998e+00
2.484249409121190577e-02 1.485578071088399232e+00
2.508415059277539771e-02 1.485549138409880454e+00
2.532815781905008515e-02 1.485519717779260507e+00
2.557453863681850847e-02 1.485489971489769578e+00
2.582331613530085626e-02 1.485459677462272143e+00
2.607451362831877603e-02 1.485428451306825881e+00
2.632815465648021339e-02 1.485396718961062401e+00
2.658426298938541474e-02 1.485365756216494582e+00
2.684286262785454819e-02 1.485333088613106867e+00
2.710397780617682106e-02 1.485300301609783657e+00
2.736763299438163891e-02 1.485266252500668349e+00
2.763385290053169824e-02 1.485230763715876368e+00
2.790266247303856487e-02 1.485195823840039564e+00
2.817408690300057458e-02 1.485160366663944798e+00
2.844815162656363222e-02 1.485123645444435425e+00
2.872488232730495070e-02 1.485086078177246804e+00
2.900430493863991738e-02 1.485047794482473593e+00
2.928644564625237229e-02 1.485008789188272171e+00
2.957133089054861039e-02 1.484969392826849699e+00
2.985898736913520854e-02 1.484929080563558879e+00
3.014944203932094433e-02 1.484887282281568854e+00
3.044272212064302874e-02 1.484845242397605292e+00
3.073885509741795460e-02 1.484802533651461198e+00
3.103786872131722788e-02 1.484759044621329238e+00
3.133979101396793671e-02 1.484715197239474538e+00
3.164465026957891114e-02 1.484669734688425224e+00
3.195247505759213347e-02 1.484623473242119518e+00
3.226329422536015901e-02 1.484576239370655193e+00
3.257713690084949876e-02 1.484528039780925290e+00
3.289403249537032475e-02 1.484478931641007859e+00
3.321401070633261954e-02 1.484428812562221811e+00
3.353710152002930406e-02 1.484377664142418451e+00
3.386333521444636480e-02 1.484325516141790979e+00
3.419274236210027851e-02 1.484272606397269989e+00
3.452535383290306070e-02 1.484218032528544118e+00
3.486120079705520153e-02 1.484162746215160533e+00
3.520031472796678745e-02 1.484106311131975442e+00
3.554272740520694751e-02 1.484048919960359258e+00
3.588847091748199186e-02 1.483990587609586020e+00
3.623757766564258964e-02 1.483930565689999037e+00
3.659008036572020811e-02 1.483869760829961360e+00
3.694601205199302130e-02 1.483808119328302366e+00
3.730540608008161424e-02 1.483744833131039442e+00
3.766829613007490613e-02 1.483680839451268829e+00
3.803471620968648659e-02 1.483615346348110764e+00
3.840470065744145539e-02 1.483548253243685000e+00
3.877828414589457040e-02 1.483480322956164388e+00
3.915550168487941241e-02 1.483410894793225410e+00
3.953638862478930927e-02 1.483340366044713754e+00
3.992098065989020672e-02 1.483268343920432608e+00
4.030931383166566628e-02 1.483194627305578717e+00
4.070142453219438572e-02 1.483118402232197708e+00
4.109734950756069316e-02 1.483236012397912029e+00
4.149712586129815362e-02 1.482965207781181016e+00
4.190079105786669034e-02 1.482885509875443875e+00
4.230838292616342228e-02 1.482804678418343514e+00
4.271993966306778662e-02 1.482721986805163983e+00
4.313549983702118923e-02 1.482637336347564450e+00
4.355510239164130798e-02 1.482551621830342725e+00
4.397878664937160398e-02 1.482463897799912722e+00
4.440659231516640160e-02 1.482374559100300582e+00
4.483855948021186338e-02 1.482283259911102880e+00
4.527472862568297785e-02 1.482190231486090859e+00
4.571514062653719151e-02 1.482095167158503202e+00
4.615983675534499064e-02 1.481998656312585982e+00
4.660885868615767536e-02 1.481899527273998318e+00
4.706224849841281199e-02 1.481800630831509036e+00
4.752004868087766204e-02 1.481698261354704282e+00
4.798230213563085128e-02 1.481593271262622746e+00
4.844905218208294534e-02 1.481486856952651809e+00
4.892034256103611894e-02 1.481379789456291673e+00
4.939621743878321036e-02 1.481269638769546537e+00
4.987672141124663283e-02 1.481156479269920556e+00
5.036189950815770505e-02 1.481041561290928010e+00
5.085179719727656034e-02 1.480924914282813365e+00
5.134646038865306461e-02 1.480805406606332753e+00
5.184593543892913187e-02 1.480683580846490655e+00
5.235026915568305461e-02 1.480560377259363625e+00
5.285950880181603667e-02 1.480434066217503064e+00
5.337370209998133774e-02 1.480306493488694475e+00
5.389289723705643909e-02 1.480173097877669930e+00
5.441714286865893119e-02 1.480040204813197313e+00
5.494648812370611646e-02 1.479903532418370915e+00
5.548098260901916656e-02 1.479765215967322467e+00
5.602067641397187603e-02 1.479623837975099887e+00
5.656562011518465050e-02 1.479479537562457647e+00
5.711586478126431943e-02 1.479330989436752564e+00
5.767146197758996756e-02 1.479181010419123199e+00
5.823246377114527778e-02 1.479027788071563876e+00
5.879892273539785025e-02 1.478871939026483950e+00
5.937089195522609469e-02 1.478712081554615532e+00
5.994842503189409116e-02 1.478548992263937212e+00
6.053157608807464840e-02 1.478383576715646353e+00
6.112039977292132997e-02 1.478215353568834711e+00
6.171495126718981594e-02 1.478043812932308354e+00
6.231528628840921763e-02 1.477869024429561806e+00
6.292146109610344262e-02 1.477691235232468481e+00
6.353353249706343575e-02 1.477509563638391699e+00
6.415155785067082339e-02 1.477324432531725851e+00
6.477559507427335661e-02 1.477135273252987657e+00
6.540570264861225724e-02 1.476942972086460415e+00
6.604193962330305590e-02 1.476746399893395845e+00
6.668436562236895737e-02 1.476546599809244409e+00
6.733304084982863480e-02 1.476342283733469651e+00
6.798802609533814711e-02 1.476134122534200177e+00
6.864938273988777095e-02 1.475921961063392907e+00
6.931717276155408003e-02 1.475705306090015156e+00
6.999145874130821565e-02 1.475484426047342090e+00
7.067230386888070925e-02 1.475259356605027827e+00
7.135977194868306506e-02 1.475029760642029952e+00
7.205392740578704658e-02 1.474796695174204642e+00
7.275483529196229149e-02 1.474557559754076319e+00
7.346256129177256011e-02 1.474316240178373150e+00
7.417717172873124210e-02 1.474068827750456556e+00
7.489873357151664857e-02 1.473817145769226400e+00
7.562731444024800576e-02 1.473559849770152752e+00
7.636298261282241373e-02 1.473297209129480700e+00
7.710580703131336699e-02 1.473031307398884771e+00
7.785585730843146146e-02 1.472759524324287472e+00
7.861320373404813433e-02 1.472481640595404651e+00
7.937791728178281159e-02 1.472199698379578647e+00
8.015006961565404597e-02 1.471912188284434375e+00
8.092973309679550586e-02 1.471612792877830422e+00
8.171698079023696770e-02 1.471318989677217193e+00
8.251188647175167201e-02 1.471013948602642785e+00
8.331452463477014014e-02 1.470703310885957515e+00
8.412497049736118726e-02 1.470386245242924828e+00
8.494330000928071445e-02 1.470061466570738995e+00
8.576958985908941790e-02 1.469733273599284296e+00
8.660391748133952627e-02 1.469399120803768666e+00
8.744636106383144036e-02 1.469057039365209150e+00
8.829699955494091368e-02 1.468709132925991812e+00
8.915591267101763417e-02 1.468353644522581769e+00
9.002318090385581784e-02 1.467992190008417186e+00
9.089888552823731371e-02 1.467623131506452516e+00
9.178310860954806694e-02 1.467247337417902475e+00
9.267593301146882789e-02 1.466864248410914007e+00
9.357744240374062106e-02 1.466474084355727348e+00
9.448772127000577836e-02 1.466075444163796426e+00
9.540685491572513388e-02 1.465672359828826599e+00
9.633492947617222635e-02 1.465255688658574362e+00
9.727203192450542546e-02 1.464868470635129372e+00
9.821825007991856482e-02 1.464405956146585419e+00
9.917367261587073379e-02 1.463968872007369137e+00
1.001383890683960748e-01 1.463523674726117108e+00
1.011124898444945991e-01 1.463069270957423562e+00
1.020960662306047012e-01 1.462607055063411821e+00
1.030892104011576216e-01 1.462135372424814062e+00
1.040920154272158005e-01 1.461653127823277831e+00
1.051045752851944987e-01 1.461164072664764113e+00
1.061269848656690717e-01 1.460663506376865817e+00
1.071593399822671072e-01 1.460153835592879812e+00
1.082017373806478805e-01 1.459636097954666534e+00
1.092542747475682557e-01 1.459109271825431042e+00
1.103170507200377515e-01 1.458571226965160728e+00
1.113901648945616746e-01 1.458021666097373936e+00
1.124737178364751955e-01 1.457462880853388487e+00
1.135678110893671017e-01 1.456894161624745720e+00
1.146725471845963656e-01 1.456321251276800677e+00
1.157880296509002094e-01 1.455725262664979480e+00
1.169143630240966764e-01 1.455119838378175601e+00
1.180516528568804902e-01 1.454505768006304933e+00
1.192000057287153220e-01 1.453879835787897035e+00
1.203595292558212876e-01 1.453243390557741765e+00
1.215303321012602134e-01 1.452594794474926898e+00
1.227125239851190319e-01 1.451932886880515694e+00
1.239062156947916271e-01 1.451259054016448058e+00
1.251115190953615564e-01 1.450572731810153781e+00
1.263285471400849291e-01 1.449872452893408159e+00
1.275574138809759950e-01 1.449160113628006341e+00
1.287982344794950385e-01 1.448433688595151647e+00
1.300511252173409127e-01 1.447693685032949151e+00
1.313162035073478784e-01 1.446940419780384790e+00
1.325935879044890797e-01 1.446172616548080603e+00
1.338833981169864351e-01 1.445391144811973172e+00
1.351857550175293021e-01 1.444595124387753282e+00
1.365007806546013891e-01 1.443783350860708747e+00
1.378285982639189389e-01 1.442956636435269946e+00
1.391693322799789911e-01 1.442115001053869472e+00
1.405231083477211373e-01 1.441256344166644165e+00
1.418900533343016301e-01 1.440381790200259582e+00
1.432702953409830948e-01 1.439489693188761965e+00
1.446639637151387880e-01 1.438589440649563622e+00
1.460711890623745679e-01 1.437661590735662687e+00
1.474921032587684921e-01 1.436721062139470151e+00
1.489268394632288772e-01 1.435763156001234719e+00
1.503755321299738434e-01 1.434787644892943304e+00
1.518383170211306810e-01 1.433793294533720619e+00
1.533153312194593942e-01 1.432780769359570439e+00
1.548067131411984265e-01 1.431749523153582837e+00
1.563126025490369497e-01 1.430699441878359401e+00
1.578331405652117214e-01 1.429631009320011081e+00
1.593684696847328941e-01 1.428542714751257270e+00
1.609187337887370006e-01 1.427434860488025148e+00
1.624840781579713067e-01 1.426305793874137695e+00
1.640646494864078653e-01 1.425155452764977015e+00
1.656605958949914359e-01 1.423984139967665818e+00
1.672720669455196874e-01 1.422792958296757115e+00
1.688992136546599021e-01 1.421580303751297070e+00
1.705421885081006561e-01 1.420341592589252855e+00
1.722011454748421100e-01 1.419083407497675253e+00
1.738762400216251336e-01 1.417802267994285881e+00
1.755676291275001522e-01 1.416497097269149741e+00
1.772754712985387948e-01 1.415169012494844836e+00
1.789999265826875408e-01 1.413816085686306012e+00
1.807411565847668600e-01 1.412439103697499920e+00
1.824993244816152382e-01 1.411038184176886867e+00
1.842745950373816666e-01 1.409611125167858248e+00
1.860671346189656239e-01 1.408159459397850588e+00
1.878771112116086051e-01 1.406680824259094464e+00
1.897046944346358344e-01 1.405175358892303716e+00
1.915500555573527997e-01 1.403643592864040279e+00
1.934133675150944698e-01 1.402083829497323686e+00
1.952948049254327745e-01 1.400497332181964039e+00
1.971945441045395986e-01 1.398883110955006392e+00
1.991127630837108697e-01 1.397238019174671386e+00
2.010496416260497965e-01 1.395564068263824176e+00
2.030053612433137811e-01 1.393861219611617352e+00
2.049801052129238688e-01 1.392128970514797226e+00
2.069740585951406198e-01 1.390365928814464302e+00
2.089874082504071251e-01 1.388572635351368545e+00
2.110203428568595552e-01 1.386745505026733216e+00
2.130730529280097374e-01 1.384888499021114328e+00
2.151457308305980698e-01 1.382999042072571960e+00
2.172385708026215445e-01 1.381075575111679887e+00
2.193517689715359098e-01 1.379119593574132052e+00
2.214855233726360506e-01 1.377129146646917102e+00
2.236400339676138660e-01 1.375103226567287562e+00
2.258155026632983065e-01 1.373044385751729601e+00
2.280121333305757114e-01 1.370950148886161291e+00
2.302301318234963867e-01 1.368817938613032359e+00
2.324697059985647851e-01 1.366649672736226950e+00
2.347310657342196183e-01 1.364445575973464608e+00
2.370144229505012079e-01 1.362203362333630041e+00
2.393199916289123208e-01 1.359937607955202576e+00
2.416479878324700736e-01 1.357609210321209181e+00
2.439986297259550130e-01 1.355245307071069716e+00
2.463721375963552895e-01 1.352847397987706923e+00
2.487687338735107279e-01 1.350409538100012297e+00
2.511886431509580686e-01 1.347929986370335564e+00
2.536320922069775774e-01 1.345409489998094621e+00
2.560993100258459609e-01 1.342846423863825800e+00
2.585905278192945911e-01 1.340242601438825787e+00
2.611059790481781162e-01 1.337594797814946279e+00
2.636458994443517945e-01 1.334903393043083586e+00
2.662105270327638773e-01 1.332166607080761844e+00
2.688001021537606006e-01 1.329386381900060865e+00
2.714148674856106669e-01 1.326560661004674957e+00
2.740550680672460548e-01 1.323688808218086654e+00
2.767209513212268712e-01 1.320770197572753490e+00
2.794127670769268601e-01 1.317804627516933502e+00
2.821307675939472293e-01 1.314792178045378179e+00
2.848752075857552413e-01 1.311730738108096928e+00
2.876463442435557849e-01 1.308621471102528799e+00
2.904444372603925406e-01 1.305460963034619004e+00
2.932697488554852905e-01 1.302253063924494469e+00
2.961225437988035947e-01 1.298992442110366241e+00
2.990030894358785551e-01 1.295680805978703276e+00
3.019116557128577738e-01 1.292317902632583726e+00
3.048485152018017286e-01 1.288903228975419202e+00
3.078139431262288950e-01 1.285435848193209329e+00
3.108082173869063936e-01 1.281914514053972720e+00
3.138316185878944342e-01 1.278342373046896130e+00
3.168844300628416155e-01 1.274712616149326072e+00
3.199669379015380732e-01 1.271027408802049230e+00
3.230794309767249795e-01 1.267287442994974311e+00
3.262222009711669979e-01 1.263493032843572950e+00
3.293955424049855307e-01 1.259639625201641300e+00
3.325997526632606949e-01 1.255728709909623930e+00
3.358351320238990301e-01 1.251763514644009812e+00
3.391019836857747105e-01 1.247737480995744219e+00
3.424006137971423724e-01 1.243653929556830740e+00
3.457313314843284413e-01 1.239511238922509362e+00
3.490944488806992929e-01 1.235287466374693999e+00
3.524902811559130766e-01 1.231044083182418758e+00
3.559191465454557002e-01 1.226720136223875102e+00
3.593813663804627523e-01 1.222333789672407578e+00
3.628772651178337472e-01 1.217888766110333476e+00
3.664071703706370808e-01 1.213380847973386745e+00
3.699714129388128048e-01 1.208810600270628255e+00
3.735703268401719401e-01 1.204177708729930796e+00
3.772042493416999376e-01 1.199481855971902489e+00
3.808735209911614517e-01 1.194720183703707805e+00
3.845784856490158665e-01 1.189895784601527007e+00
3.883194905206404091e-01 1.185006590060276643e+00
3.920968861888690649e-01 1.180053880212315720e+00
3.959110266468458539e-01 1.175035588919008056e+00
3.997622693312000708e-01 1.169953587357675406e+00
4.036509751555413805e-01 1.164803989456523636e+00
4.075775085442840395e-01 1.159589316753237620e+00
4.115422374667966343e-01 1.154306979368184605e+00
4.155455334718875515e-01 1.148961092425965669e+00
4.195877717226225712e-01 1.143547802954544057e+00
4.236693310314835759e-01 1.138066373197481607e+00
4.277905938958687093e-01 1.132519690999782558e+00
4.319519465339363706e-01 1.126900378279819703e+00
4.361537789208005944e-01 1.121224317495385980e+00
4.403964848250754294e-01 1.115475554723307061e+00
4.446804618457780300e-01 1.109660293567137801e+00
4.490061114495874639e-01 1.103776564253403869e+00
4.533738390084691150e-01 1.097827059215234380e+00
4.577840538376618529e-01 1.091810893194997245e+00
4.622371692340384031e-01 1.085725890272011496e+00
4.667336025148346446e-01 1.079572917491296691e+00
4.712737750567601580e-01 1.073355128898452415e+00
4.758581123354846953e-01 1.067070611850575501e+00
4.804870439655131720e-01 1.060717466219405880e+00
4.851610037404442966e-01 1.054327991216448268e+00
4.898804296736250508e-01 1.047813973140467869e+00
4.946457640391963562e-01 1.041263106577416275e+00
4.994574534135413635e-01 1.034647806810654380e+00
5.043159487171361421e-01 1.027966499951969981e+00
5.092217052568053237e-01 1.021219486039098623e+00
5.141751827683928022e-01 1.014407961818808657e+00
5.191768454598426619e-01 1.007530790484875149e+00
5.242271620547044320e-01 1.000593092594675104e+00
5.293266058360561743e-01 9.935913402261317140e-01
5.344756546908600026e-01 9.865284442105560769e-01
5.396747911547442600e-01 9.794003502241295234e-01
5.449245024572260121e-01 9.722139696213218940e-01
5.502252805673685243e-01 9.649670066313356109e-01
5.555776222398878250e-01 9.576561045668879890e-01
5.609820290617031358e-01 9.502908696348921769e-01
5.664390074989449353e-01 9.428644949028530675e-01
5.719490689444144405e-01 9.353823519796226060e-01
5.775127297655114900e-01 9.278420320859869230e-01
5.831305113526221717e-01 9.202473545391147702e-01
5.888029401679826247e-01 9.125981804578309209e-01
5.945305477950136863e-01 9.048927150396619545e-01
6.003138709881384871e-01 8.971374528012958649e-01
6.061534517230839914e-01 8.893305839735829998e-01
6.120498372476699256e-01 8.814718764859771349e-01
6.180035801330957534e-01 8.735655070113115261e-01
6.240152383257209223e-01 8.656099013552546184e-01
6.300853751993553686e-01 8.576065333373259492e-01
6.362145596080520660e-01 8.495761337524886381e-01
6.424033659394193796e-01 8.414691478751541442e-01
6.486523741684461219e-01 8.333351048988130172e-01
6.549621699118558515e-01 8.251578682554011612e-01
6.613333444829840868e-01 8.169426198361230407e-01
6.677664949471955325e-01 8.086889829559151810e-01
6.742622241778342129e-01 8.003982777930331860e-01
6.808211409127237213e-01 7.920710894743950847e-01
6.874438598112112553e-01 7.837110218562499675e-01
6.941310015117725385e-01 7.753218243165419521e-01
7.008831926901714082e-01 7.668986734795676385e-01
7.077010661181889484e-01 7.584478808143444439e-01
7.145852607229240538e-01 7.499691716698774213e-01
7.215364216466665370e-01 7.414661585944044564e-01
7.285552003073593186e-01 7.329393402842533378e-01
7.356422544596413760e-01 7.243927401153203993e-01
7.427982482564918776e-01 7.158216269670117926e-01
7.500238523114668432e-01 7.072395132492170777e-01
7.573197437615483141e-01 6.986388557048943682e-01
7.646866063305975958e-01 6.900238489003118758e-01
7.721251303934327792e-01 6.814060010338863771e-01
7.796360130405233235e-01 6.727491312129025847e-01
7.872199581433195759e-01 6.641153168831041009e-01
7.948776764202123424e-01 6.554654077265216205e-01
8.026098855031396084e-01 6.468111347302227809e-01
8.104173100048355227e-01 6.381660864976793635e-01
8.183006815867394090e-01 6.295002676282678289e-01
8.262607390275591435e-01 6.208348753884620486e-01
8.342982282925082149e-01 6.121983101120626047e-01
8.424139026032094746e-01 6.035564267150258511e-01
8.506085225082840040e-01 5.949227147532207827e-01
8.588828559546254349e-01 5.863017004721583492e-01
8.672376783593644944e-01 5.776933680253468761e-01
8.756737726825394308e-01 5.690986375013146192e-01
8.841919295004664336e-01 5.605224400441481958e-01
8.927929470798307010e-01 5.519650426841705704e-01
9.014776314524917122e-01 5.434308937146964391e-01
9.102467964910225806e-01 5.349148408356587669e-01
9.191012639849772681e-01 5.264135160108508460e-01
9.280418637179072006e-01 5.179753846254749883e-01
9.370694335451198453e-01 5.095486946326951427e-01
9.461848194722002336e-01 5.011529334100417454e-01
9.553888757342895444e-01 4.927916550917891270e-01
9.646824648761427312e-01 4.844658889630216181e-01
9.740664578329562007e-01 4.761810792837659068e-01
9.835417340119908536e-01 4.679369809063644303e-01
9.931091813749796104e-01 4.597315015915031111e-01
1.002769696521346621e+00 4.515682650611887450e-01
1.012524184772224167e+00 4.434620569918573119e-01
1.022373560255302127e+00 4.353959094749760839e-01
1.032318745990486564e+00 4.273821549556485189e-01
1.042360673976402197e+00 4.194218230234001976e-01
1.052500285277732761e+00 4.115118355288694962e-01
1.062738530113414459e+00 4.036540797566558481e-01
1.073076367945679621e+00 3.958598143456073526e-01
1.083514767569973225e+00 3.881265632579373182e-01
1.094054707205742494e+00 3.804552496516546145e-01
1.104697174588111785e+00 3.728465244548358482e-01
1.115443167060441221e+00 3.652968741343193271e-01
1.126293691667795249e+00 3.578119862259286355e-01
1.137249765251314271e+00 3.503975328460265382e-01
1.148312414543511073e+00 3.430434272363166448e-01
1.159482676264482759e+00 3.357753115233321761e-01
1.170761597219069250e+00 3.285712741126137204e-01
1.182150234394952371e+00 3.214400626885238754e-01
1.193649655061713055e+00 3.143836502327813642e-01
1.205260936870842681e+00 3.073999757442235636e-01
1.216985167956738056e+00 3.004976805526122230e-01
1.228823447038673411e+00 2.936693942881720698e-01
1.240776883523764251e+00 2.869243798306841398e-01
1.252846597610937529e+00 2.802409632188419542e-01
1.265033720395903893e+00 2.736651136494425152e-01
1.277339393977160009e+00 2.671578250129060250e-01
1.289764771563017165e+00 2.607436345427855406e-01
1.302311017579677488e+00 2.543974974549406132e-01
1.314979307780347773e+00 2.481526016604274076e-01
1.327770829355430449e+00 2.419920264256533726e-01
1.340686781043774811e+00 2.358994934154473588e-01
1.353728373245021821e+00 2.299069980037998506e-01
1.366896828133026487e+00 2.239986517913378772e-01
1.380193379770397355e+00 2.181818988701842710e-01
1.393619274224142002e+00 2.124453361687479724e-01
1.407175769682446731e+00 2.068012684895201847e-01
1.420864136572576708e+00 2.012461377425640852e-01
1.434685657679937831e+00 1.957795500892218488e-01
1.448641628268290127e+00 1.904035457031381107e-01
1.462733356201129986e+00 1.851155926199178625e-01
1.476962162064259898e+00 1.799194076777125284e-01
1.491329379289537682e+00 1.748110209027332329e-01
1.505836354279841416e+00 1.697949291653531589e-01
1.520484446535244283e+00 1.648668428960228527e-01
1.535275028780422657e+00 1.600297334455899056e-01
1.550209487093291205e+00 1.552797005615634551e-01
1.565289221034902312e+00 1.506234450534678360e-01
1.580515643780601165e+00 1.460506835451984842e-01
1.595890182252465817e+00 1.415744740204630814e-01
1.611414277253019778e+00 1.371810613218994446e-01
1.627089383600260675e+00 1.328847309709447477e-01
1.642916970263993193e+00 1.286683381544192761e-01
1.658898520503498064e+00 1.245384607762674983e-01
1.675035532006524441e+00 1.205038893494552038e-01
1.691329517029648732e+00 1.165514949933631889e-01
1.707782002539993016e+00 1.126866312461206748e-01
1.724394530358320354e+00 1.089072547793559498e-01
1.741168657303530987e+00 1.052129716341782817e-01
1.758105955338547632e+00 1.016049908685613817e-01
1.775208011717636092e+00 9.807407069823663448e-02
1.792476429135148930e+00 9.463377082514913552e-02
1.809912825875727105e+00 9.127347259208462571e-02
1.827518835965944666e+00 8.800756352164230967e-02
1.845296109327445366e+00 8.479681947234178618e-02
1.863246311931559873e+00 8.167908220342078029e-02
1.881371125955437096e+00 7.864176131028446926e-02
1.899672249939675650e+00 7.567671089947410057e-02
1.918151398947507635e+00 7.279749933101166415e-02
1.936810304725519849e+00 6.999314607951866163e-02
1.955650715865949074e+00 6.726227967159317811e-02
1.974674397970537454e+00 6.460143852501540329e-02
1.993883133816001019e+00 6.201553199127545629e-02
2.013278723521096492e+00 5.952797211121058779e-02
2.032862984715323673e+00 5.707889473627682925e-02
2.052637752709252084e+00 5.470669171225274463e-02
2.072604880666519822e+00 5.240869638288388893e-02
2.092766239777499759e+00 5.017927413835020223e-02
2.113123719434652603e+00 4.801701917747511206e-02
2.133679227409597701e+00 4.592010100288277524e-02
2.154434690031884259e+00 4.389066306811971463e-02
2.175392052369522489e+00 4.192409693891124833e-02
2.196553278411258248e+00 4.002072891484025757e-02
2.217920351250634692e+00 3.816385254784099984e-02
2.239495273271823184e+00 3.639839616680931589e-02
2.261280066337279404e+00 3.467727195535487417e-02
2.283276771977218012e+00 3.301413132097402725e-02
2.305487451580938707e+00 3.140980041000680095e-02
2.327914186589993051e+00 2.986014793584380531e-02
2.350559078693253756e+00 2.836643001762448671e-02
2.373424250023866033e+00 2.692600886811779767e-02
2.396511843358130278e+00 2.553876580520011638e-02
2.419824022316292567e+00 2.420390435743124263e-02
2.443362971565319341e+00 2.291794712566496209e-02
2.467130897023623426e+00 2.168192490875272410e-02
2.491130026067788439e+00 2.049560718667938625e-02
2.515362607741312928e+00 1.935367499221926982e-02
2.539830912965362675e+00 1.825931366226227204e-02
2.564537234751594674e+00 1.720873312883118567e-02
2.589483888417040802e+00 1.620339814617215157e-02
2.614673211801092023e+00 1.524112084080868346e-02
2.640107565484572927e+00 1.431804013075840994e-02
2.665789333010967876e+00 1.343724457088523935e-02
2.691720921109787668e+00 1.259470878901520867e-02
2.717904759922122881e+00 1.179159572487125697e-02
2.744343303228365283e+00 1.102454889811665603e-02
2.771039028678170535e+00 1.029353235703030743e-02
2.797994438022641805e+00 9.598531740160478470e-03
2.825212057348790218e+00 8.937483686755148815e-03
2.852694437316245057e+00 8.309295959274541274e-03
2.880444153396297668e+00 7.712564639608763400e-03
2.908463806113254169e+00 7.147319538478780730e-03
2.936756021288137397e+00 6.611987798816636695e-03
2.965323450284773621e+00 6.105706708813479940e-03
2.994168770258243573e+00 5.627227346848974292e-03
3.023294684405779531e+00 5.176514662478333591e-03
3.052703922220086241e+00 4.751320628827514214e-03
3.082399239745143404e+00 4.351539595097815398e-03
3.112383419834465759e+00 3.976014287039513623e-03
3.142659272411905569e+00 3.623975425958264954e-03
3.173229634734976212e+00 3.294213493184148731e-03
3.204097371660752813e+00 2.986423115886385326e-03
3.235265375914330388e+00 2.699258335379902621e-03
3.266736568359921655e+00 2.431997772054436853e-03
3.298513898274578082e+00 2.183810954987671846e-03
3.330600343624588788e+00 1.953885021356448551e-03
3.362998911344535991e+00 1.741393007664252413e-03
3.395712637619100693e+00 1.545560154256662424e-03
3.428744588167585317e+00 1.365577046841398145e-03
3.462097858531227423e+00 1.200701039668296841e-03
3.495775574363275240e+00 1.050151788929943328e-03
3.529780891721914671e+00 9.132086456664085649e-04
3.564116997366032269e+00 7.891309683352815086e-04
3.598787109053855460e+00 6.772066202208767939e-04
3.633794475844513094e+00 5.767362214001122214e-04
3.669142378402494131e+00 4.870153458853956137e-04
3.704834129305105694e+00 4.073850045162910583e-04
3.740873073352900313e+00 3.371764810138538145e-04
3.777262587883141176e+00 2.757341804822373093e-04
3.814006083086284082e+00 2.224243645709911906e-04
3.851107002325572903e+00 1.766181083699488606e-04
3.888568822459721019e+00 1.377026842518673695e-04
3.926395054168756449e+00 1.050734400164916692e-04
3.964589242282997805e+00 7.814059899706091682e-05
4.003154966115265445e+00 5.632508003523303250e-05
4.042095839796306045e+00 3.905701370114819627e-05
4.081415512613501662e+00 2.578027507242995275e-05
4.121117669352832635e+00 1.594905383751381913e-05
4.161206030644208020e+00 9.024552970875119112e-06
4.201684353310133346e+00 4.482846990374233639e-06
4.242556430717777438e+00 1.806502280002035416e-06
4.283826093134470270e+00 4.883771756055821351e-07
4.325497208086633627e+00 0.000000000000000000e+00
