1.000000000000000021e-02 1.990720458503651091e+00
1.009727545900835841e-02 1.990716541201471568e+00
1.019549716950923779e-02 1.990712536605635297e+00
1.029467433620748044e-02 1.990708586981669415e+00
1.039481625334708927e-02 1.990704663942805430e+00
1.049593230558227772e-02 1.990700668819662456e+00
1.059803196885688789e-02 1.990696567703876152e+00
1.070112481129246833e-02 1.990692376799933161e+00
1.080522049408488318e-02 1.990688114810388099e+00
1.091032877240974419e-02 1.990683766261889698e+00
1.101645949633656314e-02 1.990679319015867144e+00
1.112362261175187626e-02 1.990674758218297757e+00
1.123182816129126085e-02 1.990670084441768406e+00
1.134108628528052165e-02 1.990665299178458358e+00
1.145140722268592030e-02 1.990660401561400894e+00
1.156280131207376022e-02 1.990655386435818963e+00
1.167527899257919492e-02 1.990650259349599605e+00
1.178885080488457221e-02 1.990645091904718944e+00
1.190352739220719262e-02 1.990639822066051723e+00
1.201931950129673729e-02 1.990634456266328511e+00
1.213623798344241195e-02 1.990629000292393203e+00
1.225429379548980714e-02 1.990623450231288727e+00
1.237349800086776086e-02 1.990617772213978398e+00
1.249386177062509519e-02 1.990612002491190191e+00
1.261539638447754796e-02 1.990606075593683855e+00
1.273811323186478488e-02 1.990599948170995503e+00
1.286202381301779218e-02 1.990593894333767544e+00
1.298713974003655978e-02 1.990587707065931022e+00
1.311347273797833224e-02 1.990581382708062952e+00
1.324103464595636874e-02 1.990574974830262800e+00
1.336983741824946531e-02 1.990568516676143540e+00
1.349989312542219239e-02 1.990561921861013328e+00
1.363121395545611320e-02 1.990555194964669150e+00
1.376381221489191876e-02 1.990548323833620792e+00
1.389770032998276401e-02 1.990541554206041175e+00
1.403289084785873213e-02 1.990534360503685152e+00
1.416939643770268736e-02 1.990527027143465633e+00
1.430722989193757184e-02 1.990519517485025425e+00
1.444640412742520530e-02 1.990511805303534443e+00
1.458693218667675602e-02 1.990503881354172222e+00
1.472882723907502529e-02 1.990495775207118401e+00
1.487210258210860774e-02 1.990487469167310008e+00
1.501677164261799868e-02 1.990478958117041897e+00
1.516284797805393485e-02 1.990470266721935610e+00
1.531034527774784160e-02 1.990461395540182643e+00
1.545927736419477720e-02 1.990452314691276925e+00
1.560965819434872483e-02 1.990443012662643785e+00
1.576150186093060873e-02 1.990433498267351053e+00
1.591482259374891323e-02 1.990423770088404654e+00
1.606963476103326349e-02 1.990413852971572251e+00
1.622595287078087284e-02 1.990403757698051113e+00
1.638379157211618947e-02 1.990393431938892066e+00
1.654316565666366645e-02 1.990382898574402537e+00
1.670409005993399310e-02 1.990372145214261312e+00
1.686657986272368723e-02 1.990360854738383978e+00
1.703065029252844378e-02 1.990349624561758013e+00
1.719631672497009753e-02 1.990338136815192227e+00
1.736359468523754335e-02 1.990326375734690512e+00
1.753249984954170088e-02 1.990314399232154363e+00
1.770304804658450262e-02 1.990302183247571577e+00
1.787525525904235316e-02 1.990289817737962652e+00
1.804913762506383731e-02 1.990277208325132996e+00
1.822471143978214581e-02 1.990264306886848633e+00
1.840199315684210371e-02 1.990251112715639925e+00
1.858099938994215231e-02 1.990237665229733111e+00
1.876174691439120440e-02 1.990223941449147826e+00
1.894425266868081034e-02 1.990209851745276648e+00
1.912853375607242307e-02 1.990195533418712026e+00
1.931460744620030340e-02 1.990181007353744924e+00
1.950249117668984011e-02 1.990166157239191325e+00
1.969220255479172538e-02 1.990150973202383211e+00
1.988375935903200636e-02 1.990135463442662234e+00
2.007717954087816226e-02 1.990119754333163682e+00
2.027248122642137662e-02 1.990103714872141438e+00
2.046968271807520987e-02 1.990087316770777104e+00
2.066880249629082095e-02 1.990070844425392504e+00
2.086985922128879734e-02 1.990053904585960654e+00
2.107287173480786382e-02 1.990036754791783435e+00
2.127785906187062287e-02 1.990019295383681275e+00
2.148484041256648255e-02 1.990001463515709723e+00
2.169383518385184506e-02 1.989983362949839574e+00
2.190486296136792688e-02 1.989964774644428447e+00
2.211794352127614133e-02 1.989945759568642725e+00
2.233309683211144592e-02 1.989926294961410935e+00
2.255034305665360936e-02 1.989906365684183331e+00
2.276970255381680075e-02 1.989886089406788905e+00
2.299119588055741764e-02 1.989865608098072114e+00
2.321484379380064564e-02 1.989844653031566102e+00
2.344066725238556220e-02 1.989823270053300286e+00
2.366868741902936057e-02 1.989801480426863556e+00
2.389892566231050300e-02 1.989779380232409967e+00
2.413140355867127856e-02 1.989756904167576002e+00
2.436614289443983158e-02 1.989733947610528020e+00
2.460316566787181664e-02 1.989710686680115304e+00
2.484249409121190577e-02 1.989686965420217613e+00
2.508415059277539771e-02 1.989662701193843919e+00
2.532815781905008515e-02 1.989637892834070110e+00
2.557453863681850847e-02 1.989612622010014764e+00
2.582331613530085626e-02 1.989586822896777685e+00
2.607451362831877603e-02 1.989560425775688701e+00
2.632815465648021339e-02 1.989533428717544350e+00
2.658426298938541474e-02 1.989506020268219100e+00
2.684286262785454819e-02 1.989478153386877723e+00
2.710397780617682106e-02 1.989449987346237680e+00
2.736763299438163891e-02 1.989421279445917179e+00
2.763385290053169824e-02 1.989391917190054038e+00
2.790266247303856487e-02 1.989362115761959870e+00
2.817408690300057458e-02 1.989331917588874177e+00
2.844815162656363222e-02 1.989301245279018193e+00
2.872488232730495070e-02 1.989269918772212042e+00
2.900430493863991738e-02 1.989237292643449173e+00
2.928644564625237229e-02 1.989204472967112114e+00
2.957133089054861039e-02 1.989170928429408791e+00
2.985898736913520854e-02 1.989136627874698693e+00
3.014944203932094433e-02 1.989101709009583718e+00
3.044272212064302874e-02 1.989066561122996291e+00
3.073885509741795460e-02 1.989029905751964256e+00
3.103786872131722788e-02 1.988992396064281687e+00
3.133979101396793671e-02 1.988954066438892943e+00
3.164465026957891114e-02 1.988914991770266205e+00
3.195247505759213347e-02 1.988875195621893743e+00
3.226329422536015901e-02 1.988834849981197861e+00
3.257713690084949876e-02 1.988793802874718741e+00
3.289403249537032475e-02 1.988751926320508234e+00
3.321401070633261954e-02 1.988709456429653910e+00
3.353710152002930406e-02 1.988666297103184766e+00
3.386333521444636480e-02 1.988622580161800713e+00
3.419274236210027851e-02 1.988578061541991238e+00
3.452535383290306070e-02 1.988532637165113748e+00
3.486120079705520153e-02 1.988486343415206914e+00
3.520031472796678745e-02 1.988441508289660264e+00
3.554272740520694751e-02 1.988393459839533861e+00
3.588847091748199186e-02 1.988344283729048145e+00
3.623757766564258964e-02 1.988293925903592108e+00
3.659008036572020811e-02 1.988242677783749857e+00
3.694601205199302130e-02 1.988190502400143389e+00
3.730540608008161424e-02 1.988137246897828003e+00
3.766829613007490613e-02 1.988082742331944264e+00
3.803471620968648659e-02 1.988027002634327411e+00
3.840470065744145539e-02 1.987969126557703525e+00
3.877828414589457040e-02 1.987911581945772888e+00
3.915550168487941241e-02 1.987852818943989686e+00
3.953638862478930927e-02 1.987792792141161335e+00
3.992098065989020672e-02 1.987731304810303801e+00
4.030931383166566628e-02 1.987668615228003866e+00
4.070142453219438572e-02 1.987604748645142028e+00
4.109734950756069316e-02 1.987539964671655834e+00
4.149712586129815362e-02 1.987473645142213696e+00
4.190079105786669034e-02 1.987405771296936186e+00
4.230838292616342228e-02 1.987336587786085795e+00
4.271993966306778662e-02 1.987266015117423512e+00
4.313549983702118923e-02 1.987194043029196555e+00
4.355510239164130798e-02 1.987120706573062723e+00
4.397878664937160398e-02 1.987046011049988348e+00
4.440659231516640160e-02 1.986969629926548464e+00
4.483855948021186338e-02 1.986891423963651260e+00
4.527472862568297785e-02 1.986811665357895773e+00
4.571514062653719151e-02 1.986730557023258514e+00
4.615983675534499064e-02 1.986648669735479489e+00
4.660885868615767536e-02 1.986565003760989212e+00
4.706224849841281199e-02 1.986479818841472511e+00
4.752004868087766204e-02 1.986394348059298709e+00
4.798230213563085128e-02 1.986305495953599509e+00
4.844905218208294534e-02 1.986215417300146058e+00
4.892034256103611894e-02 1.986122032812459359e+00
4.939621743878321036e-02 1.986028973856403423e+00
4.987672141124663283e-02 1.985936133946018645e+00
5.036189950815770505e-02 1.985839070284694419e+00
5.085179719727656034e-02 1.985739998248007732e+00
5.134646038865306461e-02 1.985638723563000196e+00
5.184593543892913187e-02 1.985535280959458415e+00
5.235026915568305461e-02 1.985431267193168425e+00
5.285950880181603667e-02 1.985323051822527107e+00
5.337370209998133774e-02 1.985213450111446676e+00
5.389289723705643909e-02 1.985100730073858788e+00
5.441714286865893119e-02 1.984986236623320410e+00
5.494648812370611646e-02 1.984869648626053085e+00
5.548098260901916656e-02 1.984751414481631615e+00
5.602067641397187603e-02 1.984631082431657756e+00
5.656562011518465050e-02 1.984508544716252709e+00
5.711586478126431943e-02 1.984384025446908950e+00
5.767146197758996756e-02 1.984257325138966355e+00
5.823246377114527778e-02 1.984127933123711829e+00
5.879892273539785025e-02 1.983995816435475179e+00
5.937089195522609469e-02 1.983861082269689158e+00
5.994842503189409116e-02 1.983723526345063881e+00
6.053157608807464840e-02 1.983583072877999065e+00
6.112039977292132997e-02 1.983439446001196149e+00
6.171495126718981594e-02 1.983293300318238694e+00
6.231528628840921763e-02 1.983144460026867284e+00
6.292146109610344262e-02 1.982992172584828738e+00
6.353353249706343575e-02 1.982836807384252609e+00
6.415155785067082339e-02 1.982678478610658157e+00
6.477559507427335661e-02 1.982518335109662244e+00
6.540570264861225724e-02 1.982355472717607370e+00
6.604193962330305590e-02 1.982191636607616214e+00
6.668436562236895737e-02 1.982021431847239779e+00
6.733304084982863480e-02 1.981848045477480280e+00
6.798802609533814711e-02 1.981670806380618099e+00
6.864938273988777095e-02 1.981488006207515751e+00
6.931717276155408003e-02 1.981303884994759734e+00
6.999145874130821565e-02 1.981116149401883408e+00
7.067230386888070925e-02 1.980924353274977845e+00
7.135977194868306506e-02 1.980729127989411920e+00
7.205392740578704658e-02 1.980529540752200779e+00
7.275483529196229149e-02 1.980326377674378246e+00
7.346256129177256011e-02 1.980120009901760181e+00
7.417717172873124210e-02 1.979910115030630857e+00
7.489873357151664857e-02 1.979696344444213718e+00
7.562731444024800576e-02 1.979479812986750131e+00
7.636298261282241373e-02 1.979258042159990350e+00
7.710580703131336699e-02 1.979031758825757326e+00
7.785585730843146146e-02 1.978800376601264954e+00
7.861320373404813433e-02 1.978563995308161738e+00
7.937791728178281159e-02 1.978323458675391500e+00
8.015006961565404597e-02 1.978077818940805255e+00
8.092973309679550586e-02 1.977826445176685599e+00
8.171698079023696770e-02 1.977571502869592157e+00
8.251188647175167201e-02 1.977311701621563111e+00
8.331452463477014014e-02 1.977047249582817301e+00
8.412497049736118726e-02 1.976777223035175446e+00
8.494330000928071445e-02 1.976502413657039048e+00
8.576958985908941790e-02 1.976222875595814665e+00
8.660391748133952627e-02 1.975938389684805729e+00
8.744636106383144036e-02 1.975648703622409297e+00
8.829699955494091368e-02 1.975353222352249638e+00
8.915591267101763417e-02 1.975051884152220216e+00
9.002318090385581784e-02 1.974744485880686629e+00
9.089888552823731371e-02 1.974431136007424703e+00
9.178310860954806694e-02 1.974111517742887401e+00
9.267593301146882789e-02 1.973785808349540094e+00
9.357744240374062106e-02 1.973453378222565835e+00
9.448772127000577836e-02 1.973114135525694257e+00
9.540685491572513388e-02 1.972767175980943088e+00
9.633492947617222635e-02 1.972414342693507683e+00
9.727203192450542546e-02 1.972054336733345181e+00
9.821825007991856482e-02 1.971687059408083531e+00
9.917367261587073379e-02 1.971312178154295935e+00
1.001383890683960748e-01 1.970931657052828578e+00
1.011124898444945991e-01 1.970545278949812351e+00
1.020960662306047012e-01 1.970151541662922057e+00
1.030892104011576216e-01 1.969749751417888550e+00
1.040920154272158005e-01 1.969340916074203252e+00
1.051045752851944987e-01 1.968925259696690411e+00
1.061269848656690717e-01 1.968500367605676038e+00
1.071593399822671072e-01 1.968067072230006431e+00
1.082017373806478805e-01 1.967625652394471292e+00
1.092542747475682557e-01 1.967175903076215260e+00
1.103170507200377515e-01 1.966718006363237237e+00
1.113901648945616746e-01 1.966250427057775196e+00
1.124737178364751955e-01 1.965772861558777063e+00
1.135678110893671017e-01 1.965284874337221988e+00
1.146725471845963656e-01 1.964787879034062046e+00
1.157880296509002094e-01 1.964281537958648460e+00
1.169143630240966764e-01 1.963766351314822023e+00
1.180516528568804902e-01 1.963241210770933387e+00
1.192000057287153220e-01 1.962707230893071531e+00
1.203595292558212876e-01 1.962164457893201153e+00
1.215303321012602134e-01 1.961612889515389258e+00
1.227125239851190319e-01 1.961049154141464079e+00
1.239062156947916271e-01 1.960473226073090602e+00
1.251115190953615564e-01 1.959886614368977931e+00
1.263285471400849291e-01 1.959290338224878747e+00
1.275574138809759950e-01 1.958681369639530212e+00
1.287982344794950385e-01 1.958060755556054300e+00
1.300511252173409127e-01 1.957427203313622188e+00
1.313162035073478784e-01 1.956782439911951332e+00
1.325935879044890797e-01 1.956125593054901080e+00
1.338833981169864351e-01 1.955456543668332658e+00
1.351857550175293021e-01 1.954773842923623217e+00
1.365007806546013891e-01 1.954078648634606674e+00
1.378285982639189389e-01 1.953371400497675880e+00
1.391693322799789911e-01 1.952651203606532215e+00
1.405231083477211373e-01 1.951917604609678669e+00
1.418900533343016301e-01 1.951171359995912180e+00
1.432702953409830948e-01 1.950409777015147617e+00
1.446639637151387880e-01 1.949634355609920267e+00
1.460711890623745679e-01 1.948843828666668943e+00
1.474921032587684921e-01 1.948037899529239336e+00
1.489268394632288772e-01 1.947216661077206590e+00
1.503755321299738434e-01 1.946378851122092080e+00
1.518383170211306810e-01 1.945525062723274967e+00
1.533153312194593942e-01 1.944657574438600323e+00
1.548067131411984265e-01 1.943773392946295031e+00
1.563126025490369497e-01 1.942873297400507848e+00
1.578331405652117214e-01 1.941956722450884243e+00
1.593684696847328941e-01 1.941023628565620829e+00
1.609187337887370006e-01 1.940072413349716696e+00
1.624840781579713067e-01 1.939102826151957171e+00
1.640646494864078653e-01 1.938114995950857233e+00
1.656605958949914359e-01 1.937108864508656936e+00
1.672720669455196874e-01 1.936085537689405278e+00
1.688992136546599021e-01 1.935043699980971921e+00
1.705421885081006561e-01 1.933979838266558282e+00
1.722011454748421100e-01 1.932897401728457920e+00
1.738762400216251336e-01 1.931794642183642274e+00
1.755676291275001522e-01 1.930671349827479011e+00
1.772754712985387948e-01 1.929528287840542422e+00
1.789999265826875408e-01 1.928365441431023841e+00
1.807411565847668600e-01 1.927179483906412250e+00
1.824993244816152382e-01 1.925971692001601898e+00
1.842745950373816666e-01 1.924741118127843098e+00
1.860671346189656239e-01 1.923488978292740681e+00
1.878771112116086051e-01 1.922214917656901001e+00
1.897046944346358344e-01 1.920917586151794865e+00
1.915500555573527997e-01 1.919596632767856415e+00
1.934133675150944698e-01 1.918254145237054065e+00
1.952948049254327745e-01 1.916886600492133441e+00
1.971945441045395986e-01 1.915491636593321223e+00
1.991127630837108697e-01 1.914070934132406476e+00
2.010496416260497965e-01 1.912625932784850491e+00
2.030053612433137811e-01 1.911155095510936874e+00
2.049801052129238688e-01 1.909656988462907545e+00
2.069740585951406198e-01 1.908130149793094033e+00
2.089874082504071251e-01 1.906575679275462010e+00
2.110203428568595552e-01 1.904994763172126460e+00
2.130730529280097374e-01 1.903387924851537516e+00
2.151457308305980698e-01 1.901751415424327352e+00
2.172385708026215445e-01 1.900084724273608305e+00
2.193517689715359098e-01 1.898387912011333389e+00
2.214855233726360506e-01 1.896661760411535447e+00
2.236400339676138660e-01 1.894904101114387451e+00
2.258155026632983065e-01 1.893116794916670509e+00
2.280121333305757114e-01 1.891298551617159207e+00
2.302301318234963867e-01 1.889449119952749445e+00
2.324697059985647851e-01 1.887566482027720260e+00
2.347310657342196183e-01 1.885649199262001474e+00
2.370144229505012079e-01 1.883698321421522826e+00
2.393199916289123208e-01 1.881710223698081608e+00
2.416479878324700736e-01 1.879689535207112794e+00
2.439986297259550130e-01 1.877636840250795025e+00
2.463721375963552895e-01 1.875547328937217983e+00
2.487687338735107279e-01 1.873419993044089127e+00
2.511886431509580686e-01 1.871254677711186476e+00
2.536320922069775774e-01 1.869053794297076854e+00
2.560993100258459609e-01 1.866814513128247865e+00
2.585905278192945911e-01 1.864539689491640839e+00
2.611059790481781162e-01 1.862228376952598907e+00
2.636458994443517945e-01 1.859873491665172462e+00
2.662105270327638773e-01 1.857473210299697586e+00
2.688001021537606006e-01 1.855034940741681959e+00
2.714148674856106669e-01 1.852560406548825478e+00
2.740550680672460548e-01 1.850044969494761826e+00
2.767209513212268712e-01 1.847481636520647674e+00
2.794127670769268601e-01 1.844874308736081936e+00
2.821307675939472293e-01 1.842231157226636773e+00
2.848752075857552413e-01 1.839538388688574333e+00
2.876463442435557849e-01 1.836798362791038919e+00
2.904444372603925406e-01 1.834012364788172311e+00
2.932697488554852905e-01 1.831186379062856417e+00
2.961225437988035947e-01 1.828313747487733565e+00
2.990030894358785551e-01 1.825392824988372853e+00
3.019116557128577738e-01 1.822421539846146743e+00
3.048485152018017286e-01 1.819404561421140043e+00
3.078139431262288950e-01 1.816338143941509831e+00
3.108082173869063936e-01 1.813220654879103444e+00
3.138316185878944342e-01 1.810053467817370310e+00
3.168844300628416155e-01 1.806834798117557650e+00
3.199669379015380732e-01 1.803565447084413353e+00
3.230794309767249795e-01 1.800241122193418919e+00
3.262222009711669979e-01 1.796870754960712357e+00
3.293955424049855307e-01 1.793447419238428431e+00
3.325997526632606949e-01 1.789963620637422315e+00
3.358351320238990301e-01 1.786426132309833603e+00
3.391019836857747105e-01 1.782834550948841912e+00
3.424006137971423724e-01 1.779189596209820312e+00
3.457313314843284413e-01 1.775488366986000210e+00
3.490944488806992929e-01 1.771729418971853987e+00
3.524902811559130766e-01 1.767910961764697531e+00
3.559191465454557002e-01 1.764034063377179162e+00
3.593813663804627523e-01 1.760099967910447205e+00
3.628772651178337472e-01 1.756105156925034327e+00
3.664071703706370808e-01 1.752055025311081149e+00
3.699714129388128048e-01 1.747939777261804162e+00
3.735703268401719401e-01 1.743766125708329895e+00
3.772042493416999376e-01 1.739528887646066613e+00
3.808735209911614517e-01 1.735231500665302518e+00
3.845784856490158665e-01 1.730868509200688132e+00
3.883194905206404091e-01 1.726441867393810448e+00
3.920968861888690649e-01 1.721955992036581007e+00
3.959110266468458539e-01 1.717403096189459744e+00
3.997622693312000708e-01 1.712787410450594017e+00
4.036509751555413805e-01 1.708103249664808976e+00
4.075775085442840395e-01 1.703353198846015326e+00
4.115422374667966343e-01 1.698540147915456489e+00
4.155455334718875515e-01 1.693657448279598743e+00
4.195877717226225712e-01 1.688710219085914677e+00
4.236693310314835759e-01 1.683694193678326068e+00
4.277905938958687093e-01 1.678608110211073923e+00
4.319519465339363706e-01 1.673452171563831081e+00
4.361537789208005944e-01 1.668231994591833800e+00
4.403964848250754294e-01 1.662942149525065805e+00
4.446804618457780300e-01 1.657579286897798987e+00
4.490061114495874639e-01 1.652149221688605785e+00
4.533738390084691150e-01 1.646647751453486519e+00
4.577840538376618529e-01 1.641075424014077466e+00
4.622371692340384031e-01 1.635431833109606714e+00
4.667336025148346446e-01 1.629715864392453861e+00
4.712737750567601580e-01 1.623934089743080955e+00
4.758581123354846953e-01 1.618070979658280839e+00
4.804870439655131720e-01 1.612146012686556551e+00
4.851610037404442966e-01 1.606145028375223882e+00
4.898804296736250508e-01 1.600068147891484438e+00
4.946457640391963562e-01 1.593923917509877164e+00
4.994574534135413635e-01 1.587704015490253306e+00
5.043159487171361421e-01 1.581413179632860544e+00
5.092217052568053237e-01 1.575047517640916883e+00
5.141751827683928022e-01 1.568614435492506898e+00
5.191768454598426619e-01 1.562104016747514423e+00
5.242271620547044320e-01 1.555515996161978887e+00
5.293266058360561743e-01 1.548865221706799078e+00
5.344756546908600026e-01 1.542138744839845588e+00
5.396747911547442600e-01 1.535343117788821710e+00
5.449245024572260121e-01 1.528465194645992842e+00
5.502252805673685243e-01 1.521518636556469239e+00
5.555776222398878250e-01 1.514507459917433518e+00
5.609820290617031358e-01 1.507419195939499579e+00
5.664390074989449353e-01 1.500257019580122364e+00
5.719490689444144405e-01 1.493026765780019360e+00
5.775127297655114900e-01 1.485726038268814664e+00
5.831305113526221717e-01 1.478355461448085162e+00
5.888029401679826247e-01 1.470912272277296706e+00
5.945305477950136863e-01 1.463401263664513952e+00
6.003138709881384871e-01 1.455820011299551853e+00
6.061534517230839914e-01 1.448173504976820958e+00
6.120498372476699256e-01 1.440454305533394042e+00
6.180035801330957534e-01 1.432671543645074319e+00
6.240152383257209223e-01 1.424820015575374743e+00
6.300853751993553686e-01 1.416901488839270806e+00
6.362145596080520660e-01 1.408920575230629524e+00
6.424033659394193796e-01 1.400869021649900681e+00
6.486523741684461219e-01 1.392766447955556597e+00
6.549621699118558515e-01 1.384584028608973671e+00
6.613333444829840868e-01 1.376349120522320613e+00
6.677664949471955325e-01 1.368052795821529388e+00
6.742622241778342129e-01 1.359694036184005084e+00
6.808211409127237213e-01 1.351278101326329750e+00
6.874438598112112553e-01 1.342797932582203702e+00
6.941310015117725385e-01 1.334268209811691586e+00
7.008831926901714082e-01 1.325675634922847346e+00
7.077010661181889484e-01 1.317031944614366568e+00
7.145852607229240538e-01 1.308335036095161330e+00
7.215364216466665370e-01 1.299581199866510328e+00
7.285552003073593186e-01 1.290779153460883899e+00
7.356422544596413760e-01 1.281925967147546253e+00
7.427982482564918776e-01 1.273022842810929145e+00
7.500238523114668432e-01 1.264073274480499665e+00
7.573197437615483141e-01 1.255077620913024994e+00
7.646866063305975958e-01 1.246033359019370845e+00
7.721251303934327792e-01 1.236953381806804586e+00
7.796360130405233235e-01 1.227825667665122022e+00
7.872199581433195759e-01 1.218658979001897569e+00
7.948776764202123424e-01 1.209453795580375468e+00
8.026098855031396084e-01 1.200210486790117104e+00
8.104173100048355227e-01 1.190932856860632549e+00
8.183006815867394090e-01 1.181619466238212901e+00
8.262607390275591435e-01 1.172276018556770438e+00
8.342982282925082149e-01 1.162899574699063354e+00
8.424139026032094746e-01 1.153493075341909702e+00
8.506085225082840040e-01 1.144059812318907188e+00
8.588828559546254349e-01 1.134604818004909310e+00
8.672376783593644944e-01 1.125123600604151619e+00
8.756737726825394308e-01 1.115618111781098376e+00
8.841919295004664336e-01 1.106092974716488708e+00
8.927929470798307010e-01 1.096555365491297174e+00
9.014776314524917122e-01 1.086995871543738224e+00
9.102467964910225806e-01 1.077421669246843683e+00
9.191012639849772681e-01 1.067835208829823745e+00
9.280418637179072006e-01 1.058237996425091643e+00
9.370694335451198453e-01 1.048632084394741870e+00
9.461848194722002336e-01 1.039019956812883283e+00
9.553888757342895444e-01 1.029403559817297698e+00
9.646824648761427312e-01 1.019779587910160545e+00
9.740664578329562007e-01 1.010154264485447762e+00
9.835417340119908536e-01 1.000534149932382544e+00
9.931091813749796104e-01 9.909137734923317842e-01
1.002769696521346621e+00 9.812984277010182721e-01
1.012524184772224167e+00 9.716875501304410578e-01
1.022373560255302127e+00 9.620866673956862680e-01
1.032318745990486564e+00 9.524934333154299049e-01
1.042360673976402197e+00 9.429152762431236567e-01
1.052500285277732761e+00 9.333513969557365453e-01
1.062738530113414459e+00 9.237997996476488005e-01
1.073076367945679621e+00 9.142689290049302864e-01
1.083514767569973225e+00 9.047537120572770597e-01
1.094054707205742494e+00 8.952640714236491659e-01
1.104697174588111785e+00 8.857962224085385028e-01
1.115443167060441221e+00 8.763519276797463453e-01
1.126293691667795249e+00 8.669332971613855632e-01
1.137249765251314271e+00 8.575474969713585693e-01
1.148312414543511073e+00 8.481873561808466189e-01
1.159482676264482759e+00 8.388634831435965999e-01
1.170761597219069250e+00 8.295696401801220254e-01
1.182150234394952371e+00 8.203128727249423546e-01
1.193649655061713055e+00 8.110922394695435633e-01
1.205260936870842681e+00 8.019096951337327805e-01
1.216985167956738056e+00 7.927693443641899984e-01
1.228823447038673411e+00 7.836693667089194015e-01
1.240776883523764251e+00 7.746116204828716878e-01
1.252846597610937529e+00 7.656003473594822362e-01
1.265033720395903893e+00 7.566342994255185195e-01
1.277339393977160009e+00 7.477159957992123296e-01
1.289764771563017165e+00 7.388513184728703331e-01
1.302311017579677488e+00 7.300244575067471597e-01
1.314979307780347773e+00 7.212623494652440348e-01
1.327770829355430449e+00 7.125490543128283338e-01
1.340686781043774811e+00 7.038877087512063202e-01
1.353728373245021821e+00 6.952840836045961481e-01
1.366896828133026487e+00 6.867348384584228693e-01
1.380193379770397355e+00 6.782460744516907170e-01
1.393619274224142002e+00 6.698143961500557797e-01
1.407175769682446731e+00 6.614426607211157938e-01
1.420864136572576708e+00 6.531337938905633633e-01
1.434685657679937831e+00 6.448822030968147656e-01
1.448641628268290127e+00 6.366970443805327617e-01
1.462733356201129986e+00 6.285771426939511519e-01
1.476962162064259898e+00 6.205176683938851134e-01
1.491329379289537682e+00 6.125256536194664259e-01
1.505836354279841416e+00 6.045987843458058286e-01
1.520484446535244283e+00 5.967381323032558971e-01
1.535275028780422657e+00 5.889497229416095214e-01
1.550209487093291205e+00 5.812240207242430623e-01
1.565289221034902312e+00 5.735682511797857153e-01
1.580515643780601165e+00 5.659828312731391975e-01
1.595890182252465817e+00 5.584667871966533248e-01
1.611414277253019778e+00 5.510217384095191795e-01
1.627089383600260675e+00 5.436465529377374484e-01
1.642916970263993193e+00 5.363437984413633730e-01
1.658898520503498064e+00 5.291097729943605721e-01
1.675035532006524441e+00 5.219490380492689541e-01
1.691329517029648732e+00 5.148607570086123353e-01
1.707782002539993016e+00 5.078474676551018030e-01
1.724394530358320354e+00 5.009038664011643549e-01
1.741168657303530987e+00 4.940314833620832458e-01
1.758105955338547632e+00 4.872335679900276495e-01
1.775208011717636092e+00 4.805121666394241431e-01
1.792476429135148930e+00 4.738611597575915768e-01
1.809912825875727105e+00 4.672823273775078001e-01
1.827518835965944666e+00 4.607773838900897645e-01
1.845296109327445366e+00 4.543451001410361845e-01
1.863246311931559873e+00 4.479882476046551099e-01
1.881371125955437096e+00 4.417033366628395075e-01
1.899672249939675650e+00 4.354923492402897334e-01
1.918151398947507635e+00 4.293522642034225401e-01
1.936810304725519849e+00 4.232837811080364943e-01
1.955650715865949074e+00 4.172915718546096886e-01
1.974674397970537454e+00 4.113701877725186029e-01
1.993883133816001019e+00 4.055211688689469574e-01
2.013278723521096492e+00 3.997419243723463467e-01
2.032862984715323673e+00 3.940355989657728930e-01
2.052637752709252084e+00 3.884009199702958548e-01
2.072604880666519822e+00 3.828377442843251544e-01
2.092766239777499759e+00 3.773441586518078150e-01
2.113123719434652603e+00 3.719201142035097885e-01
2.133679227409597701e+00 3.665672006495469537e-01
2.154434690031884259e+00 3.612822122785382950e-01
2.175392052369522489e+00 3.560667499214010268e-01
2.196553278411258248e+00 3.509206067009101870e-01
2.217920351250634692e+00 3.458416779294775090e-01
2.239495273271823184e+00 3.408299525956325349e-01
2.261280066337279404e+00 3.358860317605061874e-01
2.283276771977218012e+00 3.310080804138663124e-01
2.305487451580938707e+00 3.261973846315016079e-01
2.327914186589993051e+00 3.214508639774267262e-01
2.350559078693253756e+00 3.167699204364803345e-01
2.373424250023866033e+00 3.121527648704592317e-01
2.396511843358130278e+00 3.076004056295370548e-01
2.419824022316292567e+00 3.031110413981749629e-01
2.443362971565319341e+00 2.986838964915437544e-01
2.467130897023623426e+00 2.943192783558964409e-01
2.491130026067788439e+00 2.900159009455667847e-01
2.515362607741312928e+00 2.857736963536234853e-01
2.539830912965362675e+00 2.815921602388903877e-01
2.564537234751594674e+00 2.774706279099531936e-01
2.589483888417040802e+00 2.734049581435688547e-01
2.614673211801092023e+00 2.694013096459977885e-01
2.640107565484572927e+00 2.654542431749754017e-01
2.665789333010967876e+00 2.615637190014676317e-01
2.691720921109787668e+00 2.577309351910325730e-01
2.717904759922122881e+00 2.539520598639292692e-01
2.744343303228365283e+00 2.502309794485057526e-01
2.771039028678170535e+00 2.465624037787303990e-01
2.797994438022641805e+00 2.429492048966624684e-01
2.825212057348790218e+00 2.393888954841694727e-01
2.852694437316245057e+00 2.358790976111275473e-01
2.880444153396297668e+00 2.324246341282198425e-01
2.908463806113254169e+00 2.290200642765254369e-01
2.936756021288137397e+00 2.256656378292084264e-01
2.965323450284773621e+00 2.223612963511464868e-01
2.994168770258243573e+00 2.191068406874558672e-01
3.023294684405779531e+00 2.159013126630581758e-01
3.052703922220086241e+00 2.127440058207040741e-01
3.082399239745143404e+00 2.096334174732669697e-01
3.112383419834465759e+00 2.065697691483263099e-01
3.142659272411905569e+00 2.035529088940843945e-01
3.173229634734976212e+00 2.005814524785412833e-01
3.204097371660752813e+00 1.976545704538544834e-01
3.235265375914330388e+00 1.947728123428842939e-01
3.266736568359921655e+00 1.919336871704705461e-01
3.298513898274578082e+00 1.891380353503709921e-01
3.330600343624588788e+00 1.863841911571290089e-01
3.362998911344535991e+00 1.836744520663755320e-01
3.395712637619100693e+00 1.810047027470586545e-01
3.428744588167585317e+00 1.783742570860568366e-01
3.462097858531227423e+00 1.757849852315898631e-01
3.495775574363275240e+00 1.732355140211971622e-01
3.529780891721914671e+00 1.707255817070990056e-01
3.564116997366032269e+00 1.682527005029453848e-01
3.598787109053855460e+00 1.658176693745900543e-01
3.633794475844513094e+00 1.634198081615161335e-01
3.669142378402494131e+00 1.610590887333703536e-01
3.704834129305105694e+00 1.587351359111598137e-01
3.740873073352900313e+00 1.564456182862808686e-01
3.777262587883141176e+00 1.541915163236884379e-01
3.814006083086284082e+00 1.519711600996179746e-01
3.851107002325572903e+00 1.497851576604590507e-01
3.888568822459721019e+00 1.476334097876702001e-01
3.926395054168756449e+00 1.455141043354825636e-01
3.964589242282997805e+00 1.434265969850107847e-01
4.003154966115265445e+00 1.413708813962051281e-01
4.042095839796306045e+00 1.393472178106741066e-01
4.081415512613501662e+00 1.373545048469589636e-01
4.121117669352832635e+00 1.353918090756514869e-01
4.161206030644208020e+00 1.334589584798966666e-01
4.201684353310133346e+00 1.315556672728154519e-01
4.242556430717777438e+00 1.296815042022179398e-01
4.283826093134470270e+00 1.278356243012298832e-01
4.325497208086633627e+00 1.260176581705089172e-01
4.367573680722233398e+00 1.242278483664169542e-01
4.410059454176736615e+00 1.224648460667185773e-01
4.452958509942654963e+00 1.207286025116633826e-01
4.496274868242640110e+00 1.190184385801074940e-01
4.540012588406244554e+00 1.173347122882659604e-01
4.584175769250333765e+00 1.156759862674390377e-01
4.628768549463215365e+00 1.140426093613112063e-01
4.673795107992464004e+00 1.124334878127267040e-01
4.719259664436561863e+00 1.108488636662766924e-01
4.765166479440326341e+00 1.092881373803355205e-01
4.811519855094205766e+00 1.077506202059578255e-01
4.858324135337417360e+00 1.062364847785228633e-01
4.905583706365050922e+00 1.047447914328543533e-01
4.953302997039108924e+00 1.032753474166625135e-01
5.001486479303548727e+00 1.018284559559762964e-01
5.050138668603383785e+00 1.004029772623161176e-01
5.099264124307808288e+00 9.899791616986614029e-02
5.148867450137498025e+00 9.761476364843282849e-02
5.198953294596024399e+00 9.625171870006647701e-02
5.249526351405507718e+00 9.490907843179573200e-02
5.300591359946452030e+00 9.358598812345955698e-02
5.352153105701904501e+00 9.228264633885348289e-02
5.404216420705915347e+00 9.099907940159901454e-02
5.456786183996381823e+00 8.973368229174724653e-02
5.509867322072253160e+00 8.848749491195642691e-02
5.563464809355226137e+00 8.725918858895292951e-02
5.617583668655908191e+00 8.604872105133537508e-02
5.672228971644543094e+00 8.485692990583609818e-02
5.727405839326266346e+00 8.368166297333411163e-02
5.783119442521027054e+00 8.252391159926798780e-02
5.839375002348160315e+00 8.138289023959205393e-02
5.896177790715694478e+00 8.025846185852202053e-02
5.953533130814370189e+00 7.915069071277813784e-02
6.011446397616513337e+00 7.805866028320661287e-02
6.069923018379741464e+00 7.698225418814193255e-02
6.128968473155564034e+00 7.592160228578817560e-02
6.188588295302960063e+00 7.487634869003181870e-02
6.248788072006894012e+00 7.384583301532912647e-02
6.309573444801936049e+00 7.283042410929502219e-02
6.370950110100935149e+00 7.182948815854507674e-02
6.432923819728876502e+00 7.084247046482709809e-02
6.495500381461869033e+00 6.986977913790656802e-02
6.558685659571435345e+00 6.891118234919872687e-02
6.622485575374063238e+00 6.796620538580995519e-02
6.686906107786136921e+00 6.703415022527701994e-02
6.751953293884205287e+00 6.611545967505048915e-02
6.817633229470763112e+00 6.521002347697503476e-02
6.883952069645496330e+00 6.431738581356277740e-02
6.950916029382126382e+00 6.343690318513861559e-02
7.018531384110795912e+00 6.256898529204478476e-02
7.086804470306189430e+00 6.171310214584922738e-02
7.155741686081340980e+00 6.086922251747068496e-02
7.225349491787214085e+00 6.003488118731616086e-02
7.295634410618154320e+00 5.921695091907962921e-02
7.366603029223159460e+00 5.840795626126398660e-02
7.438261998323163482e+00 5.760988400608752641e-02
7.510618033334286459e+00 5.682307969092460082e-02
7.583677914997190683e+00 5.604742127583380029e-02
7.657448490012479958e+00 5.527632536105561711e-02
7.731936671682362316e+00 5.452739191058282586e-02
7.807149440558499798e+00 5.378296499337665432e-02
7.883093845096216690e+00 5.304885398319751644e-02
7.959777002314985417e+00 5.232485751407408431e-02
8.037206098465421888e+00 5.161061926506371744e-02
8.115388389702712146e+00 5.090612228117662175e-02
8.194331202766655053e+00 5.021119360572719181e-02
8.274041935668218883e+00 4.952559889718225611e-02
8.354528058382872047e+00 4.884945565062983469e-02
8.435797113550611570e+00 4.818233132223353338e-02
8.517856717182803905e+00 4.752431757794153833e-02
8.600714559375941093e+00 4.687493644013111110e-02
8.684378405032257220e+00 4.623450380245437003e-02
8.768856094587436090e+00 4.560241833759662300e-02
8.854155544745349715e+00 4.497909925258862518e-02
8.940284749219998162e+00 4.436382187913179287e-02
9.027251779484577909e+00 4.375692143047824056e-02
9.115064785527916769e+00 4.315798051730093676e-02
9.203731996618220279e+00 4.256713147231163535e-02
9.293261722074316111e+00 4.198394328992572505e-02
9.383662352044273902e+00 4.140853639789593421e-02
9.474942358291729150e+00 4.084068975422716630e-02
9.567110294989774388e+00 4.028045421862726239e-02
9.660174799522645017e+00 3.972751969288335766e-02
9.754144593295098531e+00 3.918190019560996440e-02
9.849028482549766039e+00 3.864323210149160637e-02
9.944835359192397917e+00 3.811174920274552208e-02
1.004157420162519543e+01 3.758722927843433786e-02
1.013925407558815373e+01 3.706946738860855683e-02
1.023788413500867378e+01 3.655848198122052528e-02
1.033747362285940774e+01 3.605410952863320750e-02
1.043803187202444072e+01 3.555650075926664044e-02
1.053956830617394580e+01 3.506503823289804089e-02
1.064209244064724658e+01 3.458018993713241757e-02
1.074561388334458023e+01 3.410142708022045194e-02
1.085014233562746178e+01 3.362879808173531437e-02
1.095568759322787855e+01 3.316249307828376958e-02
1.106225954716621906e+01 3.270201265452097467e-02
1.116986818467823817e+01 3.224746035397971222e-02
1.127852359015096795e+01 3.179872947337140238e-02
1.138823594606782130e+01 3.135570567860240104e-02
1.149901553396274245e+01 3.091852415113214778e-02
1.161087273538378994e+01 3.048684673154445496e-02
1.172381803286598512e+01 3.006051710640154917e-02
1.183786201091373513e+01 2.963975697084545238e-02
1.195301535699265827e+01 2.922437598388063010e-02
1.206928886253119870e+01 2.881423323322790733e-02
1.218669342393191712e+01 2.840927423979161884e-02
1.230524004359261525e+01 2.800952089871030712e-02
1.242493983093746479e+01 2.761468717973557946e-02
1.254580400345803248e+01 2.722499318004356628e-02
1.266784388776455827e+01 2.684027720656663452e-02
1.279107092064739781e+01 2.646026901551176355e-02
1.291549665014884063e+01 2.608500641052650254e-02
1.304113273664525430e+01 2.571448759938203127e-02
1.316799095393986185e+01 2.534884054882257862e-02
1.329608319036608854e+01 2.498756940271928267e-02
1.342542144990170527e+01 2.463099849525901205e-02
1.355601785329368880e+01 2.427877294268037528e-02
1.368788463919415221e+01 2.393111078089971491e-02
1.382103416530724438e+01 2.358776644030053868e-02
1.395547890954729020e+01 2.324869668837092548e-02
1.409123147120805619e+01 2.291386337154184202e-02
1.422830457214353395e+01 2.258322082304004344e-02
1.436671105796013137e+01 2.225673758643387234e-02
1.450646389922046886e+01 2.193434289929201836e-02
1.464757619265895272e+01 2.161601336013058844e-02
1.479006116240903168e+01 2.130154328758923979e-02
1.493393216124253264e+01 2.099108704564114219e-02
1.507920267182097263e+01 2.068452863937379066e-02
1.522588630795911513e+01 2.038177801023105182e-02
1.537399681590069456e+01 2.008282488605947144e-02
1.552354807560667105e+01 1.978753459951902369e-02
1.567455410205595001e+01 1.949599601815336578e-02
1.582702904655883280e+01 1.920812308934448376e-02
1.598098719808309376e+01 1.892378057519981602e-02
1.613644298459311699e+01 1.864303101943871194e-02
1.629341097440194730e+01 1.836572016132940674e-02
1.645190587753662470e+01 1.809193236200473329e-02
1.661194254711659113e+01 1.782157006332193636e-02
1.677353598074571295e+01 1.755456827890000335e-02
1.693670132191772026e+01 1.729089167599032542e-02
1.710145386143542012e+01 1.703050886820214882e-02
1.726780903884355922e+01 1.677340131196618234e-02
1.743578244387577669e+01 1.651950964522007695e-02
1.760538981791556523e+01 1.626876480897728600e-02
1.777664705547142532e+01 1.602120928056968013e-02
1.794957020566648254e+01 1.577672665436838373e-02
1.812417547374237614e+01 1.553530210995725594e-02
1.830047922257800863e+01 1.529694969368377427e-02
1.847849797422290763e+01 1.506154205253049626e-02
1.865824841144566193e+01 1.482910668607624084e-02
1.883974737929719367e+01 1.459957924691161237e-02
1.902301188668945642e+01 1.437298551886666102e-02
1.920805910798935301e+01 1.414921626764450990e-02
1.939490638462828542e+01 1.392825838472628273e-02
1.958357122672716955e+01 1.371016771554693647e-02
1.977407131473744428e+01 1.349475378597921396e-02
1.996642450109793288e+01 1.328213761778124398e-02
2.016064881190793656e+01 1.307211317136322548e-02
2.035676244861640072e+01 1.286477140245438980e-02
2.055478378972772546e+01 1.266013571070217364e-02
2.075473139252405730e+01 1.245808245963393561e-02
2.095662399480432825e+01 1.225858467648299754e-02
2.116048051664034446e+01 1.206164795822210235e-02
2.136632006214970403e+01 1.186721486751774433e-02
2.157416192128621546e+01 1.167529849239395782e-02
2.178402557164756459e+01 1.148577432636568689e-02
2.199593068030074861e+01 1.129874368765408643e-02
2.220989710562497521e+01 1.111389939736840207e-02
2.242594489917278011e+01 1.093184813596584370e-02
2.264409430754907504e+01 1.075194279795466806e-02
2.286436577430861306e+01 1.057436106274641831e-02
2.308677994187169702e+01 1.039932802286404334e-02
2.331135765345874944e+01 1.022608145029240030e-02
2.353811995504354471e+01 1.005538245964849448e-02
2.376708809732560823e+01 9.886848564911341827e-03
2.399828353772154799e+01 9.720534315417429447e-03
2.423172794237600769e+01 9.556403963421604419e-03
2.446744318819203201e+01 9.394421610176220336e-03
2.470545136488123816e+01 9.234567268469327447e-03
2.494577477703398571e+01 9.076853611051025061e-03
2.518843594620949489e+01 8.921212537598375084e-03
2.543345761304651020e+01 8.767654644691763241e-03
2.568086273939435316e+01 8.616108862887309275e-03
2.593067451046487548e+01 8.466596159452489251e-03
2.618291633700505372e+01 8.319088526543201925e-03
2.643761185749101372e+01 8.173560581151572899e-03
2.669478494034320804e+01 8.029987650833863080e-03
2.695445968616333587e+01 7.888367192439219369e-03
2.721666042999271795e+01 7.748620348261867595e-03
2.748141174359293259e+01 7.610803718995442363e-03
2.774873843774846804e+01 7.474856411113769972e-03
2.801866556459195223e+01 7.340836536484362899e-03
2.829121841995168651e+01 7.208527440223175785e-03
2.856642254572233952e+01 7.078091957337012512e-03
2.884430373225852051e+01 6.949467902962618709e-03
2.912488802079168337e+01 6.822604319627001423e-03
2.940820170587063842e+01 6.697516863525914549e-03
2.969427133782552986e+01 6.574187721415842428e-03
2.998312372525609959e+01 6.452545949407443790e-03
3.027478593754393543e+01 6.332741191508189753e-03
3.056928530738937155e+01 6.214400741619032810e-03
3.086664943337274636e+01 6.097844292992316007e-03
3.116690618254088463e+01 5.982941304831176227e-03
3.147008369301855879e+01 5.869679971607971204e-03
3.177621037664554038e+01 5.758048318943076796e-03
3.208531492163897525e+01 5.647996989903068116e-03
3.239742629528198847e+01 5.539553356923620012e-03
3.271257374663825601e+01 5.432665664160482404e-03
3.303078680929315425e+01 5.327351006532931449e-03
3.335209530412127066e+01 5.223517622801310094e-03
3.367652934208116022e+01 5.121198748546961811e-03
3.400411932703705986e+01 5.020538411364367654e-03
3.433489595860830690e+01 4.921217398952164139e-03
3.466889023504609213e+01 4.823400601566686478e-03
3.500613345613854221e+01 4.727068990025657010e-03
3.534665722614391115e+01 4.632157255241920943e-03
3.569049345675229290e+01 4.538689560524703306e-03
3.603767437007633134e+01 4.446593927352366325e-03
3.638823250167062184e+01 4.355948363518002270e-03
3.674220070358090595e+01 4.266685170388522831e-03
3.709961214742267543e+01 4.178781189079345398e-03
3.746050032748993175e+01 4.092186652625878079e-03
3.782489906389385936e+01 4.006970980679905661e-03
3.819284250573236505e+01 3.923061921672324655e-03
3.856436513429023449e+01 3.840560470859356954e-03
3.893950176627063087e+01 3.759195283601934803e-03
3.931828755705770106e+01 3.679185141541241148e-03
3.970075800401124155e+01 3.600469614225873961e-03
4.008694894979318946e+01 3.522952741808907037e-03
4.047689658572676308e+01 3.446758563625788689e-03
4.087063745518780422e+01 3.371723936920979683e-03
4.126820845702955864e+01 3.297942576930481574e-03
4.166964684904057492e+01 3.225318344736386161e-03
4.207499025143619065e+01 3.153902380071823500e-03
4.248427665038425260e+01 3.083772095024075663e-03
4.289754440156466586e+01 3.014603348591599410e-03
4.331483223376402947e+01 2.946667571609717928e-03
4.373617925250492533e+01 2.879906472723065772e-03
4.416162494371084790e+01 2.814230036211041140e-03
4.459120917740628443e+01 2.749695530014045156e-03
4.502497221145327444e+01 2.686247169985659343e-03
4.546295469532399380e+01 2.623888067019880532e-03
4.590519767391037220e+01 2.562609020014877757e-03
4.635174259137027519e+01 2.502342553713439097e-03
4.680263129501155817e+01 2.443192725002651944e-03
4.725790603921362276e+01 2.385058699739706078e-03
4.771760948938745628e+01 2.327948975207693068e-03
4.818178472597362827e+01 2.271851184654345712e-03
4.865047524847972937e+01 2.216851197799839593e-03
4.912372497955678341e+01 2.162646329178495065e-03
4.960157826911540724e+01 2.109519852279506755e-03
5.008407989848212338e+01 2.057355343877549560e-03
5.057127508459573306e+01 2.006149739431319166e-03
5.106320948424492911e+01 1.955873038699742529e-03
5.155992919834686461e+01 1.906562056284898717e-03
5.206148077626762216e+01 1.858151074333509777e-03
5.256791122018424289e+01 1.810665933398505336e-03
5.307926798948964375e+01 1.764057589575818586e-03
5.359559900524011766e+01 1.718346754559680733e-03
5.411695265464637572e+01 1.673511385827828810e-03
5.464337779560780461e+01 1.629522241019506655e-03
5.517492376129128928e+01 1.586420461792189185e-03
5.571164036475430237e+01 1.544154703701489930e-03
5.625357790361330501e+01 1.502727770535284158e-03
5.680078716475694733e+01 1.462096012048380925e-03
5.735331942910571712e+01 1.422306403018735056e-03
5.791122647641758192e+01 1.383434089193777373e-03
5.847456059014062646e+01 1.345085398046161340e-03
5.904337456231242243e+01 1.307660697972697853e-03
5.961772169850755887e+01 1.270998841718902440e-03
6.019765582283304184e+01 1.235094038269766211e-03
6.078323128297230227e+01 1.199964404543600637e-03
6.137450295527852973e+01 1.165540066633848244e-03
6.197152624991698389e+01 1.131850096454871868e-03
6.257435711605789663e+01 1.098895010070831011e-03
6.318305204711957401e+01 1.066642266392325757e-03
6.379766808606282069e+01 1.035087257300701651e-03
6.441826283073628190e+01 1.004216310282399433e-03
6.504489443927437264e+01 9.740448638211138960e-04
6.567762163554736787e+01 9.445269389531419117e-04
6.631650371466487570e+01 9.156681183844922207e-04
6.696160054853221766e+01 8.874712637504182352e-04
6.761297259146149941e+01 8.599085741293232329e-04
6.827068088583682481e+01 8.329765107283019099e-04
6.893478706783510290e+01 8.066755642616007388e-04
6.960535337320180815e+01 7.809802962538219505e-04
7.028244264308352740e+01 7.558895706655714784e-04
7.096611832991698066e+01 7.313933830277884098e-04
7.165644450337531168e+01 7.074827624368412553e-04
7.235348585637258623e+01 6.841506430954430147e-04
7.305730771112592947e+01 6.613875127721182117e-04
7.376797602527737752e+01 6.391773679931237080e-04
7.448555739807494547e+01 6.175194713172816111e-04
7.521011907661404905e+01 5.964016817763062930e-04
7.594172896213913759e+01 5.758149747375738720e-04
7.668045561640717267e+01 5.557522040917453089e-04
7.742636826811269657e+01 5.362086609484703658e-04
7.817953681937576960e+01 5.171684463356397048e-04
7.894003185229233566e+01 4.986247074901100371e-04
7.970792463554894880e+01 4.805702086147815790e-04
8.048328713110151966e+01 4.629970991250075040e-04
8.126619200091946027e+01 4.458997763681268314e-04
8.205671261379453085e+01 4.292617960622053673e-04
8.285492305221690401e+01 4.130777217445575950e-04
8.366089811931756515e+01 3.973444093388441207e-04
8.447471334587828551e+01 3.820526122092449085e-04
8.529644499741024788e+01 3.671980921802974157e-04
8.612617008130067120e+01 3.527571531743995260e-04
8.696396635402970787e+01 3.387370591034832086e-04
8.780991232845718741e+01 3.251227963265670333e-04
8.866408728118061333e+01 3.119129624538596293e-04
8.952657125996400111e+01 2.990959696783446003e-04
9.039744509123974581e+01 2.866597450579802444e-04
9.127679038768296493e+01 2.746065673033503394e-04
9.216468955586012157e+01 2.629269285260569015e-04
9.306122580395103228e+01 2.516045849145227939e-04
9.396648314954700254e+01 2.406415799734871390e-04
9.488054642752423717e+01 2.300246201144566971e-04
9.580350129799435877e+01 2.197539503833117027e-04
9.673543425433136633e+01 2.098105597492094386e-04
9.767643263127766318e+01 2.001994949804554121e-04
9.862658461312820180e+01 1.909062525110314984e-04
9.958597924199507645e+01 1.819283749638349215e-04
1.005547064261513555e+02 1.732567835578655057e-04
1.015328569484565975e+02 1.648847504859432902e-04
1.025205224748657002e+02 1.568058486022549404e-04
1.035177955630176285e+02 1.490155158587965249e-04
1.045247696709102172e+02 1.415041659250764188e-04
1.055415391656582784e+02 1.342690265166804375e-04
1.065681993323370733e+02 1.272970450894187009e-04
1.076048463829117878e+02 1.205899798240868366e-04
1.086515774652539505e+02 1.141370843918271261e-04
1.097084906722451905e+02 1.079294806226502697e-04
1.107756850509708642e+02 1.019699715330515439e-04
1.118532606120007102e+02 9.624282782351361383e-05
1.129413183387621018e+02 9.074654234679211155e-05
1.140399601970033103e+02 8.547418005037614030e-05
1.151492891443491402e+02 8.042258000690013034e-05
1.162694091399494027e+02 7.558130901075938400e-05
1.174004251542213098e+02 7.094911777594557290e-05
1.185424431786863977e+02 6.652040382379884281e-05
1.196955702359042846e+02 6.228688239584014540e-05
1.208599143895007444e+02 5.824196336427551904e-05
1.220355847542956980e+02 5.438108397408002241e-05
1.232226915065284345e+02 5.070536139875344244e-05
1.244213458941827213e+02 4.719762779870143439e-05
1.256316602474121424e+02 4.386337074245006925e-05
1.268537479890670454e+02 4.069033591656902077e-05
1.280877236453237629e+02 3.767722556711348883e-05
1.293337028564169486e+02 3.481805473609184349e-05
1.305918023874777987e+02 3.210832661907084479e-05
1.318621401394748602e+02 2.954098835725467968e-05
1.331448351602640230e+02 2.711284937787308654e-05
1.344400076557447221e+02 2.481835817014652816e-05
1.357477790011246839e+02 2.265349614748974908e-05
1.370682717522946348e+02 2.061238962512662481e-05
1.384016096573132870e+02 1.869074795428834752e-05
1.397479176680040780e+02 1.688332430172167096e-05
1.411073219516657957e+02 1.518594091462909785e-05
1.424799499028946457e+02 1.359300138425799190e-05
1.438659301555238414e+02 1.209992109819314136e-05
1.452653925946781328e+02 1.070130681307094449e-05
1.466784683689457722e+02 9.391359624299913675e-06
1.481052899026690000e+02 8.164485619406385190e-06
1.495459909083537866e+02 7.013793962421958350e-06
1.510007063992007659e+02 5.931142208086524905e-06
1.524695727017573006e+02 4.905854493911389557e-06
1.539527274686944622e+02 3.922042053509424113e-06
1.554503096917050300e+02 2.950829886110353964e-06
1.569624597145302403e+02 1.919070547652626144e-06
1.584893192461114211e+02 0.000000000000000000e+00
