1.000000000000000021e-02 1.941874189512461157e+00
1.009727545900835841e-02 1.941870280959195894e+00
1.019549716950923779e-02 1.941866351970816362e+00
1.029467433620748044e-02 1.941862344800844742e+00
1.039481625334708927e-02 1.941858269190957831e+00
1.049593230558227772e-02 1.941854163968024016e+00
1.059803196885688789e-02 1.941849984023567899e+00
1.070112481129246833e-02 1.941845703216821040e+00
1.080522049408488318e-02 1.941841409849168087e+00
1.091032877240974419e-02 1.941837070115618902e+00
1.101645949633656314e-02 1.941832625473185914e+00
1.112362261175187626e-02 1.941828077895428661e+00
1.123182816129126085e-02 1.941823423623040279e+00
1.134108628528052165e-02 1.941818675446006282e+00
1.145140722268592030e-02 1.941813825839896923e+00
1.156280131207376022e-02 1.941808867750298262e+00
1.167527899257919492e-02 1.941803759313190936e+00
1.178885080488457221e-02 1.941798469623845724e+00
1.190352739220719262e-02 1.941793172187951999e+00
1.201931950129673729e-02 1.941787754857116299e+00
1.213623798344241195e-02 1.941782204338790896e+00
1.225429379548980714e-02 1.941776525017038235e+00
1.237349800086776086e-02 1.941770709555401764e+00
1.249386177062509519e-02 1.941764515164995375e+00
1.261539638447754796e-02 1.941758406714185314e+00
1.273811323186478488e-02 1.941752472815104102e+00
1.286202381301779218e-02 1.941746104550633012e+00
1.298713974003655978e-02 1.941739681040665744e+00
1.311347273797833224e-02 1.941732788948505872e+00
1.324103464595636874e-02 1.941726126748652970e+00
1.336983741824946531e-02 1.941719323019186927e+00
1.349989312542219239e-02 1.941712371659744196e+00
1.363121395545611320e-02 1.941705800747433042e+00
1.376381221489191876e-02 1.941698712349839040e+00
1.389770032998276401e-02 1.941691290394623071e+00
1.403289084785873213e-02 1.941683701282371777e+00
1.416939643770268736e-02 1.941676029297462414e+00
1.430722989193757184e-02 1.941668157540555217e+00
1.444640412742520530e-02 1.941660100519313703e+00
1.458693218667675602e-02 1.941651838850571243e+00
1.472882723907502529e-02 1.941639353345744778e+00
1.487210258210860774e-02 1.941633494282221983e+00
1.501677164261799868e-02 1.941621823597734942e+00
1.516284797805393485e-02 1.941612807461672308e+00
1.531034527774784160e-02 1.941603714871674491e+00
1.545927736419477720e-02 1.941598484871538410e+00
1.560965819434872483e-02 1.941589050728088184e+00
1.576150186093060873e-02 1.941579410701592456e+00
1.591482259374891323e-02 1.941569572120507070e+00
1.606963476103326349e-02 1.941559527582741973e+00
1.622595287078087284e-02 1.941549243827122684e+00
1.638379157211618947e-02 1.941538734222753249e+00
1.654316565666366645e-02 1.941528011970121037e+00
1.670409005993399310e-02 1.941517010034476076e+00
1.686657986272368723e-02 1.941505746940262789e+00
1.703065029252844378e-02 1.941494266896548471e+00
1.719631672497009753e-02 1.941482609079893562e+00
1.736359468523754335e-02 1.941470712270465748e+00
1.753249984954170088e-02 1.941458536888963193e+00
1.770304804658450262e-02 1.941446168462294564e+00
1.787525525904235316e-02 1.941433600380602309e+00
1.804913762506383731e-02 1.941420768472262637e+00
1.822471143978214581e-02 1.941407771195383214e+00
1.840199315684210371e-02 1.941394485954353710e+00
1.858099938994215231e-02 1.941380886107826775e+00
1.876174691439120440e-02 1.941367019327193466e+00
1.894425266868081034e-02 1.941352874367951120e+00
1.912853375607242307e-02 1.941338425138511736e+00
1.931460744620030340e-02 1.941323627356257298e+00
1.950249117668984011e-02 1.941308639859657070e+00
1.969220255479172538e-02 1.941293404583139814e+00
1.988375935903200636e-02 1.941277918834445337e+00
2.007717954087816226e-02 1.941262334953169910e+00
2.027248122642137662e-02 1.941246378200586653e+00
2.046968271807520987e-02 1.941230247003588261e+00
2.066880249629082095e-02 1.941219294877243318e+00
2.086985922128879734e-02 1.941202247445902307e+00
2.107287173480786382e-02 1.941184841714237219e+00
2.127785906187062287e-02 1.941161963967970028e+00
2.148484041256648255e-02 1.941144156574589719e+00
2.169383518385184506e-02 1.941126048308045471e+00
2.190486296136792688e-02 1.941107636488698773e+00
2.211794352127614133e-02 1.941091872215481073e+00
2.233309683211144592e-02 1.941069461160882081e+00
2.255034305665360936e-02 1.941049733983593262e+00
2.276970255381680075e-02 1.941029692650765082e+00
2.299119588055741764e-02 1.941009430190365537e+00
2.321484379380064564e-02 1.940988870667198718e+00
2.344066725238556220e-02 1.940967856015050508e+00
2.366868741902936057e-02 1.940946360740715582e+00
2.389892566231050300e-02 1.940924570306789221e+00
2.413140355867127856e-02 1.940902351375277002e+00
2.436614289443983158e-02 1.940879251200474220e+00
2.460316566787181664e-02 1.940855997733599070e+00
2.484249409121190577e-02 1.940832409221953325e+00
2.508415059277539771e-02 1.940809442313104149e+00
2.532815781905008515e-02 1.940784968096370688e+00
2.557453863681850847e-02 1.940760149525620148e+00
2.582331613530085626e-02 1.940734752085547576e+00
2.607451362831877603e-02 1.940708740024918555e+00
2.632815465648021339e-02 1.940681550616781603e+00
2.658426298938541474e-02 1.940653324907766653e+00
2.684286262785454819e-02 1.940625399909695625e+00
2.710397780617682106e-02 1.940597126065161993e+00
2.736763299438163891e-02 1.940568215413092101e+00
2.763385290053169824e-02 1.940538632932457874e+00
2.790266247303856487e-02 1.940508442418733548e+00
2.817408690300057458e-02 1.940477658145420170e+00
2.844815162656363222e-02 1.940446408995617489e+00
2.872488232730495070e-02 1.940414448277292481e+00
2.900430493863991738e-02 1.940381829862610541e+00
2.928644564625237229e-02 1.940349344367768625e+00
2.957133089054861039e-02 1.940315486148741497e+00
2.985898736913520854e-02 1.940280178662162625e+00
3.014944203932094433e-02 1.940245084802368902e+00
3.044272212064302874e-02 1.940209566275966635e+00
3.073885509741795460e-02 1.940172757137017534e+00
3.103786872131722788e-02 1.940134537768339662e+00
3.133979101396793671e-02 1.940097368647433429e+00
3.164465026957891114e-02 1.940058643591742848e+00
3.195247505759213347e-02 1.940019127730308046e+00
3.226329422536015901e-02 1.939978784277649471e+00
3.257713690084949876e-02 1.939937758075911844e+00
3.289403249537032475e-02 1.939895879589185634e+00
3.321401070633261954e-02 1.939853063082534579e+00
3.353710152002930406e-02 1.939809657272596022e+00
3.386333521444636480e-02 1.939765350854282255e+00
3.419274236210027851e-02 1.939719697237618057e+00
3.452535383290306070e-02 1.939674045159965221e+00
3.486120079705520153e-02 1.939623288650051292e+00
3.520031472796678745e-02 1.939579441712202978e+00
3.554272740520694751e-02 1.939530321602916718e+00
3.588847091748199186e-02 1.939480625985105178e+00
3.623757766564258964e-02 1.939242865004572547e+00
3.659008036572020811e-02 1.939386983902773975e+00
3.694601205199302130e-02 1.939323347222745131e+00
3.730540608008161424e-02 1.939269203687183918e+00
3.766829613007490613e-02 1.939213999903299124e+00
3.803471620968648659e-02 1.939158003303021571e+00
3.840470065744145539e-02 1.939104474711324633e+00
3.877828414589457040e-02 1.939046221380029023e+00
3.915550168487941241e-02 1.938986925892579594e+00
3.953638862478930927e-02 1.938926546300527409e+00
3.992098065989020672e-02 1.938860595355521577e+00
4.030931383166566628e-02 1.938798003570968875e+00
4.070142453219438572e-02 1.938734504460555730e+00
4.109734950756069316e-02 1.938669816728488593e+00
4.149712586129815362e-02 1.938603834401032122e+00
4.190079105786669034e-02 1.938536536903507912e+00
4.230838292616342228e-02 1.938467946845139567e+00
4.271993966306778662e-02 1.938397991128723685e+00
4.313549983702118923e-02 1.938326706762508955e+00
4.355510239164130798e-02 1.938253822279546235e+00
4.397878664937160398e-02 1.938179541353863167e+00
4.440659231516640160e-02 1.938103726066319865e+00
4.483855948021186338e-02 1.938026365920491934e+00
4.527472862568297785e-02 1.937947712137669143e+00
4.571514062653719151e-02 1.937867182177305025e+00
4.615983675534499064e-02 1.937785378861915486e+00
4.660885868615767536e-02 1.937701491550958721e+00
4.706224849841281199e-02 1.937615973097441602e+00
4.752004868087766204e-02 1.937528304046191696e+00
4.798230213563085128e-02 1.937439482315004513e+00
4.844905218208294534e-02 1.937349119884617332e+00
4.892034256103611894e-02 1.937256682443822431e+00
4.939621743878321036e-02 1.937162463830000236e+00
4.987672141124663283e-02 1.937066355554104335e+00
5.036189950815770505e-02 1.936968201600872685e+00
5.085179719727656034e-02 1.936868290886848198e+00
5.134646038865306461e-02 1.936766526415764744e+00
5.184593543892913187e-02 1.936662468354171995e+00
5.235026915568305461e-02 1.936556158984063192e+00
5.285950880181603667e-02 1.936447549280341240e+00
5.337370209998133774e-02 1.936336430556699018e+00
5.389289723705643909e-02 1.936222318500663730e+00
5.441714286865893119e-02 1.936108492141767945e+00
5.494648812370611646e-02 1.935990005308029227e+00
5.548098260901916656e-02 1.935871307111563411e+00
5.602067641397187603e-02 1.935750833127313886e+00
5.656562011518465050e-02 1.935629374250755541e+00
5.711586478126431943e-02 1.935504649163182878e+00
5.767146197758996756e-02 1.935377523204848016e+00
5.823246377114527778e-02 1.935248075590846550e+00
5.879892273539785025e-02 1.935116211662458285e+00
5.937089195522609469e-02 1.934981326501255428e+00
5.994842503189409116e-02 1.934843321877175226e+00
6.053157608807464840e-02 1.934700922725737904e+00
6.112039977292132997e-02 1.934556762146288023e+00
6.171495126718981594e-02 1.934409496750238988e+00
6.231528628840921763e-02 1.934259204274630273e+00
6.292146109610344262e-02 1.934105994543933837e+00
6.353353249706343575e-02 1.933949972819065444e+00
6.415155785067082339e-02 1.933790321078692864e+00
6.477559507427335661e-02 1.933627753461885090e+00
6.540570264861225724e-02 1.933461489477602546e+00
6.604193962330305590e-02 1.933295120935317968e+00
6.668436562236895737e-02 1.933124353528596462e+00
6.733304084982863480e-02 1.932950971784177074e+00
6.798802609533814711e-02 1.932774390981466528e+00
6.864938273988777095e-02 1.932594061299483190e+00
6.931717276155408003e-02 1.932410475389397142e+00
6.999145874130821565e-02 1.932222869677982402e+00
7.067230386888070925e-02 1.932031214001074471e+00
7.135977194868306506e-02 1.931836231784426428e+00
7.205392740578704658e-02 1.931636230757112660e+00
7.275483529196229149e-02 1.931432445648264329e+00
7.346256129177256011e-02 1.931224877301712661e+00
7.417717172873124210e-02 1.931013686713951349e+00
7.489873357151664857e-02 1.930797723995550497e+00
7.562731444024800576e-02 1.930573567714679362e+00
7.636298261282241373e-02 1.930349483337759464e+00
7.710580703131336699e-02 1.930125797859243209e+00
7.785585730843146146e-02 1.929891816059235765e+00
7.861320373404813433e-02 1.929655787810048873e+00
7.937791728178281159e-02 1.929414749240221605e+00
8.015006961565404597e-02 1.929168839728101270e+00
8.092973309679550586e-02 1.928917753316535588e+00
8.171698079023696770e-02 1.928662111909303478e+00
8.251188647175167201e-02 1.928401499951345244e+00
8.331452463477014014e-02 1.928136189935386380e+00
8.412497049736118726e-02 1.927865547764737952e+00
8.494330000928071445e-02 1.927590164722669641e+00
8.576958985908941790e-02 1.927307208669879701e+00
8.660391748133952627e-02 1.927019086521311264e+00
8.744636106383144036e-02 1.926725370347790900e+00
8.829699955494091368e-02 1.926425943985741185e+00
8.915591267101763417e-02 1.926122868941327448e+00
9.002318090385581784e-02 1.925815049440847249e+00
9.089888552823731371e-02 1.925499176230908160e+00
9.178310860954806694e-02 1.925177564089476379e+00
9.267593301146882789e-02 1.924850872559482173e+00
9.357744240374062106e-02 1.924516009894433832e+00
9.448772127000577836e-02 1.924175090773706742e+00
9.540685491572513388e-02 1.923826123239322339e+00
9.633492947617222635e-02 1.923472576704218451e+00
9.727203192450542546e-02 1.923112788525657146e+00
9.821825007991856482e-02 1.922745268858780499e+00
9.917367261587073379e-02 1.922373080050945093e+00
1.001383890683960748e-01 1.921992315553442632e+00
1.011124898444945991e-01 1.921603328103685948e+00
1.020960662306047012e-01 1.921207004808990870e+00
1.030892104011576216e-01 1.920803012042060054e+00
1.040920154272158005e-01 1.920392039697086384e+00
1.051045752851944987e-01 1.919970276205799964e+00
1.061269848656690717e-01 1.919543010910939485e+00
1.071593399822671072e-01 1.919108090677422940e+00
1.082017373806478805e-01 1.918663189862803709e+00
1.092542747475682557e-01 1.918209183567695542e+00
1.103170507200377515e-01 1.917747526536428992e+00
1.113901648945616746e-01 1.917280901545531657e+00
1.124737178364751955e-01 1.916799705389102826e+00
1.135678110893671017e-01 1.916315021749831704e+00
1.146725471845963656e-01 1.915816342889881119e+00
1.157880296509002094e-01 1.915307618974748216e+00
1.169143630240966764e-01 1.914789829032368385e+00
1.180516528568804902e-01 1.914261804592855221e+00
1.192000057287153220e-01 1.913726939385381520e+00
1.203595292558212876e-01 1.913179739066598772e+00
1.215303321012602134e-01 1.912623715452146156e+00
1.227125239851190319e-01 1.912056351489052064e+00
1.239062156947916271e-01 1.911478323964553638e+00
1.251115190953615564e-01 1.910889584396666230e+00
1.263285471400849291e-01 1.910289363987235145e+00
1.275574138809759950e-01 1.909677946083143674e+00
1.287982344794950385e-01 1.909052223578569185e+00
1.300511252173409127e-01 1.908418314270348137e+00
1.313162035073478784e-01 1.907771134576223604e+00
1.325935879044890797e-01 1.907109082391035937e+00
1.338833981169864351e-01 1.906437664797936415e+00
1.351857550175293021e-01 1.905754977375152981e+00
1.365007806546013891e-01 1.905057741909512936e+00
1.378285982639189389e-01 1.904346253890244256e+00
1.391693322799789911e-01 1.903621352075625106e+00
1.405231083477211373e-01 1.902882981196339918e+00
1.418900533343016301e-01 1.902131333896004195e+00
1.432702953409830948e-01 1.901365581406324168e+00
1.446639637151387880e-01 1.900584860212575000e+00
1.460711890623745679e-01 1.899790899078078521e+00
1.474921032587684921e-01 1.898981859934865124e+00
1.489268394632288772e-01 1.898156416515023315e+00
1.503755321299738434e-01 1.897315464896474735e+00
1.518383170211306810e-01 1.896460582323823862e+00
1.533153312194593942e-01 1.895589015809956868e+00
1.548067131411984265e-01 1.894701998008461619e+00
1.563126025490369497e-01 1.893795598370049182e+00
1.578331405652117214e-01 1.892873424706135177e+00
1.593684696847328941e-01 1.891936083050197670e+00
1.609187337887370006e-01 1.890980719227746576e+00
1.624840781579713067e-01 1.890007360180121498e+00
1.640646494864078653e-01 1.889013503264260541e+00
1.656605958949914359e-01 1.888005135298075565e+00
1.672720669455196874e-01 1.886974726767497890e+00
1.688992136546599021e-01 1.885925421843922534e+00
1.705421885081006561e-01 1.884856514252769344e+00
1.722011454748421100e-01 1.883769429468695522e+00
1.738762400216251336e-01 1.882662716851172258e+00
1.755676291275001522e-01 1.881536446375057459e+00
1.772754712985387948e-01 1.880390010218527364e+00
1.789999265826875408e-01 1.879221097845285904e+00
1.807411565847668600e-01 1.878030106467949656e+00
1.824993244816152382e-01 1.876817625210633889e+00
1.842745950373816666e-01 1.875582601834297369e+00
1.860671346189656239e-01 1.874326715849490732e+00
1.878771112116086051e-01 1.873042196863001774e+00
1.897046944346358344e-01 1.871741221122864118e+00
1.915500555573527997e-01 1.870414655606635224e+00
1.934133675150944698e-01 1.869064545666632382e+00
1.952948049254327745e-01 1.867687827826674196e+00
1.971945441045395986e-01 1.866285796369666183e+00
1.991127630837108697e-01 1.864858114598542560e+00
2.010496416260497965e-01 1.863406406568138607e+00
2.030053612433137811e-01 1.861930370321144945e+00
2.049801052129238688e-01 1.860425483748559872e+00
2.069740585951406198e-01 1.858893059203552411e+00
2.089874082504071251e-01 1.857333426813345900e+00
2.110203428568595552e-01 1.855745037085008819e+00
2.130730529280097374e-01 1.854129005649544748e+00
2.151457308305980698e-01 1.852485729418099192e+00
2.172385708026215445e-01 1.850812693390171626e+00
2.193517689715359098e-01 1.849108984373698084e+00
2.214855233726360506e-01 1.847375027150850446e+00
2.236400339676138660e-01 1.845609886332744809e+00
2.258155026632983065e-01 1.843812572343766609e+00
2.280121333305757114e-01 1.841986032569967735e+00
2.302301318234963867e-01 1.840124469740111790e+00
2.324697059985647851e-01 1.838233705921104466e+00
2.347310657342196183e-01 1.836311066011599991e+00
2.370144229505012079e-01 1.834351902659416167e+00
2.393199916289123208e-01 1.832355554530644470e+00
2.416479878324700736e-01 1.830325640758394545e+00
2.439986297259550130e-01 1.828261968730976239e+00
2.463721375963552895e-01 1.826164409636626074e+00
2.487687338735107279e-01 1.824031486278748337e+00
2.511886431509580686e-01 1.821857286303863344e+00
2.536320922069775774e-01 1.819644629415311243e+00
2.560993100258459609e-01 1.817394406958680264e+00
2.585905278192945911e-01 1.815110335385270224e+00
2.611059790481781162e-01 1.812786519170739297e+00
2.636458994443517945e-01 1.810420711784865855e+00
2.662105270327638773e-01 1.808013387479124434e+00
2.688001021537606006e-01 1.805568464302830911e+00
2.714148674856106669e-01 1.803078830970803237e+00
2.740550680672460548e-01 1.800547368886421973e+00
2.767209513212268712e-01 1.797977119037698079e+00
2.794127670769268601e-01 1.795361479043839248e+00
2.821307675939472293e-01 1.792701093595628237e+00
2.848752075857552413e-01 1.790000223279087477e+00
2.876463442435557849e-01 1.787252730138115586e+00
2.904444372603925406e-01 1.784456108377887595e+00
2.932697488554852905e-01 1.781614670149305857e+00
2.961225437988035947e-01 1.778728776597853889e+00
2.990030894358785551e-01 1.775795976120906783e+00
3.019116557128577738e-01 1.772813516846496462e+00
3.048485152018017286e-01 1.769784583649970156e+00
3.078139431262288950e-01 1.766703050504895733e+00
3.108082173869063936e-01 1.763570123342440343e+00
3.138316185878944342e-01 1.760391648239635565e+00
3.168844300628416155e-01 1.757165271245689109e+00
3.199669379015380732e-01 1.753881440818628068e+00
3.230794309767249795e-01 1.750544016833116112e+00
3.262222009711669979e-01 1.747153322864762215e+00
3.293955424049855307e-01 1.743718382986551019e+00
3.325997526632606949e-01 1.740225377038644883e+00
3.358351320238990301e-01 1.736671648795330869e+00
3.391019836857747105e-01 1.733062634915767175e+00
3.424006137971423724e-01 1.729405413063304531e+00
3.457313314843284413e-01 1.725688594520786712e+00
3.490944488806992929e-01 1.721911986364499381e+00
3.524902811559130766e-01 1.718080843967298321e+00
3.559191465454557002e-01 1.714190514646519947e+00
3.593813663804627523e-01 1.710242408680329174e+00
3.628772651178337472e-01 1.706232996900086230e+00
3.664071703706370808e-01 1.702163812707254920e+00
3.699714129388128048e-01 1.698034713050864619e+00
3.735703268401719401e-01 1.693842212746145881e+00
3.772042493416999376e-01 1.689590405019144370e+00
3.808735209911614517e-01 1.685275700017826006e+00
3.845784856490158665e-01 1.680899007272783185e+00
3.883194905206404091e-01 1.676459738246995457e+00
3.920968861888690649e-01 1.671947746206318364e+00
3.959110266468458539e-01 1.667381526079098508e+00
3.997622693312000708e-01 1.662750473659875716e+00
4.036509751555413805e-01 1.658049986249298113e+00
4.075775085442840395e-01 1.653282651387337987e+00
4.115422374667966343e-01 1.648451051384459909e+00
4.155455334718875515e-01 1.643551543775197299e+00
4.195877717226225712e-01 1.638585223762606402e+00
4.236693310314835759e-01 1.633551007257784571e+00
4.277905938958687093e-01 1.628448198914166811e+00
4.319519465339363706e-01 1.623276018251072372e+00
4.361537789208005944e-01 1.618036149087608511e+00
4.403964848250754294e-01 1.612727668035665252e+00
4.446804618457780300e-01 1.607348841631349279e+00
4.490061114495874639e-01 1.601898120315407237e+00
4.533738390084691150e-01 1.596379483167922997e+00
4.577840538376618529e-01 1.590784705541868904e+00
4.622371692340384031e-01 1.585127639641557895e+00
4.667336025148346446e-01 1.579393713125878396e+00
4.712737750567601580e-01 1.573587725465981579e+00
4.758581123354846953e-01 1.567712466190667620e+00
4.804870439655131720e-01 1.561763077900438557e+00
4.851610037404442966e-01 1.555745199061030482e+00
4.898804296736250508e-01 1.549651257546475591e+00
4.946457640391963562e-01 1.543485875585575595e+00
4.994574534135413635e-01 1.537249141056568291e+00
5.043159487171361421e-01 1.530936879031516318e+00
5.092217052568053237e-01 1.524551380750865714e+00
5.141751827683928022e-01 1.518096329748092277e+00
5.191768454598426619e-01 1.511570451789230773e+00
5.242271620547044320e-01 1.504967426663220920e+00
5.293266058360561743e-01 1.498292507025019926e+00
5.344756546908600026e-01 1.491548743351850392e+00
5.396747911547442600e-01 1.484726425562408414e+00
5.449245024572260121e-01 1.477836849478454617e+00
5.502252805673685243e-01 1.470873616898779268e+00
5.555776222398878250e-01 1.463839881865461878e+00
5.609820290617031358e-01 1.456731266021123350e+00
5.664390074989449353e-01 1.449551433451272908e+00
5.719490689444144405e-01 1.442306277585169827e+00
5.775127297655114900e-01 1.434984895456267839e+00
5.831305113526221717e-01 1.427593186389959801e+00
5.888029401679826247e-01 1.420134617625402607e+00
5.945305477950136863e-01 1.412603172194320411e+00
6.003138709881384871e-01 1.405004462628784978e+00
6.061534517230839914e-01 1.397338134517296160e+00
6.120498372476699256e-01 1.389605795894958806e+00
6.180035801330957534e-01 1.381800559821719343e+00
6.240152383257209223e-01 1.373932337403767079e+00
6.300853751993553686e-01 1.365998629144477672e+00
6.362145596080520660e-01 1.357998705686909391e+00
6.424033659394193796e-01 1.349935224842679471e+00
6.486523741684461219e-01 1.341803287512778775e+00
6.549621699118558515e-01 1.333615496941402689e+00
6.613333444829840868e-01 1.325365845886432359e+00
6.677664949471955325e-01 1.317050391449332114e+00
6.742622241778342129e-01 1.308673801851838236e+00
6.808211409127237213e-01 1.300242569160553252e+00
6.874438598112112553e-01 1.291752044043455117e+00
6.941310015117725385e-01 1.283205091757611882e+00
7.008831926901714082e-01 1.274599080977698806e+00
7.077010661181889484e-01 1.265941139364485490e+00
7.145852607229240538e-01 1.257228266917334691e+00
7.215364216466665370e-01 1.248464185116274106e+00
7.285552003073593186e-01 1.239647768913000769e+00
7.356422544596413760e-01 1.230783146330822087e+00
7.427982482564918776e-01 1.221867905747336502e+00
7.500238523114668432e-01 1.212905708988422759e+00
7.573197437615483141e-01 1.203900699797449958e+00
7.646866063305975958e-01 1.194844945556723825e+00
7.721251303934327792e-01 1.185759487621447672e+00
7.796360130405233235e-01 1.176615666061020526e+00
7.872199581433195759e-01 1.167442870668792265e+00
7.948776764202123424e-01 1.158229601010638321e+00
8.026098855031396084e-01 1.148976739229510047e+00
8.104173100048355227e-01 1.139693407629925437e+00
8.183006815867394090e-01 1.130368913252498331e+00
8.262607390275591435e-01 1.121022918809743363e+00
8.342982282925082149e-01 1.111637844590544377e+00
8.424139026032094746e-01 1.102230192445083690e+00
8.506085225082840040e-01 1.092794546748855344e+00
8.588828559546254349e-01 1.083327687823205432e+00
8.672376783593644944e-01 1.073847576163506456e+00
8.756737726825394308e-01 1.064341453596329146e+00
8.841919295004664336e-01 1.054816261285557832e+00
8.927929470798307010e-01 1.045270022698356671e+00
9.014776314524917122e-01 1.035712041315184351e+00
9.102467964910225806e-01 1.026139947335489300e+00
9.191012639849772681e-01 1.016554881291503509e+00
9.280418637179072006e-01 1.006960154495448068e+00
9.370694335451198453e-01 9.973554267955367925e-01
9.461848194722002336e-01 9.877464423842463592e-01
9.553888757342895444e-01 9.781332659145032249e-01
9.646824648761427312e-01 9.685151687675672694e-01
9.740664578329562007e-01 9.588977157364855231e-01
9.835417340119908536e-01 9.492815789595294707e-01
9.931091813749796104e-01 9.396690229255688642e-01
1.002769696521346621e+00 9.300582430108443877e-01
1.012524184772224167e+00 9.204626026264506322e-01
1.022373560255302127e+00 9.108717450543462046e-01
1.032318745990486564e+00 9.012862548899441828e-01
1.042360673976402197e+00 8.917167034493892475e-01
1.052500285277732761e+00 8.821646675189409592e-01
1.062738530113414459e+00 8.726319117645453538e-01
1.073076367945679621e+00 8.631124212972861587e-01
1.083514767569973225e+00 8.536139937213507167e-01
1.094054707205742494e+00 8.441376967522614683e-01
1.104697174588111785e+00 8.346861331398093276e-01
1.115443167060441221e+00 8.252639786715654235e-01
1.126293691667795249e+00 8.158640390069824555e-01
1.137249765251314271e+00 8.064965816582322367e-01
1.148312414543511073e+00 7.971567305994060604e-01
1.159482676264482759e+00 7.878516575404350686e-01
1.170761597219069250e+00 7.785843118831458076e-01
1.182150234394952371e+00 7.693525587573263325e-01
1.193649655061713055e+00 7.601544800333681629e-01
1.205260936870842681e+00 7.509973010774110280e-01
1.216985167956738056e+00 7.418826132293090403e-01
1.228823447038673411e+00 7.328118831688009704e-01
1.240776883523764251e+00 7.237837643570811386e-01
1.252846597610937529e+00 7.148004335895065120e-01
1.265033720395903893e+00 7.058659517748829826e-01
1.277339393977160009e+00 6.969804340981214930e-01
1.289764771563017165e+00 6.881434607813993187e-01
1.302311017579677488e+00 6.793623316153023506e-01
1.314979307780347773e+00 6.706263138444659155e-01
1.327770829355430449e+00 6.619472382978939251e-01
1.340686781043774811e+00 6.533248680875083370e-01
1.353728373245021821e+00 6.447568277965318728e-01
1.366896828133026487e+00 6.362497479308547588e-01
1.380193379770397355e+00 6.277986065184480990e-01
1.393619274224142002e+00 6.194092095769609951e-01
1.407175769682446731e+00 6.110787998893537631e-01
1.420864136572576708e+00 6.028114255336509686e-01
1.434685657679937831e+00 5.946073448342107381e-01
1.448641628268290127e+00 5.864656638121859000e-01
1.462733356201129986e+00 5.783908498993154401e-01
1.476962162064259898e+00 5.703794348596897823e-01
1.491329379289537682e+00 5.624342118643076427e-01
1.505836354279841416e+00 5.545592904378724430e-01
1.520484446535244283e+00 5.467520517749644426e-01
1.535275028780422657e+00 5.390070357608045537e-01
1.550209487093291205e+00 5.313383915753001618e-01
1.565289221034902312e+00 5.237360424920369795e-01
1.580515643780601165e+00 5.162041294657062629e-01
1.595890182252465817e+00 5.087449949170653740e-01
1.611414277253019778e+00 5.013538982563110480e-01
1.627089383600260675e+00 4.940398113169938710e-01
1.642916970263993193e+00 4.867926754185344373e-01
1.658898520503498064e+00 4.796227440770363670e-01
1.675035532006524441e+00 4.725224346961237609e-01
1.691329517029648732e+00 4.654936033071853663e-01
1.707782002539993016e+00 4.585446865410470196e-01
1.724394530358320354e+00 4.516637750657268580e-01
1.741168657303530987e+00 4.448591103578332095e-01
1.758105955338547632e+00 4.381277132544568742e-01
1.775208011717636092e+00 4.314699952235973024e-01
1.792476429135148930e+00 4.248893442860398051e-01
1.809912825875727105e+00 4.183805809566133460e-01
1.827518835965944666e+00 4.119451221960667708e-01
1.845296109327445366e+00 4.055854253579620483e-01
1.863246311931559873e+00 3.993005311293940096e-01
1.881371125955437096e+00 3.930881047528438921e-01
1.899672249939675650e+00 3.869515062121873794e-01
1.918151398947507635e+00 3.808884332936089967e-01
1.936810304725519849e+00 3.748971104334850590e-01
1.955650715865949074e+00 3.689807999212584844e-01
1.974674397970537454e+00 3.631385273663823576e-01
1.993883133816001019e+00 3.573705092080532997e-01
2.013278723521096492e+00 3.516726221222913340e-01
2.032862984715323673e+00 3.460470021902873339e-01
2.052637752709252084e+00 3.404950891719617512e-01
2.072604880666519822e+00 3.350171336171700043e-01
2.092766239777499759e+00 3.296073541933538520e-01
2.113123719434652603e+00 3.242698276145271619e-01
2.133679227409597701e+00 3.190024875998810350e-01
2.154434690031884259e+00 3.138061904858709950e-01
2.175392052369522489e+00 3.086675865640839955e-01
2.196553278411258248e+00 3.036242480533865029e-01
2.217920351250634692e+00 2.986369414288746471e-01
2.239495273271823184e+00 2.937162965271638004e-01
2.261280066337279404e+00 2.888650474752142983e-01
2.283276771977218012e+00 2.840828341349919128e-01
2.305487451580938707e+00 2.793296219010558135e-01
2.327914186589993051e+00 2.747161802251491536e-01
2.350559078693253756e+00 2.701315704344891544e-01
2.373424250023866033e+00 2.656117568601672474e-01
2.396511843358130278e+00 2.611604009173552066e-01
2.419824022316292567e+00 2.567708787272470761e-01
2.443362971565319341e+00 2.524129440578799510e-01
2.467130897023623426e+00 2.481824783443075388e-01
2.491130026067788439e+00 2.439817905847676549e-01
2.515362607741312928e+00 2.398438894636818752e-01
2.539830912965362675e+00 2.357667828792849862e-01
2.564537234751594674e+00 2.317510495389247804e-01
2.589483888417040802e+00 2.277939555996613963e-01
2.614673211801092023e+00 2.238970368908258790e-01
2.640107565484572927e+00 2.200343097653098823e-01
2.665789333010967876e+00 2.162783048643443229e-01
2.691720921109787668e+00 2.125561476815713557e-01
2.717904759922122881e+00 2.088907468007089319e-01
2.744343303228365283e+00 2.052805908845163063e-01
2.771039028678170535e+00 2.017274677419807205e-01
2.797994438022641805e+00 1.982279181415759761e-01
2.825212057348790218e+00 1.947773692194044726e-01
2.852694437316245057e+00 1.913909459631406018e-01
2.880444153396297668e+00 1.880531098011579694e-01
2.908463806113254169e+00 1.847669656546769013e-01
2.936756021288137397e+00 1.815328874503429613e-01
2.965323450284773621e+00 1.783482868940081401e-01
2.994168770258243573e+00 1.751947961918902119e-01
3.023294684405779531e+00 1.721319355182667488e-01
3.052703922220086241e+00 1.690968259569701482e-01
3.082399239745143404e+00 1.661104942314560462e-01
3.112383419834465759e+00 1.631719138480764442e-01
3.142659272411905569e+00 1.602813012652954672e-01
3.173229634734976212e+00 1.574356426515272633e-01
3.204097371660752813e+00 1.546374699267836494e-01
3.235265375914330388e+00 1.518833108242118868e-01
3.266736568359921655e+00 1.491732479319309024e-01
3.298513898274578082e+00 1.465087598217746645e-01
3.330600343624588788e+00 1.438870197015626462e-01
3.362998911344535991e+00 1.413074831628026162e-01
3.395712637619100693e+00 1.387701755788983138e-01
3.428744588167585317e+00 1.362744500117675783e-01
3.462097858531227423e+00 1.338204026573255601e-01
3.495775574363275240e+00 1.314061424134622402e-01
3.529780891721914671e+00 1.290314168825260344e-01
3.564116997366032269e+00 1.266960222798388380e-01
3.598787109053855460e+00 1.243993651548011836e-01
3.633794475844513094e+00 1.221408649015519460e-01
3.669142378402494131e+00 1.199198174961409041e-01
3.704834129305105694e+00 1.177354903552563087e-01
3.740873073352900313e+00 1.155867648367324557e-01
3.777262587883141176e+00 1.134747958028028275e-01
3.814006083086284082e+00 1.113988793173718850e-01
3.851107002325572903e+00 1.093552061006516224e-01
3.888568822459721019e+00 1.073478399673927358e-01
3.926395054168756449e+00 1.053732195751218292e-01
3.964589242282997805e+00 1.034328505276669169e-01
4.003154966115265445e+00 1.015243301076273613e-01
4.042095839796306045e+00 9.964790959867336761e-02
4.081415512613501662e+00 9.780266892557891445e-02
4.121117669352832635e+00 9.598920602407257086e-02
4.161206030644208020e+00 9.420650932689121626e-02
4.201684353310133346e+00 9.245402803517185908e-02
4.242556430717777438e+00 9.073097513692655880e-02
4.283826093134470270e+00 8.903659586642338752e-02
4.325497208086633627e+00 8.737180955507820035e-02
4.367573680722233398e+00 8.573537860490484941e-02
4.410059454176736615e+00 8.412671716758975127e-02
4.452958509942654963e+00 8.254494790966181161e-02
4.496274868242640110e+00 8.099060534600653616e-02
4.540012588406244554e+00 7.946283628801224797e-02
4.584175769250333765e+00 7.794871383541711329e-02
4.628768549463215365e+00 7.648526421559738442e-02
4.673795107992464004e+00 7.503436021731990646e-02
4.719259664436561863e+00 7.360861046497359228e-02
4.765166479440326341e+00 7.220749550249189186e-02
4.811519855094205766e+00 7.083018778946811866e-02
4.858324135337417360e+00 6.947683757067289745e-02
4.905583706365050922e+00 6.814637408697625520e-02
4.953302997039108924e+00 6.683917795894464553e-02
5.001486479303548727e+00 6.554517060448306065e-02
5.050138668603383785e+00 6.428794136744453436e-02
5.099264124307808288e+00 6.305397758285741228e-02
5.148867450137498025e+00 6.183237977725165868e-02
5.198953294596024399e+00 6.063444926801023205e-02
5.249526351405507718e+00 5.945724309697262427e-02
5.300591359946452030e+00 5.830040618553615495e-02
5.352153105701904501e+00 5.716380775427522265e-02
5.404216420705915347e+00 5.604701451599571060e-02
5.456786183996381823e+00 5.494967943750039135e-02
5.509867322072253160e+00 5.387148302920261034e-02
5.563464809355226137e+00 5.281214189430440825e-02
5.617583668655908191e+00 5.177133534730658099e-02
5.672228971644543094e+00 5.074738307218264882e-02
5.727405839326266346e+00 4.974383759697245666e-02
5.783119442521027054e+00 4.875646745908614882e-02
5.839375002348160315e+00 4.778692755788528645e-02
5.896177790715694478e+00 4.683446856218743265e-02
5.953533130814370189e+00 4.589836777796445222e-02
6.011446397616513337e+00 4.497907743022541704e-02
6.069923018379741464e+00 4.407509619674791074e-02
6.128968473155564034e+00 4.318850179751117235e-02
6.188588295302960063e+00 4.231688080544326186e-02
6.248788072006894012e+00 4.146103050258802963e-02
6.309573444801936049e+00 4.061986274482123210e-02
6.370950110100935149e+00 3.979382268616076662e-02
6.432923819728876502e+00 3.898021285946612347e-02
6.495500381461869033e+00 3.818563344336324550e-02
6.558685659571435345e+00 3.740286878525085623e-02
6.622485575374063238e+00 3.663420145200615985e-02
6.686906107786136921e+00 3.587828792141859596e-02
6.751953293884205287e+00 3.513771080970531924e-02
6.817633229470763112e+00 3.440962132936886686e-02
6.883952069645496330e+00 3.369456318138886602e-02
6.950916029382126382e+00 3.299184324594798406e-02
7.018531384110795912e+00 3.230302457863098997e-02
7.086804470306189430e+00 3.162570484111065089e-02
7.155741686081340980e+00 3.096064929645644254e-02
7.225349491787214085e+00 3.030773788477121242e-02
7.295634410618154320e+00 2.966672186866547989e-02
7.366603029223159460e+00 2.903726567242378986e-02
7.438261998323163482e+00 2.841870159440658405e-02
7.510618033334286459e+00 2.781260409828700819e-02
7.583677914997190683e+00 2.721695382911754751e-02
7.657448490012479958e+00 2.663006580537264842e-02
7.731936671682362316e+00 2.605821115240038177e-02
7.807149440558499798e+00 2.549472111476079952e-02
7.883093845096216690e+00 2.494142493825247595e-02
7.959777002314985417e+00 2.439677224087162186e-02
8.037206098465421888e+00 2.386569077013987739e-02
8.115388389702712146e+00 2.334266190902532789e-02
8.194331202766655053e+00 2.282892472579275273e-02
8.274041935668218883e+00 2.232541286178919143e-02
8.354528058382872047e+00 2.183101062074023144e-02
8.435797113550611570e+00 2.134577932829654495e-02
8.517856717182803905e+00 2.086960705365886390e-02
8.600714559375941093e+00 2.040235443747387065e-02
8.684378405032257220e+00 1.994392519263792421e-02
8.768856094587436090e+00 1.949409489001198426e-02
8.854155544745349715e+00 1.905276461725408793e-02
8.940284749219998162e+00 1.861995543612975437e-02
9.027251779484577909e+00 1.819479637005664077e-02
9.115064785527916769e+00 1.777842402273711875e-02
9.203731996618220279e+00 1.736956965099245229e-02
9.293261722074316111e+00 1.696867185404203268e-02
9.383662352044273902e+00 1.657536881380350727e-02
9.474942358291729150e+00 1.618969211724561458e-02
9.567110294989774388e+00 1.581146221810200703e-02
9.660174799522645017e+00 1.544048290993317411e-02
9.754144593295098531e+00 1.507672099156484591e-02
9.849028482549766039e+00 1.472000100344443042e-02
9.944835359192397917e+00 1.437034187090972977e-02
1.004157420162519543e+01 1.402734841839814624e-02
1.013925407558815373e+01 1.369122456944151488e-02
1.023788413500867378e+01 1.336165867367329445e-02
1.033747362285940774e+01 1.303859953113571321e-02
1.043803187202444072e+01 1.272191894164478518e-02
1.053956830617394580e+01 1.241157728116103372e-02
1.064209244064724658e+01 1.210735431467069648e-02
1.074561388334458023e+01 1.180924399650806235e-02
1.085014233562746178e+01 1.151702413216411022e-02
1.095568759322787855e+01 1.123085886676618989e-02
1.106225954716621906e+01 1.095050102023649788e-02
1.116986818467823817e+01 1.067561613134414278e-02
1.127852359015096795e+01 1.040643035247333995e-02
1.138823594606782130e+01 1.014276462523437498e-02
1.149901553396274245e+01 9.884445548781591734e-03
1.161087273538378994e+01 9.631900239684805520e-03
1.172381803286598512e+01 9.383752692954562200e-03
1.183786201091373513e+01 9.141133248845037529e-03
1.195301535699265827e+01 8.903604874737815894e-03
1.206928886253119870e+01 8.670958304836688321e-03
1.218669342393191712e+01 8.443514885767449893e-03
1.230524004359261525e+01 8.220364490388105960e-03
1.242493983093746479e+01 8.002130848386322659e-03
1.254580400345803248e+01 7.788577808634370922e-03
1.266784388776455827e+01 7.579558636482771131e-03
1.279107092064739781e+01 7.375401267763326447e-03
1.291549665014884063e+01 7.174902625046798536e-03
1.304113273664525430e+01 6.978780616724735916e-03
1.316799095393986185e+01 6.787573271516382165e-03
1.329608319036608854e+01 6.600260237524544459e-03
1.342542144990170527e+01 6.416720010338623076e-03
1.355601785329368880e+01 6.237672931258927272e-03
1.368788463919415221e+01 6.062546128358342439e-03
1.382103416530724438e+01 5.891121613388298518e-03
1.395547890954729020e+01 5.723702954692467225e-03
1.409123147120805619e+01 5.559840885364823911e-03
1.422830457214353395e+01 5.399828735227407348e-03
1.436671105796013137e+01 5.243369106617631718e-03
1.450646389922046886e+01 5.090509537622457843e-03
1.464757619265895272e+01 4.941473947965715520e-03
1.479006116240903168e+01 4.795242787800981475e-03
1.493393216124253264e+01 4.652706697563940147e-03
1.507920267182097263e+01 4.513509022128869667e-03
1.522588630795911513e+01 4.377746176859954701e-03
1.537399681590069456e+01 4.244790747789099761e-03
1.552354807560667105e+01 4.115235408419258556e-03
1.567455410205595001e+01 3.988735373644544321e-03
1.582702904655883280e+01 3.865244208077598873e-03
1.598098719808309376e+01 3.744786699339771371e-03
1.613644298459311699e+01 3.627206733686513893e-03
1.629341097440194730e+01 3.512595419808610918e-03
1.645190587753662470e+01 3.400619686093624746e-03
1.661194254711659113e+01 3.291592089359873970e-03
1.677353598074571295e+01 3.185128667831010722e-03
1.693670132191772026e+01 3.081406350058130995e-03
1.710145386143542012e+01 2.980260405080144542e-03
1.726780903884355922e+01 2.881737804373520583e-03
1.743578244387577669e+01 2.785708212298375515e-03
1.760538981791556523e+01 2.692153432889102683e-03
1.777664705547142532e+01 2.600895344703771806e-03
1.794957020566648254e+01 2.512198281045824842e-03
1.812417547374237614e+01 2.425828403603226026e-03
1.830047922257800863e+01 2.341612761311424352e-03
1.847849797422290763e+01 2.259729335400193113e-03
1.865824841144566193e+01 2.180050246335142605e-03
1.883974737929719367e+01 2.102442615238533236e-03
1.902301188668945642e+01 2.026937153807643627e-03
1.920805910798935301e+01 1.953617721408265097e-03
1.939490638462828542e+01 1.882267851501229737e-03
1.958357122672716955e+01 1.812907525480791362e-03
1.977407131473744428e+01 1.745487234297781907e-03
1.996642450109793288e+01 1.679944410837395192e-03
2.016064881190793656e+01 1.616351259269423234e-03
2.035676244861640072e+01 1.554545915851258389e-03
2.055478378972772546e+01 1.494536749365911205e-03
2.075473139252405730e+01 1.436306243274923251e-03
2.095662399480432825e+01 1.379758724303498931e-03
2.116048051664034446e+01 1.324920863763003227e-03
2.136632006214970403e+01 1.271656849552970205e-03
2.157416192128621546e+01 1.220161832238441995e-03
2.178402557164756459e+01 1.170089231055112785e-03
2.199593068030074861e+01 1.121685025059967209e-03
2.220989710562497521e+01 1.074726799639439106e-03
2.242594489917278011e+01 1.029359294680115035e-03
2.264409430754907504e+01 9.852389055701969971e-04
2.286436577430861306e+01 9.426262671716151374e-04
2.308677994187169702e+01 9.013974038645561262e-04
2.331135765345874944e+01 8.615275344522226649e-04
2.353811995504354471e+01 8.229720261850093956e-04
2.376708809732560823e+01 7.857104197652216163e-04
2.399828353772154799e+01 7.497083397904654844e-04
2.423172794237600769e+01 7.149294939748291385e-04
2.446744318819203201e+01 6.813615474026615132e-04
2.470545136488123816e+01 6.489655733729875892e-04
2.494577477703398571e+01 6.177130712126696448e-04
2.518843594620949489e+01 5.875757138832925523e-04
2.543345761304651020e+01 5.585370470202127109e-04
2.568086273939435316e+01 5.305614961845821686e-04
2.593067451046487548e+01 5.036237092732249229e-04
2.618291633700505372e+01 4.776977584303254503e-04
2.643761185749101372e+01 4.527591787881303032e-04
2.669478494034320804e+01 4.287813348353402133e-04
2.695445968616333587e+01 4.057442500238016671e-04
2.721666042999271795e+01 3.836143073683574950e-04
2.748141174359293259e+01 3.623680640627968534e-04
2.774873843774846804e+01 3.419981854384614487e-04
2.801866556459195223e+01 3.224614120450714719e-04
2.829121841995168651e+01 3.037499393901621427e-04
2.856642254572233952e+01 2.858305108360135647e-04
2.884430373225852051e+01 2.686838894830563583e-04
2.912488802079168337e+01 2.522949416658978395e-04
2.940820170587063842e+01 2.366339830827129010e-04
2.969427133782552986e+01 2.216840294660635550e-04
2.998312372525609959e+01 2.074235969486284232e-04
3.027478593754393543e+01 1.938300058975408709e-04
3.056928530738937155e+01 1.808867649084895234e-04
3.086664943337274636e+01 1.685668762802708777e-04
3.116690618254088463e+01 1.568626612929527873e-04
3.147008369301855879e+01 1.457514618055529530e-04
3.177621037664554038e+01 1.352036257269106608e-04
3.208531492163897525e+01 1.252071176499603940e-04
3.239742629528198847e+01 1.157519615982035942e-04
3.271257374663825601e+01 1.068139162105237585e-04
3.303078680929315425e+01 9.836871733343165885e-05
3.335209530412127066e+01 9.041569532095246125e-05
3.367652934208116022e+01 8.291597951207567191e-05
3.400411932703705986e+01 7.586836031063260702e-05
3.433489595860830690e+01 6.925132660237577793e-05
3.466889023504609213e+01 6.305314290866100046e-05
3.500613345613854221e+01 5.724689391143777831e-05
3.534665722614391115e+01 5.182986354850185201e-05
3.569049345675229290e+01 4.678323016417840224e-05
3.603767437007633134e+01 4.208125928109903146e-05
3.638823250167062184e+01 3.773050015799995658e-05
3.674220070358090595e+01 3.369523704544390386e-05
3.709961214742267543e+01 2.997150435473968890e-05
3.746050032748993175e+01 2.654055153123750644e-05
3.782489906389385936e+01 2.339438302851424033e-05
3.819284250573236505e+01 2.051369845014611645e-05
3.856436513429023449e+01 1.788765955940127615e-05
3.893950176627063087e+01 1.550312804525077749e-05
3.931828755705770106e+01 1.334809052105608117e-05
3.970075800401124155e+01 1.140624657491130911e-05
4.008694894979318946e+01 9.667897119509465370e-06
4.047689658572676308e+01 8.119436526057229221e-06
4.087063745518780422e+01 6.751207417784580316e-06
4.126820845702955864e+01 5.548860272404642275e-06
4.166964684904057492e+01 4.501126938333082236e-06
4.207499025143619065e+01 3.596659705857758987e-06
4.248427665038425260e+01 2.824811198961432587e-06
4.289754440156466586e+01 2.173637719817966547e-06
4.331483223376402947e+01 1.632833342060074426e-06
4.373617925250492533e+01 1.191364533449470120e-06
4.416162494371084790e+01 8.383564571437302777e-07
4.459120917740628443e+01 5.639225444750332823e-07
4.502497221145327444e+01 3.576587789548927484e-07
4.546295469532399380e+01 2.095197555337504505e-07
4.590519767391037220e+01 1.087290663190931483e-07
4.635174259137027519e+01 4.744365086675961548e-08
4.680263129501155817e+01 1.537226914680932867e-08
4.725790603921362276e+01 2.660691731888817602e-09
4.771760948938745628e+01 0.000000000000000000e+00
