1.000000000000000021e-02 1.658237616391127878e+00
1.009727545900835841e-02 1.658234422188082258e+00
1.019549716950923779e-02 1.658228533759266377e+00
1.029467433620748044e-02 1.658224078532412715e+00
1.039481625334708927e-02 1.658219552542090192e+00
1.049593230558227772e-02 1.658214940707559037e+00
1.059803196885688789e-02 1.658210251158671822e+00
1.070112481129246833e-02 1.658205939164583587e+00
1.080522049408488318e-02 1.658200768230722488e+00
1.091032877240974419e-02 1.658195795392774174e+00
1.101645949633656314e-02 1.658190732857795169e+00
1.112362261175187626e-02 1.658186049607675239e+00
1.123182816129126085e-02 1.658180770903298518e+00
1.134108628528052165e-02 1.658175373581086021e+00
1.145140722268592030e-02 1.658169633658166608e+00
1.156280131207376022e-02 1.658164009746599277e+00
1.167527899257919492e-02 1.658158264146024852e+00
1.178885080488457221e-02 1.658152641055941512e+00
1.190352739220719262e-02 1.658146496907419998e+00
1.201931950129673729e-02 1.658140399309966373e+00
1.213623798344241195e-02 1.658134191016123804e+00
1.225429379548980714e-02 1.658127949742513874e+00
1.237349800086776086e-02 1.658122010368165977e+00
1.249386177062509519e-02 1.658115542152198030e+00
1.261539638447754796e-02 1.658108501873735152e+00
1.273811323186478488e-02 1.658101493402291293e+00
1.286202381301779218e-02 1.658095095241469474e+00
1.298713974003655978e-02 1.658088018221672177e+00
1.311347273797833224e-02 1.658081045103841689e+00
1.324103464595636874e-02 1.658073718891742709e+00
1.336983741824946531e-02 1.658066274560375142e+00
1.349989312542219239e-02 1.658058469890226760e+00
1.363121395545611320e-02 1.658050698187697014e+00
1.376381221489191876e-02 1.658043820795975343e+00
1.389770032998276401e-02 1.658035013844077143e+00
1.403289084785873213e-02 1.658026923429566590e+00
1.416939643770268736e-02 1.658018479642075160e+00
1.430722989193757184e-02 1.658009950290084689e+00
1.444640412742520530e-02 1.658001236679066848e+00
1.458693218667675602e-02 1.657992358961243307e+00
1.472882723907502529e-02 1.657982098163367057e+00
1.487210258210860774e-02 1.657972814417179253e+00
1.501677164261799868e-02 1.657963355956337592e+00
1.516284797805393485e-02 1.657953725893826835e+00
1.531034527774784160e-02 1.657945205094272012e+00
1.545927736419477720e-02 1.657935289247516764e+00
1.560965819434872483e-02 1.657924659015775459e+00
1.576150186093060873e-02 1.657914086850256652e+00
1.591482259374891323e-02 1.657904047390621916e+00
1.606963476103326349e-02 1.657893234756817158e+00
1.622595287078087284e-02 1.657880846969423061e+00
1.638379157211618947e-02 1.657869547156080703e+00
1.654316565666366645e-02 1.657858072768076729e+00
1.670409005993399310e-02 1.657846350524720958e+00
1.686657986272368723e-02 1.657834449506420338e+00
1.703065029252844378e-02 1.657822355156987504e+00
1.719631672497009753e-02 1.657810093496954185e+00
1.736359468523754335e-02 1.657798105448009318e+00
1.753249984954170088e-02 1.657785323025580571e+00
1.770304804658450262e-02 1.657772285696193615e+00
1.787525525904235316e-02 1.657759014400124409e+00
1.804913762506383731e-02 1.657745274612514752e+00
1.822471143978214581e-02 1.657731459161021936e+00
1.840199315684210371e-02 1.657717619208616489e+00
1.858099938994215231e-02 1.657703470912256893e+00
1.876174691439120440e-02 1.657688221199871359e+00
1.894425266868081034e-02 1.657673268586040916e+00
1.912853375607242307e-02 1.657657871964411500e+00
1.931460744620030340e-02 1.657642334286283381e+00
1.950249117668984011e-02 1.657626446718647006e+00
1.969220255479172538e-02 1.657610844849610743e+00
1.988375935903200636e-02 1.657594176249657991e+00
2.007717954087816226e-02 1.657577369674151813e+00
2.027248122642137662e-02 1.657560290871049613e+00
2.046968271807520987e-02 1.657547467213400738e+00
2.066880249629082095e-02 1.657525170255841562e+00
2.086985922128879734e-02 1.657506952813715850e+00
2.107287173480786382e-02 1.657488063607716500e+00
2.127785906187062287e-02 1.657469143859877425e+00
2.148484041256648255e-02 1.657449821756775243e+00
2.169383518385184506e-02 1.657430253539877718e+00
2.190486296136792688e-02 1.657413852334734594e+00
2.211794352127614133e-02 1.657389701300049145e+00
2.233309683211144592e-02 1.657368907387669177e+00
2.255034305665360936e-02 1.657347518667326991e+00
2.276970255381680075e-02 1.657325942551969300e+00
2.299119588055741764e-02 1.657303886949629046e+00
2.321484379380064564e-02 1.657280755827471808e+00
2.344066725238556220e-02 1.657256964235057195e+00
2.366868741902936057e-02 1.657233372043128483e+00
2.389892566231050300e-02 1.657209770838893759e+00
2.413140355867127856e-02 1.657185661704467794e+00
2.436614289443983158e-02 1.657160374802885805e+00
2.460316566787181664e-02 1.657135164844851349e+00
2.484249409121190577e-02 1.657109217535427614e+00
2.508415059277539771e-02 1.657089385324235220e+00
2.532815781905008515e-02 1.657056145087731469e+00
2.557453863681850847e-02 1.657028611268460461e+00
2.582331613530085626e-02 1.657003000408354243e+00
2.607451362831877603e-02 1.656974408839500645e+00
2.632815465648021339e-02 1.656944943894391731e+00
2.658426298938541474e-02 1.656916031969116743e+00
2.684286262785454819e-02 1.656884096064453527e+00
2.710397780617682106e-02 1.656853414997382590e+00
2.736763299438163891e-02 1.656822160951075373e+00
2.763385290053169824e-02 1.656790376259783537e+00
2.790266247303856487e-02 1.656757706006599440e+00
2.817408690300057458e-02 1.656724472026189776e+00
2.844815162656363222e-02 1.656690588287309085e+00
2.872488232730495070e-02 1.656655965890984294e+00
2.900430493863991738e-02 1.656620617153627517e+00
2.928644564625237229e-02 1.656584719141067641e+00
2.957133089054861039e-02 1.656547971650684792e+00
2.985898736913520854e-02 1.656511027158007909e+00
3.014944203932094433e-02 1.656472991052196253e+00
3.044272212064302874e-02 1.656433854327097777e+00
3.073885509741795460e-02 1.656393900833046828e+00
3.103786872131722788e-02 1.656353192261140972e+00
3.133979101396793671e-02 1.656313670412600247e+00
3.164465026957891114e-02 1.656271838472114233e+00
3.195247505759213347e-02 1.656229366704724537e+00
3.226329422536015901e-02 1.656185505693833937e+00
3.257713690084949876e-02 1.656141039270508264e+00
3.289403249537032475e-02 1.656095607165375405e+00
3.321401070633261954e-02 1.656049749242441305e+00
3.353710152002930406e-02 1.655999482815365242e+00
3.386333521444636480e-02 1.655953702993911980e+00
3.419274236210027851e-02 1.655903449552167839e+00
3.452535383290306070e-02 1.655853525756384004e+00
3.486120079705520153e-02 1.655803428361584340e+00
3.520031472796678745e-02 1.655750918578065001e+00
3.554272740520694751e-02 1.655698584067027967e+00
3.588847091748199186e-02 1.655644446980228279e+00
3.623757766564258964e-02 1.655588810831661650e+00
3.659008036572020811e-02 1.655533223911781704e+00
3.694601205199302130e-02 1.655475745550143873e+00
3.730540608008161424e-02 1.655417401935824984e+00
3.766829613007490613e-02 1.655357681568381922e+00
3.803471620968648659e-02 1.655297487893633290e+00
3.840470065744145539e-02 1.655237289705890680e+00
3.877828414589457040e-02 1.655173169140934153e+00
3.915550168487941241e-02 1.655108379212965053e+00
3.953638862478930927e-02 1.655044424725793606e+00
3.992098065989020672e-02 1.654978498497067463e+00
4.030931383166566628e-02 1.654910268300669118e+00
4.070142453219438572e-02 1.654840668403926518e+00
4.109734950756069316e-02 1.654769826844684877e+00
4.149712586129815362e-02 1.654697620898902599e+00
4.190079105786669034e-02 1.654623908251460440e+00
4.230838292616342228e-02 1.654548539990156941e+00
4.271993966306778662e-02 1.654471896804891262e+00
4.313549983702118923e-02 1.654394980437285723e+00
4.355510239164130798e-02 1.654315884333813269e+00
4.397878664937160398e-02 1.654234527903194918e+00
4.440659231516640160e-02 1.654152432965547703e+00
4.483855948021186338e-02 1.654068240257781541e+00
4.527472862568297785e-02 1.653982327477949044e+00
4.571514062653719151e-02 1.653894925776501434e+00
4.615983675534499064e-02 1.653808170723862103e+00
4.660885868615767536e-02 1.653715065077765445e+00
4.706224849841281199e-02 1.653623122169815440e+00
4.752004868087766204e-02 1.653528601014581101e+00
4.798230213563085128e-02 1.653432400480811415e+00
4.844905218208294534e-02 1.653334122475428103e+00
4.892034256103611894e-02 1.653233952004680374e+00
4.939621743878321036e-02 1.653132166411306336e+00
4.987672141124663283e-02 1.653027859892143292e+00
5.036189950815770505e-02 1.652921765181782909e+00
5.085179719727656034e-02 1.652813323583006033e+00
5.134646038865306461e-02 1.652702318066455511e+00
5.184593543892913187e-02 1.652589345177322810e+00
5.235026915568305461e-02 1.652475074230675078e+00
5.285950880181603667e-02 1.652358427072302183e+00
5.337370209998133774e-02 1.652239472670501419e+00
5.389289723705643909e-02 1.652117719773552151e+00
5.441714286865893119e-02 1.651993888671450250e+00
5.494648812370611646e-02 1.651868045553248621e+00
5.548098260901916656e-02 1.651739433303889282e+00
5.602067641397187603e-02 1.651609204953621068e+00
5.656562011518465050e-02 1.651475993885464622e+00
5.711586478126431943e-02 1.651339905925306883e+00
5.767146197758996756e-02 1.651201301248408138e+00
5.823246377114527778e-02 1.651059268936854618e+00
5.879892273539785025e-02 1.650915052963776830e+00
5.937089195522609469e-02 1.650768064085114561e+00
5.994842503189409116e-02 1.650617510123175480e+00
6.053157608807464840e-02 1.650466124454910588e+00
6.112039977292132997e-02 1.650310063612265843e+00
6.171495126718981594e-02 1.650152057281711881e+00
6.231528628840921763e-02 1.649990446483739825e+00
6.292146109610344262e-02 1.649825293334481247e+00
6.353353249706343575e-02 1.649656953128295189e+00
6.415155785067082339e-02 1.649485901414649458e+00
6.477559507427335661e-02 1.649314044854296446e+00
6.540570264861225724e-02 1.649132077817895059e+00
6.604193962330305590e-02 1.648949805133782975e+00
6.668436562236895737e-02 1.648764864375062755e+00
6.733304084982863480e-02 1.648576539098273397e+00
6.798802609533814711e-02 1.648384477748112920e+00
6.864938273988777095e-02 1.648187926246952539e+00
6.931717276155408003e-02 1.647987790998194590e+00
6.999145874130821565e-02 1.647783576912174253e+00
7.067230386888070925e-02 1.647575844042544757e+00
7.135977194868306506e-02 1.647364058266146181e+00
7.205392740578704658e-02 1.647148305745048225e+00
7.275483529196229149e-02 1.646928783978541144e+00
7.346256129177256011e-02 1.646703131096629580e+00
7.417717172873124210e-02 1.646476833954679364e+00
7.489873357151664857e-02 1.646242561875745691e+00
7.562731444024800576e-02 1.646004542014127381e+00
7.636298261282241373e-02 1.645762417860399784e+00
7.710580703131336699e-02 1.645516070676207976e+00
7.785585730843146146e-02 1.645266482667632202e+00
7.861320373404813433e-02 1.645009523117864303e+00
7.937791728178281159e-02 1.644747009535912685e+00
8.015006961565404597e-02 1.644480291406698713e+00
8.092973309679550586e-02 1.644209901930987705e+00
8.171698079023696770e-02 1.643933404197438275e+00
8.251188647175167201e-02 1.643652392272805240e+00
8.331452463477014014e-02 1.643363905912569312e+00
8.412497049736118726e-02 1.643070313442044128e+00
8.494330000928071445e-02 1.642771327846994867e+00
8.576958985908941790e-02 1.642468033830793761e+00
8.660391748133952627e-02 1.642157802177241610e+00
8.744636106383144036e-02 1.641841012601007455e+00
8.829699955494091368e-02 1.641517397968277336e+00
8.915591267101763417e-02 1.641186893201104002e+00
9.002318090385581784e-02 1.640854192164433512e+00
9.089888552823731371e-02 1.640511616996332744e+00
9.178310860954806694e-02 1.640164504916469035e+00
9.267593301146882789e-02 1.639811222419818248e+00
9.357744240374062106e-02 1.639450489881907780e+00
9.448772127000577836e-02 1.639082572551196160e+00
9.540685491572513388e-02 1.638707476454278389e+00
9.633492947617222635e-02 1.638325275545982063e+00
9.727203192450542546e-02 1.637933539489310419e+00
9.821825007991856482e-02 1.637538478287310362e+00
9.917367261587073379e-02 1.637134014516159697e+00
1.001383890683960748e-01 1.636720650643542774e+00
1.011124898444945991e-01 1.636300600838539010e+00
1.020960662306047012e-01 1.635871744496539604e+00
1.030892104011576216e-01 1.635433839123534794e+00
1.040920154272158005e-01 1.634988091832052071e+00
1.051045752851944987e-01 1.634534300527470174e+00
1.061269848656690717e-01 1.634070852156586984e+00
1.071593399822671072e-01 1.633600572127871686e+00
1.082017373806478805e-01 1.633119598140193141e+00
1.092542747475682557e-01 1.632630991557358024e+00
1.103170507200377515e-01 1.632133215302181251e+00
1.113901648945616746e-01 1.631624965347914014e+00
1.124737178364751955e-01 1.631106735069087099e+00
1.135678110893671017e-01 1.630579912158275580e+00
1.146725471845963656e-01 1.630042626545331164e+00
1.157880296509002094e-01 1.629494193172344563e+00
1.169143630240966764e-01 1.628937009568846683e+00
1.180516528568804902e-01 1.628368054857480152e+00
1.192000057287153220e-01 1.627789263200577929e+00
1.203595292558212876e-01 1.627198910599578996e+00
1.215303321012602134e-01 1.626596809956764034e+00
1.227125239851190319e-01 1.625983226393453496e+00
1.239062156947916271e-01 1.625357297786371724e+00
1.251115190953615564e-01 1.624718828624249989e+00
1.263285471400849291e-01 1.624071811526940134e+00
1.275574138809759950e-01 1.623412043031494001e+00
1.287982344794950385e-01 1.622738356184718622e+00
1.300511252173409127e-01 1.622053985323671732e+00
1.313162035073478784e-01 1.621354957729989499e+00
1.325935879044890797e-01 1.620643183615641414e+00
1.338833981169864351e-01 1.619917767656458230e+00
1.351857550175293021e-01 1.619177954594787305e+00
1.365007806546013891e-01 1.618425993135369056e+00
1.378285982639189389e-01 1.617658917261488360e+00
1.391693322799789911e-01 1.616875891443772195e+00
1.405231083477211373e-01 1.616079963869196057e+00
1.418900533343016301e-01 1.615268424376874457e+00
1.432702953409830948e-01 1.614474709694087684e+00
1.446639637151387880e-01 1.613601021976689864e+00
1.460711890623745679e-01 1.612743479062545671e+00
1.474921032587684921e-01 1.611871282915488202e+00
1.489268394632288772e-01 1.610982215302991793e+00
1.503755321299738434e-01 1.610076969952107362e+00
1.518383170211306810e-01 1.609153158528885852e+00
1.533153312194593942e-01 1.608210845776195663e+00
1.548067131411984265e-01 1.607252941778686939e+00
1.563126025490369497e-01 1.606277161454501279e+00
1.578331405652117214e-01 1.605284715628475745e+00
1.593684696847328941e-01 1.604271921158633818e+00
1.609187337887370006e-01 1.603241869439297140e+00
1.624840781579713067e-01 1.602193970946863111e+00
1.640646494864078653e-01 1.601123475435584309e+00
1.656605958949914359e-01 1.600034873060511620e+00
1.672720669455196874e-01 1.598926816082555158e+00
1.688992136546599021e-01 1.597796250055074863e+00
1.705421885081006561e-01 1.596647769620383794e+00
1.722011454748421100e-01 1.595477023108436310e+00
1.738762400216251336e-01 1.594283976698721350e+00
1.755676291275001522e-01 1.593068664761467135e+00
1.772754712985387948e-01 1.591834239350787383e+00
1.789999265826875408e-01 1.590573788416265621e+00
1.807411565847668600e-01 1.589293128680872691e+00
1.824993244816152382e-01 1.587987415392582147e+00
1.842745950373816666e-01 1.586658938337685010e+00
1.860671346189656239e-01 1.585305057267169193e+00
1.878771112116086051e-01 1.583927870390007264e+00
1.897046944346358344e-01 1.582525351081986109e+00
1.915500555573527997e-01 1.581098112208553674e+00
1.934133675150944698e-01 1.579643220593937469e+00
1.952948049254327745e-01 1.578164334678515690e+00
1.971945441045395986e-01 1.576657761621593323e+00
1.991127630837108697e-01 1.575124452243535478e+00
2.010496416260497965e-01 1.573564190048208689e+00
2.030053612433137811e-01 1.571977132109068531e+00
2.049801052129238688e-01 1.570359172498290157e+00
2.069740585951406198e-01 1.568712536681361680e+00
2.089874082504071251e-01 1.567037073860581664e+00
2.110203428568595552e-01 1.565331269847449081e+00
2.130730529280097374e-01 1.563596701745547657e+00
2.151457308305980698e-01 1.561831081153792100e+00
2.172385708026215445e-01 1.560034448504665106e+00
2.193517689715359098e-01 1.558205851913204709e+00
2.214855233726360506e-01 1.556345025840898622e+00
2.236400339676138660e-01 1.554451393530912995e+00
2.258155026632983065e-01 1.552524842207379629e+00
2.280121333305757114e-01 1.550563584803243744e+00
2.302301318234963867e-01 1.548568980168193221e+00
2.324697059985647851e-01 1.546540090792916988e+00
2.347310657342196183e-01 1.544476176001384315e+00
2.370144229505012079e-01 1.542377166036926539e+00
2.393199916289123208e-01 1.540241042906902891e+00
2.416479878324700736e-01 1.538067806180332564e+00
2.439986297259550130e-01 1.535856846770547346e+00
2.463721375963552895e-01 1.533608299567540856e+00
2.487687338735107279e-01 1.531322718376242564e+00
2.511886431509580686e-01 1.528994726912005220e+00
2.536320922069775774e-01 1.526630159687747179e+00
2.560993100258459609e-01 1.524225352763900920e+00
2.585905278192945911e-01 1.521778873734574766e+00
2.611059790481781162e-01 1.519292264758636435e+00
2.636458994443517945e-01 1.516762187877936485e+00
2.662105270327638773e-01 1.514189398404070852e+00
2.688001021537606006e-01 1.511575693632793316e+00
2.714148674856106669e-01 1.508918473003806326e+00
2.740550680672460548e-01 1.506216649191853607e+00
2.767209513212268712e-01 1.503469820879957064e+00
2.794127670769268601e-01 1.500677304650330779e+00
2.821307675939472293e-01 1.497838338801368518e+00
2.848752075857552413e-01 1.494948870248488326e+00
2.876463442435557849e-01 1.492023392561866224e+00
2.904444372603925406e-01 1.489044456725702181e+00
2.932697488554852905e-01 1.486015840567216362e+00
2.961225437988035947e-01 1.482937415051617247e+00
2.990030894358785551e-01 1.479812346237260989e+00
3.019116557128577738e-01 1.476636947242842224e+00
3.048485152018017286e-01 1.473409895212670628e+00
3.078139431262288950e-01 1.470133612480188257e+00
3.108082173869063936e-01 1.466801835406726484e+00
3.138316185878944342e-01 1.463420414957099069e+00
3.168844300628416155e-01 1.459985061071195078e+00
3.199669379015380732e-01 1.456496607025197232e+00
3.230794309767249795e-01 1.452951841127250621e+00
3.262222009711669979e-01 1.449353435235529286e+00
3.293955424049855307e-01 1.445698900978571455e+00
3.325997526632606949e-01 1.441990673700021208e+00
3.358351320238990301e-01 1.438226249637078347e+00
3.391019836857747105e-01 1.434399944197835675e+00
3.424006137971423724e-01 1.430518887443750886e+00
3.457313314843284413e-01 1.426579405018881364e+00
3.490944488806992929e-01 1.422581760130621875e+00
3.524902811559130766e-01 1.418522777478938623e+00
3.559191465454557002e-01 1.414405677833221242e+00
3.593813663804627523e-01 1.410226507658023598e+00
3.628772651178337472e-01 1.405987011046171187e+00
3.664071703706370808e-01 1.401685979118232339e+00
3.699714129388128048e-01 1.397323436569878341e+00
3.735703268401719401e-01 1.392897043126858581e+00
3.772042493416999376e-01 1.388406206804232212e+00
3.808735209911614517e-01 1.383854516220393460e+00
3.845784856490158665e-01 1.379238987066462974e+00
3.883194905206404091e-01 1.374557053782732741e+00
3.920968861888690649e-01 1.369809026763322057e+00
3.959110266468458539e-01 1.364997793638296653e+00
3.997622693312000708e-01 1.360119975118739832e+00
4.036509751555413805e-01 1.355176209362884743e+00
4.075775085442840395e-01 1.350164132692546648e+00
4.115422374667966343e-01 1.345086087260107810e+00
4.155455334718875515e-01 1.339941220777438158e+00
4.195877717226225712e-01 1.334728505182390279e+00
4.236693310314835759e-01 1.329446426464430120e+00
4.277905938958687093e-01 1.324095130013525301e+00
4.319519465339363706e-01 1.318676889346657610e+00
4.361537789208005944e-01 1.313188679068034714e+00
4.403964848250754294e-01 1.307632360767153612e+00
4.446804618457780300e-01 1.302004715347068631e+00
4.490061114495874639e-01 1.296308013380481183e+00
4.533738390084691150e-01 1.290541050514500743e+00
4.577840538376618529e-01 1.284702706305633768e+00
4.622371692340384031e-01 1.278800075228947009e+00
4.667336025148346446e-01 1.272821284711788126e+00
4.712737750567601580e-01 1.266771471745466560e+00
4.758581123354846953e-01 1.260652531761278006e+00
4.804870439655131720e-01 1.254464678637615016e+00
4.851610037404442966e-01 1.248204530481543006e+00
4.898804296736250508e-01 1.241872055514977369e+00
4.946457640391963562e-01 1.235472938789868635e+00
4.994574534135413635e-01 1.229000775701723169e+00
5.043159487171361421e-01 1.222470103758262816e+00
5.092217052568053237e-01 1.215847291443428846e+00
5.141751827683928022e-01 1.209163978409502072e+00
5.191768454598426619e-01 1.202410667700681390e+00
5.242271620547044320e-01 1.195587131558726313e+00
5.293266058360561743e-01 1.188696376463877824e+00
5.344756546908600026e-01 1.181734755966288963e+00
5.396747911547442600e-01 1.174705809225404352e+00
5.449245024572260121e-01 1.167607778941732510e+00
5.502252805673685243e-01 1.160440885792484389e+00
5.555776222398878250e-01 1.153208592842813296e+00
5.609820290617031358e-01 1.145906795169332693e+00
5.664390074989449353e-01 1.138538966700885391e+00
5.719490689444144405e-01 1.131105165617070529e+00
5.775127297655114900e-01 1.123605693069831712e+00
5.831305113526221717e-01 1.116042456255381454e+00
5.888029401679826247e-01 1.108415175643517436e+00
5.945305477950136863e-01 1.100721446958926597e+00
6.003138709881384871e-01 1.092968456169454594e+00
6.061534517230839914e-01 1.085151983764290895e+00
6.120498372476699256e-01 1.077274932240354310e+00
6.180035801330957534e-01 1.069338577372053845e+00
6.240152383257209223e-01 1.061339613994644271e+00
6.300853751993553686e-01 1.053286448821438404e+00
6.362145596080520660e-01 1.045175780611762084e+00
6.424033659394193796e-01 1.037003820245611774e+00
6.486523741684461219e-01 1.028780204493383810e+00
6.549621699118558515e-01 1.020501024305217275e+00
6.613333444829840868e-01 1.012171197706340786e+00
6.677664949471955325e-01 1.003787362616331391e+00
6.742622241778342129e-01 9.953485608039603916e-01
6.808211409127237213e-01 9.868697056329743811e-01
6.874438598112112553e-01 9.783380216033047416e-01
6.941310015117725385e-01 9.697608320003130444e-01
7.008831926901714082e-01 9.611396019952639369e-01
7.077010661181889484e-01 9.524710852257302074e-01
7.145852607229240538e-01 9.437637439218131696e-01
7.215364216466665370e-01 9.350117545381212425e-01
7.285552003073593186e-01 9.262237172495784154e-01
7.356422544596413760e-01 9.173969868786715498e-01
7.427982482564918776e-01 9.085340154238902288e-01
7.500238523114668432e-01 8.996354603191019095e-01
7.573197437615483141e-01 8.907056441420271309e-01
7.646866063305975958e-01 8.817429135787199224e-01
7.721251303934327792e-01 8.727526731989050379e-01
7.796360130405233235e-01 8.637325048469814970e-01
7.872199581433195759e-01 8.546904684657832263e-01
7.948776764202123424e-01 8.456195499263631232e-01
8.026098855031396084e-01 8.365314438183049095e-01
8.104173100048355227e-01 8.274191066320161214e-01
8.183006815867394090e-01 8.182890228132908561e-01
8.262607390275591435e-01 8.091454267346047668e-01
8.342982282925082149e-01 7.999835885965098647e-01
8.424139026032094746e-01 7.908105530299388564e-01
8.506085225082840040e-01 7.816274258156548083e-01
8.588828559546254349e-01 7.724336110716296666e-01
8.672376783593644944e-01 7.632372267045594016e-01
8.756737726825394308e-01 7.540319954836175453e-01
8.841919295004664336e-01 7.448270979681762549e-01
8.927929470798307010e-01 7.356217350587473947e-01
9.014776314524917122e-01 7.264153924067234813e-01
9.102467964910225806e-01 7.172166716338331804e-01
9.191012639849772681e-01 7.080208699786533222e-01
9.280418637179072006e-01 6.988284596040532648e-01
9.370694335451198453e-01 6.896528602055783663e-01
9.461848194722002336e-01 6.804916184055422868e-01
9.553888757342895444e-01 6.713387803358455974e-01
9.646824648761427312e-01 6.622034307151810628e-01
9.740664578329562007e-01 6.530863525604500008e-01
9.835417340119908536e-01 6.439891526329379889e-01
9.931091813749796104e-01 6.349076744539919881e-01
1.002769696521346621e+00 6.258640466125879875e-01
1.012524184772224167e+00 6.168398117460992536e-01
1.022373560255302127e+00 6.078462952193727231e-01
1.032318745990486564e+00 5.988810002673363719e-01
1.042360673976402197e+00 5.899621970495915191e-01
1.052500285277732761e+00 5.810465961659584400e-01
1.062738530113414459e+00 5.721711996484978302e-01
1.073076367945679621e+00 5.633653897852850534e-01
1.083514767569973225e+00 5.545827569964704162e-01
1.094054707205742494e+00 5.458276373532172654e-01
1.104697174588111785e+00 5.371382532560743384e-01
1.115443167060441221e+00 5.284931308535520955e-01
1.126293691667795249e+00 5.198892063762683424e-01
1.137249765251314271e+00 5.113356112597979841e-01
1.148312414543511073e+00 5.028181905842465937e-01
1.159482676264482759e+00 4.943797911482201712e-01
1.170761597219069250e+00 4.859852646008045451e-01
1.182150234394952371e+00 4.776460359946763101e-01
1.193649655061713055e+00 4.693646769512253014e-01
1.205260936870842681e+00 4.611408088375279490e-01
1.216985167956738056e+00 4.529812015040804440e-01
1.228823447038673411e+00 4.448791856668126155e-01
1.240776883523764251e+00 4.368433450859882661e-01
1.252846597610937529e+00 4.288732990037496529e-01
1.265033720395903893e+00 4.209661999515500463e-01
1.277339393977160009e+00 4.131338352337245445e-01
1.289764771563017165e+00 4.053663791504692471e-01
1.302311017579677488e+00 3.976698132019598209e-01
1.314979307780347773e+00 3.900446131572082309e-01
1.327770829355430449e+00 3.824932226871298191e-01
1.340686781043774811e+00 3.750136737634199302e-01
1.353728373245021821e+00 3.676142568210802319e-01
1.366896828133026487e+00 3.602856280334685302e-01
1.380193379770397355e+00 3.530335457442837499e-01
1.393619274224142002e+00 3.458603392457570980e-01
1.407175769682446731e+00 3.387695599439025096e-01
1.420864136572576708e+00 3.317477485242449897e-01
1.434685657679937831e+00 3.248167325489411117e-01
1.448641628268290127e+00 3.179627031749370225e-01
1.462733356201129986e+00 3.111906721536894516e-01
1.476962162064259898e+00 3.045027799400790713e-01
1.491329379289537682e+00 2.978864661744638487e-01
1.505836354279841416e+00 2.913709249658532063e-01
1.520484446535244283e+00 2.849317336489158303e-01
1.535275028780422657e+00 2.785668049156186932e-01
1.550209487093291205e+00 2.723138151970215803e-01
1.565289221034902312e+00 2.661199084337761422e-01
1.580515643780601165e+00 2.600196851007292587e-01
1.595890182252465817e+00 2.540005024868355332e-01
1.611414277253019778e+00 2.480771210201855592e-01
1.627089383600260675e+00 2.422329671347163149e-01
1.642916970263993193e+00 2.364789234608301871e-01
1.658898520503498064e+00 2.308065270151716808e-01
1.675035532006524441e+00 2.252220465442044406e-01
1.691329517029648732e+00 2.196810850443466911e-01
1.707782002539993016e+00 2.143119259176536062e-01
1.724394530358320354e+00 2.089867580679395653e-01
1.741168657303530987e+00 2.037471043975032092e-01
1.758105955338547632e+00 1.985937691220068801e-01
1.775208011717636092e+00 1.935247949258588063e-01
1.792476429135148930e+00 1.885352405899665684e-01
1.809912825875727105e+00 1.836442277590889238e-01
1.827518835965944666e+00 1.788345187640267009e-01
1.845296109327445366e+00 1.740927837761659935e-01
1.863246311931559873e+00 1.694591178240544282e-01
1.881371125955437096e+00 1.648973339382739933e-01
1.899672249939675650e+00 1.604256024972327277e-01
1.918151398947507635e+00 1.560321218475990424e-01
1.936810304725519849e+00 1.517210684395238762e-01
1.955650715865949074e+00 1.474919000880753894e-01
1.974674397970537454e+00 1.433474854548809352e-01
1.993883133816001019e+00 1.392772911298100214e-01
2.013278723521096492e+00 1.352906866921745332e-01
2.032862984715323673e+00 1.313862221312079026e-01
2.052637752709252084e+00 1.275556015857549630e-01
2.072604880666519822e+00 1.238058836884468189e-01
2.092766239777499759e+00 1.201338522951812676e-01
2.113123719434652603e+00 1.165382616507828206e-01
2.133679227409597701e+00 1.130200230635805964e-01
2.154434690031884259e+00 1.095756510201216227e-01
2.175392052369522489e+00 1.062075853050015589e-01
2.196553278411258248e+00 1.029121543034954150e-01
2.217920351250634692e+00 9.969090569761074327e-02
2.239495273271823184e+00 9.654157391121646892e-02
2.261280066337279404e+00 9.346408219545188079e-02
2.283276771977218012e+00 9.045543193049780661e-02
2.305487451580938707e+00 8.751955614951470452e-02
2.327914186589993051e+00 8.464847462668410871e-02
2.350559078693253756e+00 8.185056153613889940e-02
2.373424250023866033e+00 7.911583000639411944e-02
2.396511843358130278e+00 7.645336957094060748e-02
2.419824022316292567e+00 7.385044869159725078e-02
2.443362971565319341e+00 7.131047507393774298e-02
2.467130897023623426e+00 6.884116938408724184e-02
2.491130026067788439e+00 6.643072599333757489e-02
2.515362607741312928e+00 6.408273350621961073e-02
2.539830912965362675e+00 6.179540698894185613e-02
2.564537234751594674e+00 5.956818121222234863e-02
2.589483888417040802e+00 5.739994579544793751e-02
2.614673211801092023e+00 5.528958311551031984e-02
2.640107565484572927e+00 5.323609595146436974e-02
2.665789333010967876e+00 5.123924079161347456e-02
2.691720921109787668e+00 4.930176636264452933e-02
2.717904759922122881e+00 4.741040535236994841e-02
2.744343303228365283e+00 4.557661717961343506e-02
2.771039028678170535e+00 4.379228156667621524e-02
2.797994438022641805e+00 4.206304152600817692e-02
2.825212057348790218e+00 4.038632695980150927e-02
2.852694437316245057e+00 3.875801882997945147e-02
2.880444153396297668e+00 3.717718311711975393e-02
2.908463806113254169e+00 3.564139262029358129e-02
2.936756021288137397e+00 3.415321794088235774e-02
2.965323450284773621e+00 3.272664727263303180e-02
2.994168770258243573e+00 3.132523557424354149e-02
3.023294684405779531e+00 2.997167678278072137e-02
3.052703922220086241e+00 2.866424893834260135e-02
3.082399239745143404e+00 2.739949959936212667e-02
3.112383419834465759e+00 2.617505332715372099e-02
3.142659272411905569e+00 2.499200951549335192e-02
3.173229634734976212e+00 2.384946436358110350e-02
3.204097371660752813e+00 2.274504013916500006e-02
3.235265375914330388e+00 2.167874485337485321e-02
3.266736568359921655e+00 2.065034883899823093e-02
3.298513898274578082e+00 1.965666101869844098e-02
3.330600343624588788e+00 1.869925203779631076e-02
3.362998911344535991e+00 1.777559892644114611e-02
3.395712637619100693e+00 1.688775222401002474e-02
3.428744588167585317e+00 1.603145522421309255e-02
3.462097858531227423e+00 1.520783356368745828e-02
3.495775574363275240e+00 1.441376063319248398e-02
3.529780891721914671e+00 1.365351445440155485e-02
3.564116997366032269e+00 1.292182247505244998e-02
3.598787109053855460e+00 1.221869083188609033e-02
3.633794475844513094e+00 1.154413339995712280e-02
3.669142378402494131e+00 1.089767128254838686e-02
3.704834129305105694e+00 1.027667664083898105e-02
3.740873073352900313e+00 9.682654594463832934e-03
3.777262587883141176e+00 9.113412650859955763e-03
3.814006083086284082e+00 8.569667609940620143e-03
3.851107002325572903e+00 8.050119289036797646e-03
3.888568822459721019e+00 7.552575854940129715e-03
3.926395054168756449e+00 7.078632803420037596e-03
3.964589242282997805e+00 6.626010768316688802e-03
4.003154966115265445e+00 6.195294837619034524e-03
4.042095839796306045e+00 5.784585813982475247e-03
4.081415512613501662e+00 5.393774457524029564e-03
4.121117669352832635e+00 5.022822504629092556e-03
4.161206030644208020e+00 4.670543269417982805e-03
4.201684353310133346e+00 4.336293436017117121e-03
4.242556430717777438e+00 4.019386020955669284e-03
4.283826093134470270e+00 3.719415314620550753e-03
4.325497208086633627e+00 3.435870518627197768e-03
4.367573680722233398e+00 3.168091023434618011e-03
4.410059454176736615e+00 2.915456333334865650e-03
4.452958509942654963e+00 2.677813888949885732e-03
4.496274868242640110e+00 2.453989124760070500e-03
4.540012588406244554e+00 2.243843069373579070e-03
4.584175769250333765e+00 2.046781094927481361e-03
4.628768549463215365e+00 1.862297707228265271e-03
4.673795107992464004e+00 1.689781818748620776e-03
4.719259664436561863e+00 1.529007738001485423e-03
4.765166479440326341e+00 1.379263052858634283e-03
4.811519855094205766e+00 1.240139104810349547e-03
4.858324135337417360e+00 1.111170650555385470e-03
4.905583706365050922e+00 9.919068031807518060e-04
4.953302997039108924e+00 8.818923332214500047e-04
5.001486479303548727e+00 7.807026597414561076e-04
5.050138668603383785e+00 6.878942153300732004e-04
5.099264124307808288e+00 6.030599958585957559e-04
5.148867450137498025e+00 5.257743357736409991e-04
5.198953294596024399e+00 4.556453101841558321e-04
5.249526351405507718e+00 3.922697133936955114e-04
5.300591359946452030e+00 3.352655219094032913e-04
5.352153105701904501e+00 2.842504182001666054e-04
5.404216420705915347e+00 2.388443320233184447e-04
5.456786183996381823e+00 1.986935167255655509e-04
5.509867322072253160e+00 1.634371102557396246e-04
5.563464809355226137e+00 1.327236309782876139e-04
5.617583668655908191e+00 1.062083473091752855e-04
5.672228971644543094e+00 8.356430654591055112e-05
5.727405839326266346e+00 6.445447420490527254e-05
5.783119442521027054e+00 4.855851287652951999e-05
5.839375002348160315e+00 3.556141621867999879e-05
5.896177790715694478e+00 2.515388922190341106e-05
5.953533130814370189e+00 1.703300291434096676e-05
6.011446397616513337e+00 1.090127204614406310e-05
6.069923018379741464e+00 6.468545537213952370e-06
6.128968473155564034e+00 3.449601769522234707e-06
6.188588295302960063e+00 1.564615177325328327e-06
6.248788072006894012e+00 5.395533023592761162e-07
6.309573444801936049e+00 1.050972109705563166e-07
6.370950110100935149e+00 0.000000000000000000e+00
