1.000000000000000021e-02 1.983270699992647046e+00
1.009727545900835841e-02 1.983266989309423467e+00
1.019549716950923779e-02 1.983263192755420512e+00
1.029467433620748044e-02 1.983259302568948224e+00
1.039481625334708927e-02 1.983255219134304692e+00
1.049593230558227772e-02 1.983251134430151330e+00
1.059803196885688789e-02 1.983246951214683973e+00
1.070112481129246833e-02 1.983242671870354856e+00
1.080522049408488318e-02 1.983238291677537957e+00
1.091032877240974419e-02 1.983233885391386897e+00
1.101645949633656314e-02 1.983229395017557684e+00
1.112362261175187626e-02 1.983224824680272169e+00
1.123182816129126085e-02 1.983220182287053657e+00
1.134108628528052165e-02 1.983215457941071680e+00
1.145140722268592030e-02 1.983210624509887721e+00
1.156280131207376022e-02 1.983205809288989263e+00
1.167527899257919492e-02 1.983200772961049907e+00
1.178885080488457221e-02 1.983195722402959049e+00
1.190352739220719262e-02 1.983190589426642836e+00
1.201931950129673729e-02 1.983185337450392050e+00
1.213623798344241195e-02 1.983179971745879344e+00
1.225429379548980714e-02 1.983174533092819880e+00
1.237349800086776086e-02 1.983169062357032830e+00
1.249386177062509519e-02 1.983163478781468925e+00
1.261539638447754796e-02 1.983157777864749116e+00
1.273811323186478488e-02 1.983151949759318855e+00
1.286202381301779218e-02 1.983145974587081195e+00
1.298713974003655978e-02 1.983139855061329282e+00
1.311347273797833224e-02 1.983133608986923146e+00
1.324103464595636874e-02 1.983127215590598347e+00
1.336983741824946531e-02 1.983120640867361617e+00
1.349989312542219239e-02 1.983113880455091182e+00
1.363121395545611320e-02 1.983106965544319422e+00
1.376381221489191876e-02 1.983099880198491372e+00
1.389770032998276401e-02 1.983092618541287599e+00
1.403289084785873213e-02 1.983085198010614558e+00
1.416939643770268736e-02 1.983077618023511679e+00
1.430722989193757184e-02 1.983069855585203545e+00
1.444640412742520530e-02 1.983061904659673358e+00
1.458693218667675602e-02 1.983053772868877962e+00
1.472882723907502529e-02 1.983045456282218177e+00
1.487210258210860774e-02 1.983036972261578823e+00
1.501677164261799868e-02 1.983028330985173504e+00
1.516284797805393485e-02 1.983019490019761966e+00
1.531034527774784160e-02 1.983010481869389885e+00
1.545927736419477720e-02 1.983001289786752608e+00
1.560965819434872483e-02 1.982991901455085859e+00
1.576150186093060873e-02 1.982982303335510066e+00
1.591482259374891323e-02 1.982972481792347752e+00
1.606963476103326349e-02 1.982962427773399705e+00
1.622595287078087284e-02 1.982952178643802243e+00
1.638379157211618947e-02 1.982941720262099361e+00
1.654316565666366645e-02 1.982931125549032725e+00
1.670409005993399310e-02 1.982920318894698886e+00
1.686657986272368723e-02 1.982909261642350707e+00
1.703065029252844378e-02 1.982897953938455693e+00
1.719631672497009753e-02 1.982886427615067948e+00
1.736359468523754335e-02 1.982874668837962595e+00
1.753249984954170088e-02 1.982862531914061366e+00
1.770304804658450262e-02 1.982850251329437485e+00
1.787525525904235316e-02 1.982837798746601710e+00
1.804913762506383731e-02 1.982825065615720916e+00
1.822471143978214581e-02 1.982812046783602122e+00
1.840199315684210371e-02 1.982798729490200085e+00
1.858099938994215231e-02 1.982785286485355458e+00
1.876174691439120440e-02 1.982771528689857066e+00
1.894425266868081034e-02 1.982757437330047612e+00
1.912853375607242307e-02 1.982743023574712327e+00
1.931460744620030340e-02 1.982728484336593100e+00
1.950249117668984011e-02 1.982713748908058404e+00
1.969220255479172538e-02 1.982698743243398676e+00
1.988375935903200636e-02 1.982683416388520525e+00
2.007717954087816226e-02 1.982667819827057754e+00
2.027248122642137662e-02 1.982651826856429489e+00
2.046968271807520987e-02 1.982635456446921296e+00
2.066880249629082095e-02 1.982618696085725940e+00
2.086985922128879734e-02 1.982601536639386763e+00
2.107287173480786382e-02 1.982584091732038090e+00
2.127785906187062287e-02 1.982566492864124230e+00
2.148484041256648255e-02 1.982548497251913400e+00
2.169383518385184506e-02 1.982530128653147594e+00
2.190486296136792688e-02 1.982511425369681612e+00
2.211794352127614133e-02 1.982491923524361432e+00
2.233309683211144592e-02 1.982472638582331248e+00
2.255034305665360936e-02 1.982452938340533821e+00
2.276970255381680075e-02 1.982433002758051899e+00
2.299119588055741764e-02 1.982413197563977381e+00
2.321484379380064564e-02 1.982392384361584270e+00
2.344066725238556220e-02 1.982371100392243735e+00
2.366868741902936057e-02 1.982349406862310870e+00
2.389892566231050300e-02 1.982327265829379792e+00
2.413140355867127856e-02 1.982304607372951999e+00
2.436614289443983158e-02 1.982280894766860868e+00
2.460316566787181664e-02 1.982257347063050901e+00
2.484249409121190577e-02 1.982234045688862745e+00
2.508415059277539771e-02 1.982209896354863554e+00
2.532815781905008515e-02 1.982185284277879989e+00
2.557453863681850847e-02 1.982160120194895070e+00
2.582331613530085626e-02 1.982134599214831816e+00
2.607451362831877603e-02 1.982108734192461919e+00
2.632815465648021339e-02 1.982082473202072759e+00
2.658426298938541474e-02 1.982055655392030324e+00
2.684286262785454819e-02 1.982028223084856711e+00
2.710397780617682106e-02 1.982000136936356904e+00
2.736763299438163891e-02 1.981970792110911539e+00
2.763385290053169824e-02 1.981941450594796539e+00
2.790266247303856487e-02 1.981911555492528842e+00
2.817408690300057458e-02 1.981881612188589825e+00
2.844815162656363222e-02 1.981850193599753451e+00
2.872488232730495070e-02 1.981818036346841838e+00
2.900430493863991738e-02 1.981785181660418615e+00
2.928644564625237229e-02 1.981751695951321279e+00
2.957133089054861039e-02 1.981717590578088606e+00
2.985898736913520854e-02 1.981682969939640548e+00
3.014944203932094433e-02 1.981647759079801840e+00
3.044272212064302874e-02 1.981611846373583230e+00
3.073885509741795460e-02 1.981575427203838391e+00
3.103786872131722788e-02 1.981538435856689429e+00
3.133979101396793671e-02 1.981501013203238681e+00
3.164465026957891114e-02 1.981462916210247727e+00
3.195247505759213347e-02 1.981424056642500320e+00
3.226329422536015901e-02 1.981384482925496293e+00
3.257713690084949876e-02 1.981344113852562705e+00
3.289403249537032475e-02 1.981302923026376783e+00
3.321401070633261954e-02 1.981260903895787573e+00
3.353710152002930406e-02 1.981217980666316825e+00
3.386333521444636480e-02 1.981176444340084108e+00
3.419274236210027851e-02 1.981131770247844148e+00
3.452535383290306070e-02 1.981086132199859184e+00
3.486120079705520153e-02 1.981039442471657086e+00
3.520031472796678745e-02 1.980991688511610782e+00
3.554272740520694751e-02 1.980941274632358473e+00
3.588847091748199186e-02 1.980893674988258857e+00
3.623757766564258964e-02 1.980843213925967294e+00
3.659008036572020811e-02 1.980791590140557279e+00
3.694601205199302130e-02 1.980738798973979753e+00
3.730540608008161424e-02 1.980684922006064275e+00
3.766829613007490613e-02 1.980629972923779736e+00
3.803471620968648659e-02 1.980574211813920016e+00
3.840470065744145539e-02 1.980517132423648574e+00
3.877828414589457040e-02 1.980458832657068458e+00
3.915550168487941241e-02 1.980399400471515525e+00
3.953638862478930927e-02 1.980338820266741573e+00
3.992098065989020672e-02 1.980277095915210284e+00
4.030931383166566628e-02 1.980214164717714276e+00
4.070142453219438572e-02 1.980150074573712837e+00
4.109734950756069316e-02 1.980084557308741555e+00
4.149712586129815362e-02 1.980017455624828893e+00
4.190079105786669034e-02 1.979949041591365644e+00
4.230838292616342228e-02 1.979879577614380937e+00
4.271993966306778662e-02 1.979809352998747940e+00
4.313549983702118923e-02 1.979739534524528333e+00
4.355510239164130798e-02 1.979666007447959286e+00
4.397878664937160398e-02 1.979591241500361587e+00
4.440659231516640160e-02 1.979515108914173815e+00
4.483855948021186338e-02 1.979437840930124759e+00
4.527472862568297785e-02 1.979357576693094201e+00
4.571514062653719151e-02 1.979277709903716209e+00
4.615983675534499064e-02 1.979197987850022322e+00
4.660885868615767536e-02 1.979115156080025306e+00
4.706224849841281199e-02 1.979029688242918139e+00
4.752004868087766204e-02 1.978944044380102074e+00
4.798230213563085128e-02 1.978855588369928586e+00
4.844905218208294534e-02 1.978765586052101622e+00
4.892034256103611894e-02 1.978673231392970466e+00
4.939621743878321036e-02 1.978576090619346139e+00
4.987672141124663283e-02 1.978479459231420767e+00
5.036189950815770505e-02 1.978381393193007209e+00
5.085179719727656034e-02 1.978281705765964738e+00
5.134646038865306461e-02 1.978180611355691454e+00
5.184593543892913187e-02 1.978079746592089849e+00
5.235026915568305461e-02 1.977973059827312419e+00
5.285950880181603667e-02 1.977867466379086947e+00
5.337370209998133774e-02 1.977758798896669390e+00
5.389289723705643909e-02 1.977647785103804345e+00
5.441714286865893119e-02 1.977534433591205065e+00
5.494648812370611646e-02 1.977418898125916424e+00
5.548098260901916656e-02 1.977300962085616121e+00
5.602067641397187603e-02 1.977180540421918487e+00
5.656562011518465050e-02 1.977057315604932253e+00
5.711586478126431943e-02 1.976931946372772808e+00
5.767146197758996756e-02 1.976804303148667508e+00
5.823246377114527778e-02 1.976673691055931048e+00
5.879892273539785025e-02 1.976540474692772831e+00
5.937089195522609469e-02 1.976404613809558120e+00
5.994842503189409116e-02 1.976267150623620239e+00
6.053157608807464840e-02 1.976127385630323419e+00
6.112039977292132997e-02 1.975987494121106192e+00
6.171495126718981594e-02 1.975841444808130953e+00
6.231528628840921763e-02 1.975692695257627474e+00
6.292146109610344262e-02 1.975540608165404333e+00
6.353353249706343575e-02 1.975385507694896070e+00
6.415155785067082339e-02 1.975225023157244575e+00
6.477559507427335661e-02 1.975063829575591789e+00
6.540570264861225724e-02 1.974899179900179380e+00
6.604193962330305590e-02 1.974731632347135779e+00
6.668436562236895737e-02 1.974560349860806641e+00
6.733304084982863480e-02 1.974386069828341528e+00
6.798802609533814711e-02 1.974209008764533202e+00
6.864938273988777095e-02 1.974028826025271188e+00
6.931717276155408003e-02 1.973845318100692525e+00
6.999145874130821565e-02 1.973659587366806578e+00
7.067230386888070925e-02 1.973469195437013157e+00
7.135977194868306506e-02 1.973274985978890061e+00
7.205392740578704658e-02 1.973076362434934117e+00
7.275483529196229149e-02 1.972873419912648307e+00
7.346256129177256011e-02 1.972666985959306452e+00
7.417717172873124210e-02 1.972456099964864373e+00
7.489873357151664857e-02 1.972241469564989691e+00
7.562731444024800576e-02 1.972021160603784962e+00
7.636298261282241373e-02 1.971798123302437311e+00
7.710580703131336699e-02 1.971571059882681221e+00
7.785585730843146146e-02 1.971339213931354140e+00
7.861320373404813433e-02 1.971103428001168778e+00
7.937791728178281159e-02 1.970863302122660699e+00
8.015006961565404597e-02 1.970619036075283770e+00
8.092973309679550586e-02 1.970370724506155025e+00
8.171698079023696770e-02 1.970116885629796810e+00
8.251188647175167201e-02 1.969858543142298357e+00
8.331452463477014014e-02 1.969594765701042860e+00
8.412497049736118726e-02 1.969325693475182604e+00
8.494330000928071445e-02 1.969051242262634283e+00
8.576958985908941790e-02 1.968771446910243972e+00
8.660391748133952627e-02 1.968485779126634583e+00
8.744636106383144036e-02 1.968194239893033659e+00
8.829699955494091368e-02 1.967896445436534414e+00
8.915591267101763417e-02 1.967592877044137101e+00
9.002318090385581784e-02 1.967283401816111610e+00
9.089888552823731371e-02 1.966967611746993416e+00
9.178310860954806694e-02 1.966645088133625263e+00
9.267593301146882789e-02 1.966318177215363949e+00
9.357744240374062106e-02 1.965986202751889067e+00
9.448772127000577836e-02 1.965647933653553281e+00
9.540685491572513388e-02 1.965302628753170522e+00
9.633492947617222635e-02 1.964951316976994766e+00
9.727203192450542546e-02 1.964594267842117548e+00
9.821825007991856482e-02 1.964229012220998882e+00
9.917367261587073379e-02 1.963856836645409443e+00
1.001383890683960748e-01 1.963477670287458343e+00
1.011124898444945991e-01 1.963091151265676126e+00
1.020960662306047012e-01 1.962697484876743337e+00
1.030892104011576216e-01 1.962295225148392941e+00
1.040920154272158005e-01 1.961884464452901655e+00
1.051045752851944987e-01 1.961464720713975041e+00
1.061269848656690717e-01 1.961035846101018665e+00
1.071593399822671072e-01 1.960601255014876143e+00
1.082017373806478805e-01 1.960158018948234160e+00
1.092542747475682557e-01 1.959706063454663028e+00
1.103170507200377515e-01 1.959246706173710439e+00
1.113901648945616746e-01 1.958779858142366770e+00
1.124737178364751955e-01 1.958305583559808438e+00
1.135678110893671017e-01 1.957820603722631780e+00
1.146725471845963656e-01 1.957325741569389210e+00
1.157880296509002094e-01 1.956820362759096987e+00
1.169143630240966764e-01 1.956307346189150698e+00
1.180516528568804902e-01 1.955783165498666598e+00
1.192000057287153220e-01 1.955248881765927704e+00
1.203595292558212876e-01 1.954703488233645814e+00
1.215303321012602134e-01 1.954148349201433987e+00
1.227125239851190319e-01 1.953582479452788290e+00
1.239062156947916271e-01 1.953005999362785072e+00
1.251115190953615564e-01 1.952417764263400191e+00
1.263285471400849291e-01 1.951818790742485321e+00
1.275574138809759950e-01 1.951209285259924986e+00
1.287982344794950385e-01 1.950589603811444972e+00
1.300511252173409127e-01 1.949957764459997689e+00
1.313162035073478784e-01 1.949315118867410490e+00
1.325935879044890797e-01 1.948658836222312063e+00
1.338833981169864351e-01 1.947990435878123927e+00
1.351857550175293021e-01 1.947309115535954982e+00
1.365007806546013891e-01 1.946614431334107387e+00
1.378285982639189389e-01 1.945906345862038256e+00
1.391693322799789911e-01 1.945183864729188139e+00
1.405231083477211373e-01 1.944447364080366780e+00
1.418900533343016301e-01 1.943699215486075271e+00
1.432702953409830948e-01 1.942936486981957200e+00
1.446639637151387880e-01 1.942160213787863077e+00
1.460711890623745679e-01 1.941369276826258261e+00
1.474921032587684921e-01 1.940564180498686175e+00
1.489268394632288772e-01 1.939743333212504917e+00
1.503755321299738434e-01 1.938906586760198003e+00
1.518383170211306810e-01 1.938054076317927477e+00
1.533153312194593942e-01 1.937185501284046873e+00
1.548067131411984265e-01 1.936301733364799826e+00
1.563126025490369497e-01 1.935401945792429190e+00
1.578331405652117214e-01 1.934483077508198701e+00
1.593684696847328941e-01 1.933547947538877265e+00
1.609187337887370006e-01 1.932595181200067014e+00
1.624840781579713067e-01 1.931624412786507428e+00
1.640646494864078653e-01 1.930636245772079596e+00
1.656605958949914359e-01 1.929631034340397067e+00
1.672720669455196874e-01 1.928605645971777305e+00
1.688992136546599021e-01 1.927561038563125884e+00
1.705421885081006561e-01 1.926496673871141985e+00
1.722011454748421100e-01 1.925417050141320807e+00
1.738762400216251336e-01 1.924313546073621151e+00
1.755676291275001522e-01 1.923188885648573709e+00
1.772754712985387948e-01 1.922045856173256961e+00
1.789999265826875408e-01 1.920883958683088588e+00
1.807411565847668600e-01 1.919700385462241643e+00
1.824993244816152382e-01 1.918492640221701517e+00
1.842745950373816666e-01 1.917262121485168835e+00
1.860671346189656239e-01 1.916010264469806046e+00
1.878771112116086051e-01 1.914735728516591795e+00
1.897046944346358344e-01 1.913437210841584690e+00
1.915500555573527997e-01 1.912111661225822434e+00
1.934133675150944698e-01 1.910764798875732584e+00
1.952948049254327745e-01 1.909394799981516844e+00
1.971945441045395986e-01 1.908001924833041096e+00
1.991127630837108697e-01 1.906582632525882337e+00
2.010496416260497965e-01 1.905133990846713976e+00
2.030053612433137811e-01 1.903661607502409758e+00
2.049801052129238688e-01 1.902162489417636326e+00
2.069740585951406198e-01 1.900635925967880668e+00
2.089874082504071251e-01 1.899083512335374424e+00
2.110203428568595552e-01 1.897502981210140272e+00
2.130730529280097374e-01 1.895896755440767523e+00
2.151457308305980698e-01 1.894260408043344945e+00
2.172385708026215445e-01 1.892591416701121076e+00
2.193517689715359098e-01 1.890896014960359972e+00
2.214855233726360506e-01 1.889165918455322224e+00
2.236400339676138660e-01 1.887407120826582796e+00
2.258155026632983065e-01 1.885620648630479401e+00
2.280121333305757114e-01 1.883800487519333489e+00
2.302301318234963867e-01 1.881947575871533829e+00
2.324697059985647851e-01 1.880060252253042963e+00
2.347310657342196183e-01 1.878141907790187304e+00
2.370144229505012079e-01 1.876189693393772284e+00
2.393199916289123208e-01 1.874206087584583624e+00
2.416479878324700736e-01 1.872189764608856999e+00
2.439986297259550130e-01 1.870134581051581257e+00
2.463721375963552895e-01 1.868038744356432579e+00
2.487687338735107279e-01 1.865909134044573037e+00
2.511886431509580686e-01 1.863747281585912186e+00
2.536320922069775774e-01 1.861549088591571310e+00
2.560993100258459609e-01 1.859308132432218486e+00
2.585905278192945911e-01 1.857027922352692206e+00
2.611059790481781162e-01 1.854715661320570641e+00
2.636458994443517945e-01 1.852358388597839411e+00
2.662105270327638773e-01 1.849958770022756438e+00
2.688001021537606006e-01 1.847518072998629357e+00
2.714148674856106669e-01 1.845041703810476053e+00
2.740550680672460548e-01 1.842523667584717861e+00
2.767209513212268712e-01 1.839962434477980358e+00
2.794127670769268601e-01 1.837355371396566017e+00
2.821307675939472293e-01 1.834707135222898966e+00
2.848752075857552413e-01 1.832014525880617750e+00
2.876463442435557849e-01 1.829275670767031681e+00
2.904444372603925406e-01 1.826491612788349705e+00
2.932697488554852905e-01 1.823661438327292217e+00
2.961225437988035947e-01 1.820784860023855201e+00
2.990030894358785551e-01 1.817859172120907640e+00
3.019116557128577738e-01 1.814891478613920306e+00
3.048485152018017286e-01 1.811875702877128624e+00
3.078139431262288950e-01 1.808805079636881974e+00
3.108082173869063936e-01 1.805685026998818943e+00
3.138316185878944342e-01 1.802515236526747611e+00
3.168844300628416155e-01 1.799297212316227412e+00
3.199669379015380732e-01 1.796029391318674451e+00
3.230794309767249795e-01 1.792707227115108770e+00
3.262222009711669979e-01 1.789330681176040105e+00
3.293955424049855307e-01 1.785900532776324656e+00
3.325997526632606949e-01 1.782417615724545712e+00
3.358351320238990301e-01 1.778879591125037907e+00
3.391019836857747105e-01 1.775289473749671387e+00
3.424006137971423724e-01 1.771640975325051270e+00
3.457313314843284413e-01 1.767937822309650464e+00
3.490944488806992929e-01 1.764176103459891953e+00
3.524902811559130766e-01 1.760357919414833772e+00
3.559191465454557002e-01 1.756478709200523847e+00
3.593813663804627523e-01 1.752541459919555900e+00
3.628772651178337472e-01 1.748548680039717196e+00
3.664071703706370808e-01 1.744493638931830626e+00
3.699714129388128048e-01 1.740379857361914251e+00
3.735703268401719401e-01 1.736201967574957816e+00
3.772042493416999376e-01 1.731962381807035767e+00
3.808735209911614517e-01 1.727663727658823145e+00
3.845784856490158665e-01 1.723300011080308503e+00
3.883194905206404091e-01 1.718875346978553376e+00
3.920968861888690649e-01 1.714385864106452217e+00
3.959110266468458539e-01 1.709829287938426479e+00
3.997622693312000708e-01 1.705207612667185790e+00
4.036509751555413805e-01 1.700525168630380168e+00
4.075775085442840395e-01 1.695776144410547248e+00
4.115422374667966343e-01 1.690957417338144753e+00
4.155455334718875515e-01 1.686075069295932982e+00
4.195877717226225712e-01 1.681123471000156355e+00
4.236693310314835759e-01 1.676105607477027082e+00
4.277905938958687093e-01 1.671018563288755754e+00
4.319519465339363706e-01 1.665861904171868302e+00
4.361537789208005944e-01 1.660641485919272409e+00
4.403964848250754294e-01 1.655342917677971704e+00
4.446804618457780300e-01 1.649984085465873829e+00
4.490061114495874639e-01 1.644551714187836078e+00
4.533738390084691150e-01 1.639045370959539172e+00
4.577840538376618529e-01 1.633472876921867156e+00
4.622371692340384031e-01 1.627826772553092827e+00
4.667336025148346446e-01 1.622110854230896404e+00
4.712737750567601580e-01 1.616321751865649192e+00
4.758581123354846953e-01 1.610466034840980054e+00
4.804870439655131720e-01 1.604533321442163984e+00
4.851610037404442966e-01 1.598523813266314431e+00
4.898804296736250508e-01 1.592451838795216235e+00
4.946457640391963562e-01 1.586305236686059938e+00
4.994574534135413635e-01 1.580088215300510024e+00
5.043159487171361421e-01 1.573787542037171638e+00
5.092217052568053237e-01 1.567420677895130066e+00
5.141751827683928022e-01 1.560988143942116269e+00
5.191768454598426619e-01 1.554475015280782024e+00
5.242271620547044320e-01 1.547888007307562708e+00
5.293266058360561743e-01 1.541233273264905224e+00
5.344756546908600026e-01 1.534502584988267415e+00
5.396747911547442600e-01 1.527701421621360689e+00
5.449245024572260121e-01 1.520825934479609343e+00
5.502252805673685243e-01 1.513879561939790674e+00
5.555776222398878250e-01 1.506860510762153993e+00
5.609820290617031358e-01 1.499772784881772569e+00
5.664390074989449353e-01 1.492609164184439230e+00
5.719490689444144405e-01 1.485378119701616484e+00
5.775127297655114900e-01 1.478074175616766572e+00
5.831305113526221717e-01 1.470699138522565841e+00
5.888029401679826247e-01 1.463256753058260751e+00
5.945305477950136863e-01 1.455739662460453498e+00
6.003138709881384871e-01 1.448165674400777814e+00
6.061534517230839914e-01 1.440506594311144806e+00
6.120498372476699256e-01 1.432788566242008566e+00
6.180035801330957534e-01 1.425004242011894906e+00
6.240152383257209223e-01 1.417150890765286109e+00
6.300853751993553686e-01 1.409233181407158142e+00
6.362145596080520660e-01 1.401244596412998700e+00
6.424033659394193796e-01 1.393198757529331200e+00
6.486523741684461219e-01 1.385082574158115198e+00
6.549621699118558515e-01 1.376907523943851963e+00
6.613333444829840868e-01 1.368670774445829075e+00
6.677664949471955325e-01 1.360369250439712907e+00
6.742622241778342129e-01 1.352009803921574660e+00
6.808211409127237213e-01 1.343590351223165058e+00
6.874438598112112553e-01 1.335111661374243974e+00
6.941310015117725385e-01 1.326576963125676079e+00
7.008831926901714082e-01 1.317986179065388175e+00
7.077010661181889484e-01 1.309336233167646135e+00
7.145852607229240538e-01 1.300640071971240763e+00
7.215364216466665370e-01 1.291885648562125066e+00
7.285552003073593186e-01 1.283079818573719555e+00
7.356422544596413760e-01 1.274226346362961726e+00
7.427982482564918776e-01 1.265320914768629290e+00
7.500238523114668432e-01 1.256371558175241709e+00
7.573197437615483141e-01 1.247373089630481546e+00
7.646866063305975958e-01 1.238332282866072998e+00
7.721251303934327792e-01 1.229245696326203285e+00
7.796360130405233235e-01 1.220116636405269572e+00
7.872199581433195759e-01 1.210947231100083066e+00
7.948776764202123424e-01 1.201742995769190969e+00
8.026098855031396084e-01 1.192499476819553150e+00
8.104173100048355227e-01 1.183218213129562990e+00
8.183006815867394090e-01 1.173902654463585993e+00
8.262607390275591435e-01 1.164560961651237347e+00
8.342982282925082149e-01 1.155182888935634811e+00
8.424139026032094746e-01 1.145776567159644266e+00
8.506085225082840040e-01 1.136343250624857859e+00
8.588828559546254349e-01 1.126884820184504088e+00
8.672376783593644944e-01 1.117402308821100698e+00
8.756737726825394308e-01 1.107899240686862852e+00
8.841919295004664336e-01 1.098377132604000161e+00
8.927929470798307010e-01 1.088832040070299101e+00
9.014776314524917122e-01 1.079271000098932731e+00
9.102467964910225806e-01 1.069699901335743997e+00
9.191012639849772681e-01 1.060113115469456302e+00
9.280418637179072006e-01 1.050516339490894513e+00
9.370694335451198453e-01 1.040909035679846051e+00
9.461848194722002336e-01 1.031296499279768408e+00
9.553888757342895444e-01 1.021675807894952603e+00
9.646824648761427312e-01 1.012055313162354420e+00
9.740664578329562007e-01 1.002434244739988545e+00
9.835417340119908536e-01 9.928099394056020266e-01
9.931091813749796104e-01 9.831912900253308996e-01
1.002769696521346621e+00 9.735731103694756916e-01
1.012524184772224167e+00 9.639660238520526558e-01
1.022373560255302127e+00 9.543656197969632160e-01
1.032318745990486564e+00 9.447736909963235785e-01
1.042360673976402197e+00 9.351929150835301963e-01
1.052500285277732761e+00 9.256307807827951484e-01
1.062738530113414459e+00 9.160796385489519134e-01
1.073076367945679621e+00 9.065498146509105570e-01
1.083514767569973225e+00 8.970370982727794429e-01
1.094054707205742494e+00 8.875472436394133968e-01
1.104697174588111785e+00 8.780796475257081068e-01
1.115443167060441221e+00 8.686364495211128522e-01
1.126293691667795249e+00 8.592226848140352979e-01
1.137249765251314271e+00 8.498351512819150022e-01
1.148312414543511073e+00 8.404772578649127857e-01
1.159482676264482759e+00 8.311536654637657895e-01
1.170761597219069250e+00 8.218620999203624100e-01
1.182150234394952371e+00 8.126062369122704077e-01
1.193649655061713055e+00 8.033925753750206233e-01
1.205260936870842681e+00 7.942039660682908009e-01
1.216985167956738056e+00 7.850697342554737723e-01
1.228823447038673411e+00 7.759727557720355051e-01
1.240776883523764251e+00 7.669166938279283752e-01
1.252846597610937529e+00 7.579079219545529211e-01
1.265033720395903893e+00 7.489430860157505476e-01
1.277339393977160009e+00 7.400288717211059852e-01
1.289764771563017165e+00 7.311622676297593326e-01
1.302311017579677488e+00 7.223455898605267711e-01
1.314979307780347773e+00 7.135830529044933090e-01
1.327770829355430449e+00 7.048688415428487897e-01
1.340686781043774811e+00 6.962127706190204268e-01
1.353728373245021821e+00 6.876138925547009562e-01
1.366896828133026487e+00 6.790673861479733509e-01
1.380193379770397355e+00 6.705810381974276480e-01
1.393619274224142002e+00 6.621526325846432970e-01
1.407175769682446731e+00 6.537832751165864043e-01
1.420864136572576708e+00 6.454800972199910003e-01
1.434685657679937831e+00 6.372332801783026079e-01
1.448641628268290127e+00 6.290504666680367674e-01
1.462733356201129986e+00 6.209325919679334893e-01
1.476962162064259898e+00 6.128787397367477796e-01
1.491329379289537682e+00 6.048911069281841524e-01
1.505836354279841416e+00 5.969689961816944113e-01
1.520484446535244283e+00 5.891138633192871676e-01
1.535275028780422657e+00 5.813248249316889105e-01
1.550209487093291205e+00 5.736050670910265437e-01
1.565289221034902312e+00 5.659543322940567833e-01
1.580515643780601165e+00 5.583758369343840844e-01
1.595890182252465817e+00 5.508641728215705191e-01
1.611414277253019778e+00 5.434211334127692083e-01
1.627089383600260675e+00 5.360505381741693665e-01
1.642916970263993193e+00 5.287549373654691909e-01
1.658898520503498064e+00 5.215274887361665002e-01
1.675035532006524441e+00 5.143718041651916817e-01
1.691329517029648732e+00 5.072886919834110886e-01
1.707782002539993016e+00 5.002774253259252291e-01
1.724394530358320354e+00 4.933414473105645626e-01
1.741168657303530987e+00 4.864767845644385469e-01
1.758105955338547632e+00 4.796865586940240456e-01
1.775208011717636092e+00 4.729673010174258452e-01
1.792476429135148930e+00 4.663200747636070953e-01
1.809912825875727105e+00 4.597502577808036395e-01
1.827518835965944666e+00 4.532521372718711361e-01
1.845296109327445366e+00 4.468277171709684747e-01
1.863246311931559873e+00 4.404743412646962564e-01
1.881371125955437096e+00 4.341957212975712799e-01
1.899672249939675650e+00 4.279905735759711449e-01
1.918151398947507635e+00 4.218591956975679125e-01
1.936810304725519849e+00 4.157990711683222096e-01
1.955650715865949074e+00 4.098118557338699675e-01
1.974674397970537454e+00 4.038975953559515442e-01
1.993883133816001019e+00 3.980548656966727550e-01
2.013278723521096492e+00 3.922842278989606135e-01
2.032862984715323673e+00 3.865861022693518056e-01
2.052637752709252084e+00 3.809584377378562592e-01
2.072604880666519822e+00 3.754013973407973603e-01
2.092766239777499759e+00 3.699158181540053714e-01
2.113123719434652603e+00 3.644998093696293351e-01
2.133679227409597701e+00 3.591550650976198522e-01
2.154434690031884259e+00 3.538782709971823315e-01
2.175392052369522489e+00 3.486712408240439931e-01
2.196553278411258248e+00 3.435321094119406227e-01
2.217920351250634692e+00 3.384621208146944560e-01
2.239495273271823184e+00 3.334595163942830620e-01
2.261280066337279404e+00 3.285235047606589465e-01
2.283276771977218012e+00 3.236548977653064263e-01
2.305487451580938707e+00 3.188517525391836305e-01
2.327914186589993051e+00 3.141146968679904283e-01
2.350559078693253756e+00 3.094431450319796717e-01
2.373424250023866033e+00 3.048365053825550230e-01
2.396511843358130278e+00 3.002902389048150433e-01
2.419824022316292567e+00 2.958113425293312226e-01
2.443362971565319341e+00 2.913939581216601904e-01
2.467130897023623426e+00 2.870381897624009748e-01
2.491130026067788439e+00 2.827450742699609831e-01
2.515362607741312928e+00 2.785113013481916311e-01
2.539830912965362675e+00 2.743405619379215565e-01
2.564537234751594674e+00 2.702272567709245732e-01
2.589483888417040802e+00 2.661747289112305626e-01
2.614673211801092023e+00 2.621802352928549462e-01
2.640107565484572927e+00 2.582413535059938092e-01
2.665789333010967876e+00 2.543634647416631034e-01
2.691720921109787668e+00 2.505405509151084620e-01
2.717904759922122881e+00 2.467730058490423262e-01
2.744343303228365283e+00 2.430608458731144672e-01
2.771039028678170535e+00 2.394039145428110416e-01
2.797994438022641805e+00 2.358012281210610794e-01
2.825212057348790218e+00 2.322520045833534885e-01
2.852694437316245057e+00 2.287547554759233603e-01
2.880444153396297668e+00 2.253096906099613939e-01
2.908463806113254169e+00 2.219167038562381289e-01
2.936756021288137397e+00 2.185743391887561005e-01
2.965323450284773621e+00 2.152816876375044375e-01
2.994168770258243573e+00 2.120391164033808840e-01
3.023294684405779531e+00 2.088448297076580529e-01
3.052703922220086241e+00 2.056989428713155987e-01
3.082399239745143404e+00 2.025998383253323487e-01
3.112383419834465759e+00 1.995502215893817100e-01
3.142659272411905569e+00 1.965454324897658867e-01
3.173229634734976212e+00 1.935847960907020882e-01
3.204097371660752813e+00 1.906698018730589306e-01
3.235265375914330388e+00 1.878008692548914782e-01
3.266736568359921655e+00 1.849758081465856518e-01
3.298513898274578082e+00 1.821925525363392306e-01
3.330600343624588788e+00 1.794519312934196031e-01
3.362998911344535991e+00 1.767530891227908352e-01
3.395712637619100693e+00 1.740967431966704559e-01
3.428744588167585317e+00 1.714811390047770723e-01
3.462097858531227423e+00 1.689050018910994710e-01
3.495775574363275240e+00 1.663688716196899398e-01
3.529780891721914671e+00 1.638711371044725695e-01
3.564116997366032269e+00 1.614118835060336099e-01
3.598787109053855460e+00 1.589915951110452974e-01
3.633794475844513094e+00 1.566082903306836027e-01
3.669142378402494131e+00 1.542608288428529151e-01
3.704834129305105694e+00 1.519496005932833849e-01
3.740873073352900313e+00 1.496746666901402900e-01
3.777262587883141176e+00 1.474350843453595405e-01
3.814006083086284082e+00 1.452296511739357143e-01
3.851107002325572903e+00 1.430580417965652829e-01
3.888568822459721019e+00 1.409202660033292698e-01
3.926395054168756449e+00 1.388155101658376245e-01
3.964589242282997805e+00 1.367430199213257036e-01
4.003154966115265445e+00 1.347023926173508690e-01
4.042095839796306045e+00 1.326939300899953877e-01
4.081415512613501662e+00 1.307155241792041234e-01
4.121117669352832635e+00 1.287683378484012486e-01
4.161206030644208020e+00 1.268506534993182611e-01
4.201684353310133346e+00 1.249631512324375915e-01
4.242556430717777438e+00 1.231042271557435813e-01
4.283826093134470270e+00 1.212739995192169684e-01
4.325497208086633627e+00 1.194719920633865867e-01
4.367573680722233398e+00 1.176978483732285252e-01
4.410059454176736615e+00 1.159508420617751112e-01
4.452958509942654963e+00 1.142304549738849401e-01
4.496274868242640110e+00 1.125368485236448585e-01
4.540012588406244554e+00 1.108689469679800532e-01
4.584175769250333765e+00 1.092264738765986454e-01
4.628768549463215365e+00 1.076098499196727204e-01
4.673795107992464004e+00 1.060177241456346786e-01
4.719259664436561863e+00 1.044490185551849859e-01
4.765166479440326341e+00 1.029053904615410270e-01
4.811519855094205766e+00 1.013847991139491950e-01
4.858324135337417360e+00 9.988759185362759696e-02
4.905583706365050922e+00 9.841281439420333788e-02
4.953302997039108924e+00 9.696064615423374833e-02
5.001486479303548727e+00 9.553114563794960767e-02
5.050138668603383785e+00 9.412247499991363564e-02
5.099264124307808288e+00 9.273591162704701574e-02
5.148867450137498025e+00 9.136972698573929408e-02
5.198953294596024399e+00 9.002417246332375389e-02
5.249526351405507718e+00 8.869984518170079268e-02
5.300591359946452030e+00 8.739462195178934745e-02
5.352153105701904501e+00 8.610937826673777107e-02
5.404216420705915347e+00 8.484338681814336536e-02
5.456786183996381823e+00 8.359641560879486899e-02
5.509867322072253160e+00 8.236855166482413837e-02
5.563464809355226137e+00 8.115875952426165885e-02
5.617583668655908191e+00 7.996690833551504951e-02
5.672228971644543094e+00 7.879311093496363383e-02
5.727405839326266346e+00 7.763698503797274164e-02
5.783119442521027054e+00 7.649777830457259176e-02
5.839375002348160315e+00 7.537587192304040506e-02
5.896177790715694478e+00 7.427060513270633546e-02
5.953533130814370189e+00 7.318030174806286481e-02
6.011446397616513337e+00 7.210844165003546524e-02
6.069923018379741464e+00 7.105170958742176857e-02
6.128968473155564034e+00 7.001061196759690575e-02
6.188588295302960063e+00 6.898438976180876203e-02
6.248788072006894012e+00 6.797346077050872570e-02
6.309573444801936049e+00 6.697772386847429538e-02
6.370950110100935149e+00 6.599666467496986821e-02
6.432923819728876502e+00 6.502955943539721895e-02
6.495500381461869033e+00 6.407682615842158480e-02
6.558685659571435345e+00 6.313783636520764464e-02
6.622485575374063238e+00 6.221279743063153067e-02
6.686906107786136921e+00 6.130137471068734800e-02
6.751953293884205287e+00 6.040316450450066571e-02
6.817633229470763112e+00 5.951799783243225117e-02
6.883952069645496330e+00 5.864534289161026093e-02
6.950916029382126382e+00 5.778558058604861547e-02
7.018531384110795912e+00 5.693855045861166003e-02
7.086804470306189430e+00 5.609695244315704432e-02
7.155741686081340980e+00 5.528048715058288265e-02
7.225349491787214085e+00 5.446926954559601353e-02
7.295634410618154320e+00 5.366985190532198163e-02
7.366603029223159460e+00 5.288198856215020616e-02
7.438261998323163482e+00 5.210536856114254822e-02
7.510618033334286459e+00 5.133987011844801107e-02
7.583677914997190683e+00 5.058528218843882929e-02
7.657448490012479958e+00 4.984138963733423383e-02
7.731936671682362316e+00 4.910829390463777172e-02
7.807149440558499798e+00 4.838554142527042717e-02
7.883093845096216690e+00 4.767315150966310727e-02
7.959777002314985417e+00 4.697070719056346128e-02
8.037206098465421888e+00 4.627838370080420566e-02
8.115388389702712146e+00 4.559565839447018987e-02
8.194331202766655053e+00 4.492290368716657378e-02
8.274041935668218883e+00 4.425937672009051804e-02
8.354528058382872047e+00 4.360538670099272512e-02
8.435797113550611570e+00 4.296046997306202098e-02
8.517856717182803905e+00 4.232482275714691267e-02
8.600714559375941093e+00 4.169788355579405470e-02
8.684378405032257220e+00 4.107985362550591740e-02
8.768856094587436090e+00 4.047036582529933008e-02
8.854155544745349715e+00 3.986964626327999667e-02
8.940284749219998162e+00 3.927715850276006920e-02
9.027251779484577909e+00 3.869305371239220581e-02
9.115064785527916769e+00 3.811684326102199316e-02
9.203731996618220279e+00 3.754886168572065669e-02
9.293261722074316111e+00 3.698875658737711680e-02
9.383662352044273902e+00 3.643646533405924676e-02
9.474942358291729150e+00 3.589165973288171996e-02
9.567110294989774388e+00 3.535448169205546859e-02
9.660174799522645017e+00 3.482499348587857896e-02
9.754144593295098531e+00 3.430248938396771724e-02
9.849028482549766039e+00 3.378749273779712431e-02
9.944835359192397917e+00 3.327937576572057715e-02
1.004157420162519543e+01 3.277829847739160973e-02
1.013925407558815373e+01 3.228434694246187786e-02
1.023788413500867378e+01 3.179701824662123366e-02
1.033747362285940774e+01 3.131640857301843522e-02
1.043803187202444072e+01 3.084239474323630797e-02
1.053956830617394580e+01 3.037485671005127688e-02
1.064209244064724658e+01 2.991391860777135869e-02
1.074561388334458023e+01 2.945921760624084507e-02
1.085014233562746178e+01 2.901058609785600942e-02
1.095568759322787855e+01 2.856824451679654611e-02
1.106225954716621906e+01 2.813200064295349676e-02
1.116986818467823817e+01 2.770158144275676471e-02
1.127852359015096795e+01 2.727716430774070056e-02
1.138823594606782130e+01 2.685857279672939496e-02
1.149901553396274245e+01 2.644553649151970900e-02
1.161087273538378994e+01 2.603829426371874131e-02
1.172381803286598512e+01 2.563666396901453232e-02
1.183786201091373513e+01 2.524035150735148489e-02
1.195301535699265827e+01 2.484938406674176356e-02
1.206928886253119870e+01 2.446377660200740531e-02
1.218669342393191712e+01 2.408360561165948446e-02
1.230524004359261525e+01 2.370843438949287937e-02
1.242493983093746479e+01 2.333850294476120385e-02
1.254580400345803248e+01 2.297348029573529488e-02
1.266784388776455827e+01 2.261356990550121224e-02
1.279107092064739781e+01 2.225847790698241499e-02
1.291549665014884063e+01 2.190826430516108064e-02
1.304113273664525430e+01 2.156276974874871480e-02
1.316799095393986185e+01 2.122197021983975723e-02
1.329608319036608854e+01 2.088583376803984995e-02
1.342542144990170527e+01 2.055428321196564601e-02
1.355601785329368880e+01 2.022727908052078874e-02
1.368788463919415221e+01 1.990462072672383523e-02
1.382103416530724438e+01 1.958642229216406641e-02
1.395547890954729020e+01 1.927258774078943748e-02
1.409123147120805619e+01 1.896300488616511210e-02
1.422830457214353395e+01 1.865767702102169578e-02
1.436671105796013137e+01 1.835644267511920419e-02
1.450646389922046886e+01 1.805937871442232084e-02
1.464757619265895272e+01 1.776639400097755617e-02
1.479006116240903168e+01 1.747735824920612982e-02
1.493393216124253264e+01 1.719230303440994617e-02
1.507920267182097263e+01 1.691111082552500255e-02
1.522588630795911513e+01 1.663381806139023131e-02
1.537399681590069456e+01 1.635844888173230635e-02
1.552354807560667105e+01 1.609057594077154679e-02
1.567455410205595001e+01 1.582451565597872700e-02
1.582702904655883280e+01 1.556210185015756073e-02
1.598098719808309376e+01 1.530332217334504606e-02
1.613644298459311699e+01 1.504810120596062825e-02
1.629341097440194730e+01 1.479637041270299123e-02
1.645190587753662470e+01 1.454815380878024707e-02
1.661194254711659113e+01 1.430334913225399587e-02
1.677353598074571295e+01 1.406191144993048162e-02
1.693670132191772026e+01 1.382387402883825979e-02
1.710145386143542012e+01 1.358908070266915541e-02
1.726780903884355922e+01 1.335758149769582931e-02
1.743578244387577669e+01 1.312924819450322390e-02
1.760538981791556523e+01 1.290416415301526461e-02
1.777664705547142532e+01 1.268216071201888791e-02
1.794957020566648254e+01 1.246327672080223443e-02
1.812417547374237614e+01 1.224751778055942555e-02
1.830047922257800863e+01 1.203468880927299929e-02
1.847849797422290763e+01 1.182494225171531500e-02
1.865824841144566193e+01 1.161793091593221749e-02
1.883974737929719367e+01 1.141408709818350110e-02
1.902301188668945642e+01 1.121307238175335910e-02
1.920805910798935301e+01 1.101486575874301328e-02
1.939490638462828542e+01 1.081945787659110113e-02
1.958357122672716955e+01 1.062683959384549612e-02
1.977407131473744428e+01 1.043694793650759046e-02
1.996642450109793288e+01 1.024980079982295601e-02
2.016064881190793656e+01 1.006524915587184675e-02
2.035676244861640072e+01 9.883407322435713849e-03
2.055478378972772546e+01 9.703954039248865321e-03
2.075473139252405730e+01 9.527485632344536576e-03
2.095662399480432825e+01 9.353366314921071970e-03
2.116048051664034446e+01 9.181762990487606427e-03
2.136632006214970403e+01 9.012536115720976015e-03
2.157416192128621546e+01 8.846013267658331056e-03
2.178402557164756459e+01 8.681809253168503923e-03
2.199593068030074861e+01 8.519957395314690582e-03
2.220989710562497521e+01 8.360500530837890881e-03
2.242594489917278011e+01 8.203391205059669747e-03
2.264409430754907504e+01 8.048588708291856339e-03
2.286436577430861306e+01 7.895946273521302003e-03
2.308677994187169702e+01 7.745841660936723591e-03
2.331135765345874944e+01 7.597830943101018149e-03
2.353811995504354471e+01 7.452045023864128578e-03
2.376708809732560823e+01 7.308414577442227771e-03
2.399828353772154799e+01 7.166943807706676120e-03
2.423172794237600769e+01 7.028019385792614801e-03
2.446744318819203201e+01 6.889212807078123543e-03
2.470545136488123816e+01 6.755227802094961563e-03
2.494577477703398571e+01 6.622166753304144400e-03
2.518843594620949489e+01 6.490989456473729435e-03
2.543345761304651020e+01 6.361976022516532998e-03
2.568086273939435316e+01 6.234962935901477120e-03
2.593067451046487548e+01 6.109872432930799416e-03
2.618291633700505372e+01 5.986693802555439169e-03
2.643761185749101372e+01 5.865437864523238842e-03
2.669478494034320804e+01 5.746082039440877226e-03
2.695445968616333587e+01 5.628581138782002072e-03
2.721666042999271795e+01 5.512912086481725447e-03
2.748141174359293259e+01 5.399132296783904807e-03
2.774873843774846804e+01 5.287095051217409990e-03
2.801866556459195223e+01 5.176966262507668240e-03
2.829121841995168651e+01 5.068390204284468556e-03
2.856642254572233952e+01 4.961657792076553178e-03
2.884430373225852051e+01 4.856640826631670842e-03
2.912488802079168337e+01 4.753329025336512983e-03
2.940820170587063842e+01 4.651713082407560838e-03
2.969427133782552986e+01 4.551731757038465602e-03
2.998312372525609959e+01 4.453409152085918699e-03
3.027478593754393543e+01 4.356681334132595125e-03
3.056928530738937155e+01 4.261592892471653682e-03
3.086664943337274636e+01 4.168028016345462147e-03
3.116690618254088463e+01 4.076016231214638595e-03
3.147008369301855879e+01 3.985666479849762044e-03
3.177621037664554038e+01 3.896755546909855088e-03
3.208531492163897525e+01 3.809346505456665585e-03
3.239742629528198847e+01 3.723455024953080048e-03
3.271257374663825601e+01 3.639111479442209886e-03
3.303078680929315425e+01 3.556023050360880566e-03
3.335209530412127066e+01 3.474446558782886673e-03
3.367652934208116022e+01 3.394332607300673196e-03
3.400411932703705986e+01 3.315627869234867488e-03
3.433489595860830690e+01 3.238240579672347318e-03
3.466889023504609213e+01 3.162250869045014900e-03
3.500613345613854221e+01 3.087621029771989156e-03
3.534665722614391115e+01 3.014300650225701112e-03
3.569049345675229290e+01 2.942402730521047078e-03
3.603767437007633134e+01 2.871615050093394381e-03
3.638823250167062184e+01 2.802195641879968828e-03
3.674220070358090595e+01 2.734059801175556075e-03
3.709961214742267543e+01 2.667135168315142805e-03
3.746050032748993175e+01 2.601505151742576020e-03
3.782489906389385936e+01 2.537040313333481945e-03
3.819284250573236505e+01 2.473785739084885353e-03
3.856436513429023449e+01 2.411710288198332022e-03
3.893950176627063087e+01 2.350813053681232410e-03
3.931828755705770106e+01 2.291177727146938726e-03
3.970075800401124155e+01 2.232484521129616747e-03
4.008694894979318946e+01 2.174932175806006986e-03
4.047689658572676308e+01 2.118662214469325001e-03
4.087063745518780422e+01 2.063388934101269192e-03
4.126820845702955864e+01 2.009219892910510744e-03
4.166964684904057492e+01 1.956090661721680227e-03
4.207499025143619065e+01 1.904018505207508583e-03
4.248427665038425260e+01 1.853037867737346474e-03
4.289754440156466586e+01 1.803085076970085748e-03
4.331483223376402947e+01 1.754045470758790540e-03
4.373617925250492533e+01 1.706060402162551219e-03
4.416162494371084790e+01 1.658971742045220596e-03
4.459120917740628443e+01 1.613022432082101415e-03
4.502497221145327444e+01 1.568025764109064668e-03
4.546295469532399380e+01 1.523805488124223805e-03
4.590519767391037220e+01 1.480596640574496263e-03
4.635174259137027519e+01 1.438304518421340420e-03
4.680263129501155817e+01 1.396909073653608601e-03
4.725790603921362276e+01 1.356417926314768983e-03
4.771760948938745628e+01 1.316795953550797729e-03
4.818178472597362827e+01 1.278038924656364501e-03
4.865047524847972937e+01 1.240133095578679987e-03
4.912372497955678341e+01 1.203064834360154317e-03
4.960157826911540724e+01 1.166825253436319914e-03
5.008407989848212338e+01 1.131398008864543036e-03
5.057127508459573306e+01 1.096766220567265294e-03
5.106320948424492911e+01 1.062933752774925357e-03
5.155992919834686461e+01 1.029881168797888930e-03
5.206148077626762216e+01 9.975890159633691960e-04
5.256791122018424289e+01 9.660484257273555539e-04
5.307926798948964375e+01 9.352614751065432483e-04
5.359559900524011766e+01 9.051963326761250763e-04
5.411695265464637572e+01 8.758456467767418516e-04
5.464337779560780461e+01 8.472126281024465379e-04
5.517492376129128928e+01 8.192708881128852975e-04
5.571164036475430237e+01 7.920086569100312241e-04
5.625357790361330501e+01 7.654320982010427016e-04
5.680078716475694733e+01 7.395155831446063302e-04
5.735331942910571712e+01 7.142382872204333785e-04
5.791122647641758192e+01 6.896158096831695545e-04
5.847456059014062646e+01 6.656249550937252133e-04
5.904337456231242243e+01 6.422427803082941160e-04
5.961772169850755887e+01 6.194680251916860570e-04
6.019765582283304184e+01 5.973056281396079423e-04
6.078323128297230227e+01 5.757199910901192970e-04
6.137450295527852973e+01 5.547096070387142353e-04
6.197152624991698389e+01 5.342779079739048238e-04
6.257435711605789663e+01 5.143972522282246225e-04
6.318305204711957401e+01 4.950617218971250675e-04
6.379766808606282069e+01 4.762708063195414550e-04
6.441826283073628190e+01 4.580029807731356086e-04
6.504489443927437264e+01 4.402492866410996695e-04
6.567762163554736787e+01 4.230073472041580404e-04
6.631650371466487570e+01 4.062633990202274190e-04
6.696160054853221766e+01 3.900114341239113019e-04
6.761297259146149941e+01 3.742366286935787639e-04
6.827068088583682481e+01 3.589302069448847116e-04
6.893478706783510290e+01 3.440867763194093766e-04
6.960535337320180815e+01 3.296954904740741362e-04
7.028244264308352740e+01 3.157459522490110144e-04
7.096611832991698066e+01 3.022332440155716966e-04
7.165644450337531168e+01 2.891455338852534813e-04
7.235348585637258623e+01 2.764739704964803329e-04
7.305730771112592947e+01 2.642122232118285750e-04
7.376797602527737752e+01 2.523446115140170446e-04
7.448555739807494547e+01 2.408710262214696892e-04
7.521011907661404905e+01 2.297838559223179717e-04
7.594172896213913759e+01 2.190652744257700084e-04
7.668045561640717267e+01 2.087171646787890252e-04
7.742636826811269657e+01 1.987255604214633784e-04
7.817953681937576960e+01 1.890814581183551961e-04
7.894003185229233566e+01 1.797836379548496016e-04
7.970792463554894880e+01 1.708187090212093283e-04
8.048328713110151966e+01 1.621784459654524379e-04
8.126619200091946027e+01 1.538576492178824438e-04
8.205671261379453085e+01 1.458496548221850338e-04
8.285492305221690401e+01 1.381450230512892298e-04
8.366089811931756515e+01 1.307387409988546229e-04
8.447471334587828551e+01 1.236181516719795899e-04
8.529644499741024788e+01 1.167839867438673297e-04
8.612617008130067120e+01 1.102205284206430832e-04
8.696396635402970787e+01 1.039288337499326176e-04
8.780991232845718741e+01 9.789574166378508461e-05
8.866408728118061333e+01 9.211982446511633943e-05
8.952657125996400111e+01 8.658635100674384006e-05
9.039744509123974581e+01 8.129702026096817351e-05
9.127679038768296493e+01 7.623995400805826084e-05
9.216468955586012157e+01 7.141182961576731693e-05
9.306122580395103228e+01 6.680424377117657705e-05
9.396648314954700254e+01 6.241105661233472971e-05
9.488054642752423717e+01 5.822695751554486768e-05
9.580350129799435877e+01 5.424712319717347531e-05
9.673543425433136633e+01 5.046120573424107535e-05
9.767643263127766318e+01 4.686529174979514590e-05
9.862658461312820180e+01 4.345622924685157594e-05
9.958597924199507645e+01 4.022594711274553249e-05
1.005547064261513555e+02 3.716785842688441770e-05
1.015328569484565975e+02 3.427549739871122813e-05
1.025205224748657002e+02 3.154603214601369435e-05
1.035177955630176285e+02 2.897306408282850621e-05
1.045247696709102172e+02 2.655004658166580284e-05
1.055415391656582784e+02 2.427193676486590868e-05
1.065681993323370733e+02 2.213512830669460177e-05
1.076048463829117878e+02 2.013172397416229472e-05
1.086515774652539505e+02 1.825892525207698885e-05
1.097084906722451905e+02 1.651195135297481398e-05
1.107756850509708642e+02 1.488431209821978768e-05
1.118532606120007102e+02 1.337113567375410485e-05
1.129413183387621018e+02 1.196682495906358077e-05
1.140399601970033103e+02 1.066943392869510585e-05
1.151492891443491402e+02 9.471757107573589577e-06
1.162694091399494027e+02 8.371549816648188248e-06
1.174004251542213098e+02 7.361479569253780022e-06
1.185424431786863977e+02 6.438965468997638142e-06
1.196955702359042846e+02 5.599356752684427977e-06
1.208599143895007444e+02 4.838604641127058261e-06
1.220355847542956980e+02 4.151257218911039829e-06
1.232226915065284345e+02 3.534090920171135237e-06
1.244213458941827213e+02 2.982557094090453418e-06
1.256316602474121424e+02 2.493440561909564085e-06
1.268537479890670454e+02 2.061877113351670709e-06
1.280877236453237629e+02 1.684138707610461952e-06
1.293337028564169486e+02 1.356391153577435951e-06
1.305918023874777987e+02 1.075062065465076800e-06
1.318621401394748602e+02 8.361170566512205953e-07
1.331448351602640230e+02 6.360895649747232503e-07
1.344400076557447221e+02 4.712562863205686450e-07
1.357477790011246839e+02 3.379392813583485178e-07
1.370682717522946348e+02 2.328004720303534373e-07
1.384016096573132870e+02 1.514728289856613312e-07
1.397479176680040780e+02 9.236723068861873752e-08
1.411073219516657957e+02 5.097245505343791654e-08
1.424799499028946457e+02 2.450818402593903661e-08
1.438659301555238414e+02 9.450491188497570172e-09
1.452653925946781328e+02 2.343971627736764925e-09
1.466784683689457722e+02 0.000000000000000000e+00
