1.000000000000000021e-02 1.796301983968814131e+00
1.009727545900835841e-02 1.796297926892712837e+00
1.019549716950923779e-02 1.796293907686554725e+00
1.029467433620748044e-02 1.796289816235979497e+00
1.039481625334708927e-02 1.796285158984374908e+00
1.049593230558227772e-02 1.796281053912430314e+00
1.059803196885688789e-02 1.796277037206303051e+00
1.070112481129246833e-02 1.796272777704879031e+00
1.080522049408488318e-02 1.796268198052993315e+00
1.091032877240974419e-02 1.796263416195069906e+00
1.101645949633656314e-02 1.796258678443298784e+00
1.112362261175187626e-02 1.796253745370108179e+00
1.123182816129126085e-02 1.796248302900326665e+00
1.134108628528052165e-02 1.796243121169032397e+00
1.145140722268592030e-02 1.796237830166642180e+00
1.156280131207376022e-02 1.796232461078649534e+00
1.167527899257919492e-02 1.796226989171765487e+00
1.178885080488457221e-02 1.796221402129158040e+00
1.190352739220719262e-02 1.796215697753908325e+00
1.201931950129673729e-02 1.796209810048933653e+00
1.213623798344241195e-02 1.796203911338476900e+00
1.225429379548980714e-02 1.796198333225335508e+00
1.237349800086776086e-02 1.796180392305595452e+00
1.249386177062509519e-02 1.796185479431293475e+00
1.261539638447754796e-02 1.796179151181561462e+00
1.273811323186478488e-02 1.796172656960897784e+00
1.286202381301779218e-02 1.796166015488970702e+00
1.298713974003655978e-02 1.796159232939338102e+00
1.311347273797833224e-02 1.796152231027177804e+00
1.324103464595636874e-02 1.796145255926675954e+00
1.336983741824946531e-02 1.796138122059748321e+00
1.349989312542219239e-02 1.796130909501518991e+00
1.363121395545611320e-02 1.796123607741783701e+00
1.376381221489191876e-02 1.796116267637585251e+00
1.389770032998276401e-02 1.796108726266332223e+00
1.403289084785873213e-02 1.796101055047596873e+00
1.416939643770268736e-02 1.796093243387425265e+00
1.430722989193757184e-02 1.796085393611779546e+00
1.444640412742520530e-02 1.796075105955042162e+00
1.458693218667675602e-02 1.796068891163923542e+00
1.472882723907502529e-02 1.796060499052037018e+00
1.487210258210860774e-02 1.796051932759586744e+00
1.501677164261799868e-02 1.796043154629193284e+00
1.516284797805393485e-02 1.796034164849787285e+00
1.531034527774784160e-02 1.796024983913596884e+00
1.545927736419477720e-02 1.796015827655109698e+00
1.560965819434872483e-02 1.796006285145864245e+00
1.576150186093060873e-02 1.795996555817533258e+00
1.591482259374891323e-02 1.795986612584857367e+00
1.606963476103326349e-02 1.795976462153072939e+00
1.622595287078087284e-02 1.795965968723123085e+00
1.638379157211618947e-02 1.795955318006445811e+00
1.654316565666366645e-02 1.795943696266893319e+00
1.670409005993399310e-02 1.795932590515220584e+00
1.686657986272368723e-02 1.795921263833818449e+00
1.703065029252844378e-02 1.795909667827597644e+00
1.719631672497009753e-02 1.795897816821393711e+00
1.736359468523754335e-02 1.795885723882990836e+00
1.753249984954170088e-02 1.795873667803564278e+00
1.770304804658450262e-02 1.795861105822440740e+00
1.787525525904235316e-02 1.795848272425877079e+00
1.804913762506383731e-02 1.795835195086259439e+00
1.822471143978214581e-02 1.795821814872610167e+00
1.840199315684210371e-02 1.795808134747830742e+00
1.858099938994215231e-02 1.795794410299677013e+00
1.876174691439120440e-02 1.795780183983754830e+00
1.894425266868081034e-02 1.795765715379722405e+00
1.912853375607242307e-02 1.795751047549810409e+00
1.931460744620030340e-02 1.795735811691550721e+00
1.950249117668984011e-02 1.795720448757989418e+00
1.969220255479172538e-02 1.795704775450129187e+00
1.988375935903200636e-02 1.795688806218191713e+00
2.007717954087816226e-02 1.795672462027249061e+00
2.027248122642137662e-02 1.795656087149376301e+00
2.046968271807520987e-02 1.795637980069154871e+00
2.066880249629082095e-02 1.795620756288279773e+00
2.086985922128879734e-02 1.795604118375231373e+00
2.107287173480786382e-02 1.795586280202149609e+00
2.127785906187062287e-02 1.795568130707356547e+00
2.148484041256648255e-02 1.795549731970302876e+00
2.169383518385184506e-02 1.795530970325694531e+00
2.190486296136792688e-02 1.795511940429544540e+00
2.211794352127614133e-02 1.795492469357849341e+00
2.233309683211144592e-02 1.795472721635434477e+00
2.255034305665360936e-02 1.795452456659344387e+00
2.276970255381680075e-02 1.795433383224876112e+00
2.299119588055741764e-02 1.795411429910389822e+00
2.321484379380064564e-02 1.795389866616101449e+00
2.344066725238556220e-02 1.795367898739166801e+00
2.366868741902936057e-02 1.795345484289137650e+00
2.389892566231050300e-02 1.795322419687468640e+00
2.413140355867127856e-02 1.795298993543028798e+00
2.436614289443983158e-02 1.795275095199977411e+00
2.460316566787181664e-02 1.795250570061160067e+00
2.484249409121190577e-02 1.795227685036490328e+00
2.508415059277539771e-02 1.795202602583876317e+00
2.532815781905008515e-02 1.795177462793855261e+00
2.557453863681850847e-02 1.795150587522264196e+00
2.582331613530085626e-02 1.795123983206455831e+00
2.607451362831877603e-02 1.795096842068961918e+00
2.632815465648021339e-02 1.795069168524989545e+00
2.658426298938541474e-02 1.795040581097990584e+00
2.684286262785454819e-02 1.795011759650011918e+00
2.710397780617682106e-02 1.794982262024455766e+00
2.736763299438163891e-02 1.794952396251773941e+00
2.763385290053169824e-02 1.794922114946204683e+00
2.790266247303856487e-02 1.794890927710870665e+00
2.817408690300057458e-02 1.794859216819755465e+00
2.844815162656363222e-02 1.794826870171339683e+00
2.872488232730495070e-02 1.794794015920549324e+00
2.900430493863991738e-02 1.794760313338525926e+00
2.928644564625237229e-02 1.794726069625910636e+00
2.957133089054861039e-02 1.794690872975237772e+00
2.985898736913520854e-02 1.794655118880981171e+00
3.014944203932094433e-02 1.794618783054362066e+00
3.044272212064302874e-02 1.794583232750918134e+00
3.073885509741795460e-02 1.794545365548979809e+00
3.103786872131722788e-02 1.794506772804126626e+00
3.133979101396793671e-02 1.794466916694533509e+00
3.164465026957891114e-02 1.794426601188192194e+00
3.195247505759213347e-02 1.794385858179708970e+00
3.226329422536015901e-02 1.794344315285949731e+00
3.257713690084949876e-02 1.794302290202052896e+00
3.289403249537032475e-02 1.794258813282468390e+00
3.321401070633261954e-02 1.794214803154414062e+00
3.353710152002930406e-02 1.794169693968617363e+00
3.386333521444636480e-02 1.794124240021774952e+00
3.419274236210027851e-02 1.794077678943139187e+00
3.452535383290306070e-02 1.794026644240729107e+00
3.486120079705520153e-02 1.793981238088370844e+00
3.520031472796678745e-02 1.793931871445099135e+00
3.554272740520694751e-02 1.793881407012850815e+00
3.588847091748199186e-02 1.793830376696174289e+00
3.623757766564258964e-02 1.793777220026212982e+00
3.659008036572020811e-02 1.793734039355078469e+00
3.694601205199302130e-02 1.793669859725131488e+00
3.730540608008161424e-02 1.793614515354907013e+00
3.766829613007490613e-02 1.793557743273143990e+00
3.803471620968648659e-02 1.793500768349562291e+00
3.840470065744145539e-02 1.793442034757840364e+00
3.877828414589457040e-02 1.793381614866311313e+00
3.915550168487941241e-02 1.793320576209403772e+00
3.953638862478930927e-02 1.793258212670354235e+00
3.992098065989020672e-02 1.793194823842432228e+00
4.030931383166566628e-02 1.793130278573975778e+00
4.070142453219438572e-02 1.793064475007387415e+00
4.109734950756069316e-02 1.792996076366318636e+00
4.149712586129815362e-02 1.792927478278431463e+00
4.190079105786669034e-02 1.792857425162599050e+00
4.230838292616342228e-02 1.792786894787899765e+00
4.271993966306778662e-02 1.792713334656675039e+00
4.313549983702118923e-02 1.792638768632829116e+00
4.355510239164130798e-02 1.792565678037881804e+00
4.397878664937160398e-02 1.792488577127802518e+00
4.440659231516640160e-02 1.792407151525427844e+00
4.483855948021186338e-02 1.792326890593150202e+00
4.527472862568297785e-02 1.792245060979904991e+00
4.571514062653719151e-02 1.792161689404552449e+00
4.615983675534499064e-02 1.792078027183455546e+00
4.660885868615767536e-02 1.791991210926056732e+00
4.706224849841281199e-02 1.791902958816970148e+00
4.752004868087766204e-02 1.791812800980605580e+00
4.798230213563085128e-02 1.791720749043470340e+00
4.844905218208294534e-02 1.791626707320338907e+00
4.892034256103611894e-02 1.791531609067885666e+00
4.939621743878321036e-02 1.791434425220034710e+00
4.987672141124663283e-02 1.791335967699513088e+00
5.036189950815770505e-02 1.791234695585463887e+00
5.085179719727656034e-02 1.791131900665358101e+00
5.134646038865306461e-02 1.791027992308551031e+00
5.184593543892913187e-02 1.790920460695995642e+00
5.235026915568305461e-02 1.790812237087339609e+00
5.285950880181603667e-02 1.790697843462951466e+00
5.337370209998133774e-02 1.790587675915513710e+00
5.389289723705643909e-02 1.790471671028011302e+00
5.441714286865893119e-02 1.790353642598913053e+00
5.494648812370611646e-02 1.790233027148189660e+00
5.548098260901916656e-02 1.790110484702676308e+00
5.602067641397187603e-02 1.789984812458389696e+00
5.656562011518465050e-02 1.789857099524167161e+00
5.711586478126431943e-02 1.789726821502032772e+00
5.767146197758996756e-02 1.789594802406670127e+00
5.823246377114527778e-02 1.789459547599505651e+00
5.879892273539785025e-02 1.789321576423527516e+00
5.937089195522609469e-02 1.789181419113132554e+00
5.994842503189409116e-02 1.789036550125667091e+00
6.053157608807464840e-02 1.788892667471669862e+00
6.112039977292132997e-02 1.788744124087787490e+00
6.171495126718981594e-02 1.788592549108785734e+00
6.231528628840921763e-02 1.788437927788799398e+00
6.292146109610344262e-02 1.788282440781703508e+00
6.353353249706343575e-02 1.788122805906846358e+00
6.415155785067082339e-02 1.787959668999751006e+00
6.477559507427335661e-02 1.787793106477202354e+00
6.540570264861225724e-02 1.787623480401498766e+00
6.604193962330305590e-02 1.787449578222980673e+00
6.668436562236895737e-02 1.787273626899490209e+00
6.733304084982863480e-02 1.787093525852701870e+00
6.798802609533814711e-02 1.786910020185478398e+00
6.864938273988777095e-02 1.786722589220905988e+00
6.931717276155408003e-02 1.786532301813692269e+00
6.999145874130821565e-02 1.786337988814836741e+00
7.067230386888070925e-02 1.786139554966120535e+00
7.135977194868306506e-02 1.785937211887732801e+00
7.205392740578704658e-02 1.785730889705799518e+00
7.275483529196229149e-02 1.785520971087279030e+00
7.346256129177256011e-02 1.785306097605775966e+00
7.417717172873124210e-02 1.785087936866882385e+00
7.489873357151664857e-02 1.784865815855845250e+00
7.562731444024800576e-02 1.784640300292484660e+00
7.636298261282241373e-02 1.784409926278423431e+00
7.710580703131336699e-02 1.784174759590420267e+00
7.785585730843146146e-02 1.783935348468429716e+00
7.861320373404813433e-02 1.783691724345333629e+00
7.937791728178281159e-02 1.783443071443268746e+00
8.015006961565404597e-02 1.783189312231543422e+00
8.092973309679550586e-02 1.782930584233234805e+00
8.171698079023696770e-02 1.782665930773031038e+00
8.251188647175167201e-02 1.782396519723095540e+00
8.331452463477014014e-02 1.782121896185457022e+00
8.412497049736118726e-02 1.781841652528203479e+00
8.494330000928071445e-02 1.781555716641328058e+00
8.576958985908941790e-02 1.781264298890624875e+00
8.660391748133952627e-02 1.780967036326473130e+00
8.744636106383144036e-02 1.780665943359191150e+00
8.829699955494091368e-02 1.780358970899752924e+00
8.915591267101763417e-02 1.780046538669018519e+00
9.002318090385581784e-02 1.779727591694282962e+00
9.089888552823731371e-02 1.779402559134802608e+00
9.178310860954806694e-02 1.779070969423308668e+00
9.267593301146882789e-02 1.778733116608516074e+00
9.357744240374062106e-02 1.778388156928778274e+00
9.448772127000577836e-02 1.778036653743215290e+00
9.540685491572513388e-02 1.777678394652615124e+00
9.633492947617222635e-02 1.777313815567447275e+00
9.727203192450542546e-02 1.776941286777900197e+00
9.821825007991856482e-02 1.776563058354213132e+00
9.917367261587073379e-02 1.776174370928006896e+00
1.001383890683960748e-01 1.775780593491105064e+00
1.011124898444945991e-01 1.775380508187740514e+00
1.020960662306047012e-01 1.774970784565058413e+00
1.030892104011576216e-01 1.774554745477776363e+00
1.040920154272158005e-01 1.774130349620221647e+00
1.051045752851944987e-01 1.773698419173765473e+00
1.061269848656690717e-01 1.773256779063441702e+00
1.071593399822671072e-01 1.772807750238847957e+00
1.082017373806478805e-01 1.772349056508782272e+00
1.092542747475682557e-01 1.771882198229503436e+00
1.103170507200377515e-01 1.771406512704758907e+00
1.113901648945616746e-01 1.770921296262462974e+00
1.124737178364751955e-01 1.770426383725114405e+00
1.135678110893671017e-01 1.769922449493883443e+00
1.146725471845963656e-01 1.769409191449645258e+00
1.157880296509002094e-01 1.768886597171142494e+00
1.169143630240966764e-01 1.768354128680319493e+00
1.180516528568804902e-01 1.767811988910291454e+00
1.192000057287153220e-01 1.767258639558329847e+00
1.203595292558212876e-01 1.766694192682147335e+00
1.215303321012602134e-01 1.766120162033822716e+00
1.227125239851190319e-01 1.765534523960913260e+00
1.239062156947916271e-01 1.764937659301950568e+00
1.251115190953615564e-01 1.764328947427893590e+00
1.263285471400849291e-01 1.763709644270117227e+00
1.275574138809759950e-01 1.763079643366915361e+00
1.287982344794950385e-01 1.762436360161734106e+00
1.300511252173409127e-01 1.761782918353357985e+00
1.313162035073478784e-01 1.761142534777832669e+00
1.325935879044890797e-01 1.760434879120173157e+00
1.338833981169864351e-01 1.759741488404521936e+00
1.351857550175293021e-01 1.759037501503730505e+00
1.365007806546013891e-01 1.758318913641508496e+00
1.378285982639189389e-01 1.757584218012826716e+00
1.391693322799789911e-01 1.756836811217048933e+00
1.405231083477211373e-01 1.756075083553936045e+00
1.418900533343016301e-01 1.755303461274689836e+00
1.432702953409830948e-01 1.754511822920532316e+00
1.446639637151387880e-01 1.753708457078232641e+00
1.460711890623745679e-01 1.752890318546926007e+00
1.474921032587684921e-01 1.752056237783559123e+00
1.489268394632288772e-01 1.751205698064302041e+00
1.503755321299738434e-01 1.750338233203037053e+00
1.518383170211306810e-01 1.749453503461367632e+00
1.533153312194593942e-01 1.748557138756212215e+00
1.548067131411984265e-01 1.747640905868323102e+00
1.563126025490369497e-01 1.746710492637003842e+00
1.578331405652117214e-01 1.745760393377739028e+00
1.593684696847328941e-01 1.744792508961866329e+00
1.609187337887370006e-01 1.743807890397949256e+00
1.624840781579713067e-01 1.742804034047160444e+00
1.640646494864078653e-01 1.741783246459688739e+00
1.656605958949914359e-01 1.740740916505887137e+00
1.672720669455196874e-01 1.739681259338100139e+00
1.688992136546599021e-01 1.738601821501392086e+00
1.705421885081006561e-01 1.737501532464309273e+00
1.722011454748421100e-01 1.736381879226216673e+00
1.738762400216251336e-01 1.735239900276446701e+00
1.755676291275001522e-01 1.734078091374570141e+00
1.772754712985387948e-01 1.732894215080425182e+00
1.789999265826875408e-01 1.731690275722709282e+00
1.807411565847668600e-01 1.730463148724735500e+00
1.824993244816152382e-01 1.729214867703363634e+00
1.842745950373816666e-01 1.727942671912402028e+00
1.860671346189656239e-01 1.726647841250266602e+00
1.878771112116086051e-01 1.725329376699391570e+00
1.897046944346358344e-01 1.723987192039714067e+00
1.915500555573527997e-01 1.722620170937463113e+00
1.934133675150944698e-01 1.721228806032198966e+00
1.952948049254327745e-01 1.719812721187953031e+00
1.971945441045395986e-01 1.718368885985764205e+00
1.991127630837108697e-01 1.716902108935469462e+00
2.010496416260497965e-01 1.715407210228814705e+00
2.030053612433137811e-01 1.713884941145028540e+00
2.049801052129238688e-01 1.712333234745308852e+00
2.069740585951406198e-01 1.710757842860322953e+00
2.089874082504071251e-01 1.709150539837320348e+00
2.110203428568595552e-01 1.707518391686517756e+00
2.130730529280097374e-01 1.705853435201071022e+00
2.151457308305980698e-01 1.704162925511572668e+00
2.172385708026215445e-01 1.702442203716042934e+00
2.193517689715359098e-01 1.700688471801356183e+00
2.214855233726360506e-01 1.698904183990797456e+00
2.236400339676138660e-01 1.697088955251335740e+00
2.258155026632983065e-01 1.695241685099582840e+00
2.280121333305757114e-01 1.693361177695743347e+00
2.302301318234963867e-01 1.691447839137712128e+00
2.324697059985647851e-01 1.689500569181207057e+00
2.347310657342196183e-01 1.687519800851017715e+00
2.370144229505012079e-01 1.685503981896550929e+00
2.393199916289123208e-01 1.683494266249260463e+00
2.416479878324700736e-01 1.681367139105033104e+00
2.439986297259550130e-01 1.679248248664800158e+00
2.463721375963552895e-01 1.677086319035582918e+00
2.487687338735107279e-01 1.674941326872764424e+00
2.511886431509580686e-01 1.672657301146846631e+00
2.536320922069775774e-01 1.670386112610922291e+00
2.560993100258459609e-01 1.668083434894719108e+00
2.585905278192945911e-01 1.665723317884699739e+00
2.611059790481781162e-01 1.663332914437722687e+00
2.636458994443517945e-01 1.660902510229360196e+00
2.662105270327638773e-01 1.658430204626442972e+00
2.688001021537606006e-01 1.655917244262287591e+00
2.714148674856106669e-01 1.653361996763061725e+00
2.740550680672460548e-01 1.650762491140525645e+00
2.767209513212268712e-01 1.648119966960539529e+00
2.794127670769268601e-01 1.645434649722810727e+00
2.821307675939472293e-01 1.642698751799038126e+00
2.848752075857552413e-01 1.639925109454697605e+00
2.876463442435557849e-01 1.637105716383062237e+00
2.904444372603925406e-01 1.634234425905852994e+00
2.932697488554852905e-01 1.631317596891549870e+00
2.961225437988035947e-01 1.628357810992907329e+00
2.990030894358785551e-01 1.625344971950344330e+00
3.019116557128577738e-01 1.622284991476095062e+00
3.048485152018017286e-01 1.619173477206297784e+00
3.078139431262288950e-01 1.616014349099145875e+00
3.108082173869063936e-01 1.612817686616862867e+00
3.138316185878944342e-01 1.609542535023892995e+00
3.168844300628416155e-01 1.606227774083349269e+00
3.199669379015380732e-01 1.602861109424873698e+00
3.230794309767249795e-01 1.599442097279372810e+00
3.262222009711669979e-01 1.595968429725824089e+00
3.293955424049855307e-01 1.592440161606297977e+00
3.325997526632606949e-01 1.588858748041224844e+00
3.358351320238990301e-01 1.585218983936232284e+00
3.391019836857747105e-01 1.581527483986961746e+00
3.424006137971423724e-01 1.577776300903519946e+00
3.457313314843284413e-01 1.573965388050089453e+00
3.490944488806992929e-01 1.570099813198298611e+00
3.524902811559130766e-01 1.566172569219458133e+00
3.559191465454557002e-01 1.562189539857683718e+00
3.593813663804627523e-01 1.558145702279028155e+00
3.628772651178337472e-01 1.554042997601580600e+00
3.664071703706370808e-01 1.549877507096664830e+00
3.699714129388128048e-01 1.545648937945376389e+00
3.735703268401719401e-01 1.541362959729177362e+00
3.772042493416999376e-01 1.537011456002243648e+00
3.808735209911614517e-01 1.532596065906865590e+00
3.845784856490158665e-01 1.528118581827869971e+00
3.883194905206404091e-01 1.523578559947518674e+00
3.920968861888690649e-01 1.518970840636484576e+00
3.959110266468458539e-01 1.514300950582426086e+00
3.997622693312000708e-01 1.509566298358012038e+00
4.036509751555413805e-01 1.504761984375600159e+00
4.075775085442840395e-01 1.499891438627821483e+00
4.115422374667966343e-01 1.494956383800954525e+00
4.155455334718875515e-01 1.489953576665925317e+00
4.195877717226225712e-01 1.484879548871679278e+00
4.236693310314835759e-01 1.479742209898203154e+00
4.277905938958687093e-01 1.474533266547261245e+00
4.319519465339363706e-01 1.469254575912427363e+00
4.361537789208005944e-01 1.463908671592403454e+00
4.403964848250754294e-01 1.458516534051107261e+00
4.446804618457780300e-01 1.453004192478825507e+00
4.490061114495874639e-01 1.447449341564302161e+00
4.533738390084691150e-01 1.441822843159571654e+00
4.577840538376618529e-01 1.436124874038620103e+00
4.622371692340384031e-01 1.430356678692854988e+00
4.667336025148346446e-01 1.424514035305547210e+00
4.712737750567601580e-01 1.418600715315518901e+00
4.758581123354846953e-01 1.412619705433695971e+00
4.804870439655131720e-01 1.406563062605754810e+00
4.851610037404442966e-01 1.400433064764220692e+00
4.898804296736250508e-01 1.394234828958941241e+00
4.946457640391963562e-01 1.387964100437933723e+00
4.994574534135413635e-01 1.381619335864879838e+00
5.043159487171361421e-01 1.375203236898747017e+00
5.092217052568053237e-01 1.368716568034175296e+00
5.141751827683928022e-01 1.362155641661155103e+00
5.191768454598426619e-01 1.355522439399402979e+00
5.242271620547044320e-01 1.348839088044536894e+00
5.293266058360561743e-01 1.342046401238597753e+00
5.344756546908600026e-01 1.335194182353271364e+00
5.396747911547442600e-01 1.328274666065347942e+00
5.449245024572260121e-01 1.321281620227262588e+00
5.502252805673685243e-01 1.314219051319522658e+00
5.555776222398878250e-01 1.307089139705184033e+00
5.609820290617031358e-01 1.299887148929423697e+00
5.664390074989449353e-01 1.292610034471979308e+00
5.719490689444144405e-01 1.285268350558472328e+00
5.775127297655114900e-01 1.277856205107761545e+00
5.831305113526221717e-01 1.270377921881307381e+00
5.888029401679826247e-01 1.262826356215444035e+00
5.945305477950136863e-01 1.255212687750516309e+00
6.003138709881384871e-01 1.247526455184948757e+00
6.061534517230839914e-01 1.239777794878393014e+00
6.120498372476699256e-01 1.231961038804826547e+00
6.180035801330957534e-01 1.224082150370026989e+00
6.240152383257209223e-01 1.216135979253197608e+00
6.300853751993553686e-01 1.208104307049516546e+00
6.362145596080520660e-01 1.200053098239328708e+00
6.424033659394193796e-01 1.191921561176247923e+00
6.486523741684461219e-01 1.183726195717642371e+00
6.549621699118558515e-01 1.175472061297489157e+00
6.613333444829840868e-01 1.167156598051696692e+00
6.677664949471955325e-01 1.158785550341344228e+00
6.742622241778342129e-01 1.150357366910935708e+00
6.808211409127237213e-01 1.141869845715992149e+00
6.874438598112112553e-01 1.133330193637535510e+00
6.941310015117725385e-01 1.124735558666212887e+00
7.008831926901714082e-01 1.116093872432315948e+00
7.077010661181889484e-01 1.107394798894500765e+00
7.145852607229240538e-01 1.098648858104998460e+00
7.215364216466665370e-01 1.089853929381838116e+00
7.285552003073593186e-01 1.081007808535238368e+00
7.356422544596413760e-01 1.072122664102906908e+00
7.427982482564918776e-01 1.063186342089948777e+00
7.500238523114668432e-01 1.054211829301634262e+00
7.573197437615483141e-01 1.045195459958243811e+00
7.646866063305975958e-01 1.036134932510080375e+00
7.721251303934327792e-01 1.027041478460736901e+00
7.796360130405233235e-01 1.017910261301167241e+00
7.872199581433195759e-01 1.008740694098383184e+00
7.948776764202123424e-01 9.995406344752090222e-01
8.026098855031396084e-01 9.903108544000118751e-01
8.104173100048355227e-01 9.810463369366434483e-01
8.183006815867394090e-01 9.717551481918660361e-01
8.262607390275591435e-01 9.624383762178119195e-01
8.342982282925082149e-01 9.530940491648557389e-01
8.424139026032094746e-01 9.437292787275192163e-01
8.506085225082840040e-01 9.343462774131586768e-01
8.588828559546254349e-01 9.249377147212918260e-01
8.672376783593644944e-01 9.155151324318467898e-01
8.756737726825394308e-01 9.060753289196679106e-01
8.841919295004664336e-01 8.966258405504674567e-01
8.927929470798307010e-01 8.871614172174480117e-01
9.014776314524917122e-01 8.776893441521607109e-01
9.102467964910225806e-01 8.682077037582849321e-01
9.191012639849772681e-01 8.587205016905680166e-01
9.280418637179072006e-01 8.492327478753728398e-01
9.370694335451198453e-01 8.397402351228846484e-01
9.461848194722002336e-01 8.302484964234563281e-01
9.553888757342895444e-01 8.207577315637386572e-01
9.646824648761427312e-01 8.112725223000454289e-01
9.740664578329562007e-01 8.017944356536745865e-01
9.835417340119908536e-01 7.923249761692011672e-01
9.931091813749796104e-01 7.828619806023578986e-01
1.002769696521346621e+00 7.734134182157869075e-01
1.012524184772224167e+00 7.639803342717063073e-01
1.022373560255302127e+00 7.545622359488038944e-01
1.032318745990486564e+00 7.451635572602074431e-01
1.042360673976402197e+00 7.357815387507711247e-01
1.052500285277732761e+00 7.264249081003787412e-01
1.062738530113414459e+00 7.170506339583705424e-01
1.073076367945679621e+00 7.077835005708231764e-01
1.083514767569973225e+00 6.985057831505100401e-01
1.094054707205742494e+00 6.892529373821577598e-01
1.104697174588111785e+00 6.800381211109322033e-01
1.115443167060441221e+00 6.708506519914652078e-01
1.126293691667795249e+00 6.616895568593557098e-01
1.137249765251314271e+00 6.525806474841439053e-01
1.148312414543511073e+00 6.435134853990760462e-01
1.159482676264482759e+00 6.344805799536095137e-01
1.170761597219069250e+00 6.254900507225980011e-01
1.182150234394952371e+00 6.165418556061663669e-01
1.193649655061713055e+00 6.076426256122287040e-01
1.205260936870842681e+00 5.987868472045001500e-01
1.216985167956738056e+00 5.899819967089149353e-01
1.228823447038673411e+00 5.812291419715224228e-01
1.240776883523764251e+00 5.725267467308854386e-01
1.252846597610937529e+00 5.638771247508813644e-01
1.265033720395903893e+00 5.552835452363854563e-01
1.277339393977160009e+00 5.467461180909052310e-01
1.289764771563017165e+00 5.382657716419260163e-01
1.302311017579677488e+00 5.298453099870885641e-01
1.314979307780347773e+00 5.214880723822137298e-01
1.327770829355430449e+00 5.131874291005892319e-01
1.340686781043774811e+00 5.049552285305093369e-01
1.353728373245021821e+00 4.967823987918650874e-01
1.366896828133026487e+00 4.886771576348709623e-01
1.380193379770397355e+00 4.806374536748890813e-01
1.393619274224142002e+00 4.726661065264007866e-01
1.407175769682446731e+00 4.647545365831060038e-01
1.420864136572576708e+00 4.569275361722566764e-01
1.434685657679937831e+00 4.491651780842670361e-01
1.448641628268290127e+00 4.414755693161873662e-01
1.462733356201129986e+00 4.338542735469653189e-01
1.476962162064259898e+00 4.263082655138445975e-01
1.491329379289537682e+00 4.188488868016786437e-01
1.505836354279841416e+00 4.114363985068700269e-01
1.520484446535244283e+00 4.041148312184281721e-01
1.535275028780422657e+00 3.968668577068865666e-01
1.550209487093291205e+00 3.896856950842152445e-01
1.565289221034902312e+00 3.826010789270709034e-01
1.580515643780601165e+00 3.755863256855260790e-01
1.595890182252465817e+00 3.686459820800005449e-01
1.611414277253019778e+00 3.617862633181667120e-01
1.627089383600260675e+00 3.550045708658033372e-01
1.642916970263993193e+00 3.483019255211557419e-01
1.658898520503498064e+00 3.416732569189045443e-01
1.675035532006524441e+00 3.351346603189780948e-01
1.691329517029648732e+00 3.286709009124305081e-01
1.707782002539993016e+00 3.222883273335577226e-01
1.724394530358320354e+00 3.159852782663082893e-01
1.741168657303530987e+00 3.096736977665778823e-01
1.758105955338547632e+00 3.036370930965653914e-01
1.775208011717636092e+00 2.975179071284348442e-01
1.792476429135148930e+00 2.915761351859390005e-01
1.809912825875727105e+00 2.856751154549039828e-01
1.827518835965944666e+00 2.798504733782601894e-01
1.845296109327445366e+00 2.741066366001126409e-01
1.863246311931559873e+00 2.684539058085172458e-01
1.881371125955437096e+00 2.628731763330979243e-01
1.899672249939675650e+00 2.573728637488959525e-01
1.918151398947507635e+00 2.519451040311034284e-01
1.936810304725519849e+00 2.466024067496404015e-01
1.955650715865949074e+00 2.413480638962755831e-01
1.974674397970537454e+00 2.361642363299533420e-01
1.993883133816001019e+00 2.310613191565843993e-01
2.013278723521096492e+00 2.260319548280387003e-01
2.032862984715323673e+00 2.210847178704517246e-01
2.052637752709252084e+00 2.162105210949791800e-01
2.072604880666519822e+00 2.114155791436898302e-01
2.092766239777499759e+00 2.066966215415087793e-01
2.113123719434652603e+00 2.020542086803262249e-01
2.133679227409597701e+00 1.974875235125621853e-01
2.154434690031884259e+00 1.929950869375492428e-01
2.175392052369522489e+00 1.885774648118735408e-01
2.196553278411258248e+00 1.842338311802555750e-01
2.217920351250634692e+00 1.799638614447615359e-01
2.239495273271823184e+00 1.757649785503689333e-01
2.261280066337279404e+00 1.716410116160572152e-01
2.283276771977218012e+00 1.676033817526928205e-01
2.305487451580938707e+00 1.636051417807462827e-01
2.327914186589993051e+00 1.596921529308499843e-01
2.350559078693253756e+00 1.558551617481175877e-01
2.373424250023866033e+00 1.520744965283349903e-01
2.396511843358130278e+00 1.483720797691551740e-01
2.419824022316292567e+00 1.447340644610901061e-01
2.443362971565319341e+00 1.411648052965521760e-01
2.467130897023623426e+00 1.376621579585446398e-01
2.491130026067788439e+00 1.342227935800440752e-01
2.515362607741312928e+00 1.308498066152384287e-01
2.539830912965362675e+00 1.275412290643579138e-01
2.564537234751594674e+00 1.242953533516705789e-01
2.589483888417040802e+00 1.211183817109592609e-01
2.614673211801092023e+00 1.179925950060755624e-01
2.640107565484572927e+00 1.149308793027746106e-01
2.665789333010967876e+00 1.119319249202972294e-01
2.691720921109787668e+00 1.089931948527427114e-01
2.717904759922122881e+00 1.061156109710406498e-01
2.744343303228365283e+00 1.032953115047949705e-01
2.771039028678170535e+00 1.005309011233177369e-01
2.797994438022641805e+00 9.782352390695923938e-02
2.825212057348790218e+00 9.516833281832835778e-02
2.852694437316245057e+00 9.257653384407765751e-02
2.880444153396297668e+00 9.003557152076922809e-02
2.908463806113254169e+00 8.754818536102547399e-02
2.936756021288137397e+00 8.511499170115927049e-02
2.965323450284773621e+00 8.273149276972381616e-02
2.994168770258243573e+00 8.039871244600535483e-02
3.023294684405779531e+00 7.812096034565341185e-02
3.052703922220086241e+00 7.589275743580625733e-02
3.082399239745143404e+00 7.371345836319270761e-02
3.112383419834465759e+00 7.158085386811123552e-02
3.142659272411905569e+00 6.949557135182506118e-02
3.173229634734976212e+00 6.745486854075445626e-02
3.204097371660752813e+00 6.546786875312125831e-02
3.235265375914330388e+00 6.352275835165267781e-02
3.266736568359921655e+00 6.162565650736118866e-02
3.298513898274578082e+00 5.976815196876871655e-02
3.330600343624588788e+00 5.795346139998042156e-02
3.362998911344535991e+00 5.618374070514933066e-02
3.395712637619100693e+00 5.445652088337492314e-02
3.428744588167585317e+00 5.276905939981430677e-02
3.462097858531227423e+00 5.112297690565276859e-02
3.495775574363275240e+00 4.951682457298643703e-02
3.529780891721914671e+00 4.794992156304140468e-02
3.564116997366032269e+00 4.642162781660665732e-02
3.598787109053855460e+00 4.493068327576877491e-02
3.633794475844513094e+00 4.347751033638879575e-02
3.669142378402494131e+00 4.205884926064223234e-02
3.704834129305105694e+00 4.067976228148224155e-02
3.740873073352900313e+00 3.933382486545559248e-02
3.777262587883141176e+00 3.802275512677553287e-02
3.814006083086284082e+00 3.674521550088973715e-02
3.851107002325572903e+00 3.550148646022980442e-02
3.888568822459721019e+00 3.429039077143933995e-02
3.926395054168756449e+00 3.311067566635570586e-02
3.964589242282997805e+00 3.196210093641893568e-02
4.003154966115265445e+00 3.084605341712174514e-02
4.042095839796306045e+00 2.975947111964256583e-02
4.081415512613501662e+00 2.870036216350230901e-02
4.121117669352832635e+00 2.767447658323950177e-02
4.161206030644208020e+00 2.667487008188556413e-02
4.201684353310133346e+00 2.570370183744155254e-02
4.242556430717777438e+00 2.475921555339192712e-02
4.283826093134470270e+00 2.384176752816396030e-02
4.325497208086633627e+00 2.295076096205959926e-02
4.367573680722233398e+00 2.208525662740026124e-02
4.410059454176736615e+00 2.124481543298653227e-02
4.452958509942654963e+00 2.042954583384318235e-02
4.496274868242640110e+00 1.963742647034465508e-02
4.540012588406244554e+00 1.886970329623854567e-02
4.584175769250333765e+00 1.812488392630376421e-02
4.628768549463215365e+00 1.740547730006286251e-02
4.673795107992464004e+00 1.670143293000981438e-02
4.719259664436561863e+00 1.602401214552880149e-02
4.765166479440326341e+00 1.536713073016860581e-02
4.811519855094205766e+00 1.473038189184868937e-02
4.858324135337417360e+00 1.411332180765253325e-02
4.905583706365050922e+00 1.351669634938389847e-02
4.953302997039108924e+00 1.294307097474662292e-02
5.001486479303548727e+00 1.238174544973466920e-02
5.050138668603383785e+00 1.184034106386817019e-02
5.099264124307808288e+00 1.131807370885029237e-02
5.148867450137498025e+00 1.081362249330743326e-02
5.198953294596024399e+00 1.032557163255567838e-02
5.249526351405507718e+00 9.854988891010081978e-03
5.300591359946452030e+00 9.400380645320439293e-03
5.352153105701904501e+00 8.961706324384158262e-03
5.404216420705915347e+00 8.538599310657911737e-03
5.456786183996381823e+00 8.131551637604502933e-03
5.509867322072253160e+00 7.737357420531529133e-03
5.563464809355226137e+00 7.358488568220811384e-03
5.617583668655908191e+00 6.993906233910318453e-03
5.672228971644543094e+00 6.642516863038054435e-03
5.727405839326266346e+00 6.304517890142361664e-03
5.783119442521027054e+00 5.979516486661863410e-03
5.839375002348160315e+00 5.666036451643062521e-03
5.896177790715694478e+00 5.366932490849130044e-03
5.953533130814370189e+00 5.078766215442686444e-03
6.011446397616513337e+00 4.802095259113764447e-03
6.069923018379741464e+00 4.536711264655475181e-03
6.128968473155564034e+00 4.282585063331809626e-03
6.188588295302960063e+00 4.038641855473943353e-03
6.248788072006894012e+00 3.805179184571967632e-03
6.309573444801936049e+00 3.581658340068603636e-03
6.370950110100935149e+00 3.368202019492849870e-03
6.432923819728876502e+00 3.164064677004603705e-03
6.495500381461869033e+00 2.969103881055528728e-03
6.558685659571435345e+00 2.783199617885840672e-03
6.622485575374063238e+00 2.605740878436667643e-03
6.686906107786136921e+00 2.436792907328935200e-03
6.751953293884205287e+00 2.275767533756573383e-03
6.817633229470763112e+00 2.122655006189212972e-03
6.883952069645496330e+00 1.977133453253453275e-03
6.950916029382126382e+00 1.839034414761242303e-03
7.018531384110795912e+00 1.707981785788486705e-03
7.086804470306189430e+00 1.583738273440099672e-03
7.155741686081340980e+00 1.466153970350236781e-03
7.225349491787214085e+00 1.354974007468157495e-03
7.295634410618154320e+00 1.249963825505682894e-03
7.366603029223159460e+00 1.150901342635043782e-03
7.438261998323163482e+00 1.057572787090188711e-03
7.510618033334286459e+00 9.697668919982163366e-04
7.583677914997190683e+00 8.872789461695535385e-04
7.657448490012479958e+00 8.098889557899415859e-04
7.731936671682362316e+00 7.374101584907706130e-04
7.807149440558499798e+00 6.696443384696012515e-04
7.883093845096216690e+00 6.063993620158504355e-04
7.959777002314985417e+00 5.474872242448256552e-04
8.037206098465421888e+00 4.927222433303395099e-04
8.115388389702712146e+00 4.419237730233055677e-04
8.194331202766655053e+00 3.949158849411780309e-04
8.274041935668218883e+00 3.515218725045800166e-04
8.354528058382872047e+00 3.115572668069024843e-04
8.435797113550611570e+00 2.749072502203482550e-04
8.517856717182803905e+00 2.413607806016276685e-04
8.600714559375941093e+00 2.107593556101781105e-04
8.684378405032257220e+00 1.829659123901677248e-04
8.768856094587436090e+00 1.578284930956977579e-04
8.854155544745349715e+00 1.351642564342474891e-04
8.940284749219998162e+00 1.148628069751657935e-04
9.027251779484577909e+00 9.676150876260861133e-05
9.115064785527916769e+00 8.072603564921682702e-05
9.203731996618220279e+00 6.661411205616694030e-05
9.293261722074316111e+00 5.429501568338046481e-05
9.383662352044273902e+00 4.362794017759865056e-05
9.474942358291729150e+00 3.449562637475685260e-05
9.567110294989774388e+00 2.675755170399213740e-05
9.660174799522645017e+00 2.029425468710191954e-05
9.754144593295098531e+00 1.497489596940909200e-05
9.849028482549766039e+00 1.070484368194620265e-05
9.944835359192397917e+00 7.340869747746174131e-06
1.004157420162519543e+01 4.776166411488069202e-06
1.013925407558815373e+01 2.898193287116604619e-06
1.023788413500867378e+01 1.595920610028335848e-06
1.033747362285940774e+01 7.607695522213435446e-07
1.043803187202444072e+01 2.861452479803261497e-07
1.053956830617394580e+01 6.677029582933105028e-08
1.064209244064724658e+01 0.000000000000000000e+00
