1.000000000000000021e-02 1.698685570172753900e+00
1.009727545900835841e-02 1.698681362880677836e+00
1.019549716950923779e-02 1.698676888402139928e+00
1.029467433620748044e-02 1.698672498657629149e+00
1.039481625334708927e-02 1.698668014008610561e+00
1.049593230558227772e-02 1.698662841192156936e+00
1.059803196885688789e-02 1.698658250860285879e+00
1.070112481129246833e-02 1.698653942233053771e+00
1.080522049408488318e-02 1.698649155267540678e+00
1.091032877240974419e-02 1.698644253672623616e+00
1.101645949633656314e-02 1.698639255963849681e+00
1.112362261175187626e-02 1.698634171982589702e+00
1.123182816129126085e-02 1.698628983576685014e+00
1.134108628528052165e-02 1.698623244903907814e+00
1.145140722268592030e-02 1.698619293760959215e+00
1.156280131207376022e-02 1.698612291075204839e+00
1.167527899257919492e-02 1.698606658349824716e+00
1.178885080488457221e-02 1.698600916377704717e+00
1.190352739220719262e-02 1.698595525076029178e+00
1.201931950129673729e-02 1.698589563516494927e+00
1.213623798344241195e-02 1.698583499490943893e+00
1.225429379548980714e-02 1.698577510865300289e+00
1.237349800086776086e-02 1.698571181534314301e+00
1.249386177062509519e-02 1.698564720034870135e+00
1.261539638447754796e-02 1.698558148141589452e+00
1.273811323186478488e-02 1.698551206866943497e+00
1.286202381301779218e-02 1.698544359303820750e+00
1.298713974003655978e-02 1.698537362033232911e+00
1.311347273797833224e-02 1.698530214102569547e+00
1.324103464595636874e-02 1.698522934994423972e+00
1.336983741824946531e-02 1.698515528487519521e+00
1.349989312542219239e-02 1.698507932438639179e+00
1.363121395545611320e-02 1.698500203979574241e+00
1.376381221489191876e-02 1.698492283066303399e+00
1.389770032998276401e-02 1.698484806243887313e+00
1.403289084785873213e-02 1.698476589007160698e+00
1.416939643770268736e-02 1.698467934662641454e+00
1.430722989193757184e-02 1.698459498427010939e+00
1.444640412742520530e-02 1.698451334797139278e+00
1.458693218667675602e-02 1.698442542448189707e+00
1.472882723907502529e-02 1.698433773350225051e+00
1.487210258210860774e-02 1.698424672908950939e+00
1.501677164261799868e-02 1.698415414200346030e+00
1.516284797805393485e-02 1.698405784570754085e+00
1.531034527774784160e-02 1.698395933942453473e+00
1.545927736419477720e-02 1.698386128403019057e+00
1.560965819434872483e-02 1.698376629383498537e+00
1.576150186093060873e-02 1.698366468212765490e+00
1.591482259374891323e-02 1.698356093867050554e+00
1.606963476103326349e-02 1.698344981981561697e+00
1.622595287078087284e-02 1.698334126363654661e+00
1.638379157211618947e-02 1.698322810478878120e+00
1.654316565666366645e-02 1.698311221964139417e+00
1.670409005993399310e-02 1.698299700264800149e+00
1.686657986272368723e-02 1.698287963032885095e+00
1.703065029252844378e-02 1.698276005430045421e+00
1.719631672497009753e-02 1.698264667033399400e+00
1.736359468523754335e-02 1.698252331396081116e+00
1.753249984954170088e-02 1.698239724699075026e+00
1.770304804658450262e-02 1.698226145085138361e+00
1.787525525904235316e-02 1.698213029758945281e+00
1.804913762506383731e-02 1.698200196279655128e+00
1.822471143978214581e-02 1.698185841258514905e+00
1.840199315684210371e-02 1.698171429223138906e+00
1.858099938994215231e-02 1.698157163939356895e+00
1.876174691439120440e-02 1.698142583021528207e+00
1.894425266868081034e-02 1.698127779719098784e+00
1.912853375607242307e-02 1.698112671961223619e+00
1.931460744620030340e-02 1.698097526134923374e+00
1.950249117668984011e-02 1.698082384306839110e+00
1.969220255479172538e-02 1.698066468737787327e+00
1.988375935903200636e-02 1.698050229657579235e+00
2.007717954087816226e-02 1.698033689282319125e+00
2.027248122642137662e-02 1.698016674220679478e+00
2.046968271807520987e-02 1.697999489406824880e+00
2.066880249629082095e-02 1.697982218064213011e+00
2.086985922128879734e-02 1.697964517828208564e+00
2.107287173480786382e-02 1.697945547415556256e+00
2.127785906187062287e-02 1.697927007138957167e+00
2.148484041256648255e-02 1.697908063628126074e+00
2.169383518385184506e-02 1.697888738448248391e+00
2.190486296136792688e-02 1.697869293359701048e+00
2.211794352127614133e-02 1.697849358114230434e+00
2.233309683211144592e-02 1.697828696184764397e+00
2.255034305665360936e-02 1.697807816637142198e+00
2.276970255381680075e-02 1.697786502530705732e+00
2.299119588055741764e-02 1.697769842221013903e+00
2.321484379380064564e-02 1.697742871791995567e+00
2.344066725238556220e-02 1.697720236422217921e+00
2.366868741902936057e-02 1.697696775480478593e+00
2.389892566231050300e-02 1.697673219102296294e+00
2.413140355867127856e-02 1.697649231270821568e+00
2.436614289443983158e-02 1.697624728424630192e+00
2.460316566787181664e-02 1.697599655811094621e+00
2.484249409121190577e-02 1.697574379792657018e+00
2.508415059277539771e-02 1.697548718479402252e+00
2.532815781905008515e-02 1.697522320415479014e+00
2.557453863681850847e-02 1.697495284178624830e+00
2.582331613530085626e-02 1.697467732913918059e+00
2.607451362831877603e-02 1.697438397692955681e+00
2.632815465648021339e-02 1.697409876412535157e+00
2.658426298938541474e-02 1.697380610326841621e+00
2.684286262785454819e-02 1.697352321671960818e+00
2.710397780617682106e-02 1.697321873829978234e+00
2.736763299438163891e-02 1.697292661152729032e+00
2.763385290053169824e-02 1.697258506468144468e+00
2.790266247303856487e-02 1.697226564456329578e+00
2.817408690300057458e-02 1.697193863949008730e+00
2.844815162656363222e-02 1.697160404786493437e+00
2.872488232730495070e-02 1.697126207637535300e+00
2.900430493863991738e-02 1.697091737461167593e+00
2.928644564625237229e-02 1.697058661962750348e+00
2.957133089054861039e-02 1.697022875235428607e+00
2.985898736913520854e-02 1.696986178316642668e+00
3.014944203932094433e-02 1.696946595068010266e+00
3.044272212064302874e-02 1.696908449786669104e+00
3.073885509741795460e-02 1.696869600116308829e+00
3.103786872131722788e-02 1.696830032504144326e+00
3.133979101396793671e-02 1.696789430729611414e+00
3.164465026957891114e-02 1.696748152574336199e+00
3.195247505759213347e-02 1.696706053294156913e+00
3.226329422536015901e-02 1.696663025203125619e+00
3.257713690084949876e-02 1.696619209566866626e+00
3.289403249537032475e-02 1.696574406142608016e+00
3.321401070633261954e-02 1.696529357586789244e+00
3.353710152002930406e-02 1.696482990887445252e+00
3.386333521444636480e-02 1.696435783234864436e+00
3.419274236210027851e-02 1.696387812060674127e+00
3.452535383290306070e-02 1.696338543640174557e+00
3.486120079705520153e-02 1.696286608102938409e+00
3.520031472796678745e-02 1.696235632142419680e+00
3.554272740520694751e-02 1.696186085643418551e+00
3.588847091748199186e-02 1.696133244917870098e+00
3.623757766564258964e-02 1.696078988248116648e+00
3.659008036572020811e-02 1.696024294600390725e+00
3.694601205199302130e-02 1.695967985360948616e+00
3.730540608008161424e-02 1.695910476285677815e+00
3.766829613007490613e-02 1.695851323499268481e+00
3.803471620968648659e-02 1.695791331356164999e+00
3.840470065744145539e-02 1.695728873382300605e+00
3.877828414589457040e-02 1.695667944856066089e+00
3.915550168487941241e-02 1.695604435213479144e+00
3.953638862478930927e-02 1.695539292343271720e+00
3.992098065989020672e-02 1.695474103360820495e+00
4.030931383166566628e-02 1.695406855419325121e+00
4.070142453219438572e-02 1.695337657749689253e+00
4.109734950756069316e-02 1.695268479855640331e+00
4.149712586129815362e-02 1.695197597815151225e+00
4.190079105786669034e-02 1.695125258325470119e+00
4.230838292616342228e-02 1.695051296585616152e+00
4.271993966306778662e-02 1.694977771572102609e+00
4.313549983702118923e-02 1.694901780241702571e+00
4.355510239164130798e-02 1.694822449994149327e+00
4.397878664937160398e-02 1.694744345666319374e+00
4.440659231516640160e-02 1.694663066023439857e+00
4.483855948021186338e-02 1.694581150009989434e+00
4.527472862568297785e-02 1.694495782701710196e+00
4.571514062653719151e-02 1.694409391910445928e+00
4.615983675534499064e-02 1.694321392087955402e+00
4.660885868615767536e-02 1.694231589920803582e+00
4.706224849841281199e-02 1.694140550696403125e+00
4.752004868087766204e-02 1.694047152474956741e+00
4.798230213563085128e-02 1.693951476656276434e+00
4.844905218208294534e-02 1.693856114864071172e+00
4.892034256103611894e-02 1.693758013182715461e+00
4.939621743878321036e-02 1.693656943998943731e+00
4.987672141124663283e-02 1.693555243609513816e+00
5.036189950815770505e-02 1.693450779859683619e+00
5.085179719727656034e-02 1.693344058724308265e+00
5.134646038865306461e-02 1.693235673533143526e+00
5.184593543892913187e-02 1.693127263758513745e+00
5.235026915568305461e-02 1.693012532131979775e+00
5.285950880181603667e-02 1.692897920886248464e+00
5.337370209998133774e-02 1.692781668076507096e+00
5.389289723705643909e-02 1.692662420861952288e+00
5.441714286865893119e-02 1.692540353304077927e+00
5.494648812370611646e-02 1.692415475381641166e+00
5.548098260901916656e-02 1.692289765602365881e+00
5.602067641397187603e-02 1.692159837111895992e+00
5.656562011518465050e-02 1.692028267472631908e+00
5.711586478126431943e-02 1.691893975765003555e+00
5.767146197758996756e-02 1.691756209568576308e+00
5.823246377114527778e-02 1.691616100025857605e+00
5.879892273539785025e-02 1.691474406116716400e+00
5.937089195522609469e-02 1.691329840638124082e+00
5.994842503189409116e-02 1.691182169987740513e+00
6.053157608807464840e-02 1.691031497727864652e+00
6.112039977292132997e-02 1.690877891784374087e+00
6.171495126718981594e-02 1.690721780792482143e+00
6.231528628840921763e-02 1.690562256510268702e+00
6.292146109610344262e-02 1.690401476364421507e+00
6.353353249706343575e-02 1.690235529541522563e+00
6.415155785067082339e-02 1.690066738376251099e+00
6.477559507427335661e-02 1.689894567831974337e+00
6.540570264861225724e-02 1.689718853165520063e+00
6.604193962330305590e-02 1.689540148751061510e+00
6.668436562236895737e-02 1.689357598189596965e+00
6.733304084982863480e-02 1.689171128748272022e+00
6.798802609533814711e-02 1.688982663393169048e+00
6.864938273988777095e-02 1.688787086948932537e+00
6.931717276155408003e-02 1.688593103375405136e+00
6.999145874130821565e-02 1.688393562646367752e+00
7.067230386888070925e-02 1.688188608125668511e+00
7.135977194868306506e-02 1.687980301273749095e+00
7.205392740578704658e-02 1.687767149766918218e+00
7.275483529196229149e-02 1.687554644936221759e+00
7.346256129177256011e-02 1.687329788742213399e+00
7.417717172873124210e-02 1.687104339482323745e+00
7.489873357151664857e-02 1.686874906857663392e+00
7.562731444024800576e-02 1.686640881814623460e+00
7.636298261282241373e-02 1.686403211498185062e+00
7.710580703131336699e-02 1.686159893680115873e+00
7.785585730843146146e-02 1.685912078870947850e+00
7.861320373404813433e-02 1.685659019295612016e+00
7.937791728178281159e-02 1.685401888948517390e+00
8.015006961565404597e-02 1.685139740337491254e+00
8.092973309679550586e-02 1.684872110774224607e+00
8.171698079023696770e-02 1.684600244414274028e+00
8.251188647175167201e-02 1.684321346168645928e+00
8.331452463477014014e-02 1.684038256935687761e+00
8.412497049736118726e-02 1.683749896088886588e+00
8.494330000928071445e-02 1.683455420322171436e+00
8.576958985908941790e-02 1.683155479454093717e+00
8.660391748133952627e-02 1.682849912433898476e+00
8.744636106383144036e-02 1.682539711617710099e+00
8.829699955494091368e-02 1.682222447574871715e+00
8.915591267101763417e-02 1.681898319693055921e+00
9.002318090385581784e-02 1.681569086972802829e+00
9.089888552823731371e-02 1.681233928643625530e+00
9.178310860954806694e-02 1.680891565911630137e+00
9.267593301146882789e-02 1.680543008792054094e+00
9.357744240374062106e-02 1.680185916764449949e+00
9.448772127000577836e-02 1.679822887130071329e+00
9.540685491572513388e-02 1.679453023488778562e+00
9.633492947617222635e-02 1.679076992422116499e+00
9.727203192450542546e-02 1.678693447079476986e+00
9.821825007991856482e-02 1.678302058177493450e+00
9.917367261587073379e-02 1.677901407965743052e+00
1.001383890683960748e-01 1.677495373971198855e+00
1.011124898444945991e-01 1.677082104255856798e+00
1.020960662306047012e-01 1.676657538751247900e+00
1.030892104011576216e-01 1.676228308051262328e+00
1.040920154272158005e-01 1.675790505112770168e+00
1.051045752851944987e-01 1.675345060083512694e+00
1.061269848656690717e-01 1.674890078208877364e+00
1.071593399822671072e-01 1.674426260291732138e+00
1.082017373806478805e-01 1.673953613933369056e+00
1.092542747475682557e-01 1.673471618058569810e+00
1.103170507200377515e-01 1.672981098898201235e+00
1.113901648945616746e-01 1.672480967045814282e+00
1.124737178364751955e-01 1.671968568955609635e+00
1.135678110893671017e-01 1.671451375283260932e+00
1.146725471845963656e-01 1.670921243192400096e+00
1.157880296509002094e-01 1.670380860581548443e+00
1.169143630240966764e-01 1.669830346748395478e+00
1.180516528568804902e-01 1.669269934366442332e+00
1.192000057287153220e-01 1.668697468252448690e+00
1.203595292558212876e-01 1.668116873692855773e+00
1.215303321012602134e-01 1.667523353015781362e+00
1.227125239851190319e-01 1.666920003202251532e+00
1.239062156947916271e-01 1.666305295800701858e+00
1.251115190953615564e-01 1.665678041491694517e+00
1.263285471400849291e-01 1.665038721731733506e+00
1.275574138809759950e-01 1.664388371538589650e+00
1.287982344794950385e-01 1.663725341883714348e+00
1.300511252173409127e-01 1.663049711704456257e+00
1.313162035073478784e-01 1.662365349878010878e+00
1.325935879044890797e-01 1.661659646660849310e+00
1.338833981169864351e-01 1.660946114855373912e+00
1.351857550175293021e-01 1.660218018661670625e+00
1.365007806546013891e-01 1.659475786991925439e+00
1.378285982639189389e-01 1.658719428304651800e+00
1.391693322799789911e-01 1.657948326154925267e+00
1.405231083477211373e-01 1.657163098370165510e+00
1.418900533343016301e-01 1.656365242952809291e+00
1.432702953409830948e-01 1.655551024225356160e+00
1.446639637151387880e-01 1.654721554089443325e+00
1.460711890623745679e-01 1.653878230030109142e+00
1.474921032587684921e-01 1.653017676419468840e+00
1.489268394632288772e-01 1.652141311364214937e+00
1.503755321299738434e-01 1.651248373367482536e+00
1.518383170211306810e-01 1.650339260577835754e+00
1.533153312194593942e-01 1.649412386705428890e+00
1.548067131411984265e-01 1.648468653173796428e+00
1.563126025490369497e-01 1.647506118176211620e+00
1.578331405652117214e-01 1.646527100555990497e+00
1.593684696847328941e-01 1.645530034951699028e+00
1.609187337887370006e-01 1.644548316203249927e+00
1.624840781579713067e-01 1.643479569178848188e+00
1.640646494864078653e-01 1.642425359625757864e+00
1.656605958949914359e-01 1.641353786152959682e+00
1.672720669455196874e-01 1.640261739096726012e+00
1.688992136546599021e-01 1.639149951865328747e+00
1.705421885081006561e-01 1.638015366074293544e+00
1.722011454748421100e-01 1.636859388387264191e+00
1.738762400216251336e-01 1.635683386216362223e+00
1.755676291275001522e-01 1.634486367164761145e+00
1.772754712985387948e-01 1.633268453470924975e+00
1.789999265826875408e-01 1.632026264551569517e+00
1.807411565847668600e-01 1.630749840510753668e+00
1.824993244816152382e-01 1.629478302260144229e+00
1.842745950373816666e-01 1.628167501886963908e+00
1.860671346189656239e-01 1.626832689169468216e+00
1.878771112116086051e-01 1.625474971212245157e+00
1.897046944346358344e-01 1.624090833549478363e+00
1.915500555573527997e-01 1.622683351329055945e+00
1.934133675150944698e-01 1.621251638521437943e+00
1.952948049254327745e-01 1.619796211510131867e+00
1.971945441045395986e-01 1.618304970400993303e+00
1.991127630837108697e-01 1.616795013288210292e+00
2.010496416260497965e-01 1.615254430249615014e+00
2.030053612433137811e-01 1.613688270727039464e+00
2.049801052129238688e-01 1.612093217042185556e+00
2.069740585951406198e-01 1.610470153741305754e+00
2.089874082504071251e-01 1.608817971120585000e+00
2.110203428568595552e-01 1.607137185406250168e+00
2.130730529280097374e-01 1.605424418133998055e+00
2.151457308305980698e-01 1.603682756632881956e+00
2.172385708026215445e-01 1.601909834499777308e+00
2.193517689715359098e-01 1.600106280933430769e+00
2.214855233726360506e-01 1.598270267513752785e+00
2.236400339676138660e-01 1.596402168705208346e+00
2.258155026632983065e-01 1.594501722555779821e+00
2.280121333305757114e-01 1.592568881650395340e+00
2.302301318234963867e-01 1.590601782800048936e+00
2.324697059985647851e-01 1.588597682565544789e+00
2.347310657342196183e-01 1.586560523319712424e+00
2.370144229505012079e-01 1.584486551716571601e+00
2.393199916289123208e-01 1.582379530574998583e+00
2.416479878324700736e-01 1.580234954873895203e+00
2.439986297259550130e-01 1.578054154530458941e+00
2.463721375963552895e-01 1.575834790236636307e+00
2.487687338735107279e-01 1.573577527734050463e+00
2.511886431509580686e-01 1.571281973081021688e+00
2.536320922069775774e-01 1.568946951503834342e+00
2.560993100258459609e-01 1.566571103078229665e+00
2.585905278192945911e-01 1.564156138259265250e+00
2.611059790481781162e-01 1.561700753693624932e+00
2.636458994443517945e-01 1.559203723839339695e+00
2.662105270327638773e-01 1.556665676220615246e+00
2.688001021537606006e-01 1.554084204451966489e+00
2.714148674856106669e-01 1.551459484865252758e+00
2.740550680672460548e-01 1.548789922192531421e+00
2.767209513212268712e-01 1.546077077866959470e+00
2.794127670769268601e-01 1.543320148129220470e+00
2.821307675939472293e-01 1.540514647691662242e+00
2.848752075857552413e-01 1.537665964030053178e+00
2.876463442435557849e-01 1.534770548626462228e+00
2.904444372603925406e-01 1.531826010150501682e+00
2.932697488554852905e-01 1.528847410165431686e+00
2.961225437988035947e-01 1.525794800581995236e+00
2.990030894358785551e-01 1.522704675987118117e+00
3.019116557128577738e-01 1.519567137532654044e+00
3.048485152018017286e-01 1.516378905370052488e+00
3.078139431262288950e-01 1.513139102591867236e+00
3.108082173869063936e-01 1.509848140530244187e+00
3.138316185878944342e-01 1.506503460327786037e+00
3.168844300628416155e-01 1.503106601990868540e+00
3.199669379015380732e-01 1.499645460184891865e+00
3.230794309767249795e-01 1.496155004711631209e+00
3.262222009711669979e-01 1.492597239316962865e+00
3.293955424049855307e-01 1.488982838573619238e+00
3.325997526632606949e-01 1.485312239317146510e+00
3.358351320238990301e-01 1.481587989921482329e+00
3.391019836857747105e-01 1.477806346558724115e+00
3.424006137971423724e-01 1.473967659504676009e+00
3.457313314843284413e-01 1.470070660422175379e+00
3.490944488806992929e-01 1.466112885772554941e+00
3.524902811559130766e-01 1.462097374241759340e+00
3.559191465454557002e-01 1.458022705071952085e+00
3.593813663804627523e-01 1.453887568320602952e+00
3.628772651178337472e-01 1.449690617890802002e+00
3.664071703706370808e-01 1.445431734876230889e+00
3.699714129388128048e-01 1.441111205803516704e+00
3.735703268401719401e-01 1.436730651141295168e+00
3.772042493416999376e-01 1.432286992458222441e+00
3.808735209911614517e-01 1.427775685560415564e+00
3.845784856490158665e-01 1.423203395437302454e+00
3.883194905206404091e-01 1.418566112207221730e+00
3.920968861888690649e-01 1.413865130013257865e+00
3.959110266468458539e-01 1.409096303879965983e+00
3.997622693312000708e-01 1.404263939446290799e+00
4.036509751555413805e-01 1.399363301677803539e+00
4.075775085442840395e-01 1.394397613448364215e+00
4.115422374667966343e-01 1.389363884557714313e+00
4.155455334718875515e-01 1.384263461397996720e+00
4.195877717226225712e-01 1.379094078777332921e+00
4.236693310314835759e-01 1.373855186730875921e+00
4.277905938958687093e-01 1.368550049392898815e+00
4.319519465339363706e-01 1.363176652160493330e+00
4.361537789208005944e-01 1.357731895205540606e+00
4.403964848250754294e-01 1.352216948357047865e+00
4.446804618457780300e-01 1.346631082209004848e+00
4.490061114495874639e-01 1.340980580159978341e+00
4.533738390084691150e-01 1.335258090834125833e+00
4.577840538376618529e-01 1.329461930011135662e+00
4.622371692340384031e-01 1.323597342618286765e+00
4.667336025148346446e-01 1.317660857981268974e+00
4.712737750567601580e-01 1.311656188523373734e+00
4.758581123354846953e-01 1.305577802675811805e+00
4.804870439655131720e-01 1.299428000038521436e+00
4.851610037404442966e-01 1.293209482935411270e+00
4.898804296736250508e-01 1.286916646244004925e+00
4.946457640391963562e-01 1.280555737142232919e+00
4.994574534135413635e-01 1.274119945820859412e+00
5.043159487171361421e-01 1.267616342823262077e+00
5.092217052568053237e-01 1.261040388046371641e+00
5.141751827683928022e-01 1.254391465315679355e+00
5.191768454598426619e-01 1.247677188968308704e+00
5.242271620547044320e-01 1.240889118127209034e+00
5.293266058360561743e-01 1.234027082814761256e+00
5.344756546908600026e-01 1.227100148427196835e+00
5.396747911547442600e-01 1.220098714935336837e+00
5.449245024572260121e-01 1.213035118763961195e+00
5.502252805673685243e-01 1.205896258634407525e+00
5.555776222398878250e-01 1.198692637064233235e+00
5.609820290617031358e-01 1.191417668568428345e+00
5.664390074989449353e-01 1.184066307396375306e+00
5.719490689444144405e-01 1.176668175069803812e+00
5.775127297655114900e-01 1.169186885788616737e+00
5.831305113526221717e-01 1.161646013861788562e+00
5.888029401679826247e-01 1.154037193911418013e+00
5.945305477950136863e-01 1.146365370211628765e+00
6.003138709881384871e-01 1.138627088546220190e+00
6.061534517230839914e-01 1.130826743594627759e+00
6.120498372476699256e-01 1.122962968150445828e+00
6.180035801330957534e-01 1.115036087075126803e+00
6.240152383257209223e-01 1.107050895742681895e+00
6.300853751993553686e-01 1.099002791008425239e+00
6.362145596080520660e-01 1.090896084556560064e+00
6.424033659394193796e-01 1.082730715850282799e+00
6.486523741684461219e-01 1.074508067708053849e+00
6.549621699118558515e-01 1.066230011775036957e+00
6.613333444829840868e-01 1.057897201943570620e+00
6.677664949471955325e-01 1.049507557087007381e+00
6.742622241778342129e-01 1.041067884841545998e+00
6.808211409127237213e-01 1.032576741888123539e+00
6.874438598112112553e-01 1.024033454102790008e+00
6.941310015117725385e-01 1.015442978447277600e+00
7.008831926901714082e-01 1.006801128634628339e+00
7.077010661181889484e-01 9.981174679834052821e-01
7.145852607229240538e-01 9.893634706116335442e-01
7.215364216466665370e-01 9.806103941924146916e-01
7.285552003073593186e-01 9.717949706402434495e-01
7.356422544596413760e-01 9.629366001952546217e-01
7.427982482564918776e-01 9.540407451333157152e-01
7.500238523114668432e-01 9.451076964876313768e-01
7.573197437615483141e-01 9.361320719838319704e-01
7.646866063305975958e-01 9.271337768505393262e-01
7.721251303934327792e-01 9.180970259946387158e-01
7.796360130405233235e-01 9.090305553655607662e-01
7.872199581433195759e-01 8.999367893149649023e-01
7.948776764202123424e-01 8.908114091724177452e-01
8.026098855031396084e-01 8.816645441283809115e-01
8.104173100048355227e-01 8.724901931426479740e-01
8.183006815867394090e-01 8.632974202043085521e-01
8.262607390275591435e-01 8.540837945220577376e-01
8.342982282925082149e-01 8.448519445226516655e-01
8.424139026032094746e-01 8.356030075256982714e-01
8.506085225082840040e-01 8.263383659431678963e-01
8.588828559546254349e-01 8.170667699837449449e-01
8.672376783593644944e-01 8.077820687149332990e-01
8.756737726825394308e-01 7.984876168136486596e-01
8.841919295004664336e-01 7.891910016753376222e-01
8.927929470798307010e-01 7.798850922344494618e-01
9.014776314524917122e-01 7.705823733624889149e-01
9.102467964910225806e-01 7.612747499126832906e-01
9.191012639849772681e-01 7.519711367479514630e-01
9.280418637179072006e-01 7.426728192665644768e-01
9.370694335451198453e-01 7.333772663101224554e-01
9.461848194722002336e-01 7.240910999230575351e-01
9.553888757342895444e-01 7.148153983774626630e-01
9.646824648761427312e-01 7.055502152321776466e-01
9.740664578329562007e-01 6.963031293243590047e-01
9.835417340119908536e-01 6.870678726334666919e-01
9.931091813749796104e-01 6.778536188799062501e-01
1.002769696521346621e+00 6.686599517252412861e-01
1.012524184772224167e+00 6.594859424889063515e-01
1.022373560255302127e+00 6.503403900452189301e-01
1.032318745990486564e+00 6.412182410056476156e-01
1.042360673976402197e+00 6.321200494717972296e-01
1.052500285277732761e+00 6.230795995656129849e-01
1.062738530113414459e+00 6.140332641039250028e-01
1.073076367945679621e+00 6.050356307509610065e-01
1.083514767569973225e+00 5.960755651045370751e-01
1.094054707205742494e+00 5.871537666777154607e-01
1.104697174588111785e+00 5.782714218740291345e-01
1.115443167060441221e+00 5.694262834914439741e-01
1.126293691667795249e+00 5.606342424074852726e-01
1.137249765251314271e+00 5.518826875014906097e-01
1.148312414543511073e+00 5.431798775934110202e-01
1.159482676264482759e+00 5.345250769694210868e-01
1.170761597219069250e+00 5.259651281982745674e-01
1.182150234394952371e+00 5.173648372540204932e-01
1.193649655061713055e+00 5.088422742203405624e-01
1.205260936870842681e+00 5.004271886731251895e-01
1.216985167956738056e+00 4.920419726256772819e-01
1.228823447038673411e+00 4.836649516098531776e-01
1.240776883523764251e+00 4.754416985569062115e-01
1.252846597610937529e+00 4.672431015122158193e-01
1.265033720395903893e+00 4.591003090052443447e-01
1.277339393977160009e+00 4.510225412913929088e-01
1.289764771563017165e+00 4.429901578700533582e-01
1.302311017579677488e+00 4.350619918787063667e-01
1.314979307780347773e+00 4.271875574512709606e-01
1.327770829355430449e+00 4.193805472764625675e-01
1.340686781043774811e+00 4.116436923150683103e-01
1.353728373245021821e+00 4.039767960217707787e-01
1.366896828133026487e+00 3.963861370869573575e-01
1.380193379770397355e+00 3.888644841134927810e-01
1.393619274224142002e+00 3.814876792136220329e-01
1.407175769682446731e+00 3.740508737255674454e-01
1.420864136572576708e+00 3.667591340516891951e-01
1.434685657679937831e+00 3.595448987897914561e-01
1.448641628268290127e+00 3.524076341872661722e-01
1.462733356201129986e+00 3.453497545927365908e-01
1.476962162064259898e+00 3.383712571498876387e-01
1.491329379289537682e+00 3.314739740216944286e-01
1.505836354279841416e+00 3.246556239939094590e-01
1.520484446535244283e+00 3.179239811646066838e-01
1.535275028780422657e+00 3.112696383786987542e-01
1.550209487093291205e+00 3.046957192365004063e-01
1.565289221034902312e+00 2.982077013658436804e-01
1.580515643780601165e+00 2.918099696694862466e-01
1.595890182252465817e+00 2.854773134545093849e-01
1.611414277253019778e+00 2.792430295676773255e-01
1.627089383600260675e+00 2.730885318500825831e-01
1.642916970263993193e+00 2.670196289116099075e-01
1.658898520503498064e+00 2.610366169430113348e-01
1.675035532006524441e+00 2.551347558242250124e-01
1.691329517029648732e+00 2.493194308461555986e-01
1.707782002539993016e+00 2.435891165306303396e-01
1.724394530358320354e+00 2.379426046846833676e-01
1.741168657303530987e+00 2.323949897511006224e-01
1.758105955338547632e+00 2.269052019101226447e-01
1.775208011717636092e+00 2.215132610942476821e-01
1.792476429135148930e+00 2.162015568392645914e-01
1.809912825875727105e+00 2.109832381138830870e-01
1.827518835965944666e+00 2.058427855262675854e-01
1.845296109327445366e+00 2.007897118363756173e-01
1.863246311931559873e+00 1.958160990426066062e-01
1.881371125955437096e+00 1.909272540549235841e-01
1.899672249939675650e+00 1.860838999798680171e-01
1.918151398947507635e+00 1.813975532078399011e-01
1.936810304725519849e+00 1.767566216798902301e-01
1.955650715865949074e+00 1.721970477448774850e-01
1.974674397970537454e+00 1.677190219456306808e-01
1.993883133816001019e+00 1.633205485163987392e-01
2.013278723521096492e+00 1.589971415460731674e-01
2.032862984715323673e+00 1.547648726683113207e-01
2.052637752709252084e+00 1.506089233244860270e-01
2.072604880666519822e+00 1.465311227022030316e-01
2.092766239777499759e+00 1.425233929016492818e-01
2.113123719434652603e+00 1.385972126537127480e-01
2.133679227409597701e+00 1.347470398125184543e-01
2.154434690031884259e+00 1.309816018483040412e-01
2.175392052369522489e+00 1.272851437057589963e-01
2.196553278411258248e+00 1.236687299205546653e-01
2.217920351250634692e+00 1.201184883212989274e-01
2.239495273271823184e+00 1.166409213761662178e-01
2.261280066337279404e+00 1.132388827664284753e-01
2.283276771977218012e+00 1.099107914266929942e-01
2.305487451580938707e+00 1.066491607105251177e-01
2.327914186589993051e+00 1.034599807887228301e-01
2.350559078693253756e+00 1.003402334326414513e-01
2.373424250023866033e+00 9.728864593023707485e-02
2.396511843358130278e+00 9.430585907021012126e-02
2.419824022316292567e+00 9.138855719252299281e-02
2.443362971565319341e+00 8.853877743903856845e-02
2.467130897023623426e+00 8.575317570691240454e-02
2.491130026067788439e+00 8.303286345570330684e-02
2.515362607741312928e+00 8.037576828232378956e-02
2.539830912965362675e+00 7.778166084070461950e-02
2.564537234751594674e+00 7.524896387958557309e-02
2.589483888417040802e+00 7.277753279902607342e-02
2.614673211801092023e+00 7.036367305731627830e-02
2.640107565484572927e+00 6.801340083785177570e-02
2.665789333010967876e+00 6.571803748761680108e-02
2.691720921109787668e+00 6.348341084928212086e-02
2.717904759922122881e+00 6.130388704234802921e-02
2.744343303228365283e+00 5.917668398017916082e-02
2.771039028678170535e+00 5.711075308294596281e-02
2.797994438022641805e+00 5.509524327676645211e-02
2.825212057348790218e+00 5.313331770386697100e-02
2.852694437316245057e+00 5.122338915815041055e-02
2.880444153396297668e+00 4.936465542878074042e-02
2.908463806113254169e+00 4.755676579867076231e-02
2.936756021288137397e+00 4.579798151072981410e-02
2.965323450284773621e+00 4.408765948233776821e-02
2.994168770258243573e+00 4.242619431716496831e-02
3.023294684405779531e+00 4.081369594344047558e-02
3.052703922220086241e+00 3.924103654251487328e-02
3.082399239745143404e+00 3.771711178136743364e-02
3.112383419834465759e+00 3.623503931782131454e-02
3.142659272411905569e+00 3.479940670628246802e-02
3.173229634734976212e+00 3.340814963968082724e-02
3.204097371660752813e+00 3.205762307724139420e-02
3.235265375914330388e+00 3.074705003815078608e-02
3.266736568359921655e+00 2.947434894266507538e-02
3.298513898274578082e+00 2.824538020554154955e-02
3.330600343624588788e+00 2.706046608098076206e-02
3.362998911344535991e+00 2.590043406004135379e-02
3.395712637619100693e+00 2.478044014154098112e-02
3.428744588167585317e+00 2.369897205323683378e-02
3.462097858531227423e+00 2.265321657972924757e-02
3.495775574363275240e+00 2.164103605253891310e-02
3.529780891721914671e+00 2.066336702383805152e-02
3.564116997366032269e+00 1.971942230169870802e-02
3.598787109053855460e+00 1.880719630401411421e-02
3.633794475844513094e+00 1.792666925074507325e-02
3.669142378402494131e+00 1.707762612350486459e-02
3.704834129305105694e+00 1.625739109572585731e-02
3.740873073352900313e+00 1.546723987352101488e-02
3.777262587883141176e+00 1.470506735223467594e-02
3.814006083086284082e+00 1.397256732290251373e-02
3.851107002325572903e+00 1.326616538921235322e-02
3.888568822459721019e+00 1.258677370009116982e-02
3.926395054168756449e+00 1.193186139260711716e-02
3.964589242282997805e+00 1.130487034824429436e-02
4.003154966115265445e+00 1.070145825382985173e-02
4.042095839796306045e+00 1.012162003121048516e-02
4.081415512613501662e+00 9.565251378569030599e-03
4.121117669352832635e+00 9.032247444374506135e-03
4.161206030644208020e+00 8.520139414591834312e-03
4.201684353310133346e+00 8.030250574231326613e-03
4.242556430717777438e+00 7.560767402747749569e-03
4.283826093134470270e+00 7.112273564817929092e-03
4.325497208086633627e+00 6.683527744049529325e-03
4.367573680722233398e+00 6.273213331361343452e-03
4.410059454176736615e+00 5.882143388616449184e-03
4.452958509942654963e+00 5.508603377174845113e-03
4.496274868242640110e+00 5.153066361730909532e-03
4.540012588406244554e+00 4.813981728759042858e-03
4.584175769250333765e+00 4.491238731565828576e-03
4.628768549463215365e+00 4.184814190711444275e-03
4.673795107992464004e+00 3.893728290104162860e-03
4.719259664436561863e+00 3.617405175332740266e-03
4.765166479440326341e+00 3.355333417654797305e-03
4.811519855094205766e+00 3.107284623952288362e-03
4.858324135337417360e+00 2.872644992144794858e-03
4.905583706365050922e+00 2.650968675119122139e-03
4.953302997039108924e+00 2.441768627436315987e-03
5.001486479303548727e+00 2.244750837081401808e-03
5.050138668603383785e+00 2.059039478459328502e-03
5.099264124307808288e+00 1.884790916622572669e-03
5.148867450137498025e+00 1.721180897477569147e-03
5.198953294596024399e+00 1.567905803917127826e-03
5.249526351405507718e+00 1.424463629741405234e-03
5.300591359946452030e+00 1.290675374599044734e-03
5.352153105701904501e+00 1.165954893575129117e-03
5.404216420705915347e+00 1.049970663022132969e-03
5.456786183996381823e+00 9.423430258295265602e-04
5.509867322072253160e+00 8.427040587803934224e-04
5.563464809355226137e+00 7.506824077671768155e-04
5.617583668655908191e+00 6.659324736774044221e-04
5.672228971644543094e+00 5.880925859739965589e-04
5.727405839326266346e+00 5.168317362049141281e-04
5.783119442521027054e+00 4.518027546979939404e-04
5.839375002348160315e+00 3.926871432462359073e-04
5.896177790715694478e+00 3.391566078335031651e-04
5.953533130814370189e+00 2.909004938402592910e-04
6.011446397616513337e+00 2.476078408836767655e-04
6.069923018379741464e+00 2.089692763816545801e-04
6.128968473155564034e+00 1.746974301423577655e-04
6.188588295302960063e+00 1.444991829315312782e-04
6.248788072006894012e+00 1.180883867843529031e-04
6.309573444801936049e+00 9.518493024884827755e-05
6.370950110100935149e+00 7.552365630571001621e-05
6.432923819728876502e+00 5.883039906829311792e-05
6.495500381461869033e+00 4.484435719334969975e-05
6.558685659571435345e+00 3.331087652287722037e-05
6.622485575374063238e+00 2.397744330051678255e-05
6.686906107786136921e+00 1.659892719113277630e-05
6.751953293884205287e+00 1.093301174741392438e-05
6.817633229470763112e+00 6.744848165260076712e-06
6.883952069645496330e+00 3.802316405163069201e-06
6.950916029382126382e+00 1.878281225970522997e-06
7.018531384110795912e+00 7.500976811077471225e-07
7.086804470306189430e+00 1.985450756725573846e-07
7.155741686081340980e+00 0.000000000000000000e+00
