1.000000000000000021e-02 1.967413340598060500e+00
1.009727545900835841e-02 1.967409433093654458e+00
1.019549716950923779e-02 1.967405439944494461e+00
1.029467433620748044e-02 1.967401358260514543e+00
1.039481625334708927e-02 1.967397183184227627e+00
1.049593230558227772e-02 1.967392917842101241e+00
1.059803196885688789e-02 1.967388562616002590e+00
1.070112481129246833e-02 1.967384088717552215e+00
1.080522049408488318e-02 1.967379377688672104e+00
1.091032877240974419e-02 1.967374731278107136e+00
1.101645949633656314e-02 1.967369971671103723e+00
1.112362261175187626e-02 1.967365091095331975e+00
1.123182816129126085e-02 1.967360108940774843e+00
1.134108628528052165e-02 1.967355055973022404e+00
1.145140722268592030e-02 1.967349886583954266e+00
1.156280131207376022e-02 1.967344606890419012e+00
1.167527899257919492e-02 1.967339201601892684e+00
1.178885080488457221e-02 1.967333702542494178e+00
1.190352739220719262e-02 1.967328075299494161e+00
1.201931950129673729e-02 1.967322328218790384e+00
1.213623798344241195e-02 1.967316457007320940e+00
1.225429379548980714e-02 1.967310452289437572e+00
1.237349800086776086e-02 1.967303322406561472e+00
1.249386177062509519e-02 1.967296982117026971e+00
1.261539638447754796e-02 1.967290499526039627e+00
1.273811323186478488e-02 1.967283868752997211e+00
1.286202381301779218e-02 1.967277154803006134e+00
1.298713974003655978e-02 1.967270404316068921e+00
1.311347273797833224e-02 1.967263507472486683e+00
1.324103464595636874e-02 1.967256470861445505e+00
1.336983741824946531e-02 1.967249303198596477e+00
1.349989312542219239e-02 1.967242081260822895e+00
1.363121395545611320e-02 1.967234723556673837e+00
1.376381221489191876e-02 1.967227203715564698e+00
1.389770032998276401e-02 1.967219633081740859e+00
1.403289084785873213e-02 1.967211875720054959e+00
1.416939643770268736e-02 1.967203948087910215e+00
1.430722989193757184e-02 1.967195836614127336e+00
1.444640412742520530e-02 1.967187545219946543e+00
1.458693218667675602e-02 1.967179120462579034e+00
1.472882723907502529e-02 1.967170501033912222e+00
1.487210258210860774e-02 1.967161685067095434e+00
1.501677164261799868e-02 1.967152724715648615e+00
1.516284797805393485e-02 1.967143696949106069e+00
1.531034527774784160e-02 1.967134596505339728e+00
1.545927736419477720e-02 1.967125354597541786e+00
1.560965819434872483e-02 1.967115951796492013e+00
1.576150186093060873e-02 1.967106454008179961e+00
1.591482259374891323e-02 1.967096816541470394e+00
1.606963476103326349e-02 1.967087050418014460e+00
1.622595287078087284e-02 1.967077083893722378e+00
1.638379157211618947e-02 1.967066893453814247e+00
1.654316565666366645e-02 1.967056498281655186e+00
1.670409005993399310e-02 1.967045960866657728e+00
1.686657986272368723e-02 1.967035182615614719e+00
1.703065029252844378e-02 1.967024134130556101e+00
1.719631672497009753e-02 1.967012803381148478e+00
1.736359468523754335e-02 1.967001158488079327e+00
1.753249984954170088e-02 1.966989243332433634e+00
1.770304804658450262e-02 1.966978745813377172e+00
1.787525525904235316e-02 1.966966372805210028e+00
1.804913762506383731e-02 1.966953766333655818e+00
1.822471143978214581e-02 1.966940854806876970e+00
1.840199315684210371e-02 1.966927709051859763e+00
1.858099938994215231e-02 1.966914297685774304e+00
1.876174691439120440e-02 1.966900648329710011e+00
1.894425266868081034e-02 1.966886841747919945e+00
1.912853375607242307e-02 1.966872973531258895e+00
1.931460744620030340e-02 1.966858843667984580e+00
1.950249117668984011e-02 1.966844496402432529e+00
1.969220255479172538e-02 1.966829954656752477e+00
1.988375935903200636e-02 1.966815081113884922e+00
2.007717954087816226e-02 1.966799860994208782e+00
2.027248122642137662e-02 1.966784465031068851e+00
2.046968271807520987e-02 1.966768835102617130e+00
2.066880249629082095e-02 1.966752870803988529e+00
2.086985922128879734e-02 1.966736482004575848e+00
2.107287173480786382e-02 1.966719772243625819e+00
2.127785906187062287e-02 1.966702679303079515e+00
2.148484041256648255e-02 1.966685196397988999e+00
2.169383518385184506e-02 1.966667338640468943e+00
2.190486296136792688e-02 1.966649144082307510e+00
2.211794352127614133e-02 1.966631978404840719e+00
2.233309683211144592e-02 1.966612735890544750e+00
2.255034305665360936e-02 1.966593030689679056e+00
2.276970255381680075e-02 1.966572889516045919e+00
2.299119588055741764e-02 1.966552241987943317e+00
2.321484379380064564e-02 1.966531189632462207e+00
2.344066725238556220e-02 1.966509639099901730e+00
2.366868741902936057e-02 1.966487687011621466e+00
2.389892566231050300e-02 1.966465393386642946e+00
2.413140355867127856e-02 1.966442527337118440e+00
2.436614289443983158e-02 1.966419291371498623e+00
2.460316566787181664e-02 1.966395601616549138e+00
2.484249409121190577e-02 1.966371325084066202e+00
2.508415059277539771e-02 1.966346878306064250e+00
2.532815781905008515e-02 1.966321694295946942e+00
2.557453863681850847e-02 1.966296076997059217e+00
2.582331613530085626e-02 1.966272811663076769e+00
2.607451362831877603e-02 1.966246682775952825e+00
2.632815465648021339e-02 1.966219934739683817e+00
2.658426298938541474e-02 1.966192759605291496e+00
2.684286262785454819e-02 1.966163145806267609e+00
2.710397780617682106e-02 1.966131990397089302e+00
2.736763299438163891e-02 1.966102581291713225e+00
2.763385290053169824e-02 1.966076137450802896e+00
2.790266247303856487e-02 1.966046329849488350e+00
2.817408690300057458e-02 1.966011884092735196e+00
2.844815162656363222e-02 1.965980652975027221e+00
2.872488232730495070e-02 1.965949013302134007e+00
2.900430493863991738e-02 1.965916536781429080e+00
2.928644564625237229e-02 1.965883566168623808e+00
2.957133089054861039e-02 1.965849839369812946e+00
2.985898736913520854e-02 1.965815307844706261e+00
3.014944203932094433e-02 1.965780139744333743e+00
3.044272212064302874e-02 1.965744262434658163e+00
3.073885509741795460e-02 1.965707900679497300e+00
3.103786872131722788e-02 1.965671116054664713e+00
3.133979101396793671e-02 1.965633650760433948e+00
3.164465026957891114e-02 1.965598941715940517e+00
3.195247505759213347e-02 1.965559501395073294e+00
3.226329422536015901e-02 1.965518578003571104e+00
3.257713690084949876e-02 1.965477770270976476e+00
3.289403249537032475e-02 1.965436006096745514e+00
3.321401070633261954e-02 1.965393418514612023e+00
3.353710152002930406e-02 1.965350147301031969e+00
3.386333521444636480e-02 1.965305996981520309e+00
3.419274236210027851e-02 1.965260938396103496e+00
3.452535383290306070e-02 1.965214736225840308e+00
3.486120079705520153e-02 1.965167673240318491e+00
3.520031472796678745e-02 1.965119820404800155e+00
3.554272740520694751e-02 1.965070875367179726e+00
3.588847091748199186e-02 1.965020983724530490e+00
3.623757766564258964e-02 1.964969975814056413e+00
3.659008036572020811e-02 1.964918198892119161e+00
3.694601205199302130e-02 1.964865590849215859e+00
3.730540608008161424e-02 1.964811903556852091e+00
3.766829613007490613e-02 1.964762446513889316e+00
3.803471620968648659e-02 1.964706691576015851e+00
3.840470065744145539e-02 1.964649680704204204e+00
3.877828414589457040e-02 1.964591318326271097e+00
3.915550168487941241e-02 1.964531692749705849e+00
3.953638862478930927e-02 1.964470804654142366e+00
3.992098065989020672e-02 1.964404978640010624e+00
4.030931383166566628e-02 1.964342182310185203e+00
4.070142453219438572e-02 1.964278101832807932e+00
4.109734950756069316e-02 1.964212990056516173e+00
4.149712586129815362e-02 1.964146594604258000e+00
4.190079105786669034e-02 1.964078784828318991e+00
4.230838292616342228e-02 1.964009700143064974e+00
4.271993966306778662e-02 1.963940479574310727e+00
4.313549983702118923e-02 1.963868224444753174e+00
4.355510239164130798e-02 1.963795357241624018e+00
4.397878664937160398e-02 1.963720793014275046e+00
4.440659231516640160e-02 1.963644545493543170e+00
4.483855948021186338e-02 1.963567266616784934e+00
4.527472862568297785e-02 1.963488249746168979e+00
4.571514062653719151e-02 1.963408076130154667e+00
4.615983675534499064e-02 1.963326488218752219e+00
4.660885868615767536e-02 1.963240750618648889e+00
4.706224849841281199e-02 1.963155735641914701e+00
4.752004868087766204e-02 1.963068996949903777e+00
4.798230213563085128e-02 1.962981029550810108e+00
4.844905218208294534e-02 1.962891290090963192e+00
4.892034256103611894e-02 1.962799720983236629e+00
4.939621743878321036e-02 1.962707484219014198e+00
4.987672141124663283e-02 1.962612107837522935e+00
5.036189950815770505e-02 1.962515404962653864e+00
5.085179719727656034e-02 1.962416608153792819e+00
5.134646038865306461e-02 1.962315491040636406e+00
5.184593543892913187e-02 1.962212156076221570e+00
5.235026915568305461e-02 1.962106627231492206e+00
5.285950880181603667e-02 1.961998776426725488e+00
5.337370209998133774e-02 1.961888869437707461e+00
5.389289723705643909e-02 1.961776524218406204e+00
5.441714286865893119e-02 1.961662367258853568e+00
5.494648812370611646e-02 1.961545582029795343e+00
5.548098260901916656e-02 1.961426325848623975e+00
5.602067641397187603e-02 1.961304341550197172e+00
5.656562011518465050e-02 1.961181161982055832e+00
5.711586478126431943e-02 1.961056086408957011e+00
5.767146197758996756e-02 1.960928681526212802e+00
5.823246377114527778e-02 1.960796506654973514e+00
5.879892273539785025e-02 1.960664057065022892e+00
5.937089195522609469e-02 1.960531426372768005e+00
5.994842503189409116e-02 1.960394011001693526e+00
6.053157608807464840e-02 1.960253529940187756e+00
6.112039977292132997e-02 1.960110442451718171e+00
6.171495126718981594e-02 1.959964385958101518e+00
6.231528628840921763e-02 1.959815080822467248e+00
6.292146109610344262e-02 1.959662584734633617e+00
6.353353249706343575e-02 1.959507215992531970e+00
6.415155785067082339e-02 1.959348801709534182e+00
6.477559507427335661e-02 1.959187060119350177e+00
6.540570264861225724e-02 1.959022519581569366e+00
6.604193962330305590e-02 1.958854702384116075e+00
6.668436562236895737e-02 1.958683484796370777e+00
6.733304084982863480e-02 1.958509694539506185e+00
6.798802609533814711e-02 1.958333020850713257e+00
6.864938273988777095e-02 1.958153690551714954e+00
6.931717276155408003e-02 1.957969273294040136e+00
6.999145874130821565e-02 1.957783116109258037e+00
7.067230386888070925e-02 1.957590766370145952e+00
7.135977194868306506e-02 1.957397941438731692e+00
7.205392740578704658e-02 1.957198335052190652e+00
7.275483529196229149e-02 1.956996467014822771e+00
7.346256129177256011e-02 1.956789758296109349e+00
7.417717172873124210e-02 1.956578736333822954e+00
7.489873357151664857e-02 1.956362968136770242e+00
7.562731444024800576e-02 1.956141157282681675e+00
7.636298261282241373e-02 1.955917627592930641e+00
7.710580703131336699e-02 1.955690366972901550e+00
7.785585730843146146e-02 1.955459230360775846e+00
7.861320373404813433e-02 1.955224183539704175e+00
7.937791728178281159e-02 1.954984473932960265e+00
8.015006961565404597e-02 1.954741005737946846e+00
8.092973309679550586e-02 1.954490518355974205e+00
8.171698079023696770e-02 1.954235546809222734e+00
8.251188647175167201e-02 1.953975888745446587e+00
8.331452463477014014e-02 1.953711142952481827e+00
8.412497049736118726e-02 1.953440352619200793e+00
8.494330000928071445e-02 1.953164807200419073e+00
8.576958985908941790e-02 1.952883310089678304e+00
8.660391748133952627e-02 1.952598018357681431e+00
8.744636106383144036e-02 1.952306229421696626e+00
8.829699955494091368e-02 1.952009559326043586e+00
8.915591267101763417e-02 1.951705283782261491e+00
9.002318090385581784e-02 1.951396880546971691e+00
9.089888552823731371e-02 1.951083259421184879e+00
9.178310860954806694e-02 1.950763257815559371e+00
9.267593301146882789e-02 1.950437020266475363e+00
9.357744240374062106e-02 1.950104065265742426e+00
9.448772127000577836e-02 1.949764437343178169e+00
9.540685491572513388e-02 1.949418467051495574e+00
9.633492947617222635e-02 1.949065476829167531e+00
9.727203192450542546e-02 1.948705670205816309e+00
9.821825007991856482e-02 1.948338839135352885e+00
9.917367261587073379e-02 1.947964643333914392e+00
1.001383890683960748e-01 1.947582578691549271e+00
1.011124898444945991e-01 1.947194174904519848e+00
1.020960662306047012e-01 1.946797714962530179e+00
1.030892104011576216e-01 1.946393419478303910e+00
1.040920154272158005e-01 1.945988270192319458e+00
1.051045752851944987e-01 1.945569817811694469e+00
1.061269848656690717e-01 1.945137911991560831e+00
1.071593399822671072e-01 1.944704191442998331e+00
1.082017373806478805e-01 1.944262607033638623e+00
1.092542747475682557e-01 1.943813301956522910e+00
1.103170507200377515e-01 1.943355937888811447e+00
1.113901648945616746e-01 1.942889067058906072e+00
1.124737178364751955e-01 1.942411037634776960e+00
1.135678110893671017e-01 1.941924201374931602e+00
1.146725471845963656e-01 1.941427792428452204e+00
1.157880296509002094e-01 1.940921321567102842e+00
1.169143630240966764e-01 1.940404660536862336e+00
1.180516528568804902e-01 1.939878098821134156e+00
1.192000057287153220e-01 1.939342399616028834e+00
1.203595292558212876e-01 1.938796535545396882e+00
1.215303321012602134e-01 1.938240655170232918e+00
1.227125239851190319e-01 1.937673561669276845e+00
1.239062156947916271e-01 1.937098043049277907e+00
1.251115190953615564e-01 1.936509988911572666e+00
1.263285471400849291e-01 1.935911393385453261e+00
1.275574138809759950e-01 1.935302636354620631e+00
1.287982344794950385e-01 1.934682006719061098e+00
1.300511252173409127e-01 1.934050920076932023e+00
1.313162035073478784e-01 1.933407105843276685e+00
1.325935879044890797e-01 1.932746847541641166e+00
1.338833981169864351e-01 1.932076219058252331e+00
1.351857550175293021e-01 1.931394174683435772e+00
1.365007806546013891e-01 1.930697696501626481e+00
1.378285982639189389e-01 1.929989341184470408e+00
1.391693322799789911e-01 1.929267083234080138e+00
1.405231083477211373e-01 1.928530619669438950e+00
1.418900533343016301e-01 1.927777499084368351e+00
1.432702953409830948e-01 1.927014039369032039e+00
1.446639637151387880e-01 1.926237607765556747e+00
1.460711890623745679e-01 1.925447607237221970e+00
1.474921032587684921e-01 1.924642334430606505e+00
1.489268394632288772e-01 1.923820185947858308e+00
1.503755321299738434e-01 1.922980789621403508e+00
1.518383170211306810e-01 1.922126361184609999e+00
1.533153312194593942e-01 1.921257602267842923e+00
1.548067131411984265e-01 1.920373440105587637e+00
1.563126025490369497e-01 1.919471841095443887e+00
1.578331405652117214e-01 1.918552623493238407e+00
1.593684696847328941e-01 1.917618558023525654e+00
1.609187337887370006e-01 1.916663402434435781e+00
1.624840781579713067e-01 1.915688560711317656e+00
1.640646494864078653e-01 1.914697673645769704e+00
1.656605958949914359e-01 1.913690237122196658e+00
1.672720669455196874e-01 1.912666140036710871e+00
1.688992136546599021e-01 1.911623143461563368e+00
1.705421885081006561e-01 1.910558955226861588e+00
1.722011454748421100e-01 1.909475341496236656e+00
1.738762400216251336e-01 1.908372298280728963e+00
1.755676291275001522e-01 1.907247089656291195e+00
1.772754712985387948e-01 1.906100829747619185e+00
1.789999265826875408e-01 1.904933963577500444e+00
1.807411565847668600e-01 1.903745573901870936e+00
1.824993244816152382e-01 1.902535443315521269e+00
1.842745950373816666e-01 1.901307027606483846e+00
1.860671346189656239e-01 1.900054992344164750e+00
1.878771112116086051e-01 1.898778182240213885e+00
1.897046944346358344e-01 1.897477616024080715e+00
1.915500555573527997e-01 1.896151294843271273e+00
1.934133675150944698e-01 1.894805296616829837e+00
1.952948049254327745e-01 1.893435978260912478e+00
1.971945441045395986e-01 1.892037854186472856e+00
1.991127630837108697e-01 1.890615382685670420e+00
2.010496416260497965e-01 1.889166620498673232e+00
2.030053612433137811e-01 1.887691314590736580e+00
2.049801052129238688e-01 1.886190290084458931e+00
2.069740585951406198e-01 1.884663346290535335e+00
2.089874082504071251e-01 1.883107883438873031e+00
2.110203428568595552e-01 1.881528553621195199e+00
2.130730529280097374e-01 1.879917734410071040e+00
2.151457308305980698e-01 1.878277068050945298e+00
2.172385708026215445e-01 1.876605396173626650e+00
2.193517689715359098e-01 1.874905289680404596e+00
2.214855233726360506e-01 1.873176905794224911e+00
2.236400339676138660e-01 1.871417727440879419e+00
2.258155026632983065e-01 1.869627763352574634e+00
2.280121333305757114e-01 1.867805256672830261e+00
2.302301318234963867e-01 1.865948868663047877e+00
2.324697059985647851e-01 1.864062246163298964e+00
2.347310657342196183e-01 1.862142513307997183e+00
2.370144229505012079e-01 1.860189676272488102e+00
2.393199916289123208e-01 1.858202445361346378e+00
2.416479878324700736e-01 1.856176037308589155e+00
2.439986297259550130e-01 1.854114808126026803e+00
2.463721375963552895e-01 1.852024372219775783e+00
2.487687338735107279e-01 1.849894518769044538e+00
2.511886431509580686e-01 1.847728085897644812e+00
2.536320922069775774e-01 1.845524219497817864e+00
2.560993100258459609e-01 1.843282576189077648e+00
2.585905278192945911e-01 1.841001191495154954e+00
2.611059790481781162e-01 1.838680688257497753e+00
2.636458994443517945e-01 1.836320163155868102e+00
2.662105270327638773e-01 1.833922296128304374e+00
2.688001021537606006e-01 1.831480441927209268e+00
2.714148674856106669e-01 1.829000976073458462e+00
2.740550680672460548e-01 1.826478750571356890e+00
2.767209513212268712e-01 1.823911965186946427e+00
2.794127670769268601e-01 1.821302523819194441e+00
2.821307675939472293e-01 1.818649466195056741e+00
2.848752075857552413e-01 1.815953767745094316e+00
2.876463442435557849e-01 1.813212406869150417e+00
2.904444372603925406e-01 1.810429019902705772e+00
2.932697488554852905e-01 1.807594973987872056e+00
2.961225437988035947e-01 1.804709047651900544e+00
2.990030894358785551e-01 1.801784923293937801e+00
3.019116557128577738e-01 1.798813972302955033e+00
3.048485152018017286e-01 1.795790271861033682e+00
3.078139431262288950e-01 1.792714865162756688e+00
3.108082173869063936e-01 1.789593643099524067e+00
3.138316185878944342e-01 1.786427301114833055e+00
3.168844300628416155e-01 1.783201661312560526e+00
3.199669379015380732e-01 1.779923892909285099e+00
3.230794309767249795e-01 1.776597056913360451e+00
3.262222009711669979e-01 1.773220207877474808e+00
3.293955424049855307e-01 1.769787991953679418e+00
3.325997526632606949e-01 1.766301625710001488e+00
3.358351320238990301e-01 1.762760163101701583e+00
3.391019836857747105e-01 1.759163740071951532e+00
3.424006137971423724e-01 1.755513067762566992e+00
3.457313314843284413e-01 1.751802775404947221e+00
3.490944488806992929e-01 1.748039531968705429e+00
3.524902811559130766e-01 1.744214868587435907e+00
3.559191465454557002e-01 1.740333232711049671e+00
3.593813663804627523e-01 1.736393842164433599e+00
3.628772651178337472e-01 1.732393796742049741e+00
3.664071703706370808e-01 1.728338076724631245e+00
3.699714129388128048e-01 1.724214326321654278e+00
3.735703268401719401e-01 1.720029782060874313e+00
3.772042493416999376e-01 1.715789676730537172e+00
3.808735209911614517e-01 1.711487507612134085e+00
3.845784856490158665e-01 1.707119921122405515e+00
3.883194905206404091e-01 1.702686742364133865e+00
3.920968861888690649e-01 1.698193167309536955e+00
3.959110266468458539e-01 1.693631460332601035e+00
3.997622693312000708e-01 1.689008491980113602e+00
4.036509751555413805e-01 1.684320142245770535e+00
4.075775085442840395e-01 1.679565395326781729e+00
4.115422374667966343e-01 1.674742886004690900e+00
4.155455334718875515e-01 1.669854116755499884e+00
4.195877717226225712e-01 1.664898424087610795e+00
4.236693310314835759e-01 1.659874417750762277e+00
4.277905938958687093e-01 1.654783212282833205e+00
4.319519465339363706e-01 1.649619836749777413e+00
4.361537789208005944e-01 1.644393411770121327e+00
4.403964848250754294e-01 1.639096466610056257e+00
4.446804618457780300e-01 1.633725812081292306e+00
4.490061114495874639e-01 1.628288524813627625e+00
4.533738390084691150e-01 1.622777846146201020e+00
4.577840538376618529e-01 1.617201762363711159e+00
4.622371692340384031e-01 1.611549832764570755e+00
4.667336025148346446e-01 1.605828879521816965e+00
4.712737750567601580e-01 1.600035893426320799e+00
4.758581123354846953e-01 1.594169098091042125e+00
4.804870439655131720e-01 1.588230425423685421e+00
4.851610037404442966e-01 1.582223232221641851e+00
4.898804296736250508e-01 1.576144380124677502e+00
4.946457640391963562e-01 1.569988996181632901e+00
4.994574534135413635e-01 1.563760798394231211e+00
5.043159487171361421e-01 1.557464929089866779e+00
5.092217052568053237e-01 1.551091474008547300e+00
5.141751827683928022e-01 1.544645798784752388e+00
5.191768454598426619e-01 1.538129527985619527e+00
5.242271620547044320e-01 1.531541337432553052e+00
5.293266058360561743e-01 1.524876258560063480e+00
5.344756546908600026e-01 1.518142699978592303e+00
5.396747911547442600e-01 1.511338409438302666e+00
5.449245024572260121e-01 1.504455484165672985e+00
5.502252805673685243e-01 1.497502207760894377e+00
5.555776222398878250e-01 1.490480186558827969e+00
5.609820290617031358e-01 1.483383676968726750e+00
5.664390074989449353e-01 1.476216806740550558e+00
5.719490689444144405e-01 1.468979276045601079e+00
5.775127297655114900e-01 1.461671694940486654e+00
5.831305113526221717e-01 1.454287831822548505e+00
5.888029401679826247e-01 1.446839615218124653e+00
5.945305477950136863e-01 1.439324992994623464e+00
6.003138709881384871e-01 1.431735285308968209e+00
6.061534517230839914e-01 1.424079031598503242e+00
6.120498372476699256e-01 1.416351319529184583e+00
6.180035801330957534e-01 1.408564615265902820e+00
6.240152383257209223e-01 1.400707327381458756e+00
6.300853751993553686e-01 1.392779628262039715e+00
6.362145596080520660e-01 1.384786777774412281e+00
6.424033659394193796e-01 1.376737074485167911e+00
6.486523741684461219e-01 1.368617412783844856e+00
6.549621699118558515e-01 1.360436723487086663e+00
6.613333444829840868e-01 1.352190739068349412e+00
6.677664949471955325e-01 1.343889151657313485e+00
6.742622241778342129e-01 1.335524811983822113e+00
6.808211409127237213e-01 1.327099635442338998e+00
6.874438598112112553e-01 1.318617693355262244e+00
6.941310015117725385e-01 1.310078981634712036e+00
7.008831926901714082e-01 1.301480843256359821e+00
7.077010661181889484e-01 1.292832331183681571e+00
7.145852607229240538e-01 1.284126835174443704e+00
7.215364216466665370e-01 1.275368585769405039e+00
7.285552003073593186e-01 1.266566033635333488e+00
7.356422544596413760e-01 1.257695987765599099e+00
7.427982482564918776e-01 1.248795439379907890e+00
7.500238523114668432e-01 1.239841565516499600e+00
7.573197437615483141e-01 1.230838728762283063e+00
7.646866063305975958e-01 1.221793335574890893e+00
7.721251303934327792e-01 1.212703448150308283e+00
7.796360130405233235e-01 1.203574000740539329e+00
7.872199581433195759e-01 1.194401644619251801e+00
7.948776764202123424e-01 1.185192841153549947e+00
8.026098855031396084e-01 1.175947106238527162e+00
8.104173100048355227e-01 1.166662265294201806e+00
8.183006815867394090e-01 1.157346967186461129e+00
8.262607390275591435e-01 1.148000877884126192e+00
8.342982282925082149e-01 1.138620439286154307e+00
8.424139026032094746e-01 1.129213363557372007e+00
8.506085225082840040e-01 1.119778697348318364e+00
8.588828559546254349e-01 1.110315395788808335e+00
8.672376783593644944e-01 1.100837334456800987e+00
8.756737726825394308e-01 1.091330295013490881e+00
8.841919295004664336e-01 1.081803380575133700e+00
8.927929470798307010e-01 1.072261099763339942e+00
9.014776314524917122e-01 1.062700728833962049e+00
9.102467964910225806e-01 1.053127934983151714e+00
9.191012639849772681e-01 1.043541279559678348e+00
9.280418637179072006e-01 1.033943092451300227e+00
9.370694335451198453e-01 1.024337770114959856e+00
9.461848194722002336e-01 1.014716051911142225e+00
9.553888757342895444e-01 1.005103781528089435e+00
9.646824648761427312e-01 9.954854863005494492e-01
9.740664578329562007e-01 9.858637424511488279e-01
9.835417340119908536e-01 9.762400869331512299e-01
9.931091813749796104e-01 9.666204244387686106e-01
1.002769696521346621e+00 9.570102161256190954e-01
1.012524184772224167e+00 9.474012322155397348e-01
1.022373560255302127e+00 9.377990684416546152e-01
1.032318745990486564e+00 9.282134728261743906e-01
1.042360673976402197e+00 9.186365285550435189e-01
1.052500285277732761e+00 9.090755960381369238e-01
1.062738530113414459e+00 8.995287122596825613e-01
1.073076367945679621e+00 8.900031284037736024e-01
1.083514767569973225e+00 8.804934479894533927e-01
1.094054707205742494e+00 8.710040452221934348e-01
1.104697174588111785e+00 8.615431541628155721e-01
1.115443167060441221e+00 8.521045342185665783e-01
1.126293691667795249e+00 8.426946055135754454e-01
1.137249765251314271e+00 8.333102169950238336e-01
1.148312414543511073e+00 8.239599326442008653e-01
1.159482676264482759e+00 8.146394688706456444e-01
1.170761597219069250e+00 8.053555876994420437e-01
1.182150234394952371e+00 7.961052602578421178e-01
1.193649655061713055e+00 7.868926238055615752e-01
1.205260936870842681e+00 7.777194978920525248e-01
1.216985167956738056e+00 7.685856018322463346e-01
1.228823447038673411e+00 7.594949230448018174e-01
1.240776883523764251e+00 7.504491016919677682e-01
1.252846597610937529e+00 7.414466464797019318e-01
1.265033720395903893e+00 7.324895011818439716e-01
1.277339393977160009e+00 7.235827444735944969e-01
1.289764771563017165e+00 7.147236893371202715e-01
1.302311017579677488e+00 7.059178884931152087e-01
1.314979307780347773e+00 6.971610837686763595e-01
1.327770829355430449e+00 6.884594915611244037e-01
1.340686781043774811e+00 6.798110916846443752e-01
1.353728373245021821e+00 6.712201420665607765e-01
1.366896828133026487e+00 6.626856468265771571e-01
1.380193379770397355e+00 6.542084273934459793e-01
1.393619274224142002e+00 6.457915860755910620e-01
1.407175769682446731e+00 6.374332242806005633e-01
1.420864136572576708e+00 6.291384361560484750e-01
1.434685657679937831e+00 6.209054409303925715e-01
1.448641628268290127e+00 6.127372755665779769e-01
1.462733356201129986e+00 6.046253369537563094e-01
1.476962162064259898e+00 5.965864560549157813e-01
1.491329379289537682e+00 5.886107648699165917e-01
1.505836354279841416e+00 5.807001512967719936e-01
1.520484446535244283e+00 5.728595111347238866e-01
1.535275028780422657e+00 5.650820641501614894e-01
1.550209487093291205e+00 5.573795751857435476e-01
1.565289221034902312e+00 5.497409893754109378e-01
1.580515643780601165e+00 5.421755794926355065e-01
1.595890182252465817e+00 5.346796091219817582e-01
1.611414277253019778e+00 5.272491593961479150e-01
1.627089383600260675e+00 5.198981284289801996e-01
1.642916970263993193e+00 5.126147236774409865e-01
1.658898520503498064e+00 5.054026543440759411e-01
1.675035532006524441e+00 4.982623530724668015e-01
1.691329517029648732e+00 4.911963269311696023e-01
1.707782002539993016e+00 4.842032155672156835e-01
1.724394530358320354e+00 4.772831884714337503e-01
1.741168657303530987e+00 4.704350194371601512e-01
1.758105955338547632e+00 4.636603922272007905e-01
1.775208011717636092e+00 4.569604722976171596e-01
1.792476429135148930e+00 4.503338321062682059e-01
1.809912825875727105e+00 4.437798131648550415e-01
1.827518835965944666e+00 4.373006554012802694e-01
1.845296109327445366e+00 4.308940111108599536e-01
1.863246311931559873e+00 4.245614046141278908e-01
1.881371125955437096e+00 4.183004634616402928e-01
1.899672249939675650e+00 4.121182052501144444e-01
1.918151398947507635e+00 4.060062935916707860e-01
1.936810304725519849e+00 3.999642322492095170e-01
1.955650715865949074e+00 3.939963685959540496e-01
1.974674397970537454e+00 3.881039062094598924e-01
1.993883133816001019e+00 3.822850900067213953e-01
2.013278723521096492e+00 3.765441862403478557e-01
2.032862984715323673e+00 3.708575957977925386e-01
2.052637752709252084e+00 3.652512032140257103e-01
2.072604880666519822e+00 3.597173659297254744e-01
2.092766239777499759e+00 3.542558875560071208e-01
2.113123719434652603e+00 3.488626335825347757e-01
2.133679227409597701e+00 3.435405065359336541e-01
2.154434690031884259e+00 3.382860931295493812e-01
2.175392052369522489e+00 3.331027982683452127e-01
2.196553278411258248e+00 3.279899652201876403e-01
2.217920351250634692e+00 3.229444487168242062e-01
2.239495273271823184e+00 3.179652706072537693e-01
2.261280066337279404e+00 3.130536133092240991e-01
2.283276771977218012e+00 3.082102385789944887e-01
2.305487451580938707e+00 3.034338545336214277e-01
2.327914186589993051e+00 2.987223979701040255e-01
2.350559078693253756e+00 2.940761954823639668e-01
2.373424250023866033e+00 2.894950230488611553e-01
2.396511843358130278e+00 2.849781298258869944e-01
2.419824022316292567e+00 2.805248594109295279e-01
2.443362971565319341e+00 2.761342353999939325e-01
2.467130897023623426e+00 2.718073141346501465e-01
2.491130026067788439e+00 2.675410689240673157e-01
2.515362607741312928e+00 2.633368533665348399e-01
2.539830912965362675e+00 2.591924412210498962e-01
2.564537234751594674e+00 2.551095155802691750e-01
2.589483888417040802e+00 2.510849094815488236e-01
2.614673211801092023e+00 2.471192601903287323e-01
2.640107565484572927e+00 2.432119486421309984e-01
2.665789333010967876e+00 2.393622807908054040e-01
2.691720921109787668e+00 2.355696565480529803e-01
2.717904759922122881e+00 2.318325583872493934e-01
2.744343303228365283e+00 2.281520311667216694e-01
2.771039028678170535e+00 2.245256855027413234e-01
2.797994438022641805e+00 2.209534543438089471e-01
2.825212057348790218e+00 2.174363366361276861e-01
2.852694437316245057e+00 2.139719726796222299e-01
2.880444153396297668e+00 2.105574959239890909e-01
2.908463806113254169e+00 2.071976795364149915e-01
2.936756021288137397e+00 2.038874788191181453e-01
2.965323450284773621e+00 2.006278039141605185e-01
2.994168770258243573e+00 1.974179582918244857e-01
3.023294684405779531e+00 1.942572100495036092e-01
3.052703922220086241e+00 1.911462926240727334e-01
3.082399239745143404e+00 1.880812936985492567e-01
3.112383419834465759e+00 1.850651671986871805e-01
3.142659272411905569e+00 1.820944093347674764e-01
3.173229634734976212e+00 1.791689950790493480e-01
3.204097371660752813e+00 1.762914133083219315e-01
3.235265375914330388e+00 1.734564191209043982e-01
3.266736568359921655e+00 1.706661517232553327e-01
3.298513898274578082e+00 1.679191252809084101e-01
3.330600343624588788e+00 1.652149784172924074e-01
3.362998911344535991e+00 1.625538956971905036e-01
3.395712637619100693e+00 1.599336795223605390e-01
3.428744588167585317e+00 1.573542200195198193e-01
3.462097858531227423e+00 1.548156532280356990e-01
3.495775574363275240e+00 1.523172660875417306e-01
3.529780891721914671e+00 1.498575741761958013e-01
3.564116997366032269e+00 1.474371292773788700e-01
3.598787109053855460e+00 1.450547339213986153e-01
3.633794475844513094e+00 1.427090465233989414e-01
3.669142378402494131e+00 1.404009960711928295e-01
3.704834129305105694e+00 1.381297264495615351e-01
3.740873073352900313e+00 1.358947506894664647e-01
3.777262587883141176e+00 1.336941656691019720e-01
3.814006083086284082e+00 1.315281242952665852e-01
3.851107002325572903e+00 1.293970972490142979e-01
3.888568822459721019e+00 1.273005506212913640e-01
3.926395054168756449e+00 1.252360060562835997e-01
3.964589242282997805e+00 1.232046016097069346e-01
4.003154966115265445e+00 1.212049648269287877e-01
4.042095839796306045e+00 1.192376478867882006e-01
4.081415512613501662e+00 1.173017780796178217e-01
4.121117669352832635e+00 1.153965704149408633e-01
4.161206030644208020e+00 1.135215638609846089e-01
4.201684353310133346e+00 1.116756196368220710e-01
4.242556430717777438e+00 1.098595589446337562e-01
4.283826093134470270e+00 1.080728906324946587e-01
4.325497208086633627e+00 1.063142971904388889e-01
4.367573680722233398e+00 1.045832684711678479e-01
4.410059454176736615e+00 1.028797356771704863e-01
4.452958509942654963e+00 1.012035324520267343e-01
4.496274868242640110e+00 9.955426145738575927e-02
4.540012588406244554e+00 9.793098652270791626e-02
4.584175769250333765e+00 9.632132188418901508e-02
4.628768549463215365e+00 9.476131263186758635e-02
4.673795107992464004e+00 9.321394158263120178e-02
4.719259664436561863e+00 9.169152866347891895e-02
4.765166479440326341e+00 9.019314129300259886e-02
4.811519855094205766e+00 8.871864503336406027e-02
4.858324135337417360e+00 8.726722084586449601e-02
4.905583706365050922e+00 8.583915801154200220e-02
4.953302997039108924e+00 8.443333806494165983e-02
5.001486479303548727e+00 8.305036332141278732e-02
5.050138668603383785e+00 8.168894038758074683e-02
5.099264124307808288e+00 8.034933790680821863e-02
5.148867450137498025e+00 7.903072419706813623e-02
5.198953294596024399e+00 7.773337070149495542e-02
5.249526351405507718e+00 7.645617646328246864e-02
5.300591359946452030e+00 7.519928690611293876e-02
5.352153105701904501e+00 7.396211388948270571e-02
5.404216420705915347e+00 7.274492197034590490e-02
5.456786183996381823e+00 7.154672917386815933e-02
5.509867322072253160e+00 7.036768812575458498e-02
5.563464809355226137e+00 6.920670573082177146e-02
5.617583668655908191e+00 6.806448582258410596e-02
5.672228971644543094e+00 6.694022442686488328e-02
5.727405839326266346e+00 6.583357428742245276e-02
5.783119442521027054e+00 6.474442240403843751e-02
5.839375002348160315e+00 6.367242966628018641e-02
5.896177790715694478e+00 6.261762769316418786e-02
5.953533130814370189e+00 6.157888265736170125e-02
6.011446397616513337e+00 6.055707767740184377e-02
6.069923018379741464e+00 5.955080953959475398e-02
6.128968473155564034e+00 5.856050807801354424e-02
6.188588295302960063e+00 5.758600368059536151e-02
6.248788072006894012e+00 5.662656093396564033e-02
6.309573444801936049e+00 5.568220916390904246e-02
6.370950110100935149e+00 5.475258055097116661e-02
6.432923819728876502e+00 5.383760687527509164e-02
6.495500381461869033e+00 5.293722517357721952e-02
6.558685659571435345e+00 5.205074362234556745e-02
6.622485575374063238e+00 5.117798970778689865e-02
6.686906107786136921e+00 5.031909372328194352e-02
6.751953293884205287e+00 4.947362634295328354e-02
6.817633229470763112e+00 4.864129621905367851e-02
6.883952069645496330e+00 4.782211897488013175e-02
6.950916029382126382e+00 4.701578716047240952e-02
7.018531384110795912e+00 4.622173708326647590e-02
7.086804470306189430e+00 4.544037403309571926e-02
7.155741686081340980e+00 4.467139660190028866e-02
7.225349491787214085e+00 4.391360705252548430e-02
7.295634410618154320e+00 4.316844419076894951e-02
7.366603029223159460e+00 4.243450571198520427e-02
7.438261998323163482e+00 4.171237995064767251e-02
7.510618033334286459e+00 4.100116621736060729e-02
7.583677914997190683e+00 4.030133068470386631e-02
7.657448490012479958e+00 3.961207041478279067e-02
7.731936671682362316e+00 3.893378627100440442e-02
7.807149440558499798e+00 3.826607146262353543e-02
7.883093845096216690e+00 3.760881258445467751e-02
7.959777002314985417e+00 3.696163218354980157e-02
8.037206098465421888e+00 3.632452794761718146e-02
8.115388389702712146e+00 3.569736719795287005e-02
8.194331202766655053e+00 3.508008527687676154e-02
8.274041935668218883e+00 3.447243057438384439e-02
8.354528058382872047e+00 3.387400991437120729e-02
8.435797113550611570e+00 3.328505065596593787e-02
8.517856717182803905e+00 3.270530389460020448e-02
8.600714559375941093e+00 3.212974801916806261e-02
8.684378405032257220e+00 3.157274789889214645e-02
8.768856094587436090e+00 3.101956467057788783e-02
8.854155544745349715e+00 3.047510774605656503e-02
8.940284749219998162e+00 2.993919515946824941e-02
9.027251779484577909e+00 2.941151487193018055e-02
9.115064785527916769e+00 2.889210498345721675e-02
9.203731996618220279e+00 2.838076153026664050e-02
9.293261722074316111e+00 2.787746082949350140e-02
9.383662352044273902e+00 2.737850509347102695e-02
9.474942358291729150e+00 2.689434011213113346e-02
9.567110294989774388e+00 2.641421667423598033e-02
9.660174799522645017e+00 2.594162041618370759e-02
9.754144593295098531e+00 2.547642456105461695e-02
9.849028482549766039e+00 2.501850459860207113e-02
9.944835359192397917e+00 2.456771173788619561e-02
1.004157420162519543e+01 2.412405799316029789e-02
1.013925407558815373e+01 2.368732615456209389e-02
1.023788413500867378e+01 2.325746290539255218e-02
1.033747362285940774e+01 2.283436007710397744e-02
1.043803187202444072e+01 2.241788661775060906e-02
1.053956830617394580e+01 2.200795924688117230e-02
1.064209244064724658e+01 2.160409651465930794e-02
1.074561388334458023e+01 2.120744304549898596e-02
1.085014233562746178e+01 2.081647901882707069e-02
1.095568759322787855e+01 2.043175643945107506e-02
1.106225954716621906e+01 2.005323160763603646e-02
1.116986818467823817e+01 1.968058727926161322e-02
1.127852359015096795e+01 1.931393032924679648e-02
1.138823594606782130e+01 1.895298864575610878e-02
1.149901553396274245e+01 1.859781157593570419e-02
1.161087273538378994e+01 1.824826932536921520e-02
1.172381803286598512e+01 1.790431134241731934e-02
1.183786201091373513e+01 1.756581062968966961e-02
1.195301535699265827e+01 1.723272723457294070e-02
1.206928886253119870e+01 1.690496147901077162e-02
1.218669342393191712e+01 1.658247342847599462e-02
1.230524004359261525e+01 1.626504829440690580e-02
1.242493983093746479e+01 1.595281156799200489e-02
1.254580400345803248e+01 1.564484863464067274e-02
1.266784388776455827e+01 1.534325680563904636e-02
1.279107092064739781e+01 1.504583081427683829e-02
1.291549665014884063e+01 1.475321406167472323e-02
1.304113273664525430e+01 1.446510687561802094e-02
1.316799095393986185e+01 1.418218048551371339e-02
1.329608319036608854e+01 1.390354011223126143e-02
1.342542144990170527e+01 1.362939986123351196e-02
1.355601785329368880e+01 1.335977882333371294e-02
1.368788463919415221e+01 1.309456390327821441e-02
1.382103416530724438e+01 1.283367392038523187e-02
1.395547890954729020e+01 1.257683708424614348e-02
1.409123147120805619e+01 1.232470746721626986e-02
1.422830457214353395e+01 1.207648698731830436e-02
1.436671105796013137e+01 1.183159928979896601e-02
1.450646389922046886e+01 1.159229521979752639e-02
1.464757619265895272e+01 1.135619206118415950e-02
1.479006116240903168e+01 1.112396335890943402e-02
1.493393216124253264e+01 1.089498167912436588e-02
1.507920267182097263e+01 1.067116636562577200e-02
1.522588630795911513e+01 1.045052063715863795e-02
1.537399681590069456e+01 1.023332520619866029e-02
1.552354807560667105e+01 1.002002028513612059e-02
1.567455410205595001e+01 9.810368586503873112e-03
1.582702904655883280e+01 9.604166044371030206e-03
1.598098719808309376e+01 9.401452823994859570e-03
1.613644298459311699e+01 9.202194443931313930e-03
1.629341097440194730e+01 9.006350736837387752e-03
1.645190587753662470e+01 8.813841300085939814e-03
1.661194254711659113e+01 8.624651605649746172e-03
1.677353598074571295e+01 8.438760085750781487e-03
1.693670132191772026e+01 8.255997683751584160e-03
1.710145386143542012e+01 8.076324931193234677e-03
1.726780903884355922e+01 7.900029664640173879e-03
1.743578244387577669e+01 7.726748380982822843e-03
1.760538981791556523e+01 7.556371512166002412e-03
1.777664705547142532e+01 7.389059341299577047e-03
1.794957020566648254e+01 7.224708355872569952e-03
1.812417547374237614e+01 7.063236143314961107e-03
1.830047922257800863e+01 6.904654664321619936e-03
1.847849797422290763e+01 6.748877051955174886e-03
1.865824841144566193e+01 6.595936720633287578e-03
1.883974737929719367e+01 6.445652967663333642e-03
1.902301188668945642e+01 6.298062437921370278e-03
1.920805910798935301e+01 6.153693219104289409e-03
1.939490638462828542e+01 6.011089427881461007e-03
1.958357122672716955e+01 5.871438718752423555e-03
1.977407131473744428e+01 5.734384416547192928e-03
1.996642450109793288e+01 5.599675416097257483e-03
2.016064881190793656e+01 5.467737899059132989e-03
2.035676244861640072e+01 5.338076241108216484e-03
2.055478378972772546e+01 5.210891580635309411e-03
2.075473139252405730e+01 5.086097235594325659e-03
2.095662399480432825e+01 4.963558904191393492e-03
2.116048051664034446e+01 4.843374394224530741e-03
2.136632006214970403e+01 4.725480451014832904e-03
2.157416192128621546e+01 4.609796878867714054e-03
2.178402557164756459e+01 4.496466901151770570e-03
2.199593068030074861e+01 4.385074034011340709e-03
2.220989710562497521e+01 4.275935769694596059e-03
2.242594489917278011e+01 4.168921520961888123e-03
2.264409430754907504e+01 4.063970301470572546e-03
2.286436577430861306e+01 3.961148072403049107e-03
2.308677994187169702e+01 3.860258863413707376e-03
2.331135765345874944e+01 3.761341540552159100e-03
2.353811995504354471e+01 3.664463724955119989e-03
2.376708809732560823e+01 3.569483700072233288e-03
2.399828353772154799e+01 3.476576246260421662e-03
2.423172794237600769e+01 3.385222394837825426e-03
2.446744318819203201e+01 3.296008988257778573e-03
2.470545136488123816e+01 3.208372294790092644e-03
2.494577477703398571e+01 3.122663886704641050e-03
2.518843594620949489e+01 3.038661902229212574e-03
2.543345761304651020e+01 2.956432238683357524e-03
2.568086273939435316e+01 2.875904235047991361e-03
2.593067451046487548e+01 2.797154342597129965e-03
2.618291633700505372e+01 2.719920137953529046e-03
2.643761185749101372e+01 2.644434025928495656e-03
2.669478494034320804e+01 2.570371031706445743e-03
2.695445968616333587e+01 2.498058997940328079e-03
2.721666042999271795e+01 2.427418545637811172e-03
2.748141174359293259e+01 2.358322867965644606e-03
2.774873843774846804e+01 2.290454567141188974e-03
2.801866556459195223e+01 2.224215448285267720e-03
2.829121841995168651e+01 2.159439014626902964e-03
2.856642254572233952e+01 2.096105757046056502e-03
2.884430373225852051e+01 2.034259528184887388e-03
2.912488802079168337e+01 1.973672589457526726e-03
2.940820170587063842e+01 1.914525382888951051e-03
2.969427133782552986e+01 1.856831762929198309e-03
2.998312372525609959e+01 1.800253217865383643e-03
3.027478593754393543e+01 1.745094523119186409e-03
3.056928530738937155e+01 1.691214950211127142e-03
3.086664943337274636e+01 1.638491365119165754e-03
3.116690618254088463e+01 1.587216597905699795e-03
3.147008369301855879e+01 1.537078664409953152e-03
3.177621037664554038e+01 1.488127121349922194e-03
3.208531492163897525e+01 1.440346104498434546e-03
3.239742629528198847e+01 1.393753275605561989e-03
3.271257374663825601e+01 1.348289450463561762e-03
3.303078680929315425e+01 1.303913323922410890e-03
3.335209530412127066e+01 1.260711351724119311e-03
3.367652934208116022e+01 1.218538141697640513e-03
3.400411932703705986e+01 1.177434209888435180e-03
3.433489595860830690e+01 1.137385332880414077e-03
3.466889023504609213e+01 1.098356579908002029e-03
3.500613345613854221e+01 1.060331862745045404e-03
3.534665722614391115e+01 1.023327005631846425e-03
3.569049345675229290e+01 9.872587083241881212e-04
3.603767437007633134e+01 9.521588569856509953e-04
3.638823250167062184e+01 9.179924541820122736e-04
3.674220070358090595e+01 8.847611233085226484e-04
3.709961214742267543e+01 8.524161440201196609e-04
3.746050032748993175e+01 8.209564388627411426e-04
3.782489906389385936e+01 7.903790780585547536e-04
3.819284250573236505e+01 7.606469608953571196e-04
3.856436513429023449e+01 7.317483168571694641e-04
3.893950176627063087e+01 7.036806782651193470e-04
3.931828755705770106e+01 6.764084857687859605e-04
3.970075800401124155e+01 6.499258365310704158e-04
4.008694894979318946e+01 6.242172133175076911e-04
4.047689658572676308e+01 5.992663339545989919e-04
4.087063745518780422e+01 5.750597226597846043e-04
4.126820845702955864e+01 5.515834506054866472e-04
4.166964684904057492e+01 5.288137813162967563e-04
4.207499025143619065e+01 5.067451631738292264e-04
4.248427665038425260e+01 4.853610365329567443e-04
4.289754440156466586e+01 4.646440591518859772e-04
4.331483223376402947e+01 4.445837610484855386e-04
4.373617925250492533e+01 4.251692506880963476e-04
4.416162494371084790e+01 4.063790140970550730e-04
4.459120917740628443e+01 3.882044268411404073e-04
4.502497221145327444e+01 3.706297418729916191e-04
4.546295469532399380e+01 3.536418168032955979e-04
4.590519767391037220e+01 3.372353971894275263e-04
4.635174259137027519e+01 3.213811895859158461e-04
4.680263129501155817e+01 3.060798639309840518e-04
4.725790603921362276e+01 2.913140207887863651e-04
4.771760948938745628e+01 2.770737187009889892e-04
4.818178472597362827e+01 2.633471235491695230e-04
4.865047524847972937e+01 2.501148607548424135e-04
4.912372497955678341e+01 2.373768329956006098e-04
4.960157826911540724e+01 2.251090794415767460e-04
5.008407989848212338e+01 2.133101958059064576e-04
5.057127508459573306e+01 2.019622197166977186e-04
5.106320948424492911e+01 1.910530755920633182e-04
5.155992919834686461e+01 1.805754948146386020e-04
5.206148077626762216e+01 1.705257923589089113e-04
5.256791122018424289e+01 1.608770809028396286e-04
5.307926798948964375e+01 1.516289489266754156e-04
5.359559900524011766e+01 1.427667198609636797e-04
5.411695265464637572e+01 1.342817965893443571e-04
5.464337779560780461e+01 1.261642280582295618e-04
5.517492376129128928e+01 1.184046171834270730e-04
5.571164036475430237e+01 1.109888005313613220e-04
5.625357790361330501e+01 1.039115734825781862e-04
5.680078716475694733e+01 9.716135742095418899e-05
5.735331942910571712e+01 9.072834415851996337e-05
5.791122647641758192e+01 8.460293588291943449e-05
5.847456059014062646e+01 7.877891640566703235e-05
5.904337456231242243e+01 7.324324380927019369e-05
5.961772169850755887e+01 6.799108303151077805e-05
6.019765582283304184e+01 6.300611291844979080e-05
6.078323128297230227e+01 5.828855593222527796e-05
6.137450295527852973e+01 5.382509925713074042e-05
6.197152624991698389e+01 4.960498748234279799e-05
6.257435711605789663e+01 4.562919824254176683e-05
6.318305204711957401e+01 4.187534939177314422e-05
6.379766808606282069e+01 3.834601286335290854e-05
6.441826283073628190e+01 3.502963288018492408e-05
6.504489443927437264e+01 3.192059537970404708e-05
6.567762163554736787e+01 2.900775237523410386e-05
6.631650371466487570e+01 2.628663898331600563e-05
6.696160054853221766e+01 2.374959685182947408e-05
6.761297259146149941e+01 2.138379501837557321e-05
6.827068088583682481e+01 1.919289526431744111e-05
6.893478706783510290e+01 1.715968158650322663e-05
6.960535337320180815e+01 1.528023558132705217e-05
7.028244264308352740e+01 1.354793715730663982e-05
7.096611832991698066e+01 1.195796677167085725e-05
7.165644450337531168e+01 1.049966218392648397e-05
7.235348585637258623e+01 9.169252446284050916e-06
7.305730771112592947e+01 7.959761118518577492e-06
7.376797602527737752e+01 6.865261564914311142e-06
7.448555739807494547e+01 5.877702798314559927e-06
7.521011907661404905e+01 4.992313920557854344e-06
7.594172896213913759e+01 4.202386914202413301e-06
7.668045561640717267e+01 3.503138341094591588e-06
7.742636826811269657e+01 2.887484895661738813e-06
7.817953681937576960e+01 2.349836191832354320e-06
7.894003185229233566e+01 1.884583301150131734e-06
7.970792463554894880e+01 1.486436810246432996e-06
8.048328713110151966e+01 1.149469004871299775e-06
8.126619200091946027e+01 8.685646366717402982e-07
8.205671261379453085e+01 6.382384910067608664e-07
8.285492305221690401e+01 4.530767687578881890e-07
8.366089811931756515e+01 3.081598441410786226e-07
8.447471334587828551e+01 1.983032058776738097e-07
8.529644499741024788e+01 1.178306574021467237e-07
8.612617008130067120e+01 6.309477630414820160e-08
8.696396635402970787e+01 2.872728750932773567e-08
8.780991232845718741e+01 1.016839481935843235e-08
8.866408728118061333e+01 2.112974194979244144e-09
8.952657125996400111e+01 0.000000000000000000e+00
