1.000000000000000021e-02 1.070940405311560095e+00
1.009727545900835841e-02 1.070934370549565973e+00
1.019549716950923779e-02 1.070928185383555720e+00
1.029467433620748044e-02 1.070921930477928274e+00
1.039481625334708927e-02 1.070915500690584610e+00
1.049593230558227772e-02 1.070908997348766878e+00
1.059803196885688789e-02 1.070902351760064652e+00
1.070112481129246833e-02 1.070895567337302401e+00
1.080522049408488318e-02 1.070888639997022551e+00
1.091032877240974419e-02 1.070881572247098346e+00
1.101645949633656314e-02 1.070874350918863627e+00
1.112362261175187626e-02 1.070866983456073118e+00
1.123182816129126085e-02 1.070859595766307848e+00
1.134108628528052165e-02 1.070851919783335493e+00
1.145140722268592030e-02 1.070844468633519897e+00
1.156280131207376022e-02 1.070836654177612868e+00
1.167527899257919492e-02 1.070827979659108253e+00
1.178885080488457221e-02 1.070819799005110706e+00
1.190352739220719262e-02 1.070811348906925087e+00
1.201931950129673729e-02 1.070802570982865465e+00
1.213623798344241195e-02 1.070793843492947595e+00
1.225429379548980714e-02 1.070784919696767590e+00
1.237349800086776086e-02 1.070775820505653897e+00
1.249386177062509519e-02 1.070766080325525227e+00
1.261539638447754796e-02 1.070756523339014166e+00
1.273811323186478488e-02 1.070747379822008405e+00
1.286202381301779218e-02 1.070737538639574993e+00
1.298713974003655978e-02 1.070727077938259164e+00
1.311347273797833224e-02 1.070717323117326591e+00
1.324103464595636874e-02 1.070706888373332166e+00
1.336983741824946531e-02 1.070695540078071994e+00
1.349989312542219239e-02 1.070684652630983225e+00
1.363121395545611320e-02 1.070673579291006039e+00
1.376381221489191876e-02 1.070662197527579185e+00
1.389770032998276401e-02 1.070650513923333325e+00
1.403289084785873213e-02 1.070638753193445369e+00
1.416939643770268736e-02 1.070626793084360928e+00
1.430722989193757184e-02 1.070615032123076515e+00
1.444640412742520530e-02 1.070602524714217463e+00
1.458693218667675602e-02 1.070589774379947956e+00
1.472882723907502529e-02 1.070577003099323798e+00
1.487210258210860774e-02 1.070563779347555755e+00
1.501677164261799868e-02 1.070550302536256826e+00
1.516284797805393485e-02 1.070536549024732276e+00
1.531034527774784160e-02 1.070522491832813561e+00
1.545927736419477720e-02 1.070508140755990878e+00
1.560965819434872483e-02 1.070493498749514050e+00
1.576150186093060873e-02 1.070478467005923306e+00
1.591482259374891323e-02 1.070463278140116881e+00
1.606963476103326349e-02 1.070447838181677991e+00
1.622595287078087284e-02 1.070432094093582975e+00
1.638379157211618947e-02 1.070415832532640499e+00
1.654316565666366645e-02 1.070399427662079850e+00
1.670409005993399310e-02 1.070382676137689337e+00
1.686657986272368723e-02 1.070365659506794520e+00
1.703065029252844378e-02 1.070349761778339071e+00
1.719631672497009753e-02 1.070330552141863567e+00
1.736359468523754335e-02 1.070312260653936365e+00
1.753249984954170088e-02 1.070293982981026737e+00
1.770304804658450262e-02 1.070275141279768416e+00
1.787525525904235316e-02 1.070255880351649536e+00
1.804913762506383731e-02 1.070235991030668021e+00
1.822471143978214581e-02 1.070216090653115515e+00
1.840199315684210371e-02 1.070195911004330425e+00
1.858099938994215231e-02 1.070174682561236823e+00
1.876174691439120440e-02 1.070153625973160771e+00
1.894425266868081034e-02 1.070132143882669640e+00
1.912853375607242307e-02 1.070110065341009165e+00
1.931460744620030340e-02 1.070087657490715660e+00
1.950249117668984011e-02 1.070065069275158764e+00
1.969220255479172538e-02 1.070041779126819970e+00
1.988375935903200636e-02 1.070018003553633079e+00
2.007717954087816226e-02 1.069993314018379715e+00
2.027248122642137662e-02 1.069968751871553270e+00
2.046968271807520987e-02 1.069943523879572922e+00
2.066880249629082095e-02 1.069917775935456783e+00
2.086985922128879734e-02 1.069891481429565916e+00
2.107287173480786382e-02 1.069864732920298822e+00
2.127785906187062287e-02 1.069837487554042621e+00
2.148484041256648255e-02 1.069809669442076006e+00
2.169383518385184506e-02 1.069781415925316281e+00
2.190486296136792688e-02 1.069751144003470600e+00
2.211794352127614133e-02 1.069723119715680459e+00
2.233309683211144592e-02 1.069693135779099524e+00
2.255034305665360936e-02 1.069662296914432931e+00
2.276970255381680075e-02 1.069631014500217248e+00
2.299119588055741764e-02 1.069599650888899411e+00
2.321484379380064564e-02 1.069567055095262065e+00
2.344066725238556220e-02 1.069533965841628742e+00
2.366868741902936057e-02 1.069500656091311175e+00
2.389892566231050300e-02 1.069465583880030879e+00
2.413140355867127856e-02 1.069430113117342485e+00
2.436614289443983158e-02 1.069394449272562664e+00
2.460316566787181664e-02 1.069357706424651999e+00
2.484249409121190577e-02 1.069320357415071587e+00
2.508415059277539771e-02 1.069282223283912758e+00
2.532815781905008515e-02 1.069243709215691451e+00
2.557453863681850847e-02 1.069203847568000354e+00
2.582331613530085626e-02 1.069163766648971725e+00
2.607451362831877603e-02 1.069122997240865125e+00
2.632815465648021339e-02 1.069081283062686349e+00
2.658426298938541474e-02 1.069039786519019986e+00
2.684286262785454819e-02 1.068995665226976310e+00
2.710397780617682106e-02 1.068951554941947046e+00
2.736763299438163891e-02 1.068907087890144103e+00
2.763385290053169824e-02 1.068860928867707116e+00
2.790266247303856487e-02 1.068813592819938707e+00
2.817408690300057458e-02 1.068766284794977484e+00
2.844815162656363222e-02 1.068717380983730481e+00
2.872488232730495070e-02 1.068667379970341225e+00
2.900430493863991738e-02 1.068616817674842956e+00
2.928644564625237229e-02 1.068565424182309265e+00
2.957133089054861039e-02 1.068513876865702095e+00
2.985898736913520854e-02 1.068459630894400991e+00
3.014944203932094433e-02 1.068404668971735028e+00
3.044272212064302874e-02 1.068348978987316178e+00
3.073885509741795460e-02 1.068291917466023477e+00
3.103786872131722788e-02 1.068233494979745624e+00
3.133979101396793671e-02 1.068174698675035783e+00
3.164465026957891114e-02 1.068114423531389967e+00
3.195247505759213347e-02 1.068052907693253006e+00
3.226329422536015901e-02 1.067990243476791168e+00
3.257713690084949876e-02 1.067926443309556328e+00
3.289403249537032475e-02 1.067861199373510095e+00
3.321401070633261954e-02 1.067794975992226059e+00
3.353710152002930406e-02 1.067727311769973042e+00
3.386333521444636480e-02 1.067658439731122844e+00
3.419274236210027851e-02 1.067588208814622242e+00
3.452535383290306070e-02 1.067516376017186852e+00
3.486120079705520153e-02 1.067443358775222784e+00
3.520031472796678745e-02 1.067368823754370144e+00
3.554272740520694751e-02 1.067293012785490713e+00
3.588847091748199186e-02 1.067215421033514966e+00
3.623757766564258964e-02 1.067136477895043623e+00
3.659008036572020811e-02 1.067060398464433568e+00
3.694601205199302130e-02 1.066973738049921572e+00
3.730540608008161424e-02 1.066889927232376190e+00
3.766829613007490613e-02 1.066804359611447817e+00
3.803471620968648659e-02 1.066717597212412771e+00
3.840470065744145539e-02 1.066628414279949366e+00
3.877828414589457040e-02 1.066537777777588847e+00
3.915550168487941241e-02 1.066445857398840680e+00
3.953638862478930927e-02 1.066351458916906969e+00
3.992098065989020672e-02 1.066255891424375823e+00
4.030931383166566628e-02 1.066157986785633005e+00
4.070142453219438572e-02 1.066058388960029024e+00
4.109734950756069316e-02 1.065957091174311699e+00
4.149712586129815362e-02 1.065853646759850060e+00
4.190079105786669034e-02 1.065748154158993710e+00
4.230838292616342228e-02 1.065641696914598313e+00
4.271993966306778662e-02 1.065530587910192173e+00
4.313549983702118923e-02 1.065418711318419920e+00
4.355510239164130798e-02 1.065305199390511159e+00
4.397878664937160398e-02 1.065188425405365846e+00
4.440659231516640160e-02 1.065070040659991779e+00
4.483855948021186338e-02 1.064949703300666295e+00
4.527472862568297785e-02 1.064826435561003315e+00
4.571514062653719151e-02 1.064701140635264665e+00
4.615983675534499064e-02 1.064573109632203751e+00
4.660885868615767536e-02 1.064443564326168712e+00
4.706224849841281199e-02 1.064310762539155908e+00
4.752004868087766204e-02 1.064175027661653061e+00
4.798230213563085128e-02 1.064036622999066761e+00
4.844905218208294534e-02 1.063896228275244438e+00
4.892034256103611894e-02 1.063752774961656877e+00
4.939621743878321036e-02 1.063606301693120093e+00
4.987672141124663283e-02 1.063457341434413062e+00
5.036189950815770505e-02 1.063304807646781258e+00
5.085179719727656034e-02 1.063149392260492876e+00
5.134646038865306461e-02 1.062994053156995689e+00
5.184593543892913187e-02 1.062830797680085260e+00
5.235026915568305461e-02 1.062666768818465668e+00
5.285950880181603667e-02 1.062499579116219284e+00
5.337370209998133774e-02 1.062328540971162472e+00
5.389289723705643909e-02 1.062158235798266626e+00
5.441714286865893119e-02 1.061977768241361586e+00
5.494648812370611646e-02 1.061797707485197861e+00
5.548098260901916656e-02 1.061613187542559400e+00
5.602067641397187603e-02 1.061425257674504241e+00
5.656562011518465050e-02 1.061234870221932747e+00
5.711586478126431943e-02 1.061040070177799333e+00
5.767146197758996756e-02 1.060840242546920109e+00
5.823246377114527778e-02 1.060638251256958542e+00
5.879892273539785025e-02 1.060430121911342116e+00
5.937089195522609469e-02 1.060220147431789828e+00
5.994842503189409116e-02 1.060005955403892974e+00
6.053157608807464840e-02 1.059787537178342287e+00
6.112039977292132997e-02 1.059564386944174430e+00
6.171495126718981594e-02 1.059336810978589227e+00
6.231528628840921763e-02 1.059105799474792109e+00
6.292146109610344262e-02 1.058869510435626937e+00
6.353353249706343575e-02 1.058629521510134452e+00
6.415155785067082339e-02 1.058383493924917707e+00
6.477559507427335661e-02 1.058133834735909717e+00
6.540570264861225724e-02 1.057892235539566794e+00
6.604193962330305590e-02 1.057620221815977812e+00
6.668436562236895737e-02 1.057356068169882146e+00
6.733304084982863480e-02 1.057085390037508565e+00
6.798802609533814711e-02 1.056810767419215313e+00
6.864938273988777095e-02 1.056530211934451957e+00
6.931717276155408003e-02 1.056244441670035838e+00
6.999145874130821565e-02 1.055953242188868435e+00
7.067230386888070925e-02 1.055656266107910302e+00
7.135977194868306506e-02 1.055355035265277186e+00
7.205392740578704658e-02 1.055046486253610416e+00
7.275483529196229149e-02 1.054733228991853178e+00
7.346256129177256011e-02 1.054413545128614293e+00
7.417717172873124210e-02 1.054087370524664724e+00
7.489873357151664857e-02 1.053754968006332060e+00
7.562731444024800576e-02 1.053415635158639008e+00
7.636298261282241373e-02 1.053070062074577207e+00
7.710580703131336699e-02 1.052716422633907412e+00
7.785585730843146146e-02 1.052361176093745465e+00
7.861320373404813433e-02 1.051994266348005969e+00
7.937791728178281159e-02 1.051622081100658912e+00
8.015006961565404597e-02 1.051238516533782086e+00
8.092973309679550586e-02 1.050855700476590160e+00
8.171698079023696770e-02 1.050461354924145940e+00
8.251188647175167201e-02 1.050059395784216809e+00
8.331452463477014014e-02 1.049650102652238459e+00
8.412497049736118726e-02 1.049233864981790720e+00
8.494330000928071445e-02 1.048813037404719983e+00
8.576958985908941790e-02 1.048375954700977664e+00
8.660391748133952627e-02 1.047935697606921401e+00
8.744636106383144036e-02 1.047485236330738090e+00
8.829699955494091368e-02 1.047027477913171634e+00
8.915591267101763417e-02 1.046560724387944674e+00
9.002318090385581784e-02 1.046086190593774612e+00
9.089888552823731371e-02 1.045602729996475633e+00
9.178310860954806694e-02 1.045106792673921925e+00
9.267593301146882789e-02 1.044603181606409859e+00
9.357744240374062106e-02 1.044090776356475514e+00
9.448772127000577836e-02 1.043568246892417895e+00
9.540685491572513388e-02 1.043035678310756609e+00
9.633492947617222635e-02 1.042500467711166001e+00
9.727203192450542546e-02 1.041941442962922570e+00
9.821825007991856482e-02 1.041378796519642824e+00
9.917367261587073379e-02 1.040805061265353881e+00
1.001383890683960748e-01 1.040221447694009704e+00
1.011124898444945991e-01 1.039625716754735585e+00
1.020960662306047012e-01 1.039019426734776541e+00
1.030892104011576216e-01 1.038402777313117697e+00
1.040920154272158005e-01 1.037772312837993427e+00
1.051045752851944987e-01 1.037131620092267115e+00
1.061269848656690717e-01 1.036478360569093704e+00
1.071593399822671072e-01 1.035813381166211355e+00
1.082017373806478805e-01 1.035134562146789339e+00
1.092542747475682557e-01 1.034444819657061698e+00
1.103170507200377515e-01 1.033741632733423677e+00
1.113901648945616746e-01 1.033025412384985575e+00
1.124737178364751955e-01 1.032295154299633255e+00
1.135678110893671017e-01 1.031552063336091507e+00
1.146725471845963656e-01 1.030759737691432809e+00
1.157880296509002094e-01 1.030025582177710675e+00
1.169143630240966764e-01 1.029239951233604122e+00
1.180516528568804902e-01 1.028440253848902142e+00
1.192000057287153220e-01 1.027625452428992059e+00
1.203595292558212876e-01 1.026795357188659219e+00
1.215303321012602134e-01 1.025953522950491470e+00
1.227125239851190319e-01 1.025089625618163192e+00
1.239062156947916271e-01 1.024214255672420082e+00
1.251115190953615564e-01 1.023322278384553030e+00
1.263285471400849291e-01 1.022412073082872963e+00
1.275574138809759950e-01 1.021486575790147899e+00
1.287982344794950385e-01 1.020557268050543920e+00
1.300511252173409127e-01 1.019584512607799809e+00
1.313162035073478784e-01 1.018607499927874693e+00
1.325935879044890797e-01 1.017611237160678472e+00
1.338833981169864351e-01 1.016599582794240675e+00
1.351857550175293021e-01 1.015579564218162867e+00
1.365007806546013891e-01 1.014517515960899896e+00
1.378285982639189389e-01 1.013447781484848154e+00
1.391693322799789911e-01 1.012359411202052195e+00
1.405231083477211373e-01 1.011251525578931165e+00
1.418900533343016301e-01 1.010123018065147482e+00
1.432702953409830948e-01 1.008973561090968030e+00
1.446639637151387880e-01 1.007804186966359206e+00
1.460711890623745679e-01 1.006613966404686034e+00
1.474921032587684921e-01 1.005402219804504504e+00
1.489268394632288772e-01 1.004168558328753846e+00
1.503755321299738434e-01 1.002912855325087671e+00
1.518383170211306810e-01 1.001663085284073773e+00
1.533153312194593942e-01 1.000334857006922373e+00
1.548067131411984265e-01 9.990107361362363658e-01
1.563126025490369497e-01 9.976634166786411129e-01
1.578331405652117214e-01 9.962922082017275915e-01
1.593684696847328941e-01 9.948968970635507780e-01
1.609187337887370006e-01 9.934767650886523471e-01
1.624840781579713067e-01 9.920387580907150671e-01
1.640646494864078653e-01 9.905612999308378575e-01
1.656605958949914359e-01 9.890649621390414925e-01
1.672720669455196874e-01 9.875424301500851376e-01
1.688992136546599021e-01 9.859943516490966564e-01
1.705421885081006561e-01 9.844184244195961497e-01
1.722011454748421100e-01 9.828151114972976110e-01
1.738762400216251336e-01 9.811846337982589317e-01
1.755676291275001522e-01 9.795254619343163327e-01
1.772754712985387948e-01 9.778370804982374764e-01
1.789999265826875408e-01 9.761202135465877339e-01
1.807411565847668600e-01 9.743742539563342575e-01
1.824993244816152382e-01 9.725984811860791668e-01
1.842745950373816666e-01 9.707914001741914101e-01
1.860671346189656239e-01 9.689544155258014158e-01
1.878771112116086051e-01 9.670866818448381474e-01
1.897046944346358344e-01 9.651868516472873472e-01
1.915500555573527997e-01 9.632548045891476951e-01
1.934133675150944698e-01 9.612908380257281227e-01
1.952948049254327745e-01 9.592919391311629518e-01
1.971945441045395986e-01 9.572618735843063664e-01
1.991127630837108697e-01 9.551975981161424656e-01
2.010496416260497965e-01 9.530997207845086638e-01
2.030053612433137811e-01 9.509663078706486194e-01
2.049801052129238688e-01 9.487962206166588031e-01
2.069740585951406198e-01 9.465916633660750312e-01
2.089874082504071251e-01 9.443506895628742681e-01
2.110203428568595552e-01 9.420744819867544750e-01
2.130730529280097374e-01 9.397597632345365826e-01
2.151457308305980698e-01 9.374081140707702930e-01
2.172385708026215445e-01 9.350197602473865333e-01
2.193517689715359098e-01 9.325906114815680770e-01
2.214855233726360506e-01 9.301232181935665810e-01
2.236400339676138660e-01 9.276171475403353073e-01
2.258155026632983065e-01 9.250711563813713845e-01
2.280121333305757114e-01 9.224844962513704116e-01
2.302301318234963867e-01 9.198571251051976816e-01
2.324697059985647851e-01 9.171928916955585098e-01
2.347310657342196183e-01 9.144819401471917519e-01
2.370144229505012079e-01 9.117263571863634120e-01
2.393199916289123208e-01 9.089326826143979687e-01
2.416479878324700736e-01 9.060954041129216652e-01
2.439986297259550130e-01 9.032136707884655946e-01
2.463721375963552895e-01 9.002892656229067869e-01
2.487687338735107279e-01 8.973193977022904111e-01
2.511886431509580686e-01 8.943058273502401123e-01
2.536320922069775774e-01 8.912470551773695737e-01
2.560993100258459609e-01 8.881423207505857453e-01
2.585905278192945911e-01 8.849912316481310937e-01
2.611059790481781162e-01 8.817946760227214353e-01
2.636458994443517945e-01 8.785499608289243367e-01
2.662105270327638773e-01 8.752579480423832159e-01
2.688001021537606006e-01 8.719201607124714704e-01
2.714148674856106669e-01 8.685325144352021853e-01
2.740550680672460548e-01 8.650979583337772283e-01
2.767209513212268712e-01 8.616137846074167772e-01
2.794127670769268601e-01 8.580791239563818618e-01
2.821307675939472293e-01 8.544976583036673068e-01
2.848752075857552413e-01 8.508655539121570133e-01
2.876463442435557849e-01 8.471833425163504128e-01
2.904444372603925406e-01 8.434493065937842537e-01
2.932697488554852905e-01 8.396659536160796522e-01
2.961225437988035947e-01 8.358313147565498147e-01
2.990030894358785551e-01 8.319446200053626228e-01
3.019116557128577738e-01 8.280073245735621867e-01
3.048485152018017286e-01 8.240177356111744178e-01
3.078139431262288950e-01 8.199760900421096954e-01
3.108082173869063936e-01 8.158825825209640170e-01
3.138316185878944342e-01 8.117366482481722656e-01
3.168844300628416155e-01 8.075370821681694400e-01
3.199669379015380732e-01 8.032841802994042935e-01
3.230794309767249795e-01 7.989814121900523647e-01
3.262222009711669979e-01 7.946225116925850207e-01
3.293955424049855307e-01 7.902113568138205979e-01
3.325997526632606949e-01 7.857472049340543663e-01
3.358351320238990301e-01 7.812293968882760842e-01
3.391019836857747105e-01 7.766580712726667279e-01
3.424006137971423724e-01 7.720403691416490854e-01
3.457313314843284413e-01 7.673557106276824857e-01
3.490944488806992929e-01 7.626249358836909575e-01
3.524902811559130766e-01 7.578431069671854869e-01
3.559191465454557002e-01 7.530013569455545897e-01
3.593813663804627523e-01 7.481105149377779151e-01
3.628772651178337472e-01 7.431655582732830112e-01
3.664071703706370808e-01 7.381688714236169790e-01
3.699714129388128048e-01 7.331185568091864724e-01
3.735703268401719401e-01 7.280172544089029696e-01
3.772042493416999376e-01 7.228621315963983385e-01
3.808735209911614517e-01 7.176553894655730570e-01
3.845784856490158665e-01 7.123966421051536324e-01
3.883194905206404091e-01 7.070871310097364137e-01
3.920968861888690649e-01 7.017253280314313946e-01
3.959110266468458539e-01 6.963154145465426659e-01
3.997622693312000708e-01 6.908531132781913220e-01
4.036509751555413805e-01 6.853421262136015768e-01
4.075775085442840395e-01 6.797825902807135279e-01
4.115422374667966343e-01 6.741732372380702110e-01
4.155455334718875515e-01 6.685188623291447030e-01
4.195877717226225712e-01 6.628185865234582641e-01
4.236693310314835759e-01 6.570596931633920779e-01
4.277905938958687093e-01 6.512651049863706909e-01
4.319519465339363706e-01 6.454178623444504215e-01
4.361537789208005944e-01 6.395307025140448687e-01
4.403964848250754294e-01 6.335986275500289366e-01
4.446804618457780300e-01 6.276233895982168409e-01
4.490061114495874639e-01 6.216060548856153778e-01
4.533738390084691150e-01 6.155467297961783046e-01
4.577840538376618529e-01 6.094470673897198765e-01
4.622371692340384031e-01 6.033094435743306949e-01
4.667336025148346446e-01 5.971324845369834211e-01
4.712737750567601580e-01 5.909177132978835623e-01
4.758581123354846953e-01 5.846702908424634693e-01
4.804870439655131720e-01 5.783798930289442142e-01
4.851610037404442966e-01 5.720608073319431996e-01
4.898804296736250508e-01 5.657077258965975686e-01
4.946457640391963562e-01 5.593191109238970782e-01
4.994574534135413635e-01 5.529077141921222571e-01
5.043159487171361421e-01 5.464632622887491964e-01
5.092217052568053237e-01 5.399924906815898318e-01
5.141751827683928022e-01 5.334957223642887714e-01
5.191768454598426619e-01 5.269712025411333878e-01
5.242271620547044320e-01 5.204259690451451537e-01
5.293266058360561743e-01 5.138613355119162618e-01
5.344756546908600026e-01 5.072695416885678599e-01
5.396747911547442600e-01 5.006620439766534814e-01
5.449245024572260121e-01 4.940381474281673180e-01
5.502252805673685243e-01 4.873984119200108767e-01
5.555776222398878250e-01 4.807445011994530004e-01
5.609820290617031358e-01 4.740781878948157058e-01
5.664390074989449353e-01 4.674018145695069681e-01
5.719490689444144405e-01 4.607163864761422145e-01
5.775127297655114900e-01 4.540238620226231259e-01
5.831305113526221717e-01 4.473253357524700213e-01
5.888029401679826247e-01 4.406236121091547941e-01
5.945305477950136863e-01 4.339204522211888571e-01
6.003138709881384871e-01 4.272222200048890195e-01
6.061534517230839914e-01 4.205170432581816775e-01
6.120498372476699256e-01 4.138202292964679452e-01
6.180035801330957534e-01 4.071292221104693687e-01
6.240152383257209223e-01 4.004459669312680492e-01
6.300853751993553686e-01 3.937727309652573893e-01
6.362145596080520660e-01 3.871093371459604637e-01
6.424033659394193796e-01 3.804623952118372232e-01
6.486523741684461219e-01 3.738289318559122054e-01
6.549621699118558515e-01 3.672193025695577595e-01
6.613333444829840868e-01 3.606174650937557513e-01
6.677664949471955325e-01 3.540442972837739566e-01
6.742622241778342129e-01 3.474853094981268931e-01
6.808211409127237213e-01 3.409644361971758686e-01
6.874438598112112553e-01 3.344699017013522679e-01
6.941310015117725385e-01 3.280009811547904830e-01
7.008831926901714082e-01 3.215579706393589809e-01
7.077010661181889484e-01 3.151588448378789820e-01
7.145852607229240538e-01 3.087966507001067007e-01
7.215364216466665370e-01 3.024492247083563901e-01
7.285552003073593186e-01 2.961635811677746366e-01
7.356422544596413760e-01 2.899107378433449234e-01
7.427982482564918776e-01 2.837040074607651841e-01
7.500238523114668432e-01 2.775349565777672223e-01
7.573197437615483141e-01 2.714154865466709143e-01
7.646866063305975958e-01 2.653440689344718773e-01
7.721251303934327792e-01 2.593215519503982436e-01
7.796360130405233235e-01 2.533514067364251998e-01
7.872199581433195759e-01 2.474344450116729155e-01
7.948776764202123424e-01 2.415734285654070335e-01
8.026098855031396084e-01 2.357662313692995559e-01
8.104173100048355227e-01 2.300244468551345955e-01
8.183006815867394090e-01 2.243314462706256507e-01
8.262607390275591435e-01 2.187042793530538376e-01
8.342982282925082149e-01 2.131382669717773459e-01
8.424139026032094746e-01 2.076391610138221266e-01
8.506085225082840040e-01 2.022004500203704591e-01
8.588828559546254349e-01 1.968352120775072323e-01
8.672376783593644944e-01 1.915359218785256112e-01
8.756737726825394308e-01 1.862989095791923733e-01
8.841919295004664336e-01 1.811411074460085591e-01
8.927929470798307010e-01 1.760478042150997458e-01
9.014776314524917122e-01 1.710334613743132448e-01
9.102467964910225806e-01 1.660888154737351352e-01
9.191012639849772681e-01 1.612193428805402118e-01
9.280418637179072006e-01 1.564250684690727811e-01
9.370694335451198453e-01 1.517064546561066318e-01
9.461848194722002336e-01 1.470675452516048143e-01
9.553888757342895444e-01 1.425030391388607265e-01
9.646824648761427312e-01 1.380150552952386089e-01
9.740664578329562007e-01 1.336083489159244353e-01
9.835417340119908536e-01 1.292887763822607172e-01
9.931091813749796104e-01 1.250333408753950271e-01
1.002769696521346621e+00 1.208662071963680640e-01
1.012524184772224167e+00 1.167811466312765056e-01
1.022373560255302127e+00 1.127623170514681500e-01
1.032318745990486564e+00 1.088497879179511213e-01
1.042360673976402197e+00 1.050092331780997923e-01
1.052500285277732761e+00 1.012474558673726460e-01
1.062738530113414459e+00 9.756159638219706609e-02
1.073076367945679621e+00 9.396772269502801089e-02
1.083514767569973225e+00 9.047147578571641813e-02
1.094054707205742494e+00 8.702136990137127048e-02
1.104697174588111785e+00 8.366168551992775315e-02
1.115443167060441221e+00 8.038878140620075996e-02
1.126293691667795249e+00 7.719674572836288107e-02
1.137249765251314271e+00 7.408492166389347988e-02
1.148312414543511073e+00 7.105178975298377664e-02
1.159482676264482759e+00 6.810126172375587095e-02
1.170761597219069250e+00 6.522824666991031139e-02
1.182150234394952371e+00 6.243403214894244907e-02
1.193649655061713055e+00 5.971496115124624859e-02
1.205260936870842681e+00 5.707890726741390863e-02
1.216985167956738056e+00 5.451679477856339467e-02
1.228823447038673411e+00 5.203080641155188868e-02
1.240776883523764251e+00 4.962022918596157434e-02
1.252846597610937529e+00 4.728309649842333401e-02
1.265033720395903893e+00 4.502061096350903208e-02
1.277339393977160009e+00 4.282992141877503545e-02
1.289764771563017165e+00 4.071155564399130816e-02
1.302311017579677488e+00 3.866381349055712097e-02
1.314979307780347773e+00 3.668610855416052502e-02
1.327770829355430449e+00 3.477698756919943984e-02
1.340686781043774811e+00 3.293761305612345758e-02
1.353728373245021821e+00 3.116095527759272371e-02
1.366896828133026487e+00 2.945247400836181750e-02
1.380193379770397355e+00 2.780670741008484798e-02
1.393619274224142002e+00 2.622651077482371362e-02
1.407175769682446731e+00 2.470786535218245233e-02
1.420864136572576708e+00 2.324912549345730869e-02
1.434685657679937831e+00 2.185173249046647864e-02
1.448641628268290127e+00 2.051161805422829429e-02
1.462733356201129986e+00 1.922966911548644811e-02
1.476962162064259898e+00 1.800230364024443808e-02
1.491329379289537682e+00 1.682954553443418225e-02
1.505836354279841416e+00 1.571164498345634791e-02
1.520484446535244283e+00 1.464571780656804580e-02
1.535275028780422657e+00 1.363062883713140987e-02
1.550209487093291205e+00 1.266370845331807847e-02
1.565289221034902312e+00 1.174597330565635943e-02
1.580515643780601165e+00 1.087498788648204665e-02
1.595890182252465817e+00 1.004951166300613319e-02
1.611414277253019778e+00 9.268104570560816574e-03
1.627089383600260675e+00 8.530591170453209401e-03
1.642916970263993193e+00 7.833586123849848801e-03
1.658898520503498064e+00 7.177212331611305778e-03
1.675035532006524441e+00 6.559720526148372054e-03
1.691329517029648732e+00 5.980030747281462299e-03
1.707782002539993016e+00 5.436302806986930899e-03
1.724394530358320354e+00 4.928213056488711143e-03
1.741168657303530987e+00 4.453645324131085687e-03
1.758105955338547632e+00 4.011545206453991964e-03
1.775208011717636092e+00 3.600931209125697585e-03
1.792476429135148930e+00 3.219707483194355225e-03
1.809912825875727105e+00 2.867447817164000927e-03
1.827518835965944666e+00 2.542671565571904234e-03
1.845296109327445366e+00 2.244087131788599643e-03
1.863246311931559873e+00 1.970530820507518550e-03
1.881371125955437096e+00 1.720777874181855967e-03
1.899672249939675650e+00 1.493646542454222115e-03
1.918151398947507635e+00 1.287945530727418802e-03
1.936810304725519849e+00 1.102523218757624430e-03
1.955650715865949074e+00 9.362569628845725331e-04
1.974674397970537454e+00 7.879652684397316607e-04
1.993883133816001019e+00 6.565699361120233687e-04
2.013278723521096492e+00 5.409614961267451144e-04
2.032862984715323673e+00 4.400465327732223301e-04
2.052637752709252084e+00 3.527633061690595845e-04
2.072604880666519822e+00 2.780554111057253965e-04
2.092766239777499759e+00 2.148843377212674398e-04
2.113123719434652603e+00 1.622279143405910644e-04
2.133679227409597701e+00 1.190791035816649089e-04
2.154434690031884259e+00 8.444375409720833382e-05
2.175392052369522489e+00 5.735040277693750595e-05
2.196553278411258248e+00 3.683573909149905062e-05
2.217920351250634692e+00 2.195540132762476742e-05
2.239495273271823184e+00 1.177869395788274341e-05
2.261280066337279404e+00 5.389701570634928928e-06
2.283276771977218012e+00 1.886830775116771136e-06
2.305487451580938707e+00 3.826651548221254887e-07
2.327914186589993051e+00 0.000000000000000000e+00
