1.000000000000000021e-02 1.934805234445755806e+00
1.009727545900835841e-02 1.934801387111215965e+00
1.019549716950923779e-02 1.934797470155178889e+00
1.029467433620748044e-02 1.934793453450590395e+00
1.039481625334708927e-02 1.934789413040218786e+00
1.049593230558227772e-02 1.934785278264406383e+00
1.059803196885688789e-02 1.934781046663725190e+00
1.070112481129246833e-02 1.934776425342026318e+00
1.080522049408488318e-02 1.934771958768839006e+00
1.091032877240974419e-02 1.934767393542122127e+00
1.101645949633656314e-02 1.934762712952486474e+00
1.112362261175187626e-02 1.934757927194063143e+00
1.123182816129126085e-02 1.934753103117851314e+00
1.134108628528052165e-02 1.934748243798843692e+00
1.145140722268592030e-02 1.934743270753851441e+00
1.156280131207376022e-02 1.934738199537397119e+00
1.167527899257919492e-02 1.934733650264947702e+00
1.178885080488457221e-02 1.934728388027848967e+00
1.190352739220719262e-02 1.934723163821099989e+00
1.201931950129673729e-02 1.934717618226045044e+00
1.213623798344241195e-02 1.934711951847068345e+00
1.225429379548980714e-02 1.934706218399516509e+00
1.237349800086776086e-02 1.934700336786828734e+00
1.249386177062509519e-02 1.934694315539289278e+00
1.261539638447754796e-02 1.934688141624853586e+00
1.273811323186478488e-02 1.934681416600677384e+00
1.286202381301779218e-02 1.934673254354503324e+00
1.298713974003655978e-02 1.934665534772183948e+00
1.311347273797833224e-02 1.934658718028782420e+00
1.324103464595636874e-02 1.934654774407211786e+00
1.336983741824946531e-02 1.934648185323019742e+00
1.349989312542219239e-02 1.934641087590241337e+00
1.363121395545611320e-02 1.934633839450963455e+00
1.376381221489191876e-02 1.934626440326166374e+00
1.389770032998276401e-02 1.934618886256531001e+00
1.403289084785873213e-02 1.934611153950863915e+00
1.416939643770268736e-02 1.934603240248593314e+00
1.430722989193757184e-02 1.934595169541021287e+00
1.444640412742520530e-02 1.934586887119565501e+00
1.458693218667675602e-02 1.934578405448026617e+00
1.472882723907502529e-02 1.934569765944087916e+00
1.487210258210860774e-02 1.934560978848473223e+00
1.501677164261799868e-02 1.934552017138232882e+00
1.516284797805393485e-02 1.934542847780039931e+00
1.531034527774784160e-02 1.934533529590713341e+00
1.545927736419477720e-02 1.934524050344657908e+00
1.560965819434872483e-02 1.934514371471615979e+00
1.576150186093060873e-02 1.934504607886263106e+00
1.591482259374891323e-02 1.934494641963629746e+00
1.606963476103326349e-02 1.934484433129646686e+00
1.622595287078087284e-02 1.934474016677216524e+00
1.638379157211618947e-02 1.934463404973183032e+00
1.654316565666366645e-02 1.934452556985310157e+00
1.670409005993399310e-02 1.934441446318031277e+00
1.686657986272368723e-02 1.934430194929737556e+00
1.703065029252844378e-02 1.934418742414995895e+00
1.719631672497009753e-02 1.934407117530555054e+00
1.736359468523754335e-02 1.934395453851277757e+00
1.753249984954170088e-02 1.934383493208120974e+00
1.770304804658450262e-02 1.934371417320791986e+00
1.787525525904235316e-02 1.934359039463175112e+00
1.804913762506383731e-02 1.934346379912794234e+00
1.822471143978214581e-02 1.934333380275229608e+00
1.840199315684210371e-02 1.934320337836226367e+00
1.858099938994215231e-02 1.934307043692432782e+00
1.876174691439120440e-02 1.934293527666432810e+00
1.894425266868081034e-02 1.934283522301993186e+00
1.912853375607242307e-02 1.934269120910853790e+00
1.931460744620030340e-02 1.934251346500782454e+00
1.950249117668984011e-02 1.934236628918156953e+00
1.969220255479172538e-02 1.934221698013556923e+00
1.988375935903200636e-02 1.934206584686982477e+00
2.007717954087816226e-02 1.934191287140169857e+00
2.027248122642137662e-02 1.934175662266916396e+00
2.046968271807520987e-02 1.934159673133270196e+00
2.066880249629082095e-02 1.934143429390089652e+00
2.086985922128879734e-02 1.934126879871485016e+00
2.107287173480786382e-02 1.934110085262647605e+00
2.127785906187062287e-02 1.934092425278733929e+00
2.148484041256648255e-02 1.934075423683537132e+00
2.169383518385184506e-02 1.934057529998353564e+00
2.190486296136792688e-02 1.934039252934360631e+00
2.211794352127614133e-02 1.934020704310593475e+00
2.233309683211144592e-02 1.934001714031123642e+00
2.255034305665360936e-02 1.933980501277044572e+00
2.276970255381680075e-02 1.933962102632908575e+00
2.299119588055741764e-02 1.933940488017391157e+00
2.321484379380064564e-02 1.933919549610468414e+00
2.344066725238556220e-02 1.933898330502687335e+00
2.366868741902936057e-02 1.933876659360355577e+00
2.389892566231050300e-02 1.933854499158369267e+00
2.413140355867127856e-02 1.933831894145351837e+00
2.436614289443983158e-02 1.933808881253907375e+00
2.460316566787181664e-02 1.933785462102167285e+00
2.484249409121190577e-02 1.933761537533864150e+00
2.508415059277539771e-02 1.933737102144148956e+00
2.532815781905008515e-02 1.933713101245390087e+00
2.557453863681850847e-02 1.933687801538629625e+00
2.582331613530085626e-02 1.933661065990502692e+00
2.607451362831877603e-02 1.933634774086139485e+00
2.632815465648021339e-02 1.933608364547122926e+00
2.658426298938541474e-02 1.933580584104040767e+00
2.684286262785454819e-02 1.933552104457863852e+00
2.710397780617682106e-02 1.933524111846891547e+00
2.736763299438163891e-02 1.933495106758288840e+00
2.763385290053169824e-02 1.933465536251383954e+00
2.790266247303856487e-02 1.933435347458802189e+00
2.817408690300057458e-02 1.933404656735871363e+00
2.844815162656363222e-02 1.933373338744861059e+00
2.872488232730495070e-02 1.933341304789832238e+00
2.900430493863991738e-02 1.933308981027125117e+00
2.928644564625237229e-02 1.933275842665979072e+00
2.957133089054861039e-02 1.933242250894208425e+00
2.985898736913520854e-02 1.933207419329465493e+00
3.014944203932094433e-02 1.933173338964902843e+00
3.044272212064302874e-02 1.933145305413780157e+00
3.073885509741795460e-02 1.933099915381235601e+00
3.103786872131722788e-02 1.933062734676172845e+00
3.133979101396793671e-02 1.933024781891109267e+00
3.164465026957891114e-02 1.932993528662241500e+00
3.195247505759213347e-02 1.932944264703863935e+00
3.226329422536015901e-02 1.932903602230469087e+00
3.257713690084949876e-02 1.932862030941908449e+00
3.289403249537032475e-02 1.932818911321040112e+00
3.321401070633261954e-02 1.932777033483959350e+00
3.353710152002930406e-02 1.932737180064388882e+00
3.386333521444636480e-02 1.932692763377026335e+00
3.419274236210027851e-02 1.932643352730200492e+00
3.452535383290306070e-02 1.932597262335721711e+00
3.486120079705520153e-02 1.932550464780548705e+00
3.520031472796678745e-02 1.932503063855349312e+00
3.554272740520694751e-02 1.932454719368930318e+00
3.588847091748199186e-02 1.932405394242061814e+00
3.623757766564258964e-02 1.932355029484230657e+00
3.659008036572020811e-02 1.932303713053187488e+00
3.694601205199302130e-02 1.932251418578258884e+00
3.730540608008161424e-02 1.932198150358272137e+00
3.766829613007490613e-02 1.932143697562602513e+00
3.803471620968648659e-02 1.932088219435127430e+00
3.840470065744145539e-02 1.932031555808499945e+00
3.877828414589457040e-02 1.931973746617788201e+00
3.915550168487941241e-02 1.931914979626349949e+00
3.953638862478930927e-02 1.931854945263019374e+00
3.992098065989020672e-02 1.931793430249974630e+00
4.030931383166566628e-02 1.931730649477376716e+00
4.070142453219438572e-02 1.931666632138676398e+00
4.109734950756069316e-02 1.931601305590713302e+00
4.149712586129815362e-02 1.931534734275691001e+00
4.190079105786669034e-02 1.931466866460359588e+00
4.230838292616342228e-02 1.931397448664979866e+00
4.271993966306778662e-02 1.931326725664120669e+00
4.313549983702118923e-02 1.931254620796136079e+00
4.355510239164130798e-02 1.931180971632190158e+00
4.397878664937160398e-02 1.931106065343727307e+00
4.440659231516640160e-02 1.931029777451390261e+00
4.483855948021186338e-02 1.930951733987525065e+00
4.527472862568297785e-02 1.930871987107595222e+00
4.571514062653719151e-02 1.930790490004776538e+00
4.615983675534499064e-02 1.930707146745406000e+00
4.660885868615767536e-02 1.930620948619794275e+00
4.706224849841281199e-02 1.930536089696251789e+00
4.752004868087766204e-02 1.930446393039325859e+00
4.798230213563085128e-02 1.930357616069217963e+00
4.844905218208294534e-02 1.930267318608029248e+00
4.892034256103611894e-02 1.930176887721464007e+00
4.939621743878321036e-02 1.930083506988732545e+00
4.987672141124663283e-02 1.929988169828573463e+00
5.036189950815770505e-02 1.929891146857748208e+00
5.085179719727656034e-02 1.929792294078968462e+00
5.134646038865306461e-02 1.929691217115468760e+00
5.184593543892913187e-02 1.929587751825003528e+00
5.235026915568305461e-02 1.929480671672415992e+00
5.285950880181603667e-02 1.929372601214473182e+00
5.337370209998133774e-02 1.929262104771677144e+00
5.389289723705643909e-02 1.929149418846023423e+00
5.441714286865893119e-02 1.929034625266751624e+00
5.494648812370611646e-02 1.928917437519245270e+00
5.548098260901916656e-02 1.928797868614401612e+00
5.602067641397187603e-02 1.928675751158130502e+00
5.656562011518465050e-02 1.928550414808656521e+00
5.711586478126431943e-02 1.928425146232412901e+00
5.767146197758996756e-02 1.928297828550662674e+00
5.823246377114527778e-02 1.928167838767662179e+00
5.879892273539785025e-02 1.928035650115043076e+00
5.937089195522609469e-02 1.927900332158013486e+00
5.994842503189409116e-02 1.927762523015410512e+00
6.053157608807464840e-02 1.927621701876091942e+00
6.112039977292132997e-02 1.927477907610473107e+00
6.171495126718981594e-02 1.927332114081849790e+00
6.231528628840921763e-02 1.927182166029558941e+00
6.292146109610344262e-02 1.927029289447465654e+00
6.353353249706343575e-02 1.926873473588898600e+00
6.415155785067082339e-02 1.926715037628448091e+00
6.477559507427335661e-02 1.926553021348383465e+00
6.540570264861225724e-02 1.926387311873204444e+00
6.604193962330305590e-02 1.926219114533339827e+00
6.668436562236895737e-02 1.926048631681502199e+00
6.733304084982863480e-02 1.925875052202552506e+00
6.798802609533814711e-02 1.925697317379622131e+00
6.864938273988777095e-02 1.925516014872637571e+00
6.931717276155408003e-02 1.925331145831518542e+00
6.999145874130821565e-02 1.925142206894697061e+00
7.067230386888070925e-02 1.924949667084125737e+00
7.135977194868306506e-02 1.924753079214539309e+00
7.205392740578704658e-02 1.924553070270213162e+00
7.275483529196229149e-02 1.924350112552145387e+00
7.346256129177256011e-02 1.924142594193192002e+00
7.417717172873124210e-02 1.923930710097086827e+00
7.489873357151664857e-02 1.923714273159420785e+00
7.562731444024800576e-02 1.923491812929871481e+00
7.636298261282241373e-02 1.923268127611768463e+00
7.710580703131336699e-02 1.923040299279185072e+00
7.785585730843146146e-02 1.922809026264978405e+00
7.861320373404813433e-02 1.922571057914431947e+00
7.937791728178281159e-02 1.922329149843551743e+00
8.015006961565404597e-02 1.922083985549503993e+00
8.092973309679550586e-02 1.921832177080351922e+00
8.171698079023696770e-02 1.921575903353625270e+00
8.251188647175167201e-02 1.921312719594041596e+00
8.331452463477014014e-02 1.921047063641626362e+00
8.412497049736118726e-02 1.920776239976977884e+00
8.494330000928071445e-02 1.920500368012096004e+00
8.576958985908941790e-02 1.920221261185962591e+00
8.660391748133952627e-02 1.919934940746712115e+00
8.744636106383144036e-02 1.919642281777383053e+00
8.829699955494091368e-02 1.919343523489836167e+00
8.915591267101763417e-02 1.919040199826875570e+00
9.002318090385581784e-02 1.918727738455159093e+00
9.089888552823731371e-02 1.918412761668100597e+00
9.178310860954806694e-02 1.918091469503547808e+00
9.267593301146882789e-02 1.917764350007715501e+00
9.357744240374062106e-02 1.917429399370989662e+00
9.448772127000577836e-02 1.917086943468196303e+00
9.540685491572513388e-02 1.916742256450751025e+00
9.633492947617222635e-02 1.916388511120467708e+00
9.727203192450542546e-02 1.916025341040916929e+00
9.821825007991856482e-02 1.915661067910691573e+00
9.917367261587073379e-02 1.915285108496576738e+00
1.001383890683960748e-01 1.914901548866178915e+00
1.011124898444945991e-01 1.914510914443808387e+00
1.020960662306047012e-01 1.914112424453837669e+00
1.030892104011576216e-01 1.913709701408350616e+00
1.040920154272158005e-01 1.913296954093564928e+00
1.051045752851944987e-01 1.912878350700810692e+00
1.061269848656690717e-01 1.912450252122566585e+00
1.071593399822671072e-01 1.912014333836669966e+00
1.082017373806478805e-01 1.911570352776167603e+00
1.092542747475682557e-01 1.911117447611154763e+00
1.103170507200377515e-01 1.910656056054488072e+00
1.113901648945616746e-01 1.910182840325895137e+00
1.124737178364751955e-01 1.909705754778208364e+00
1.135678110893671017e-01 1.909218104376430913e+00
1.146725471845963656e-01 1.908717402041223199e+00
1.157880296509002094e-01 1.908210645397810046e+00
1.169143630240966764e-01 1.907694185666275244e+00
1.180516528568804902e-01 1.907167641242193179e+00
1.192000057287153220e-01 1.906629966205630744e+00
1.203595292558212876e-01 1.906082008535266548e+00
1.215303321012602134e-01 1.905523886744244111e+00
1.227125239851190319e-01 1.904955381024309169e+00
1.239062156947916271e-01 1.904376323753707467e+00
1.251115190953615564e-01 1.903785572687031191e+00
1.263285471400849291e-01 1.903185024699060035e+00
1.275574138809759950e-01 1.902573080229990943e+00
1.287982344794950385e-01 1.901948585448961282e+00
1.300511252173409127e-01 1.901311521447468955e+00
1.313162035073478784e-01 1.900664921110168937e+00
1.325935879044890797e-01 1.900004940312213675e+00
1.338833981169864351e-01 1.899333350190655301e+00
1.351857550175293021e-01 1.898646731524471498e+00
1.365007806546013891e-01 1.897948502145559768e+00
1.378285982639189389e-01 1.897238161530370615e+00
1.391693322799789911e-01 1.896514907491712254e+00
1.405231083477211373e-01 1.895775429364760623e+00
1.418900533343016301e-01 1.895021232654904297e+00
1.432702953409830948e-01 1.894257374372338987e+00
1.446639637151387880e-01 1.893474689590013860e+00
1.460711890623745679e-01 1.892677956341040968e+00
1.474921032587684921e-01 1.891866263572014706e+00
1.489268394632288772e-01 1.891040822166694113e+00
1.503755321299738434e-01 1.890200203054497985e+00
1.518383170211306810e-01 1.889344750402887962e+00
1.533153312194593942e-01 1.888473736897087196e+00
1.548067131411984265e-01 1.887585377527484454e+00
1.563126025490369497e-01 1.886679760616508883e+00
1.578331405652117214e-01 1.885757379371084896e+00
1.593684696847328941e-01 1.884817805859468232e+00
1.609187337887370006e-01 1.883861941510617699e+00
1.624840781579713067e-01 1.882882765705149675e+00
1.640646494864078653e-01 1.881893192835782713e+00
1.656605958949914359e-01 1.880882254125940678e+00
1.672720669455196874e-01 1.879853319927318411e+00
1.688992136546599021e-01 1.878803295812707885e+00
1.705421885081006561e-01 1.877734206197040345e+00
1.722011454748421100e-01 1.876645228586411918e+00
1.738762400216251336e-01 1.875537062739059069e+00
1.755676291275001522e-01 1.874409979880427901e+00
1.772754712985387948e-01 1.873260493672961102e+00
1.789999265826875408e-01 1.872089870444988202e+00
1.807411565847668600e-01 1.870897372046711249e+00
1.824993244816152382e-01 1.869682951673467430e+00
1.842745950373816666e-01 1.868446962286809176e+00
1.860671346189656239e-01 1.867189339951833782e+00
1.878771112116086051e-01 1.865908530320742109e+00
1.897046944346358344e-01 1.864603912476798797e+00
1.915500555573527997e-01 1.863275236611819929e+00
1.934133675150944698e-01 1.861921922806205609e+00
1.952948049254327745e-01 1.860543053226761723e+00
1.971945441045395986e-01 1.859142131300117295e+00
1.991127630837108697e-01 1.857712936791870995e+00
2.010496416260497965e-01 1.856261150180889663e+00
2.030053612433137811e-01 1.854784433118311204e+00
2.049801052129238688e-01 1.853278638369597831e+00
2.069740585951406198e-01 1.851742816890679544e+00
2.089874082504071251e-01 1.850181180133450232e+00
2.110203428568595552e-01 1.848591858384876829e+00
2.130730529280097374e-01 1.846976336920756800e+00
2.151457308305980698e-01 1.845333659961683859e+00
2.172385708026215445e-01 1.843656283209440971e+00
2.193517689715359098e-01 1.841948770890629916e+00
2.214855233726360506e-01 1.840211467056894756e+00
2.236400339676138660e-01 1.838447609418112583e+00
2.258155026632983065e-01 1.836651950087025975e+00
2.280121333305757114e-01 1.834822681410781753e+00
2.302301318234963867e-01 1.832959846140951532e+00
2.324697059985647851e-01 1.831066817034562311e+00
2.347310657342196183e-01 1.829137831123935465e+00
2.370144229505012079e-01 1.827175140944426568e+00
2.393199916289123208e-01 1.825182109952729892e+00
2.416479878324700736e-01 1.823151123629433101e+00
2.439986297259550130e-01 1.821085230816668066e+00
2.463721375963552895e-01 1.818986641895617984e+00
2.487687338735107279e-01 1.816849357495488704e+00
2.511886431509580686e-01 1.814671930879096839e+00
2.536320922069775774e-01 1.812458941628884102e+00
2.560993100258459609e-01 1.810209365967766937e+00
2.585905278192945911e-01 1.807921981552150337e+00
2.611059790481781162e-01 1.805594595431007976e+00
2.636458994443517945e-01 1.803228451463624982e+00
2.662105270327638773e-01 1.800818328130590507e+00
2.688001021537606006e-01 1.798367339888363947e+00
2.714148674856106669e-01 1.795878895903674666e+00
2.740550680672460548e-01 1.793350825266304849e+00
2.767209513212268712e-01 1.790777494618792876e+00
2.794127670769268601e-01 1.788154557560212909e+00
2.821307675939472293e-01 1.785490448462334401e+00
2.848752075857552413e-01 1.782789993261343131e+00
2.876463442435557849e-01 1.780041207649153190e+00
2.904444372603925406e-01 1.777241429779210291e+00
2.932697488554852905e-01 1.774395093611380814e+00
2.961225437988035947e-01 1.771510735688862193e+00
2.990030894358785551e-01 1.768573201475274859e+00
3.019116557128577738e-01 1.765586586368505406e+00
3.048485152018017286e-01 1.762554502540542689e+00
3.078139431262288950e-01 1.759472870024034963e+00
3.108082173869063936e-01 1.756341665071340818e+00
3.138316185878944342e-01 1.753158774023927613e+00
3.168844300628416155e-01 1.749925330517561717e+00
3.199669379015380732e-01 1.746639870112388415e+00
3.230794309767249795e-01 1.743301127817193708e+00
3.262222009711669979e-01 1.739911098998137451e+00
3.293955424049855307e-01 1.736467556630641562e+00
3.325997526632606949e-01 1.732971198873070273e+00
3.358351320238990301e-01 1.729418978360554249e+00
3.391019836857747105e-01 1.725805481625019899e+00
3.424006137971423724e-01 1.722143054531286133e+00
3.457313314843284413e-01 1.718427066182446783e+00
3.490944488806992929e-01 1.714649254528914035e+00
3.524902811559130766e-01 1.710812505464472277e+00
3.559191465454557002e-01 1.706919616922368155e+00
3.593813663804627523e-01 1.702966396324873788e+00
3.628772651178337472e-01 1.698955124413300322e+00
3.664071703706370808e-01 1.694882728997377797e+00
3.699714129388128048e-01 1.690749981905257382e+00
3.735703268401719401e-01 1.686555768611689432e+00
3.772042493416999376e-01 1.682299585824614363e+00
3.808735209911614517e-01 1.677982798048772706e+00
3.845784856490158665e-01 1.673601872966819171e+00
3.883194905206404091e-01 1.669156738646826676e+00
3.920968861888690649e-01 1.664648836626625883e+00
3.959110266468458539e-01 1.660073184681849501e+00
3.997622693312000708e-01 1.655439502247603611e+00
4.036509751555413805e-01 1.650735753906457770e+00
4.075775085442840395e-01 1.645965137669208600e+00
4.115422374667966343e-01 1.641130333884553538e+00
4.155455334718875515e-01 1.636226961185671014e+00
4.195877717226225712e-01 1.631259577146137119e+00
4.236693310314835759e-01 1.626219522704216214e+00
4.277905938958687093e-01 1.621114648849178552e+00
4.319519465339363706e-01 1.615941256178737184e+00
4.361537789208005944e-01 1.610695564667356416e+00
4.403964848250754294e-01 1.605380075526604555e+00
4.446804618457780300e-01 1.600008057252126914e+00
4.490061114495874639e-01 1.594546417611188538e+00
4.533738390084691150e-01 1.589022661760853605e+00
4.577840538376618529e-01 1.583427487285974822e+00
4.622371692340384031e-01 1.577764375731246504e+00
4.667336025148346446e-01 1.572024617334145224e+00
4.712737750567601580e-01 1.566218919466378034e+00
4.758581123354846953e-01 1.560338341420955066e+00
4.804870439655131720e-01 1.554387968881902005e+00
4.851610037404442966e-01 1.548359125056561592e+00
4.898804296736250508e-01 1.542263578685948655e+00
4.946457640391963562e-01 1.536098562647755683e+00
4.994574534135413635e-01 1.529855862528831656e+00
5.043159487171361421e-01 1.523540452187334804e+00
5.092217052568053237e-01 1.517154743023938712e+00
5.141751827683928022e-01 1.510693426517251581e+00
5.191768454598426619e-01 1.504161595219800418e+00
5.242271620547044320e-01 1.497556723704906112e+00
5.293266058360561743e-01 1.490881491609919562e+00
5.344756546908600026e-01 1.484127829931704889e+00
5.396747911547442600e-01 1.477305645673155476e+00
5.449245024572260121e-01 1.470412505412903581e+00
5.502252805673685243e-01 1.463445852505047995e+00
5.555776222398878250e-01 1.456405863127074873e+00
5.609820290617031358e-01 1.449291318161353370e+00
5.664390074989449353e-01 1.442112976654644108e+00
5.719490689444144405e-01 1.434863532245776785e+00
5.775127297655114900e-01 1.427537941557742718e+00
5.831305113526221717e-01 1.420140980488679983e+00
5.888029401679826247e-01 1.412678824933413679e+00
5.945305477950136863e-01 1.405147080159780737e+00
6.003138709881384871e-01 1.397545621082035838e+00
6.061534517230839914e-01 1.389873378507293644e+00
6.120498372476699256e-01 1.382135836222099234e+00
6.180035801330957534e-01 1.374330251346211895e+00
6.240152383257209223e-01 1.366458763743963578e+00
6.300853751993553686e-01 1.358520236114727497e+00
6.362145596080520660e-01 1.350519090775033071e+00
6.424033659394193796e-01 1.342450055247215390e+00
6.486523741684461219e-01 1.334319242795128702e+00
6.549621699118558515e-01 1.326127291120579255e+00
6.613333444829840868e-01 1.317867288448227203e+00
6.677664949471955325e-01 1.309560016519273784e+00
6.742622241778342129e-01 1.301175915236985059e+00
6.808211409127237213e-01 1.292742087388798033e+00
6.874438598112112553e-01 1.284250029730346743e+00
6.941310015117725385e-01 1.275697759915966900e+00
7.008831926901714082e-01 1.267093696833508254e+00
7.077010661181889484e-01 1.258427855666480744e+00
7.145852607229240538e-01 1.249718385477023075e+00
7.215364216466665370e-01 1.240947812787618343e+00
7.285552003073593186e-01 1.232132094603113126e+00
7.356422544596413760e-01 1.223265368468736458e+00
7.427982482564918776e-01 1.214344358276019387e+00
7.500238523114668432e-01 1.205385005537573662e+00
7.573197437615483141e-01 1.196376223313326825e+00
7.646866063305975958e-01 1.187323734553090482e+00
7.721251303934327792e-01 1.178224390862162796e+00
7.796360130405233235e-01 1.169088547108403819e+00
7.872199581433195759e-01 1.159912280527145789e+00
7.948776764202123424e-01 1.150696674155625487e+00
8.026098855031396084e-01 1.141446021643367725e+00
8.104173100048355227e-01 1.132157833587307927e+00
8.183006815867394090e-01 1.122837617323896087e+00
8.262607390275591435e-01 1.113487933202872870e+00
8.342982282925082149e-01 1.104104745886097083e+00
8.424139026032094746e-01 1.094694104974794246e+00
8.506085225082840040e-01 1.085257889885709037e+00
8.588828559546254349e-01 1.075796959166248179e+00
8.672376783593644944e-01 1.066309422598830547e+00
8.756737726825394308e-01 1.056808648318283028e+00
8.841919295004664336e-01 1.047284319457829183e+00
8.927929470798307010e-01 1.037736799760534234e+00
9.014776314524917122e-01 1.028177281322045333e+00
9.102467964910225806e-01 1.018606318779200270e+00
9.191012639849772681e-01 1.009025867125130427e+00
9.280418637179072006e-01 9.994311290111786983e-01
9.370694335451198453e-01 9.898276094808783343e-01
9.461848194722002336e-01 9.802187566230925464e-01
9.553888757342895444e-01 9.706058066829866826e-01
9.646824648761427312e-01 9.609944643265195818e-01
9.740664578329562007e-01 9.513768041284574872e-01
9.835417340119908536e-01 9.417638655458324681e-01
9.931091813749796104e-01 9.321512948656635045e-01
1.002769696521346621e+00 9.225454763278542192e-01
1.012524184772224167e+00 9.129499402977473421e-01
1.022373560255302127e+00 9.033633882865720333e-01
1.032318745990486564e+00 8.936602826389131726e-01
1.042360673976402197e+00 8.842178826602179464e-01
1.052500285277732761e+00 8.746684496322805202e-01
1.062738530113414459e+00 8.651352254098084726e-01
1.073076367945679621e+00 8.556231583483920877e-01
1.083514767569973225e+00 8.461290517353440288e-01
1.094054707205742494e+00 8.366581063356490766e-01
1.104697174588111785e+00 8.272123793348864496e-01
1.115443167060441221e+00 8.177910264882665148e-01
1.126293691667795249e+00 8.084012159455395974e-01
1.137249765251314271e+00 7.990347017908826510e-01
1.148312414543511073e+00 7.897021084585867934e-01
1.159482676264482759e+00 7.804040178944158246e-01
1.170761597219069250e+00 7.711383792543161642e-01
1.182150234394952371e+00 7.619129935234691953e-01
1.193649655061713055e+00 7.527224396605923795e-01
1.205260936870842681e+00 7.435740493549706231e-01
1.216985167956738056e+00 7.344647382367761601e-01
1.228823447038673411e+00 7.253994930761599180e-01
1.240776883523764251e+00 7.163791609758337620e-01
1.252846597610937529e+00 7.074033289929917423e-01
1.265033720395903893e+00 6.984773469021118286e-01
1.277339393977160009e+00 6.895976391320941534e-01
1.289764771563017165e+00 6.807680442622513484e-01
1.302311017579677488e+00 6.719936141561763110e-01
1.314979307780347773e+00 6.632721212620732443e-01
1.327770829355430449e+00 6.545974225280927206e-01
1.340686781043774811e+00 6.459863494372076742e-01
1.353728373245021821e+00 6.374280788568786882e-01
1.366896828133026487e+00 6.289276265094482232e-01
1.380193379770397355e+00 6.204673284516937226e-01
1.393619274224142002e+00 6.121054931626522810e-01
1.407175769682446731e+00 6.037898254119010710e-01
1.420864136572576708e+00 5.955299265829404609e-01
1.434685657679937831e+00 5.873384968984476373e-01
1.448641628268290127e+00 5.792076452275006782e-01
1.462733356201129986e+00 5.711394081728543570e-01
1.476962162064259898e+00 5.631444966242099559e-01
1.491329379289537682e+00 5.552094823417141889e-01
1.505836354279841416e+00 5.473447790790373357e-01
1.520484446535244283e+00 5.395472875141936742e-01
1.535275028780422657e+00 5.318178081033027027e-01
1.550209487093291205e+00 5.241612667569205408e-01
1.565289221034902312e+00 5.165715864335952423e-01
1.580515643780601165e+00 5.090519213989413982e-01
1.595890182252465817e+00 5.016049216693445612e-01
1.611414277253019778e+00 4.942300979401922922e-01
1.627089383600260675e+00 4.869252511086120117e-01
1.642916970263993193e+00 4.796951121474484214e-01
1.658898520503498064e+00 4.725372387687908349e-01
1.675035532006524441e+00 4.654501809117777000e-01
1.691329517029648732e+00 4.584383234029540954e-01
1.707782002539993016e+00 4.515010450868411906e-01
1.724394530358320354e+00 4.446386995119692709e-01
1.741168657303530987e+00 4.378474532499645466e-01
1.758105955338547632e+00 4.311301964082505656e-01
1.775208011717636092e+00 4.244888768563153114e-01
1.792476429135148930e+00 4.179244581181363327e-01
1.809912825875727105e+00 4.114304382065891996e-01
1.827518835965944666e+00 4.050122892999469260e-01
1.845296109327445366e+00 3.986791300732032139e-01
1.863246311931559873e+00 3.923987028195473070e-01
1.881371125955437096e+00 3.861889540708002277e-01
1.899672249939675650e+00 3.800847297539779457e-01
1.918151398947507635e+00 3.740383467456017130e-01
1.936810304725519849e+00 3.680647165601478310e-01
1.955650715865949074e+00 3.621658820519413347e-01
1.974674397970537454e+00 3.563423474463473517e-01
1.993883133816001019e+00 3.505487158304250173e-01
2.013278723521096492e+00 3.449115899837672528e-01
2.032862984715323673e+00 3.393049351148277881e-01
2.052637752709252084e+00 3.337700293756522552e-01
2.072604880666519822e+00 3.283110101467648367e-01
2.092766239777499759e+00 3.229217557457758070e-01
2.113123719434652603e+00 3.175651820568118899e-01
2.133679227409597701e+00 3.123564467546277035e-01
2.154434690031884259e+00 3.071794056207908796e-01
2.175392052369522489e+00 3.020732719676120781e-01
2.196553278411258248e+00 2.970364270475963631e-01
2.217920351250634692e+00 2.920697816912857792e-01
2.239495273271823184e+00 2.871701425094626559e-01
2.261280066337279404e+00 2.823403832128595359e-01
2.283276771977218012e+00 2.775775162670616747e-01
2.305487451580938707e+00 2.728453936028497617e-01
2.327914186589993051e+00 2.682530386895675689e-01
2.350559078693253756e+00 2.636910185360301084e-01
2.373424250023866033e+00 2.591934042213540623e-01
2.396511843358130278e+00 2.547626996738224792e-01
2.419824022316292567e+00 2.503948785825951817e-01
2.443362971565319341e+00 2.460914380087758091e-01
2.467130897023623426e+00 2.418503197883664357e-01
2.491130026067788439e+00 2.376735514975100716e-01
2.515362607741312928e+00 2.335581015641703395e-01
2.539830912965362675e+00 2.295045939007563374e-01
2.564537234751594674e+00 2.255101270999336494e-01
2.589483888417040802e+00 2.215775555900482419e-01
2.614673211801092023e+00 2.177044571866265099e-01
2.640107565484572927e+00 2.138892684494774210e-01
2.665789333010967876e+00 2.101328851459069169e-01
2.691720921109787668e+00 2.064341475179537200e-01
2.717904759922122881e+00 2.027935145064396205e-01
2.744343303228365283e+00 1.992073029210389146e-01
2.771039028678170535e+00 1.956788586176092248e-01
2.797994438022641805e+00 1.922040085165278023e-01
2.825212057348790218e+00 1.887828276187390186e-01
2.852694437316245057e+00 1.854174646822145112e-01
2.880444153396297668e+00 1.821044234202543188e-01
2.908463806113254169e+00 1.788431276864292097e-01
2.936756021288137397e+00 1.756337295033838508e-01
2.965323450284773621e+00 1.724755156094200936e-01
2.994168770258243573e+00 1.693687202744341702e-01
3.023294684405779531e+00 1.663110417226709437e-01
3.052703922220086241e+00 1.633022424779204118e-01
3.082399239745143404e+00 1.603422961944582503e-01
3.112383419834465759e+00 1.574302248054836595e-01
3.142659272411905569e+00 1.545656513704070645e-01
3.173229634734976212e+00 1.517473282065709139e-01
3.204097371660752813e+00 1.489754555969357852e-01
3.235265375914330388e+00 1.462476281617169360e-01
3.266736568359921655e+00 1.435657005874312886e-01
3.298513898274578082e+00 1.409289606923928573e-01
3.330600343624588788e+00 1.383325226875554426e-01
3.362998911344535991e+00 1.357816304233953053e-01
3.395712637619100693e+00 1.332718261597655163e-01
3.428744588167585317e+00 1.308050876189227052e-01
3.462097858531227423e+00 1.283783901673944683e-01
3.495775574363275240e+00 1.259921208646690438e-01
3.529780891721914671e+00 1.236451456408066280e-01
3.564116997366032269e+00 1.213382720571573870e-01
3.598787109053855460e+00 1.190702544782274441e-01
3.633794475844513094e+00 1.168404296599899472e-01
3.669142378402494131e+00 1.146478334539146743e-01
3.704834129305105694e+00 1.124915377418816975e-01
3.740873073352900313e+00 1.103727491406952810e-01
3.777262587883141176e+00 1.082899213221138468e-01
3.814006083086284082e+00 1.062423362535233201e-01
3.851107002325572903e+00 1.042289033302374601e-01
3.888568822459721019e+00 1.022503277249761089e-01
3.926395054168756449e+00 1.003055534463019871e-01
3.964589242282997805e+00 9.837819361908706206e-02
4.003154966115265445e+00 9.651522864214764907e-02
4.042095839796306045e+00 9.466831638117667591e-02
4.081415512613501662e+00 9.285345181632394251e-02
4.121117669352832635e+00 9.105885183467925248e-02
4.161206030644208020e+00 8.931703851396260996e-02
4.201684353310133346e+00 8.759459067343047800e-02
4.242556430717777438e+00 8.590137467067818222e-02
4.283826093134470270e+00 8.423789594525310509e-02
4.325497208086633627e+00 8.259133128098063159e-02
4.367573680722233398e+00 8.099170731432030201e-02
4.410059454176736615e+00 7.942134887304845570e-02
4.452958509942654963e+00 7.786786927888604548e-02
4.496274868242640110e+00 7.634417544422561486e-02
4.540012588406244554e+00 7.484700415257251882e-02
4.584175769250333765e+00 7.337597168553214311e-02
4.628768549463215365e+00 7.193083366284799829e-02
4.673795107992464004e+00 7.051110571748278599e-02
4.719259664436561863e+00 6.911628320287470373e-02
4.765166479440326341e+00 6.774595352809069382e-02
4.811519855094205766e+00 6.639993556415996201e-02
4.858324135337417360e+00 6.507762807696922114e-02
4.905583706365050922e+00 6.377694638190188614e-02
4.953302997039108924e+00 6.250243255948779997e-02
5.001486479303548727e+00 6.124843875044145430e-02
5.050138668603383785e+00 6.001781141210529164e-02
5.099264124307808288e+00 5.880885912475940919e-02
5.148867450137498025e+00 5.762090918521350913e-02
5.198953294596024399e+00 5.645464137357516371e-02
5.249526351405507718e+00 5.530781389233849904e-02
5.300591359946452030e+00 5.418313742161864205e-02
5.352153105701904501e+00 5.307821535829930493e-02
5.404216420705915347e+00 5.199328729409056354e-02
5.456786183996381823e+00 5.092714485800492463e-02
5.509867322072253160e+00 4.988049840718176281e-02
5.563464809355226137e+00 4.884984522459560191e-02
5.617583668655908191e+00 4.784347659145442300e-02
5.672228971644543094e+00 4.685234229348206325e-02
5.727405839326266346e+00 4.587929408847893353e-02
5.783119442521027054e+00 4.492257819941897906e-02
5.839375002348160315e+00 4.398561148382899161e-02
5.896177790715694478e+00 4.306462571843172604e-02
5.953533130814370189e+00 4.216035605988693868e-02
6.011446397616513337e+00 4.127191189179738734e-02
6.069923018379741464e+00 4.040122892382180808e-02
6.128968473155564034e+00 3.954541464519626542e-02
6.188588295302960063e+00 3.870523317462494506e-02
6.248788072006894012e+00 3.788067347783349165e-02
6.309573444801936049e+00 3.707132699362192252e-02
6.370950110100935149e+00 3.627679257431171839e-02
6.432923819728876502e+00 3.549619225990261612e-02
6.495500381461869033e+00 3.473159228199761139e-02
6.558685659571435345e+00 3.398025779941775404e-02
6.622485575374063238e+00 3.324033515947388134e-02
6.686906107786136921e+00 3.251954213016829132e-02
6.751953293884205287e+00 3.180945988501893834e-02
6.817633229470763112e+00 3.111241882332060199e-02
6.883952069645496330e+00 3.042644399952806195e-02
6.950916029382126382e+00 2.975779087829007880e-02
7.018531384110795912e+00 2.909944283042853463e-02
7.086804470306189430e+00 2.845297595516469921e-02
7.155741686081340980e+00 2.781824501505487587e-02
7.225349491787214085e+00 2.719778091610816281e-02
7.295634410618154320e+00 2.658770763352400618e-02
7.366603029223159460e+00 2.598920376818092057e-02
7.438261998323163482e+00 2.540207701545363697e-02
7.510618033334286459e+00 2.482619944768990269e-02
7.583677914997190683e+00 2.426129120750963181e-02
7.657448490012479958e+00 2.370721814394553123e-02
7.731936671682362316e+00 2.316400750857932483e-02
7.807149440558499798e+00 2.263054180720354761e-02
7.883093845096216690e+00 2.210825673951411635e-02
7.959777002314985417e+00 2.159554797335394918e-02
8.037206098465421888e+00 2.109292944777975409e-02
8.115388389702712146e+00 2.060004034427304759e-02
8.194331202766655053e+00 2.011681273189256172e-02
8.274041935668218883e+00 1.964305543899085016e-02
8.354528058382872047e+00 1.917851765023780020e-02
8.435797113550611570e+00 1.872313479113365403e-02
8.517856717182803905e+00 1.827670173912944104e-02
8.600714559375941093e+00 1.783922809470567597e-02
8.684378405032257220e+00 1.741027716392169744e-02
8.768856094587436090e+00 1.698992154508637692e-02
8.854155544745349715e+00 1.657815532454015583e-02
8.940284749219998162e+00 1.617419785489690454e-02
9.027251779484577909e+00 1.577853975983036991e-02
9.115064785527916769e+00 1.539091889855334801e-02
9.203731996618220279e+00 1.501104093914065393e-02
9.293261722074316111e+00 1.463889826787289836e-02
9.383662352044273902e+00 1.427421999182249858e-02
9.474942358291729150e+00 1.391717455103313149e-02
9.567110294989774388e+00 1.356748209695851290e-02
9.660174799522645017e+00 1.322470575555683044e-02
9.754144593295098531e+00 1.288912832206430895e-02
9.849028482549766039e+00 1.256052081257426518e-02
9.944835359192397917e+00 1.223865695025567676e-02
1.004157420162519543e+01 1.192407346509656400e-02
1.013925407558815373e+01 1.161505244126143609e-02
1.023788413500867378e+01 1.131299883046807050e-02
1.033747362285940774e+01 1.101735667596649010e-02
1.043803187202444072e+01 1.072786548353077407e-02
1.053956830617394580e+01 1.044434784969263015e-02
1.064209244064724658e+01 1.016738719406780865e-02
1.074561388334458023e+01 9.896036495954033466e-03
1.085014233562746178e+01 9.630574368956621584e-03
1.095568759322787855e+01 9.370386979732392083e-03
1.106225954716621906e+01 9.116677447317285757e-03
1.116986818467823817e+01 8.867584722831363744e-03
1.127852359015096795e+01 8.624538620745862000e-03
1.138823594606782130e+01 8.387149493433001049e-03
1.149901553396274245e+01 8.154644186986362980e-03
1.161087273538378994e+01 7.926973513220665971e-03
1.172381803286598512e+01 7.704737266707781425e-03
1.183786201091373513e+01 7.487513415525397405e-03
1.195301535699265827e+01 7.274915623097896050e-03
1.206928886253119870e+01 7.067358531839968913e-03
1.218669342393191712e+01 6.864242640932854099e-03
1.230524004359261525e+01 6.666053612123326762e-03
1.242493983093746479e+01 6.472092910829542467e-03
1.254580400345803248e+01 6.282742186140867491e-03
1.266784388776455827e+01 6.098126587846250564e-03
1.279107092064739781e+01 5.917105003962681506e-03
1.291549665014884063e+01 5.740672652001506220e-03
1.304113273664525430e+01 5.568372958629663749e-03
1.316799095393986185e+01 5.400376432556829032e-03
1.329608319036608854e+01 5.235888278915931324e-03
1.342542144990170527e+01 5.075635089536134799e-03
1.355601785329368880e+01 4.919197425814782892e-03
1.368788463919415221e+01 4.766517686943758450e-03
1.382103416530724438e+01 4.617609052570217226e-03
1.395547890954729020e+01 4.472231767836955599e-03
1.409123147120805619e+01 4.330642013281302272e-03
1.422830457214353395e+01 4.192291736684101641e-03
1.436671105796013137e+01 4.057615321910473631e-03
1.450646389922046886e+01 3.926123116571591902e-03
1.464757619265895272e+01 3.798039899931763240e-03
1.479006116240903168e+01 3.673160220847935392e-03
1.493393216124253264e+01 3.551539238717848265e-03
1.507920267182097263e+01 3.433023392052347075e-03
1.522588630795911513e+01 3.317506355646399931e-03
1.537399681590069456e+01 3.204965821394542384e-03
1.552354807560667105e+01 3.095545290009936966e-03
1.567455410205595001e+01 2.988992697962743368e-03
1.582702904655883280e+01 2.885143549229151911e-03
1.598098719808309376e+01 2.784179887960577804e-03
1.613644298459311699e+01 2.685618483153835809e-03
1.629341097440194730e+01 2.590266196074397526e-03
1.645190587753662470e+01 2.497247377240651659e-03
1.661194254711659113e+01 2.406836381819200694e-03
1.677353598074571295e+01 2.318914101096301514e-03
1.693670132191772026e+01 2.233464122978119984e-03
1.710145386143542012e+01 2.150390898361267174e-03
1.726780903884355922e+01 2.069677553389803835e-03
1.743578244387577669e+01 1.991326202089434456e-03
1.760538981791556523e+01 1.915205967477904983e-03
1.777664705547142532e+01 1.841360664599014062e-03
1.794957020566648254e+01 1.769605950057766448e-03
1.812417547374237614e+01 1.699954668648911461e-03
1.830047922257800863e+01 1.632472859263529082e-03
1.847849797422290763e+01 1.567035465195813554e-03
1.865824841144566193e+01 1.503526310909288587e-03
1.883974737929719367e+01 1.441933784107847505e-03
1.902301188668945642e+01 1.382318703714563403e-03
1.920805910798935301e+01 1.324533026928326890e-03
1.939490638462828542e+01 1.268703554989006723e-03
1.958357122672716955e+01 1.214413120020454203e-03
1.977407131473744428e+01 1.161982753326706560e-03
1.996642450109793288e+01 1.111254594137387397e-03
2.016064881190793656e+01 1.062191340346315674e-03
2.035676244861640072e+01 1.014768971033461198e-03
2.055478378972772546e+01 9.689264795526580541e-04
2.075473139252405730e+01 9.246324890050375191e-04
2.095662399480432825e+01 8.818634720671762392e-04
2.116048051664034446e+01 8.405571469894043950e-04
2.136632006214970403e+01 8.007007759992915185e-04
2.157416192128621546e+01 7.622580905723333033e-04
2.178402557164756459e+01 7.251833746973816415e-04
2.199593068030074861e+01 6.894596267969515949e-04
2.220989710562497521e+01 6.550424260064130824e-04
2.242594489917278011e+01 6.219016674572806422e-04
2.264409430754907504e+01 5.900041880376591039e-04
2.286436577430861306e+01 5.593181591834215987e-04
2.308677994187169702e+01 5.298163028056621744e-04
2.331135765345874944e+01 5.014624069970693380e-04
2.353811995504354471e+01 4.742342834183657348e-04
2.376708809732560823e+01 4.480887789142636241e-04
2.399828353772154799e+01 4.230136144382594106e-04
2.423172794237600769e+01 3.989640840946836607e-04
2.446744318819203201e+01 3.759277025422784425e-04
2.470545136488123816e+01 3.538639414480744430e-04
2.494577477703398571e+01 3.327486573341009485e-04
2.518843594620949489e+01 3.125642860594588196e-04
2.543345761304651020e+01 2.932714982185448752e-04
2.568086273939435316e+01 2.748524430094861546e-04
2.593067451046487548e+01 2.572792474738765296e-04
2.618291633700505372e+01 2.405236866871425603e-04
2.643761185749101372e+01 2.245648998068305402e-04
2.669478494034320804e+01 2.093746014810292540e-04
2.695445968616333587e+01 1.949383000263285386e-04
2.721666042999271795e+01 1.812230364201695835e-04
2.748141174359293259e+01 1.682084243755243452e-04
2.774873843774846804e+01 1.558695063397375481e-04
2.801866556459195223e+01 1.441913500266755338e-04
2.829121841995168651e+01 1.331491112814792795e-04
2.856642254572233952e+01 1.227105250432394584e-04
2.884430373225852051e+01 1.128688695778558933e-04
2.912488802079168337e+01 1.035984363105927101e-04
2.940820170587063842e+01 9.487621647693964986e-05
2.969427133782552986e+01 8.668072096941031564e-05
2.998312372525609959e+01 7.900109903604802359e-05
3.027478593754393543e+01 7.180257320662963741e-05
3.056928530738937155e+01 6.508241109242043801e-05
3.086664943337274636e+01 5.881648293358589680e-05
3.116690618254088463e+01 5.298117744615404981e-05
3.147008369301855879e+01 4.756416398535740506e-05
3.177621037664554038e+01 4.254797446564471649e-05
3.208531492163897525e+01 3.790280463863118690e-05
3.239742629528198847e+01 3.362273056651728651e-05
3.271257374663825601e+01 2.969383952338280013e-05
3.303078680929315425e+01 2.609207992867016533e-05
3.335209530412127066e+01 2.280409199571155235e-05
3.367652934208116022e+01 1.981382291628618834e-05
3.400411932703705986e+01 1.710683940263164332e-05
3.433489595860830690e+01 1.466339306505695176e-05
3.466889023504609213e+01 1.247075357440419781e-05
3.500613345613854221e+01 1.051337047166587815e-05
3.534665722614391115e+01 8.779193260794590021e-06
3.569049345675229290e+01 7.250719061983854491e-06
3.603767437007633134e+01 5.914306318885730186e-06
3.638823250167062184e+01 4.756104789383263337e-06
3.674220070358090595e+01 3.763226960570708558e-06
3.709961214742267543e+01 2.921135253408744381e-06
3.746050032748993175e+01 2.217328164584414220e-06
3.782489906389385936e+01 1.638412857302523117e-06
3.819284250573236505e+01 1.171178853772954150e-06
3.856436513429023449e+01 8.036439533055624848e-07
3.893950176627063087e+01 5.231885812428333372e-07
3.931828755705770106e+01 3.176303908884470925e-07
3.970075800401124155e+01 1.749695078635497947e-07
4.008694894979318946e+01 8.254908775034906449e-08
4.047689658572676308e+01 3.075369958603473172e-08
4.087063745518780422e+01 7.274963197055677553e-09
4.126820845702955864e+01 0.000000000000000000e+00
