1.000000000000000021e-02 1.444403543342766438e+00
1.009727545900835841e-02 1.444399036685315663e+00
1.019549716950923779e-02 1.444394283780595867e+00
1.029467433620748044e-02 1.444389430416930464e+00
1.039481625334708927e-02 1.444383620725479433e+00
1.049593230558227772e-02 1.444378554349566635e+00
1.059803196885688789e-02 1.444373415349694545e+00
1.070112481129246833e-02 1.444368188188931201e+00
1.080522049408488318e-02 1.444363013611455138e+00
1.091032877240974419e-02 1.444357671525688502e+00
1.101645949633656314e-02 1.444351914120463487e+00
1.112362261175187626e-02 1.444346400700568411e+00
1.123182816129126085e-02 1.444340661306227513e+00
1.134108628528052165e-02 1.444334533227949802e+00
1.145140722268592030e-02 1.444329378404474173e+00
1.156280131207376022e-02 1.444322848581115037e+00
1.167527899257919492e-02 1.444316746668341755e+00
1.178885080488457221e-02 1.444310412096476037e+00
1.190352739220719262e-02 1.444304154348077240e+00
1.201931950129673729e-02 1.444297511964072633e+00
1.213623798344241195e-02 1.444290421173694439e+00
1.225429379548980714e-02 1.444283224792478393e+00
1.237349800086776086e-02 1.444279162548744111e+00
1.249386177062509519e-02 1.444268672784126517e+00
1.261539638447754796e-02 1.444261487756852702e+00
1.273811323186478488e-02 1.444254107946887578e+00
1.286202381301779218e-02 1.444246496518533984e+00
1.298713974003655978e-02 1.444271058759498905e+00
1.311347273797833224e-02 1.444231234858568635e+00
1.324103464595636874e-02 1.444223172484269790e+00
1.336983741824946531e-02 1.444213803685078901e+00
1.349989312542219239e-02 1.444206145357362914e+00
1.363121395545611320e-02 1.444197699570796578e+00
1.376381221489191876e-02 1.444220181869734665e+00
1.389770032998276401e-02 1.444180417425946494e+00
1.403289084785873213e-02 1.444171468265374125e+00
1.416939643770268736e-02 1.444192234169150879e+00
1.430722989193757184e-02 1.444154693098461673e+00
1.444640412742520530e-02 1.444142963783835443e+00
1.458693218667675602e-02 1.444133125019640529e+00
1.472882723907502529e-02 1.444122699301480184e+00
1.487210258210860774e-02 1.444112464283339170e+00
1.501677164261799868e-02 1.444102078030584657e+00
1.516284797805393485e-02 1.444091490745036399e+00
1.531034527774784160e-02 1.444080169825774140e+00
1.545927736419477720e-02 1.444069175072071332e+00
1.560965819434872483e-02 1.444057984687084017e+00
1.576150186093060873e-02 1.444046958478517828e+00
1.591482259374891323e-02 1.444035258110279774e+00
1.606963476103326349e-02 1.444022854228770081e+00
1.622595287078087284e-02 1.444010816000301345e+00
1.638379157211618947e-02 1.443998322676453228e+00
1.654316565666366645e-02 1.443986395321672500e+00
1.670409005993399310e-02 1.443973717693905590e+00
1.686657986272368723e-02 1.443960503439049692e+00
1.703065029252844378e-02 1.443947092256389286e+00
1.719631672497009753e-02 1.443933237599715813e+00
1.736359468523754335e-02 1.443919470325444099e+00
1.753249984954170088e-02 1.443905274779199166e+00
1.770304804658450262e-02 1.443890793274829498e+00
1.787525525904235316e-02 1.443875980567926876e+00
1.804913762506383731e-02 1.443860889481214382e+00
1.822471143978214581e-02 1.443845506698882897e+00
1.840199315684210371e-02 1.443829804474225931e+00
1.858099938994215231e-02 1.443813781228234561e+00
1.876174691439120440e-02 1.443797419226071632e+00
1.894425266868081034e-02 1.443780829004937205e+00
1.912853375607242307e-02 1.443763822297805532e+00
1.931460744620030340e-02 1.443746420049399015e+00
1.950249117668984011e-02 1.443728521893634875e+00
1.969220255479172538e-02 1.443711373859779323e+00
1.988375935903200636e-02 1.443693026923416056e+00
2.007717954087816226e-02 1.443673881573750206e+00
2.027248122642137662e-02 1.443654389722290432e+00
2.046968271807520987e-02 1.443634699931627186e+00
2.066880249629082095e-02 1.443614742915696469e+00
2.086985922128879734e-02 1.443594848744094827e+00
2.107287173480786382e-02 1.443574529096204984e+00
2.127785906187062287e-02 1.443553114868450837e+00
2.148484041256648255e-02 1.443531719880444042e+00
2.169383518385184506e-02 1.443509546816925004e+00
2.190486296136792688e-02 1.443487573422841397e+00
2.211794352127614133e-02 1.443464867624553394e+00
2.233309683211144592e-02 1.443442596055582339e+00
2.255034305665360936e-02 1.443419013605339751e+00
2.276970255381680075e-02 1.443395052860260375e+00
2.299119588055741764e-02 1.443370600758840938e+00
2.321484379380064564e-02 1.443345570531735511e+00
2.344066725238556220e-02 1.443319476389044231e+00
2.366868741902936057e-02 1.443293410312616043e+00
2.389892566231050300e-02 1.443266340073220411e+00
2.413140355867127856e-02 1.443239197933159801e+00
2.436614289443983158e-02 1.443211587544443342e+00
2.460316566787181664e-02 1.443184515635155929e+00
2.484249409121190577e-02 1.443155897337506932e+00
2.508415059277539771e-02 1.443127131342770042e+00
2.532815781905008515e-02 1.443097382830515363e+00
2.557453863681850847e-02 1.443066174030973148e+00
2.582331613530085626e-02 1.443035563133876487e+00
2.607451362831877603e-02 1.443004038398420397e+00
2.632815465648021339e-02 1.442972401837263829e+00
2.658426298938541474e-02 1.442939531420611265e+00
2.684286262785454819e-02 1.442905990896525825e+00
2.710397780617682106e-02 1.442871805351651382e+00
2.736763299438163891e-02 1.442836883988603214e+00
2.763385290053169824e-02 1.442801559327566707e+00
2.790266247303856487e-02 1.442765266796901313e+00
2.817408690300057458e-02 1.442728421804069905e+00
2.844815162656363222e-02 1.442690963836826823e+00
2.872488232730495070e-02 1.442652873046355033e+00
2.900430493863991738e-02 1.442614479408520056e+00
2.928644564625237229e-02 1.442574581345155371e+00
2.957133089054861039e-02 1.442533897622333416e+00
2.985898736913520854e-02 1.442492690019759882e+00
3.014944203932094433e-02 1.442450455878250493e+00
3.044272212064302874e-02 1.442407421928903144e+00
3.073885509741795460e-02 1.442363477742025113e+00
3.103786872131722788e-02 1.442318658699479395e+00
3.133979101396793671e-02 1.442272887870025277e+00
3.164465026957891114e-02 1.442226154371014424e+00
3.195247505759213347e-02 1.442179413573655200e+00
3.226329422536015901e-02 1.442130195340242560e+00
3.257713690084949876e-02 1.442080767481371151e+00
3.289403249537032475e-02 1.442030658198787174e+00
3.321401070633261954e-02 1.441979328519171322e+00
3.353710152002930406e-02 1.441926850019804807e+00
3.386333521444636480e-02 1.441873388929130639e+00
3.419274236210027851e-02 1.441819561354825474e+00
3.452535383290306070e-02 1.441763976957672888e+00
3.486120079705520153e-02 1.441707875168450448e+00
3.520031472796678745e-02 1.441650428844124088e+00
3.554272740520694751e-02 1.441591573175784902e+00
3.588847091748199186e-02 1.441532044339000729e+00
3.623757766564258964e-02 1.441471167615290705e+00
3.659008036572020811e-02 1.441409178706560157e+00
3.694601205199302130e-02 1.441346231206977135e+00
3.730540608008161424e-02 1.441281660816248422e+00
3.766829613007490613e-02 1.441214513072526460e+00
3.803471620968648659e-02 1.441148962914349685e+00
3.840470065744145539e-02 1.441080445627561213e+00
3.877828414589457040e-02 1.441010808048123204e+00
3.915550168487941241e-02 1.440939685746627008e+00
3.953638862478930927e-02 1.440867229420845552e+00
3.992098065989020672e-02 1.440793103346923454e+00
4.030931383166566628e-02 1.440717819100207464e+00
4.070142453219438572e-02 1.440641460001046870e+00
4.109734950756069316e-02 1.440562631656364223e+00
4.149712586129815362e-02 1.440482121046802844e+00
4.190079105786669034e-02 1.440400984116248173e+00
4.230838292616342228e-02 1.440317375237091468e+00
4.271993966306778662e-02 1.440232968432155536e+00
4.313549983702118923e-02 1.440145934346793721e+00
4.355510239164130798e-02 1.440059207107294181e+00
4.397878664937160398e-02 1.439968756365459956e+00
4.440659231516640160e-02 1.439877340326893629e+00
4.483855948021186338e-02 1.439782496245767485e+00
4.527472862568297785e-02 1.439689437638628666e+00
4.571514062653719151e-02 1.439593445695613427e+00
4.615983675534499064e-02 1.439493897681783041e+00
4.660885868615767536e-02 1.439393356671047730e+00
4.706224849841281199e-02 1.439290405963893571e+00
4.752004868087766204e-02 1.439186717561160789e+00
4.798230213563085128e-02 1.439079729921028061e+00
4.844905218208294534e-02 1.438971290706631434e+00
4.892034256103611894e-02 1.438837351357979077e+00
4.939621743878321036e-02 1.438747160846647555e+00
4.987672141124663283e-02 1.438632092950121066e+00
5.036189950815770505e-02 1.438515593740285148e+00
5.085179719727656034e-02 1.438413254242606021e+00
5.134646038865306461e-02 1.438274409774301432e+00
5.184593543892913187e-02 1.438150208280063902e+00
5.235026915568305461e-02 1.438023786903885215e+00
5.285950880181603667e-02 1.437893949963273466e+00
5.337370209998133774e-02 1.437761895581421090e+00
5.389289723705643909e-02 1.437627501487633852e+00
5.441714286865893119e-02 1.437490595357070911e+00
5.494648812370611646e-02 1.437350662916164756e+00
5.548098260901916656e-02 1.437207593869684441e+00
5.602067641397187603e-02 1.437062517980374432e+00
5.656562011518465050e-02 1.436915002573637246e+00
5.711586478126431943e-02 1.436764470916620295e+00
5.767146197758996756e-02 1.436611170078253341e+00
5.823246377114527778e-02 1.436455191743588378e+00
5.879892273539785025e-02 1.436295775960451993e+00
5.937089195522609469e-02 1.436133134970564607e+00
5.994842503189409116e-02 1.435967367831074037e+00
6.053157608807464840e-02 1.435798585993399046e+00
6.112039977292132997e-02 1.435626246355017344e+00
6.171495126718981594e-02 1.435450917997174614e+00
6.231528628840921763e-02 1.435271644128523372e+00
6.292146109610344262e-02 1.435089011861433006e+00
6.353353249706343575e-02 1.434902803047898301e+00
6.415155785067082339e-02 1.434712654168462276e+00
6.477559507427335661e-02 1.434518853450575504e+00
6.540570264861225724e-02 1.434321003287833740e+00
6.604193962330305590e-02 1.434120112019818372e+00
6.668436562236895737e-02 1.433915529461881500e+00
6.733304084982863480e-02 1.433705385609226113e+00
6.798802609533814711e-02 1.433492516072507161e+00
6.864938273988777095e-02 1.433276046227623057e+00
6.931717276155408003e-02 1.433054950051246390e+00
6.999145874130821565e-02 1.432829673761530032e+00
7.067230386888070925e-02 1.432599055569593549e+00
7.135977194868306506e-02 1.432365784775025741e+00
7.205392740578704658e-02 1.432127182253212450e+00
7.275483529196229149e-02 1.431883135418083208e+00
7.346256129177256011e-02 1.431639431377096594e+00
7.417717172873124210e-02 1.431382916314626330e+00
7.489873357151664857e-02 1.431122015982716489e+00
7.562731444024800576e-02 1.430862392104626180e+00
7.636298261282241373e-02 1.430594583157817290e+00
7.710580703131336699e-02 1.430321876906579970e+00
7.785585730843146146e-02 1.430043365024725732e+00
7.861320373404813433e-02 1.429758246701227087e+00
7.937791728178281159e-02 1.429470162049391924e+00
8.015006961565404597e-02 1.429176510855320492e+00
8.092973309679550586e-02 1.428876334549321614e+00
8.171698079023696770e-02 1.428570771938757922e+00
8.251188647175167201e-02 1.428258508867509935e+00
8.331452463477014014e-02 1.427941057931716440e+00
8.412497049736118726e-02 1.427616821614275278e+00
8.494330000928071445e-02 1.427286762052939029e+00
8.576958985908941790e-02 1.426950997491156725e+00
8.660391748133952627e-02 1.426607564012709162e+00
8.744636106383144036e-02 1.426257297599294871e+00
8.829699955494091368e-02 1.425903485355194178e+00
8.915591267101763417e-02 1.425537115934760291e+00
9.002318090385581784e-02 1.425166837796292274e+00
9.089888552823731371e-02 1.424790452466534241e+00
9.178310860954806694e-02 1.424406420216258295e+00
9.267593301146882789e-02 1.424015202708216687e+00
9.357744240374062106e-02 1.423615742941686468e+00
9.448772127000577836e-02 1.423209305454640639e+00
9.540685491572513388e-02 1.422795167360704438e+00
9.633492947617222635e-02 1.422371196903627899e+00
9.727203192450542546e-02 1.421941479491365401e+00
9.821825007991856482e-02 1.421501305088972655e+00
9.917367261587073379e-02 1.421052865964849587e+00
1.001383890683960748e-01 1.420598020217649360e+00
1.011124898444945991e-01 1.420134957187076719e+00
1.020960662306047012e-01 1.419661060126777841e+00
1.030892104011576216e-01 1.419178477106225023e+00
1.040920154272158005e-01 1.418688037189099527e+00
1.051045752851944987e-01 1.418186964983630505e+00
1.061269848656690717e-01 1.417685975099128415e+00
1.071593399822671072e-01 1.417158916710036243e+00
1.082017373806478805e-01 1.416626309899062575e+00
1.092542747475682557e-01 1.416086126225008179e+00
1.103170507200377515e-01 1.415535446830630706e+00
1.113901648945616746e-01 1.414975432341464945e+00
1.124737178364751955e-01 1.414422036868745680e+00
1.135678110893671017e-01 1.413822138010706331e+00
1.146725471845963656e-01 1.413229701931169036e+00
1.157880296509002094e-01 1.412625445572332605e+00
1.169143630240966764e-01 1.412026994947975789e+00
1.180516528568804902e-01 1.411381916850238838e+00
1.192000057287153220e-01 1.410742539823392150e+00
1.203595292558212876e-01 1.410091007103920546e+00
1.215303321012602134e-01 1.409427806067328870e+00
1.227125239851190319e-01 1.408751812444941853e+00
1.239062156947916271e-01 1.408063712531262279e+00
1.251115190953615564e-01 1.407362784514312404e+00
1.263285471400849291e-01 1.406647761344377301e+00
1.275574138809759950e-01 1.405919284646218959e+00
1.287982344794950385e-01 1.405178188416633889e+00
1.300511252173409127e-01 1.404421478963648662e+00
1.313162035073478784e-01 1.403650828449062082e+00
1.325935879044890797e-01 1.402864420673260559e+00
1.338833981169864351e-01 1.402064134983621591e+00
1.351857550175293021e-01 1.401253480271344998e+00
1.365007806546013891e-01 1.400423899948893824e+00
1.378285982639189389e-01 1.399579946748948700e+00
1.391693322799789911e-01 1.398718570199972921e+00
1.405231083477211373e-01 1.397842885149300551e+00
1.418900533343016301e-01 1.396949891454210890e+00
1.432702953409830948e-01 1.396040351778637278e+00
1.446639637151387880e-01 1.395114335166193653e+00
1.460711890623745679e-01 1.394171622975985958e+00
1.474921032587684921e-01 1.393211289206115699e+00
1.489268394632288772e-01 1.392233942806340163e+00
1.503755321299738434e-01 1.391236701209745741e+00
1.518383170211306810e-01 1.390221934647247526e+00
1.533153312194593942e-01 1.389187938503299691e+00
1.548067131411984265e-01 1.388136353663378619e+00
1.563126025490369497e-01 1.387065703650455895e+00
1.578331405652117214e-01 1.385971321931043665e+00
1.593684696847328941e-01 1.384859926443048339e+00
1.609187337887370006e-01 1.383727868244063020e+00
1.624840781579713067e-01 1.382575209329716337e+00
1.640646494864078653e-01 1.381401390905100168e+00
1.656605958949914359e-01 1.380205680359494202e+00
1.672720669455196874e-01 1.378988438571760122e+00
1.688992136546599021e-01 1.377749622339748736e+00
1.705421885081006561e-01 1.376487881600282792e+00
1.722011454748421100e-01 1.375204186827335917e+00
1.738762400216251336e-01 1.373895448885434689e+00
1.755676291275001522e-01 1.372564170639210435e+00
1.772754712985387948e-01 1.371208780908627078e+00
1.789999265826875408e-01 1.369827479612122367e+00
1.807411565847668600e-01 1.368422651441882909e+00
1.824993244816152382e-01 1.366994195396181944e+00
1.842745950373816666e-01 1.365537958789729167e+00
1.860671346189656239e-01 1.364055276911596337e+00
1.878771112116086051e-01 1.362547252346701265e+00
1.897046944346358344e-01 1.361012341634767919e+00
1.915500555573527997e-01 1.359449346294500982e+00
1.934133675150944698e-01 1.357859658380266232e+00
1.952948049254327745e-01 1.356239566223054416e+00
1.971945441045395986e-01 1.354592891266879207e+00
1.991127630837108697e-01 1.352917011387857915e+00
2.010496416260497965e-01 1.351210965143859077e+00
2.030053612433137811e-01 1.349474644532529410e+00
2.049801052129238688e-01 1.347707700801397346e+00
2.069740585951406198e-01 1.345909201470907535e+00
2.089874082504071251e-01 1.344081004972291771e+00
2.110203428568595552e-01 1.342220532077157413e+00
2.130730529280097374e-01 1.340326111693902256e+00
2.151457308305980698e-01 1.338399179492925528e+00
2.172385708026215445e-01 1.336439143322717626e+00
2.193517689715359098e-01 1.334446126654353471e+00
2.214855233726360506e-01 1.332433666790469484e+00
2.236400339676138660e-01 1.330360095797361364e+00
2.258155026632983065e-01 1.328255787560393975e+00
2.280121333305757114e-01 1.326121349682100048e+00
2.302301318234963867e-01 1.323950690293367982e+00
2.324697059985647851e-01 1.321742190941288309e+00
2.347310657342196183e-01 1.319496618346020611e+00
2.370144229505012079e-01 1.317212352380207951e+00
2.393199916289123208e-01 1.314890973449739597e+00
2.416479878324700736e-01 1.312530013920483629e+00
2.439986297259550130e-01 1.310129169312369335e+00
2.463721375963552895e-01 1.307686718068020504e+00
2.487687338735107279e-01 1.305205451876868983e+00
2.511886431509580686e-01 1.302682196557730210e+00
2.536320922069775774e-01 1.300116885466613637e+00
2.560993100258459609e-01 1.297509115615697040e+00
2.585905278192945911e-01 1.294858191800579705e+00
2.611059790481781162e-01 1.292164867742638723e+00
2.636458994443517945e-01 1.289426236840586437e+00
2.662105270327638773e-01 1.286643585786190869e+00
2.688001021537606006e-01 1.283814916036294607e+00
2.714148674856106669e-01 1.280941744048246900e+00
2.740550680672460548e-01 1.278021252516936546e+00
2.767209513212268712e-01 1.275053707990838836e+00
2.794127670769268601e-01 1.272038224390613648e+00
2.821307675939472293e-01 1.268975411918244589e+00
2.848752075857552413e-01 1.265864176722750534e+00
2.876463442435557849e-01 1.262703314874599192e+00
2.904444372603925406e-01 1.259494810650093388e+00
2.932697488554852905e-01 1.256234206117302410e+00
2.961225437988035947e-01 1.252921639478879801e+00
2.990030894358785551e-01 1.249558803222948988e+00
3.019116557128577738e-01 1.246144219639990780e+00
3.048485152018017286e-01 1.242676205836170444e+00
3.078139431262288950e-01 1.239154910261009546e+00
3.108082173869063936e-01 1.235582332987186005e+00
3.138316185878944342e-01 1.231953408574563813e+00
3.168844300628416155e-01 1.228276844835031634e+00
3.199669379015380732e-01 1.224532912682051666e+00
3.230794309767249795e-01 1.220721127180566246e+00
3.262222009711669979e-01 1.216887538208910158e+00
3.293955424049855307e-01 1.212980127297866417e+00
3.325997526632606949e-01 1.209015752977570468e+00
3.358351320238990301e-01 1.204993147426239197e+00
3.391019836857747105e-01 1.200912835322088812e+00
3.424006137971423724e-01 1.196774178751504936e+00
3.457313314843284413e-01 1.192575947933130598e+00
3.490944488806992929e-01 1.188320978044212328e+00
3.524902811559130766e-01 1.183998254994850452e+00
3.559191465454557002e-01 1.179628196626771652e+00
3.593813663804627523e-01 1.175178974498762630e+00
3.628772651178337472e-01 1.170677368950722608e+00
3.664071703706370808e-01 1.166113927350707069e+00
3.699714129388128048e-01 1.161489412228699836e+00
3.735703268401719401e-01 1.156800696697105169e+00
3.772042493416999376e-01 1.152049234947575496e+00
3.808735209911614517e-01 1.147233679691062935e+00
3.845784856490158665e-01 1.142356177521986593e+00
3.883194905206404091e-01 1.137414168384427660e+00
3.920968861888690649e-01 1.132406699933856231e+00
3.959110266468458539e-01 1.127335877168422984e+00
3.997622693312000708e-01 1.122195849475115415e+00
4.036509751555413805e-01 1.116998962094018388e+00
4.075775085442840395e-01 1.111732245261152219e+00
4.115422374667966343e-01 1.106401040516937551e+00
4.155455334718875515e-01 1.101002473472924237e+00
4.195877717226225712e-01 1.095540260615992745e+00
4.236693310314835759e-01 1.090012277168673771e+00
4.277905938958687093e-01 1.084417631408765459e+00
4.319519465339363706e-01 1.078754359569258137e+00
4.361537789208005944e-01 1.073028031194239951e+00
4.403964848250754294e-01 1.067235187901342197e+00
4.446804618457780300e-01 1.061374704077243880e+00
4.490061114495874639e-01 1.055450033571569524e+00
4.533738390084691150e-01 1.049456857869688786e+00
4.577840538376618529e-01 1.043398899850405348e+00
4.622371692340384031e-01 1.037276101334169365e+00
4.667336025148346446e-01 1.031086883721977543e+00
4.712737750567601580e-01 1.024831854390356733e+00
4.758581123354846953e-01 1.018511114817491903e+00
4.804870439655131720e-01 1.012123323209004333e+00
4.851610037404442966e-01 1.005674089708389785e+00
4.898804296736250508e-01 9.991594571022206495e-01
4.946457640391963562e-01 9.925818441151488258e-01
4.994574534135413635e-01 9.859370534342334347e-01
5.043159487171361421e-01 9.792317495252476078e-01
5.092217052568053237e-01 9.724647648328397231e-01
5.141751827683928022e-01 9.656294407375271005e-01
5.191768454598426619e-01 9.587374478353382079e-01
5.242271620547044320e-01 9.517813476762465585e-01
5.293266058360561743e-01 9.447668512016677012e-01
5.344756546908600026e-01 9.376901667028652021e-01
5.396747911547442600e-01 9.305563598453164831e-01
5.449245024572260121e-01 9.233620068535743908e-01
5.502252805673685243e-01 9.161081752342831175e-01
5.555776222398878250e-01 9.087998223824735877e-01
5.609820290617031358e-01 9.014358205884314135e-01
5.664390074989449353e-01 8.940148883898345611e-01
5.719490689444144405e-01 8.865395811878760135e-01
5.775127297655114900e-01 8.790117607500854691e-01
5.831305113526221717e-01 8.714297262071069028e-01
5.888029401679826247e-01 8.638127434973732477e-01
5.945305477950136863e-01 8.561160807732626221e-01
6.003138709881384871e-01 8.483848643896313435e-01
6.061534517230839914e-01 8.406036725262029385e-01
6.120498372476699256e-01 8.327773331818264513e-01
6.180035801330957534e-01 8.249055804262769298e-01
6.240152383257209223e-01 8.169892316488640560e-01
6.300853751993553686e-01 8.090291473516856291e-01
6.362145596080520660e-01 8.010281482855314827e-01
6.424033659394193796e-01 7.929906118081474498e-01
6.486523741684461219e-01 7.849092178544572196e-01
6.549621699118558515e-01 7.767939651289820224e-01
6.613333444829840868e-01 7.686400685955140366e-01
6.677664949471955325e-01 7.604535873899994636e-01
6.742622241778342129e-01 7.522346917880354811e-01
6.808211409127237213e-01 7.439865102650016215e-01
6.874438598112112553e-01 7.357050215543931015e-01
6.941310015117725385e-01 7.274016550701796202e-01
7.008831926901714082e-01 7.190705095714813311e-01
7.077010661181889484e-01 7.107152446195587059e-01
7.145852607229240538e-01 7.023456152205959091e-01
7.215364216466665370e-01 6.939389000434202925e-01
7.285552003073593186e-01 6.855250419932730210e-01
7.356422544596413760e-01 6.770923369253970536e-01
7.427982482564918776e-01 6.686464667484431912e-01
7.500238523114668432e-01 6.601967832813020465e-01
7.573197437615483141e-01 6.517174548717772353e-01
7.646866063305975958e-01 6.432303715676311873e-01
7.721251303934327792e-01 6.347542053536617823e-01
7.796360130405233235e-01 6.262649816234651112e-01
7.872199581433195759e-01 6.177726770800243683e-01
7.948776764202123424e-01 6.092818486183941840e-01
8.026098855031396084e-01 6.007923379720682133e-01
8.104173100048355227e-01 5.923051208210593499e-01
8.183006815867394090e-01 5.838249603431097112e-01
8.262607390275591435e-01 5.753522051000976578e-01
8.342982282925082149e-01 5.668913547902543204e-01
8.424139026032094746e-01 5.584387449943246651e-01
8.506085225082840040e-01 5.499869481692966078e-01
8.588828559546254349e-01 5.415872233221764587e-01
8.672376783593644944e-01 5.331883142717969148e-01
8.756737726825394308e-01 5.248090095680000289e-01
8.841919295004664336e-01 5.164530276349582616e-01
8.927929470798307010e-01 5.081203051146206962e-01
9.014776314524917122e-01 4.998196361027808510e-01
9.102467964910225806e-01 4.915476537121633571e-01
9.191012639849772681e-01 4.833033756238688805e-01
9.280418637179072006e-01 4.750908666998929220e-01
9.370694335451198453e-01 4.669144781539456557e-01
9.461848194722002336e-01 4.587874492871901744e-01
9.553888757342895444e-01 4.506926603238661788e-01
9.646824648761427312e-01 4.426389582681967694e-01
9.740664578329562007e-01 4.346248463508833870e-01
9.835417340119908536e-01 4.266669844624622621e-01
9.931091813749796104e-01 4.187461611666326022e-01
1.002769696521346621e+00 4.108807651325795396e-01
1.012524184772224167e+00 4.030715342429945780e-01
1.022373560255302127e+00 3.953090935039399456e-01
1.032318745990486564e+00 3.876141338839498851e-01
1.042360673976402197e+00 3.799558068752162954e-01
1.052500285277732761e+00 3.723667121112276823e-01
1.062738530113414459e+00 3.648300278513217365e-01
1.073076367945679621e+00 3.573708643826171705e-01
1.083514767569973225e+00 3.499683482703721538e-01
1.094054707205742494e+00 3.426312001973718657e-01
1.104697174588111785e+00 3.353616531081657914e-01
1.115443167060441221e+00 3.281578871991849833e-01
1.126293691667795249e+00 3.210289051455604281e-01
1.137249765251314271e+00 3.139675207574449955e-01
1.148312414543511073e+00 3.069831231673846306e-01
1.159482676264482759e+00 3.000548840111517679e-01
1.170761597219069250e+00 2.932282194924099583e-01
1.182150234394952371e+00 2.864724868786107659e-01
1.193649655061713055e+00 2.797900345572538194e-01
1.205260936870842681e+00 2.731784349162024728e-01
1.216985167956738056e+00 2.666631114584622764e-01
1.228823447038673411e+00 2.602287123540974467e-01
1.240776883523764251e+00 2.538584052861941331e-01
1.252846597610937529e+00 2.475841304884871252e-01
1.265033720395903893e+00 2.413909739658939846e-01
1.277339393977160009e+00 2.352865020851212519e-01
1.289764771563017165e+00 2.292593859245161680e-01
1.302311017579677488e+00 2.233224004251309902e-01
1.314979307780347773e+00 2.174722530634494722e-01
1.327770829355430449e+00 2.117086974194876126e-01
1.340686781043774811e+00 2.060343356509545254e-01
1.353728373245021821e+00 2.004461875644704683e-01
1.366896828133026487e+00 1.949495203451549752e-01
1.380193379770397355e+00 1.895394290709476737e-01
1.393619274224142002e+00 1.842213071567377347e-01
1.407175769682446731e+00 1.789907556168945646e-01
1.420864136572576708e+00 1.738512266622759261e-01
1.434685657679937831e+00 1.687989442665320250e-01
1.448641628268290127e+00 1.638408120078460317e-01
1.462733356201129986e+00 1.589671653013261798e-01
1.476962162064259898e+00 1.541909752177575421e-01
1.491329379289537682e+00 1.494984854832424881e-01
1.505836354279841416e+00 1.449047615175980686e-01
1.520484446535244283e+00 1.403923186137856494e-01
1.535275028780422657e+00 1.359682619282433225e-01
1.550209487093291205e+00 1.316414724848007090e-01
1.565289221034902312e+00 1.273989885044051473e-01
1.580515643780601165e+00 1.232465063782754583e-01
1.595890182252465817e+00 1.191820043311966199e-01
1.611414277253019778e+00 1.152052883807797717e-01
1.627089383600260675e+00 1.113178859828971023e-01
1.642916970263993193e+00 1.075106548124204892e-01
1.658898520503498064e+00 1.037965670125607087e-01
1.675035532006524441e+00 1.001662073210672493e-01
1.691329517029648732e+00 9.663310435964833633e-02
1.707782002539993016e+00 9.315987687044674503e-02
1.724394530358320354e+00 8.978278333057686245e-02
1.741168657303530987e+00 8.648998658268806927e-02
1.758105955338547632e+00 8.327305889157682328e-02
1.775208011717636092e+00 8.014634701014126950e-02
1.792476429135148930e+00 7.709857313835211112e-02
1.809912825875727105e+00 7.412831808146173873e-02
1.827518835965944666e+00 7.123200426844375488e-02
1.845296109327445366e+00 6.841509209497730060e-02
1.863246311931559873e+00 6.570283996729807396e-02
1.881371125955437096e+00 6.303090381088519156e-02
1.899672249939675650e+00 6.044090615466533867e-02
1.918151398947507635e+00 5.792999062812346361e-02
1.936810304725519849e+00 5.549222827147540921e-02
1.955650715865949074e+00 5.312622673024754161e-02
1.974674397970537454e+00 5.083010975679764371e-02
1.993883133816001019e+00 4.860630701931820813e-02
2.013278723521096492e+00 4.644994132069060061e-02
2.032862984715323673e+00 4.436145455709367830e-02
2.052637752709252084e+00 4.233485208469198180e-02
2.072604880666519822e+00 4.038289960112049354e-02
2.092766239777499759e+00 3.849066923455898848e-02
2.113123719434652603e+00 3.666118254174239449e-02
2.133679227409597701e+00 3.489493124343322206e-02
2.154434690031884259e+00 3.318802862637307977e-02
2.175392052369522489e+00 3.154170581804779244e-02
2.196553278411258248e+00 2.995317486881912683e-02
2.217920351250634692e+00 2.842237512277172654e-02
2.239495273271823184e+00 2.694851303745120219e-02
2.261280066337279404e+00 2.552784003701963692e-02
2.283276771977218012e+00 2.416154563190104146e-02
2.305487451580938707e+00 2.284945453685569353e-02
2.327914186589993051e+00 2.158693434287230553e-02
2.350559078693253756e+00 2.037403001864741478e-02
2.373424250023866033e+00 1.921015530612217234e-02
2.396511843358130278e+00 1.809578478770650090e-02
2.419824022316292567e+00 1.702859108102244834e-02
2.443362971565319341e+00 1.600432671036583487e-02
2.467130897023623426e+00 1.502646582149898269e-02
2.491130026067788439e+00 1.409060394763643476e-02
2.515362607741312928e+00 1.319805981905445777e-02
2.539830912965362675e+00 1.234517000345858317e-02
2.564537234751594674e+00 1.153193031602476291e-02
2.589483888417040802e+00 1.075835696447532269e-02
2.614673211801092023e+00 1.002220172127797800e-02
2.640107565484572927e+00 9.322285616176902504e-03
2.665789333010967876e+00 8.657087466318139427e-03
2.691720921109787668e+00 8.026669210079153891e-03
2.717904759922122881e+00 7.429304301054653718e-03
2.744343303228365283e+00 6.864071884987557430e-03
2.771039028678170535e+00 6.329604734861781629e-03
2.797994438022641805e+00 5.825884234824268461e-03
2.825212057348790218e+00 5.350437332824504490e-03
2.852694437316245057e+00 4.903172454672239007e-03
2.880444153396297668e+00 4.482808935337635053e-03
2.908463806113254169e+00 4.088521742604793972e-03
2.936756021288137397e+00 3.718975703901035781e-03
2.965323450284773621e+00 3.373853339410388692e-03
2.994168770258243573e+00 3.051665853179675626e-03
3.023294684405779531e+00 2.751625511052457462e-03
3.052703922220086241e+00 2.472790193954094856e-03
3.082399239745143404e+00 2.214360621404108578e-03
3.112383419834465759e+00 1.975333380728600680e-03
3.142659272411905569e+00 1.754884434883606081e-03
3.173229634734976212e+00 1.552124707824472640e-03
3.204097371660752813e+00 1.366221840574940311e-03
3.235265375914330388e+00 1.196352511764256976e-03
3.266736568359921655e+00 1.041682410897629661e-03
3.298513898274578082e+00 9.014084835006572899e-04
3.330600343624588788e+00 7.747404046674428914e-04
3.362998911344535991e+00 6.609054796149137993e-04
3.395712637619100693e+00 5.591232774853665188e-04
3.428744588167585317e+00 4.686643243798973841e-04
3.462097858531227423e+00 3.887877798401603597e-04
3.495775574363275240e+00 3.187670472063481707e-04
3.529780891721914671e+00 2.578963398035586350e-04
3.564116997366032269e+00 2.054809984032503916e-04
3.598787109053855460e+00 1.608390850811514843e-04
3.633794475844513094e+00 1.232994335023854097e-04
3.669142378402494131e+00 9.220608914985698899e-05
3.704834129305105694e+00 6.691563013840649366e-05
3.740873073352900313e+00 4.679443270029036547e-05
3.777262587883141176e+00 3.122378929771727553e-05
3.814006083086284082e+00 1.959568249861808089e-05
3.851107002325572903e+00 1.131204799159406273e-05
3.888568822459721019e+00 5.787775459056034519e-06
3.926395054168756449e+00 2.446646564086393904e-06
3.964589242282997805e+00 7.225965329052768302e-07
4.003154966115265445e+00 0.000000000000000000e+00
