1.000000000000000021e-02 1.969704649033693800e+00
1.009727545900835841e-02 1.969700818873063142e+00
1.019549716950923779e-02 1.969696905163541567e+00
1.029467433620748044e-02 1.969692909239521894e+00
1.039481625334708927e-02 1.969688815527016690e+00
1.049593230558227772e-02 1.969684627478309080e+00
1.059803196885688789e-02 1.969680335986430553e+00
1.070112481129246833e-02 1.969675941350613524e+00
1.080522049408488318e-02 1.969671457400540948e+00
1.091032877240974419e-02 1.969666875062448641e+00
1.101645949633656314e-02 1.969662190164691573e+00
1.112362261175187626e-02 1.969657272297442585e+00
1.123182816129126085e-02 1.969652380282702842e+00
1.134108628528052165e-02 1.969647385071878087e+00
1.145140722268592030e-02 1.969642252981766983e+00
1.156280131207376022e-02 1.969637004146111314e+00
1.167527899257919492e-02 1.969631726338655575e+00
1.178885080488457221e-02 1.969626273366680724e+00
1.190352739220719262e-02 1.969620682198849115e+00
1.201931950129673729e-02 1.969614974326585610e+00
1.213623798344241195e-02 1.969609190600037030e+00
1.225429379548980714e-02 1.969603275025126665e+00
1.237349800086776086e-02 1.969597232285962951e+00
1.249386177062509519e-02 1.969591044617303277e+00
1.261539638447754796e-02 1.969584758968907723e+00
1.273811323186478488e-02 1.969578336926210316e+00
1.286202381301779218e-02 1.969571779808280576e+00
1.298713974003655978e-02 1.969565084595632731e+00
1.311347273797833224e-02 1.969558191923019175e+00
1.324103464595636874e-02 1.969551167398709612e+00
1.336983741824946531e-02 1.969543964556907056e+00
1.349989312542219239e-02 1.969536595771558707e+00
1.363121395545611320e-02 1.969529055841536369e+00
1.376381221489191876e-02 1.969521419872830803e+00
1.389770032998276401e-02 1.969513739706181488e+00
1.403289084785873213e-02 1.969505897606303790e+00
1.416939643770268736e-02 1.969497894200243904e+00
1.430722989193757184e-02 1.969489744348707827e+00
1.444640412742520530e-02 1.969481525269985545e+00
1.458693218667675602e-02 1.969473134447415896e+00
1.472882723907502529e-02 1.969464558201130533e+00
1.487210258210860774e-02 1.969455924786545742e+00
1.501677164261799868e-02 1.969447080503030190e+00
1.516284797805393485e-02 1.969438040639208687e+00
1.531034527774784160e-02 1.969428793840057201e+00
1.545927736419477720e-02 1.969419348974798645e+00
1.560965819434872483e-02 1.969409751679407128e+00
1.576150186093060873e-02 1.969399928959456814e+00
1.591482259374891323e-02 1.969388798720885791e+00
1.606963476103326349e-02 1.969378582756226681e+00
1.622595287078087284e-02 1.969368277417066215e+00
1.638379157211618947e-02 1.969357878704143472e+00
1.654316565666366645e-02 1.969347310319194300e+00
1.670409005993399310e-02 1.969336548701173140e+00
1.686657986272368723e-02 1.969325677134740715e+00
1.703065029252844378e-02 1.969314641463717042e+00
1.719631672497009753e-02 1.969304722412601016e+00
1.736359468523754335e-02 1.969293322669584567e+00
1.753249984954170088e-02 1.969280385117149201e+00
1.770304804658450262e-02 1.969269821431967271e+00
1.787525525904235316e-02 1.969256433343425483e+00
1.804913762506383731e-02 1.969244070290336213e+00
1.822471143978214581e-02 1.969231401985877872e+00
1.840199315684210371e-02 1.969219768977468421e+00
1.858099938994215231e-02 1.969206443848994681e+00
1.876174691439120440e-02 1.969192807903757281e+00
1.894425266868081034e-02 1.969178871503823869e+00
1.912853375607242307e-02 1.969164672759048385e+00
1.931460744620030340e-02 1.969150208428995130e+00
1.950249117668984011e-02 1.969135410426057220e+00
1.969220255479172538e-02 1.969120352229127180e+00
1.988375935903200636e-02 1.969104999226366726e+00
2.007717954087816226e-02 1.969089352235797730e+00
2.027248122642137662e-02 1.969073565944119197e+00
2.046968271807520987e-02 1.969057679382128612e+00
2.066880249629082095e-02 1.969041496840549854e+00
2.086985922128879734e-02 1.969025052697909617e+00
2.107287173480786382e-02 1.969008373031795989e+00
2.127785906187062287e-02 1.968991310520991522e+00
2.148484041256648255e-02 1.968973859352631361e+00
2.169383518385184506e-02 1.968956177238829985e+00
2.190486296136792688e-02 1.968938207665449802e+00
2.211794352127614133e-02 1.968919788153069561e+00
2.233309683211144592e-02 1.968901061501761474e+00
2.255034305665360936e-02 1.968881876029650035e+00
2.276970255381680075e-02 1.968862248876070975e+00
2.299119588055741764e-02 1.968842179104981938e+00
2.321484379380064564e-02 1.968821685345589323e+00
2.344066725238556220e-02 1.968802439920435576e+00
2.366868741902936057e-02 1.968780914659444603e+00
2.389892566231050300e-02 1.968758858989174021e+00
2.413140355867127856e-02 1.968736301583451809e+00
2.436614289443983158e-02 1.968713232943792857e+00
2.460316566787181664e-02 1.968689600429276876e+00
2.484249409121190577e-02 1.968665530719054590e+00
2.508415059277539771e-02 1.968640886539532620e+00
2.532815781905008515e-02 1.968615774458957413e+00
2.557453863681850847e-02 1.968590257607296667e+00
2.582331613530085626e-02 1.968564123782264863e+00
2.607451362831877603e-02 1.968537551108621164e+00
2.632815465648021339e-02 1.968510316481721922e+00
2.658426298938541474e-02 1.968482742243671257e+00
2.684286262785454819e-02 1.968454729038490836e+00
2.710397780617682106e-02 1.968425935971538809e+00
2.736763299438163891e-02 1.968396598094222849e+00
2.763385290053169824e-02 1.968369461849969193e+00
2.790266247303856487e-02 1.968339559604941558e+00
2.817408690300057458e-02 1.968308943637173458e+00
2.844815162656363222e-02 1.968277824155058697e+00
2.872488232730495070e-02 1.968244294129671834e+00
2.900430493863991738e-02 1.968209056015736369e+00
2.928644564625237229e-02 1.968175462862604030e+00
2.957133089054861039e-02 1.968144657335009651e+00
2.985898736913520854e-02 1.968110493443957720e+00
3.014944203932094433e-02 1.968071813555938965e+00
3.044272212064302874e-02 1.968036124550335941e+00
3.073885509741795460e-02 1.968000082544646645e+00
3.103786872131722788e-02 1.967962916391799766e+00
3.133979101396793671e-02 1.967928313200084212e+00
3.164465026957891114e-02 1.967886492710784196e+00
3.195247505759213347e-02 1.967846925582056761e+00
3.226329422536015901e-02 1.967806605400818754e+00
3.257713690084949876e-02 1.967765455533621033e+00
3.289403249537032475e-02 1.967723762485119376e+00
3.321401070633261954e-02 1.967681544769528834e+00
3.353710152002930406e-02 1.967638586756568442e+00
3.386333521444636480e-02 1.967598116694305066e+00
3.419274236210027851e-02 1.967552996641052099e+00
3.452535383290306070e-02 1.967506390616309275e+00
3.486120079705520153e-02 1.967459729243810518e+00
3.520031472796678745e-02 1.967411976669858120e+00
3.554272740520694751e-02 1.967363273015722225e+00
3.588847091748199186e-02 1.967313767646196476e+00
3.623757766564258964e-02 1.967263258444794882e+00
3.659008036572020811e-02 1.967211701933768264e+00
3.694601205199302130e-02 1.967158836334792715e+00
3.730540608008161424e-02 1.967105013235865840e+00
3.766829613007490613e-02 1.967050287670831121e+00
3.803471620968648659e-02 1.966994297198809916e+00
3.840470065744145539e-02 1.966937224947007623e+00
3.877828414589457040e-02 1.966878893528876571e+00
3.915550168487941241e-02 1.966819699921689590e+00
3.953638862478930927e-02 1.966759551772765402e+00
3.992098065989020672e-02 1.966703169001889462e+00
4.030931383166566628e-02 1.966640475595404114e+00
4.070142453219438572e-02 1.966576676836505833e+00
4.109734950756069316e-02 1.966511424996614910e+00
4.149712586129815362e-02 1.966444665746029719e+00
4.190079105786669034e-02 1.966376470435002188e+00
4.230838292616342228e-02 1.966303126974429327e+00
4.271993966306778662e-02 1.966232427569984509e+00
4.313549983702118923e-02 1.966160547006605031e+00
4.355510239164130798e-02 1.966087130365462787e+00
4.397878664937160398e-02 1.966012572719363360e+00
4.440659231516640160e-02 1.965936604809924271e+00
4.483855948021186338e-02 1.965859048679330590e+00
4.527472862568297785e-02 1.965780044286780548e+00
4.571514062653719151e-02 1.965700680611942808e+00
4.615983675534499064e-02 1.965618250074663065e+00
4.660885868615767536e-02 1.965534850779327547e+00
4.706224849841281199e-02 1.965449516044686762e+00
4.752004868087766204e-02 1.965362258455395583e+00
4.798230213563085128e-02 1.965273770294897027e+00
4.844905218208294534e-02 1.965183287788081268e+00
4.892034256103611894e-02 1.965091439858114963e+00
4.939621743878321036e-02 1.964997944652949968e+00
4.987672141124663283e-02 1.964900103405546883e+00
5.036189950815770505e-02 1.964802744890195685e+00
5.085179719727656034e-02 1.964703394388756630e+00
5.134646038865306461e-02 1.964602623692064176e+00
5.184593543892913187e-02 1.964499848693531225e+00
5.235026915568305461e-02 1.964395026636042596e+00
5.285950880181603667e-02 1.964289235440990211e+00
5.337370209998133774e-02 1.964180201636689826e+00
5.389289723705643909e-02 1.964069578018011963e+00
5.441714286865893119e-02 1.963956428252625619e+00
5.494648812370611646e-02 1.963840762071240809e+00
5.548098260901916656e-02 1.963722567871976299e+00
5.602067641397187603e-02 1.963601890268300565e+00
5.656562011518465050e-02 1.963478531437487185e+00
5.711586478126431943e-02 1.963352229961764950e+00
5.767146197758996756e-02 1.963224278948165313e+00
5.823246377114527778e-02 1.963093604426404459e+00
5.879892273539785025e-02 1.962959994998174418e+00
5.937089195522609469e-02 1.962823574130854176e+00
5.994842503189409116e-02 1.962684058430026246e+00
6.053157608807464840e-02 1.962543123285549918e+00
6.112039977292132997e-02 1.962400049325464746e+00
6.171495126718981594e-02 1.962254313314990117e+00
6.231528628840921763e-02 1.962103437411857332e+00
6.292146109610344262e-02 1.961951982895903557e+00
6.353353249706343575e-02 1.961798376062211080e+00
6.415155785067082339e-02 1.961642877648310579e+00
6.477559507427335661e-02 1.961482230051363018e+00
6.540570264861225724e-02 1.961318573004223520e+00
6.604193962330305590e-02 1.961151534180333611e+00
6.668436562236895737e-02 1.960980858717684683e+00
6.733304084982863480e-02 1.960806502736783141e+00
6.798802609533814711e-02 1.960628792338063198e+00
6.864938273988777095e-02 1.960447461805180369e+00
6.931717276155408003e-02 1.960262533489210979e+00
6.999145874130821565e-02 1.960074426871284858e+00
7.067230386888070925e-02 1.959882507805792873e+00
7.135977194868306506e-02 1.959686689079218613e+00
7.205392740578704658e-02 1.959487890297324730e+00
7.275483529196229149e-02 1.959285916422314422e+00
7.346256129177256011e-02 1.959080902239523914e+00
7.417717172873124210e-02 1.958870327918171617e+00
7.489873357151664857e-02 1.958657154248802712e+00
7.562731444024800576e-02 1.958437519006035243e+00
7.636298261282241373e-02 1.958214440073531515e+00
7.710580703131336699e-02 1.957988318218090829e+00
7.785585730843146146e-02 1.957757621639601542e+00
7.861320373404813433e-02 1.957521239586824002e+00
7.937791728178281159e-02 1.957280055461796175e+00
8.015006961565404597e-02 1.957033538921230109e+00
8.092973309679550586e-02 1.956782102263873169e+00
8.171698079023696770e-02 1.956524958622799293e+00
8.251188647175167201e-02 1.956265095089487538e+00
8.331452463477014014e-02 1.956000797739182895e+00
8.412497049736118726e-02 1.955731991937394110e+00
8.494330000928071445e-02 1.955457890425443157e+00
8.576958985908941790e-02 1.955179354023532046e+00
8.660391748133952627e-02 1.954893261763690049e+00
8.744636106383144036e-02 1.954601885483651769e+00
8.829699955494091368e-02 1.954305141844822735e+00
8.915591267101763417e-02 1.954002597827873222e+00
9.002318090385581784e-02 1.953693293325904579e+00
9.089888552823731371e-02 1.953378336151323058e+00
9.178310860954806694e-02 1.953056662341559280e+00
9.267593301146882789e-02 1.952730487503850476e+00
9.357744240374062106e-02 1.952397113212577917e+00
9.448772127000577836e-02 1.952058207159072856e+00
9.540685491572513388e-02 1.951711061771023159e+00
9.633492947617222635e-02 1.951358820069970301e+00
9.727203192450542546e-02 1.951000297134869443e+00
9.821825007991856482e-02 1.950634672927940017e+00
9.917367261587073379e-02 1.950261955347039056e+00
1.001383890683960748e-01 1.949881630023635015e+00
1.011124898444945991e-01 1.949493792915733437e+00
1.020960662306047012e-01 1.949098753634334047e+00
1.030892104011576216e-01 1.948695615920243540e+00
1.040920154272158005e-01 1.948284802435576779e+00
1.051045752851944987e-01 1.947866035758660797e+00
1.061269848656690717e-01 1.947438915852868213e+00
1.071593399822671072e-01 1.947003018663307827e+00
1.082017373806478805e-01 1.946559857550793415e+00
1.092542747475682557e-01 1.946107538879750631e+00
1.103170507200377515e-01 1.945646264835200645e+00
1.113901648945616746e-01 1.945182650361935162e+00
1.124737178364751955e-01 1.944704949915693426e+00
1.135678110893671017e-01 1.944213051251262314e+00
1.146725471845963656e-01 1.943717916404256840e+00
1.157880296509002094e-01 1.943213718402716284e+00
1.169143630240966764e-01 1.942700763905243821e+00
1.180516528568804902e-01 1.942178568436352837e+00
1.192000057287153220e-01 1.941645390221168777e+00
1.203595292558212876e-01 1.941100063973398626e+00
1.215303321012602134e-01 1.940544694703600692e+00
1.227125239851190319e-01 1.939978546356352140e+00
1.239062156947916271e-01 1.939401020601410730e+00
1.251115190953615564e-01 1.938811898628368224e+00
1.263285471400849291e-01 1.938211514026750404e+00
1.275574138809759950e-01 1.937600794841934038e+00
1.287982344794950385e-01 1.936978692321142059e+00
1.300511252173409127e-01 1.936345068739910413e+00
1.313162035073478784e-01 1.935698746699554329e+00
1.325935879044890797e-01 1.935042382525101967e+00
1.338833981169864351e-01 1.934372024170512683e+00
1.351857550175293021e-01 1.933689471987577901e+00
1.365007806546013891e-01 1.932995353319103549e+00
1.378285982639189389e-01 1.932286992711388374e+00
1.391693322799789911e-01 1.931568524013077992e+00
1.405231083477211373e-01 1.930834738310393428e+00
1.418900533343016301e-01 1.930082990589375491e+00
1.432702953409830948e-01 1.929319026090457356e+00
1.446639637151387880e-01 1.928541641170977039e+00
1.460711890623745679e-01 1.927748449035295630e+00
1.474921032587684921e-01 1.926941891834251575e+00
1.489268394632288772e-01 1.926119187940089184e+00
1.503755321299738434e-01 1.925281138910769130e+00
1.518383170211306810e-01 1.924424297415378904e+00
1.533153312194593942e-01 1.923555147514587560e+00
1.548067131411984265e-01 1.922670971445646915e+00
1.563126025490369497e-01 1.921771502486460337e+00
1.578331405652117214e-01 1.920854992686275242e+00
1.593684696847328941e-01 1.919919424366083760e+00
1.609187337887370006e-01 1.918964217876828915e+00
1.624840781579713067e-01 1.917992162919563093e+00
1.640646494864078653e-01 1.917004010074143894e+00
1.656605958949914359e-01 1.915998448762343376e+00
1.672720669455196874e-01 1.914972915015359156e+00
1.688992136546599021e-01 1.913927566121487178e+00
1.705421885081006561e-01 1.912865598014539037e+00
1.722011454748421100e-01 1.911780143696880874e+00
1.738762400216251336e-01 1.910672726289668111e+00
1.755676291275001522e-01 1.909546557981332215e+00
1.772754712985387948e-01 1.908402009644213138e+00
1.789999265826875408e-01 1.907238360511756214e+00
1.807411565847668600e-01 1.906052795956557633e+00
1.824993244816152382e-01 1.904844295327545511e+00
1.842745950373816666e-01 1.903613686113466485e+00
1.860671346189656239e-01 1.902361093195814590e+00
1.878771112116086051e-01 1.901083844227280606e+00
1.897046944346358344e-01 1.899782892051666172e+00
1.915500555573527997e-01 1.898458836436155650e+00
1.934133675150944698e-01 1.897110391713356714e+00
1.952948049254327745e-01 1.895737973816945532e+00
1.971945441045395986e-01 1.894343790785762094e+00
1.991127630837108697e-01 1.892923803547861272e+00
2.010496416260497965e-01 1.891475745104665318e+00
2.030053612433137811e-01 1.890001126760696204e+00
2.049801052129238688e-01 1.888498147272531957e+00
2.069740585951406198e-01 1.886972523293972470e+00
2.089874082504071251e-01 1.885420710062749139e+00
2.110203428568595552e-01 1.883837121880413745e+00
2.130730529280097374e-01 1.882225915591391407e+00
2.151457308305980698e-01 1.880585331545210792e+00
2.172385708026215445e-01 1.878915248966874563e+00
2.193517689715359098e-01 1.877216285167942367e+00
2.214855233726360506e-01 1.875488349924357978e+00
2.236400339676138660e-01 1.873728348655351761e+00
2.258155026632983065e-01 1.871941120519825752e+00
2.280121333305757114e-01 1.870119330420976889e+00
2.302301318234963867e-01 1.868264571068179780e+00
2.324697059985647851e-01 1.866375201793752270e+00
2.347310657342196183e-01 1.864453871189951206e+00
2.370144229505012079e-01 1.862501146373738425e+00
2.393199916289123208e-01 1.860513911554849242e+00
2.416479878324700736e-01 1.858492543824569410e+00
2.439986297259550130e-01 1.856434708326291094e+00
2.463721375963552895e-01 1.854339447925779538e+00
2.487687338735107279e-01 1.852210518542825479e+00
2.511886431509580686e-01 1.850044676745268291e+00
2.536320922069775774e-01 1.847842175597848247e+00
2.560993100258459609e-01 1.845600951343442597e+00
2.585905278192945911e-01 1.843317856173804836e+00
2.611059790481781162e-01 1.840995449558392894e+00
2.636458994443517945e-01 1.838640129966868653e+00
2.662105270327638773e-01 1.836241664896893333e+00
2.688001021537606006e-01 1.833802305407546740e+00
2.714148674856106669e-01 1.831321787131971801e+00
2.740550680672460548e-01 1.828799638381520598e+00
2.767209513212268712e-01 1.826233751809573036e+00
2.794127670769268601e-01 1.823624651351364978e+00
2.821307675939472293e-01 1.820971491415736665e+00
2.848752075857552413e-01 1.818277153749780384e+00
2.876463442435557849e-01 1.815534073905427315e+00
2.904444372603925406e-01 1.812750029493972459e+00
2.932697488554852905e-01 1.809918767081919233e+00
2.961225437988035947e-01 1.807038473139188861e+00
2.990030894358785551e-01 1.804111875989421243e+00
3.019116557128577738e-01 1.801137204041155293e+00
3.048485152018017286e-01 1.798115489631610275e+00
3.078139431262288950e-01 1.795044061245689271e+00
3.108082173869063936e-01 1.791927667140030600e+00
3.138316185878944342e-01 1.788754021835132768e+00
3.168844300628416155e-01 1.785525092668658775e+00
3.199669379015380732e-01 1.782254009787456850e+00
3.230794309767249795e-01 1.778931669529493886e+00
3.262222009711669979e-01 1.775552694150330346e+00
3.293955424049855307e-01 1.772117113317493775e+00
3.325997526632606949e-01 1.768631196870357858e+00
3.358351320238990301e-01 1.765096639871694073e+00
3.391019836857747105e-01 1.761498450822036377e+00
3.424006137971423724e-01 1.757843408608938063e+00
3.457313314843284413e-01 1.754135303535283574e+00
3.490944488806992929e-01 1.750372962274258093e+00
3.524902811559130766e-01 1.746550871587984277e+00
3.559191465454557002e-01 1.742670283373856321e+00
3.593813663804627523e-01 1.738730510119403272e+00
3.628772651178337472e-01 1.734731664488333491e+00
3.664071703706370808e-01 1.730674556858577740e+00
3.699714129388128048e-01 1.726553379540773481e+00
3.735703268401719401e-01 1.722375389259150458e+00
3.772042493416999376e-01 1.718132255832108601e+00
3.808735209911614517e-01 1.713827360740187933e+00
3.845784856490158665e-01 1.709461206428315450e+00
3.883194905206404091e-01 1.705029852743197960e+00
3.920968861888690649e-01 1.700540235528117172e+00
3.959110266468458539e-01 1.695977463414070963e+00
3.997622693312000708e-01 1.691351028065847251e+00
4.036509751555413805e-01 1.686665038437861419e+00
4.075775085442840395e-01 1.681912849174350466e+00
4.115422374667966343e-01 1.677092129159872824e+00
4.155455334718875515e-01 1.672202020930509736e+00
4.195877717226225712e-01 1.667248603069819257e+00
4.236693310314835759e-01 1.662223260109582990e+00
4.277905938958687093e-01 1.657133606276257609e+00
4.319519465339363706e-01 1.651975309437638151e+00
4.361537789208005944e-01 1.646747333455284679e+00
4.403964848250754294e-01 1.641448903855391439e+00
4.446804618457780300e-01 1.636081205362969415e+00
4.490061114495874639e-01 1.630643822986739488e+00
4.533738390084691150e-01 1.625135576787947844e+00
4.577840538376618529e-01 1.619557528278038339e+00
4.622371692340384031e-01 1.613904676095690327e+00
4.667336025148346446e-01 1.608186920728906122e+00
4.712737750567601580e-01 1.602395849441229148e+00
4.758581123354846953e-01 1.596529366321526755e+00
4.804870439655131720e-01 1.590594526974668410e+00
4.851610037404442966e-01 1.584584414601951430e+00
4.898804296736250508e-01 1.578507127978060920e+00
4.946457640391963562e-01 1.572352756466134815e+00
4.994574534135413635e-01 1.566128079406952311e+00
5.043159487171361421e-01 1.559830199854598920e+00
5.092217052568053237e-01 1.553457510870162483e+00
5.141751827683928022e-01 1.547012285534583587e+00
5.191768454598426619e-01 1.540497945221555920e+00
5.242271620547044320e-01 1.533910582436371906e+00
5.293266058360561743e-01 1.527248099013764238e+00
5.344756546908600026e-01 1.520512081141141447e+00
5.396747911547442600e-01 1.513708739412187088e+00
5.449245024572260121e-01 1.506827865568939995e+00
5.502252805673685243e-01 1.499875661720113662e+00
5.555776222398878250e-01 1.492853382799124162e+00
5.609820290617031358e-01 1.485760285980115114e+00
5.664390074989449353e-01 1.478591709884947258e+00
5.719490689444144405e-01 1.471355860912382907e+00
5.775127297655114900e-01 1.464051076433844134e+00
5.831305113526221717e-01 1.456669671093304697e+00
5.888029401679826247e-01 1.449219888326673367e+00
5.945305477950136863e-01 1.441703989523209328e+00
6.003138709881384871e-01 1.434116076649714078e+00
6.061534517230839914e-01 1.426460509759982953e+00
6.120498372476699256e-01 1.418737725836961783e+00
6.180035801330957534e-01 1.410948307287213099e+00
6.240152383257209223e-01 1.403086413227995211e+00
6.300853751993553686e-01 1.395163840844158010e+00
6.362145596080520660e-01 1.387178760496186047e+00
6.424033659394193796e-01 1.379123217770146681e+00
6.486523741684461219e-01 1.371006232681611703e+00
6.549621699118558515e-01 1.362822427031435524e+00
6.613333444829840868e-01 1.354584484831669045e+00
6.677664949471955325e-01 1.346281692805791685e+00
6.742622241778342129e-01 1.337914648327778178e+00
6.808211409127237213e-01 1.329488403280371989e+00
6.874438598112112553e-01 1.321011157439186512e+00
6.941310015117725385e-01 1.312470564693524855e+00
7.008831926901714082e-01 1.303876197180558805e+00
7.077010661181889484e-01 1.295225271277839818e+00
7.145852607229240538e-01 1.286522235772102452e+00
7.215364216466665370e-01 1.277765938131716128e+00
7.285552003073593186e-01 1.268956793527013627e+00
7.356422544596413760e-01 1.260099217807328698e+00
7.427982482564918776e-01 1.251192964897865245e+00
7.500238523114668432e-01 1.242236220861511420e+00
7.573197437615483141e-01 1.233237753984356422e+00
7.646866063305975958e-01 1.224191628115830932e+00
7.721251303934327792e-01 1.215102120509829797e+00
7.796360130405233235e-01 1.205978007435697386e+00
7.872199581433195759e-01 1.196796251552320500e+00
7.948776764202123424e-01 1.187594095738248923e+00
8.026098855031396084e-01 1.178348827466279669e+00
8.104173100048355227e-01 1.169065202380273671e+00
8.183006815867394090e-01 1.159750006899858077e+00
8.262607390275591435e-01 1.150400971006033224e+00
8.342982282925082149e-01 1.141023793297868183e+00
8.424139026032094746e-01 1.131615140318130708e+00
8.506085225082840040e-01 1.122181179283864960e+00
8.588828559546254349e-01 1.112722563899624761e+00
8.672376783593644944e-01 1.103236301449143308e+00
8.756737726825394308e-01 1.093731866359617166e+00
8.841919295004664336e-01 1.084208974680930471e+00
8.927929470798307010e-01 1.074663811400131230e+00
9.014776314524917122e-01 1.065104657497612406e+00
9.102467964910225806e-01 1.055530547015855136e+00
9.191012639849772681e-01 1.045940816290305886e+00
9.280418637179072006e-01 1.036348804780072630e+00
9.370694335451198453e-01 1.026740878859436545e+00
9.461848194722002336e-01 1.017126257859359395e+00
9.553888757342895444e-01 1.007509235331005115e+00
9.646824648761427312e-01 9.978874647125257624e-01
9.740664578329562007e-01 9.882663908994322455e-01
9.835417340119908536e-01 9.786448479275818846e-01
9.931091813749796104e-01 9.690253192739889387e-01
1.002769696521346621e+00 9.594115653889422335e-01
1.012524184772224167e+00 9.498066088462809864e-01
1.022373560255302127e+00 9.402015944772568190e-01
1.032318745990486564e+00 9.306153827210011942e-01
1.042360673976402197e+00 9.210387776907543733e-01
1.052500285277732761e+00 9.114737311346683413e-01
1.062738530113414459e+00 9.019260695824963259e-01
1.073076367945679621e+00 8.924010953946336366e-01
1.083514767569973225e+00 8.828907265052529096e-01
1.094054707205742494e+00 8.734025123503211807e-01
1.104697174588111785e+00 8.639388069048928864e-01
1.115443167060441221e+00 8.544991989769946672e-01
1.126293691667795249e+00 8.450887505638663422e-01
1.137249765251314271e+00 8.357050475272662649e-01
1.148312414543511073e+00 8.263548588663278682e-01
1.159482676264482759e+00 8.170333178925309747e-01
1.170761597219069250e+00 8.077442884499080877e-01
1.182150234394952371e+00 7.984959622275271673e-01
1.193649655061713055e+00 7.892821165670442785e-01
1.205260936870842681e+00 7.801085487831762588e-01
1.216985167956738056e+00 7.709722492055410825e-01
1.228823447038673411e+00 7.618791117957833814e-01
1.240776883523764251e+00 7.528318588411533341e-01
1.252846597610937529e+00 7.438292757313377246e-01
1.265033720395903893e+00 7.348722232275280986e-01
1.277339393977160009e+00 7.259629239630556174e-01
1.289764771563017165e+00 7.171036605326563951e-01
1.302311017579677488e+00 7.082937535929835215e-01
1.314979307780347773e+00 6.995369598671375977e-01
1.327770829355430449e+00 6.908345872039071134e-01
1.340686781043774811e+00 6.821853393314620817e-01
1.353728373245021821e+00 6.735905742804343399e-01
1.366896828133026487e+00 6.650549107646120950e-01
1.380193379770397355e+00 6.565757701590276829e-01
1.393619274224142002e+00 6.481581769174867835e-01
1.407175769682446731e+00 6.397979344078268404e-01
1.420864136572576708e+00 6.315005786275713628e-01
1.434685657679937831e+00 6.232640960461925950e-01
1.448641628268290127e+00 6.150923143940740800e-01
1.462733356201129986e+00 6.069840545873802506e-01
1.476962162064259898e+00 5.989398011330313576e-01
1.491329379289537682e+00 5.909623594088132537e-01
1.505836354279841416e+00 5.830497023286432823e-01
1.520484446535244283e+00 5.752062722531630090e-01
1.535275028780422657e+00 5.674304017558650104e-01
1.550209487093291205e+00 5.597244418260154397e-01
1.565289221034902312e+00 5.520803755642377242e-01
1.580515643780601165e+00 5.445135441050252822e-01
1.595890182252465817e+00 5.370145063559573773e-01
1.611414277253019778e+00 5.295847193610031534e-01
1.627089383600260675e+00 5.222288643502254191e-01
1.642916970263993193e+00 5.149402123861308578e-01
1.658898520503498064e+00 5.077290762056081430e-01
1.675035532006524441e+00 5.005855128470793058e-01
1.691329517029648732e+00 4.935176406926554682e-01
1.707782002539993016e+00 4.865217551890668735e-01
1.724394530358320354e+00 4.795941277641946887e-01
1.741168657303530987e+00 4.727472936769630540e-01
1.758105955338547632e+00 4.659701591052864411e-01
1.775208011717636092e+00 4.592658750110086840e-01
1.792476429135148930e+00 4.526346870032065817e-01
1.809912825875727105e+00 4.460786238111972279e-01
1.827518835965944666e+00 4.395962893889160950e-01
1.845296109327445366e+00 4.331875634340947023e-01
1.863246311931559873e+00 4.268510794139636078e-01
1.881371125955437096e+00 4.205882252301296753e-01
1.899672249939675650e+00 4.143998637845884847e-01
1.918151398947507635e+00 4.082844422586754951e-01
1.936810304725519849e+00 4.022411787876536415e-01
1.955650715865949074e+00 3.962719213694178566e-01
1.974674397970537454e+00 3.903742785423820472e-01
1.993883133816001019e+00 3.845494663885350994e-01
2.013278723521096492e+00 3.787951807102207247e-01
2.032862984715323673e+00 3.731176038915173243e-01
2.052637752709252084e+00 3.675089002814836969e-01
2.072604880666519822e+00 3.619684660112372221e-01
2.092766239777499759e+00 3.565000614537314760e-01
2.113123719434652603e+00 3.511046776641217892e-01
2.133679227409597701e+00 3.457806437906618124e-01
2.154434690031884259e+00 3.405319516069645336e-01
2.175392052369522489e+00 3.353350852900776058e-01
2.196553278411258248e+00 3.302156581607124664e-01
2.217920351250634692e+00 3.251658173932518991e-01
2.239495273271823184e+00 3.201851537606096310e-01
2.261280066337279404e+00 3.152697902517199169e-01
2.283276771977218012e+00 3.104221820678787491e-01
2.305487451580938707e+00 3.056390976151306393e-01
2.327914186589993051e+00 3.009235126252824966e-01
2.350559078693253756e+00 2.962746815743887985e-01
2.373424250023866033e+00 2.916895915010459528e-01
2.396511843358130278e+00 2.871670370422107488e-01
2.419824022316292567e+00 2.827085508459942220e-01
2.443362971565319341e+00 2.783141288332224295e-01
2.467130897023623426e+00 2.739826537921911109e-01
2.491130026067788439e+00 2.697122083176285434e-01
2.515362607741312928e+00 2.655027803570921274e-01
2.539830912965362675e+00 2.613542486348155447e-01
2.564537234751594674e+00 2.572659694265096997e-01
2.589483888417040802e+00 2.532366269864323449e-01
2.614673211801092023e+00 2.492658553761633311e-01
2.640107565484572927e+00 2.453542979691304970e-01
2.665789333010967876e+00 2.414991346961180563e-01
2.691720921109787668e+00 2.377014817299446525e-01
2.717904759922122881e+00 2.339592604932583531e-01
2.744343303228365283e+00 2.302738828116621672e-01
2.771039028678170535e+00 2.266424257403838183e-01
2.797994438022641805e+00 2.230653709477177504e-01
2.825212057348790218e+00 2.195420848995752461e-01
2.852694437316245057e+00 2.160721042995704666e-01
2.880444153396297668e+00 2.126541094114001162e-01
2.908463806113254169e+00 2.092873741158494116e-01
2.936756021288137397e+00 2.059725391400688277e-01
2.965323450284773621e+00 2.027073570762789601e-01
2.994168770258243573e+00 1.994917450353170807e-01
3.023294684405779531e+00 1.963265229319331728e-01
3.052703922220086241e+00 1.932094892352022031e-01
3.082399239745143404e+00 1.901380877366237732e-01
3.112383419834465759e+00 1.871164703804487350e-01
3.142659272411905569e+00 1.841400915270140770e-01
3.173229634734976212e+00 1.812097121053448112e-01
3.204097371660752813e+00 1.783246849148309165e-01
3.235265375914330388e+00 1.754842349425178305e-01
3.266736568359921655e+00 1.726890447556274355e-01
3.298513898274578082e+00 1.699355462694623065e-01
3.330600343624588788e+00 1.672263404819875343e-01
3.362998911344535991e+00 1.645582537786111077e-01
3.395712637619100693e+00 1.619312264698169190e-01
3.428744588167585317e+00 1.593474477222810159e-01
3.462097858531227423e+00 1.568021908614485593e-01
3.495775574363275240e+00 1.542973392081508632e-01
3.529780891721914671e+00 1.518315289710772953e-01
3.564116997366032269e+00 1.494044068373651390e-01
3.598787109053855460e+00 1.470161166426596222e-01
3.633794475844513094e+00 1.446646674957799139e-01
3.669142378402494131e+00 1.423499048907926889e-01
3.704834129305105694e+00 1.400719627896930275e-01
3.740873073352900313e+00 1.378301684727276377e-01
3.777262587883141176e+00 1.356231675441414986e-01
3.814006083086284082e+00 1.334514407212183673e-01
3.851107002325572903e+00 1.313138901768577671e-01
3.888568822459721019e+00 1.292094073440740176e-01
3.926395054168756449e+00 1.271384868269847257e-01
3.964589242282997805e+00 1.251008082083919226e-01
4.003154966115265445e+00 1.230953877447804740e-01
4.042095839796306045e+00 1.211209345926931580e-01
4.081415512613501662e+00 1.191774308169587376e-01
4.121117669352832635e+00 1.172652847676304844e-01
4.161206030644208020e+00 1.153840046741606423e-01
4.201684353310133346e+00 1.135313619089158288e-01
4.242556430717777438e+00 1.117084091769813686e-01
4.283826093134470270e+00 1.099174060300242700e-01
4.325497208086633627e+00 1.081481017996180766e-01
4.367573680722233398e+00 1.064105234042590914e-01
4.410059454176736615e+00 1.047003400704971110e-01
4.452958509942654963e+00 1.030171370327988140e-01
4.496274868242640110e+00 1.013598844747441996e-01
4.540012588406244554e+00 9.972931181239974574e-02
4.584175769250333765e+00 9.812498094485959388e-02
4.628768549463215365e+00 9.653232891989832476e-02
4.673795107992464004e+00 9.499099640770460040e-02
4.719259664436561863e+00 9.346085443078626376e-02
4.765166479440326341e+00 9.195506785347738743e-02
4.811519855094205766e+00 9.047330012019694223e-02
4.858324135337417360e+00 8.901470916271818357e-02
4.905583706365050922e+00 8.756820629111469745e-02
4.953302997039108924e+00 8.616605146638170454e-02
5.001486479303548727e+00 8.477510480394713499e-02
5.050138668603383785e+00 8.340641416199305602e-02
5.099264124307808288e+00 8.205912085141571499e-02
5.148867450137498025e+00 8.073311053766436818e-02
5.198953294596024399e+00 7.942765212423012755e-02
5.249526351405507718e+00 7.814300487484915347e-02
5.300591359946452030e+00 7.687816309399034265e-02
5.352153105701904501e+00 7.563367365376856555e-02
5.404216420705915347e+00 7.440837178160492060e-02
5.456786183996381823e+00 7.320250524989280194e-02
5.509867322072253160e+00 7.201532510469410564e-02
5.563464809355226137e+00 7.084708088585008057e-02
5.617583668655908191e+00 6.969678243883617452e-02
5.672228971644543094e+00 6.856456397526893010e-02
5.727405839326266346e+00 6.744989956902858186e-02
5.783119442521027054e+00 6.635303203187345455e-02
5.839375002348160315e+00 6.527310506282496538e-02
5.896177790715694478e+00 6.421006264275039288e-02
5.953533130814370189e+00 6.316335556314711663e-02
6.011446397616513337e+00 6.212661800196501299e-02
6.069923018379741464e+00 6.111912582243549108e-02
6.128968473155564034e+00 6.012068846366656893e-02
6.188588295302960063e+00 5.913783913088071359e-02
6.248788072006894012e+00 5.817026964912229425e-02
6.309573444801936049e+00 5.721801862726772631e-02
6.370950110100935149e+00 5.628006251231921359e-02
6.432923819728876502e+00 5.535720588903809969e-02
6.495500381461869033e+00 5.444818603250308614e-02
6.558685659571435345e+00 5.355327688244970741e-02
6.622485575374063238e+00 5.267268346138954949e-02
6.686906107786136921e+00 5.180539308286678801e-02
6.751953293884205287e+00 5.095155363051513675e-02
6.817633229470763112e+00 5.011083872652005028e-02
6.883952069645496330e+00 4.928318794724438623e-02
6.950916029382126382e+00 4.846855313455742525e-02
7.018531384110795912e+00 4.766631243464787560e-02
7.086804470306189430e+00 4.687631168693590783e-02
7.155741686081340980e+00 4.609867570348465809e-02
7.225349491787214085e+00 4.533301990104124379e-02
7.295634410618154320e+00 4.457908593242938811e-02
7.366603029223159460e+00 4.383689138110802991e-02
7.438261998323163482e+00 4.310616552721419081e-02
7.510618033334286459e+00 4.238639740018036728e-02
7.583677914997190683e+00 4.167796161476835376e-02
7.657448490012479958e+00 4.098058879111048103e-02
7.731936671682362316e+00 4.029320088324196691e-02
7.807149440558499798e+00 3.961710101103226717e-02
7.883093845096216690e+00 3.895102801781241686e-02
7.959777002314985417e+00 3.829551702141311548e-02
8.037206098465421888e+00 3.764975386340512625e-02
8.115388389702712146e+00 3.701416935354024523e-02
8.194331202766655053e+00 3.638803653306065672e-02
8.274041935668218883e+00 3.577172663669560271e-02
8.354528058382872047e+00 3.516487201296528142e-02
8.435797113550611570e+00 3.456737398823730989e-02
8.517856717182803905e+00 3.397889516211353295e-02
8.600714559375941093e+00 3.339943729714420217e-02
8.684378405032257220e+00 3.282888405169775980e-02
8.768856094587436090e+00 3.226717886511169114e-02
8.854155544745349715e+00 3.171409970589671862e-02
8.940284749219998162e+00 3.116929209046021346e-02
9.027251779484577909e+00 3.063296691622034718e-02
9.115064785527916769e+00 3.010490133292575282e-02
9.203731996618220279e+00 2.958492313587608724e-02
9.293261722074316111e+00 2.907292773507282393e-02
9.383662352044273902e+00 2.856868656685461819e-02
9.474942358291729150e+00 2.807229109225231264e-02
9.567110294989774388e+00 2.758351743002625256e-02
9.660174799522645017e+00 2.710219379221387101e-02
9.754144593295098531e+00 2.662827455535100515e-02
9.849028482549766039e+00 2.616160173462074925e-02
9.944835359192397917e+00 2.570215722616421214e-02
1.004157420162519543e+01 2.524658090033074856e-02
1.013925407558815373e+01 2.480437359812996678e-02
1.023788413500867378e+01 2.436576776119507917e-02
1.033747362285940774e+01 2.393393185977106194e-02
1.043803187202444072e+01 2.350875531798939447e-02
1.053956830617394580e+01 2.309012770442071469e-02
1.064209244064724658e+01 2.267791592556230029e-02
1.074561388334458023e+01 2.227213477549501094e-02
1.085014233562746178e+01 2.187261035598802444e-02
1.095568759322787855e+01 2.147925137256512240e-02
1.106225954716621906e+01 2.109196927011354472e-02
1.116986818467823817e+01 2.071068321861994910e-02
1.127852359015096795e+01 2.033530083070956077e-02
1.138823594606782130e+01 1.996515576399430017e-02
1.149901553396274245e+01 1.960198380749311048e-02
1.161087273538378994e+01 1.924371221110213193e-02
1.172381803286598512e+01 1.889107710359934703e-02
1.183786201091373513e+01 1.854403026128213783e-02
1.195301535699265827e+01 1.820228726514512216e-02
1.206928886253119870e+01 1.786600637680417492e-02
1.218669342393191712e+01 1.753485992071986133e-02
1.230524004359261525e+01 1.720892670202763680e-02
1.242493983093746479e+01 1.688809001167805232e-02
1.254580400345803248e+01 1.657230674848868615e-02
1.266784388776455827e+01 1.626146240900726986e-02
1.279107092064739781e+01 1.595552302993581695e-02
1.291549665014884063e+01 1.565439806620837898e-02
1.304113273664525430e+01 1.535805748405730253e-02
1.316799095393986185e+01 1.506630222935172007e-02
1.329608319036608854e+01 1.477925168267905758e-02
1.342542144990170527e+01 1.449673041617195214e-02
1.355601785329368880e+01 1.421867806030039511e-02
1.368788463919415221e+01 1.394506068201284421e-02
1.382103416530724438e+01 1.367580814934609042e-02
1.395547890954729020e+01 1.341064772581880733e-02
1.409123147120805619e+01 1.314994296246404550e-02
1.422830457214353395e+01 1.289363671482945603e-02
1.436671105796013137e+01 1.264116826312092906e-02
1.450646389922046886e+01 1.239280267242393388e-02
1.464757619265895272e+01 1.214844623208336492e-02
1.479006116240903168e+01 1.190802345576465193e-02
1.493393216124253264e+01 1.167128748995251847e-02
1.507920267182097263e+01 1.143883737750923425e-02
1.522588630795911513e+01 1.120994577162395291e-02
1.537399681590069456e+01 1.098481002480506535e-02
1.552354807560667105e+01 1.076331744645234179e-02
1.567455410205595001e+01 1.054546356467182811e-02
1.582702904655883280e+01 1.033114147659647090e-02
1.598098719808309376e+01 1.011837253439193396e-02
1.613644298459311699e+01 9.913129504426658120e-03
1.629341097440194730e+01 9.709389324185394368e-03
1.645190587753662470e+01 9.508761737197515829e-03
1.661194254711659113e+01 9.311705615884674839e-03
1.677353598074571295e+01 9.117984822095737824e-03
1.693670132191772026e+01 8.927414704632168421e-03
1.710145386143542012e+01 8.740032541738291388e-03
1.726780903884355922e+01 8.555808276234392815e-03
1.743578244387577669e+01 8.374706207789498272e-03
1.760538981791556523e+01 8.196653213928048812e-03
1.777664705547142532e+01 8.021637808251337251e-03
1.794957020566648254e+01 7.849639191526524076e-03
1.812417547374237614e+01 7.680508163259828353e-03
1.830047922257800863e+01 7.514200695247308034e-03
1.847849797422290763e+01 7.350992198169913408e-03
1.865824841144566193e+01 7.190543191772039849e-03
1.883974737929719367e+01 7.032757380774567850e-03
1.902301188668945642e+01 6.877778415132569136e-03
1.920805910798935301e+01 6.725516445075014130e-03
1.939490638462828542e+01 6.575895080168267862e-03
1.958357122672716955e+01 6.428926302962933124e-03
1.977407131473744428e+01 6.284530133016792870e-03
1.996642450109793288e+01 6.142739969810522178e-03
2.016064881190793656e+01 6.003388322955187893e-03
2.035676244861640072e+01 5.866510810011335043e-03
2.055478378972772546e+01 5.732566105332463809e-03
2.075473139252405730e+01 5.600300332292041001e-03
2.095662399480432825e+01 5.470721057669106040e-03
2.116048051664034446e+01 5.343529862614026724e-03
2.136632006214970403e+01 5.218494942063965636e-03
2.157416192128621546e+01 5.096011955377801293e-03
2.178402557164756459e+01 4.975621724713598544e-03
2.199593068030074861e+01 4.857514457975686296e-03
2.220989710562497521e+01 4.741606468608861556e-03
2.242594489917278011e+01 4.627778422828359058e-03
2.264409430754907504e+01 4.516118397312521814e-03
2.286436577430861306e+01 4.406569656731311631e-03
2.308677994187169702e+01 4.299058541471592089e-03
2.331135765345874944e+01 4.193719220971094119e-03
2.353811995504354471e+01 4.090164307705985124e-03
2.376708809732560823e+01 3.988690690106374420e-03
2.399828353772154799e+01 3.889177651024383446e-03
2.423172794237600769e+01 3.791568470979600741e-03
2.446744318819203201e+01 3.695925897183409241e-03
2.470545136488123816e+01 3.602068111559863714e-03
2.494577477703398571e+01 3.510031877374338808e-03
2.518843594620949489e+01 3.419880979763427649e-03
2.543345761304651020e+01 3.331483845006424742e-03
2.568086273939435316e+01 3.245002453137121011e-03
2.593067451046487548e+01 3.159958860009078312e-03
2.618291633700505372e+01 3.076895046178889769e-03
2.643761185749101372e+01 2.995289442923815618e-03
2.669478494034320804e+01 2.915468624927535987e-03
2.695445968616333587e+01 2.837242971559436437e-03
2.721666042999271795e+01 2.760626904873203242e-03
2.748141174359293259e+01 2.685601757838717695e-03
2.774873843774846804e+01 2.612229790184165696e-03
2.801866556459195223e+01 2.540252282943460116e-03
2.829121841995168651e+01 2.469899286896132945e-03
2.856642254572233952e+01 2.401145061479223117e-03
2.884430373225852051e+01 2.333454981834181229e-03
2.912488802079168337e+01 2.267594926644022745e-03
2.940820170587063842e+01 2.203149859559971110e-03
2.969427133782552986e+01 2.139879320353615510e-03
2.998312372525609959e+01 2.078102649867507104e-03
3.027478593754393543e+01 2.017683625139598223e-03
3.056928530738937155e+01 1.958604372673541406e-03
3.086664943337274636e+01 1.900910419259988285e-03
3.116690618254088463e+01 1.844377201576218300e-03
3.147008369301855879e+01 1.789185808338092636e-03
3.177621037664554038e+01 1.735320100955766148e-03
3.208531492163897525e+01 1.682543669894114025e-03
3.239742629528198847e+01 1.631055466021928474e-03
3.271257374663825601e+01 1.580760113611782806e-03
3.303078680929315425e+01 1.531625536768389502e-03
3.335209530412127066e+01 1.483667260431268927e-03
3.367652934208116022e+01 1.436860139553245786e-03
3.400411932703705986e+01 1.391138756886045255e-03
3.433489595860830690e+01 1.346516211801935441e-03
3.466889023504609213e+01 1.302999465355652231e-03
3.500613345613854221e+01 1.260534300652060976e-03
3.534665722614391115e+01 1.219125957503223133e-03
3.569049345675229290e+01 1.178701852707353176e-03
3.603767437007633134e+01 1.139316972491590972e-03
3.638823250167062184e+01 1.100914601584595870e-03
3.674220070358090595e+01 1.063494738882951032e-03
3.709961214742267543e+01 1.027020536734017057e-03
3.746050032748993175e+01 9.914847769281385191e-04
3.782489906389385936e+01 9.568908960768012558e-04
3.819284250573236505e+01 9.231890352460539462e-04
3.856436513429023449e+01 8.903786102259684350e-04
3.893950176627063087e+01 8.584414094898001847e-04
3.931828755705770106e+01 8.273738661462575351e-04
3.970075800401124155e+01 7.971344186991579338e-04
4.008694894979318946e+01 7.677209612989343906e-04
4.047689658572676308e+01 7.391308709302275197e-04
4.087063745518780422e+01 7.113296148252530116e-04
4.126820845702955864e+01 6.843060834073386297e-04
4.166964684904057492e+01 6.580588251107201934e-04
4.207499025143619065e+01 6.325539792177249177e-04
4.248427665038425260e+01 6.077863842157619871e-04
4.289754440156466586e+01 5.837416938144118815e-04
4.331483223376402947e+01 5.604046944066856054e-04
4.373617925250492533e+01 5.377613494917512843e-04
4.416162494371084790e+01 5.158035221366446925e-04
4.459120917740628443e+01 4.945043476199060531e-04
4.502497221145327444e+01 4.738601775710597915e-04
4.546295469532399380e+01 4.538557563187109174e-04
4.590519767391037220e+01 4.344748935112803328e-04
4.635174259137027519e+01 4.157079145150856443e-04
4.680263129501155817e+01 3.975445298342307975e-04
4.725790603921362276e+01 3.799647576756351192e-04
4.771760948938745628e+01 3.629604437561374211e-04
4.818178472597362827e+01 3.465180763290766092e-04
4.865047524847972937e+01 3.306227930669383805e-04
4.912372497955678341e+01 3.152726538281294547e-04
4.960157826911540724e+01 3.004394762861971151e-04
5.008407989848212338e+01 2.861233809272637971e-04
5.057127508459573306e+01 2.723071731637018091e-04
5.106320948424492911e+01 2.589832052660854438e-04
5.155992919834686461e+01 2.461399021665304282e-04
5.206148077626762216e+01 2.337596027997877290e-04
5.256791122018424289e+01 2.218439313916458801e-04
5.307926798948964375e+01 2.103628457351671094e-04
5.359559900524011766e+01 1.993229588223444516e-04
5.411695265464637572e+01 1.887064166334999902e-04
5.464337779560780461e+01 1.784999798188341544e-04
5.517492376129128928e+01 1.686996434195447948e-04
5.571164036475430237e+01 1.592956462578305873e-04
5.625357790361330501e+01 1.502691711522893836e-04
5.680078716475694733e+01 1.416180462545175078e-04
5.735331942910571712e+01 1.333276237477688819e-04
5.791122647641758192e+01 1.253907552132917688e-04
5.847456059014062646e+01 1.177978813006710961e-04
5.904337456231242243e+01 1.105401948506389557e-04
5.961772169850755887e+01 1.036044387445760225e-04
6.019765582283304184e+01 9.698563182829803540e-05
6.078323128297230227e+01 9.067329012671506913e-05
6.137450295527852973e+01 8.465788281038933848e-05
6.197152624991698389e+01 7.893053995185176264e-05
6.257435711605789663e+01 7.348544720571476658e-05
6.318305204711957401e+01 6.831038789261230533e-05
6.379766808606282069e+01 6.340006206312770443e-05
6.441826283073628190e+01 5.874134055490168083e-05
6.504489443927437264e+01 5.433260446284024226e-05
6.567762163554736787e+01 5.015758122472634210e-05
6.631650371466487570e+01 4.621800066751541731e-05
6.696160054853221766e+01 4.250209834182756119e-05
6.761297259146149941e+01 3.899788160317344530e-05
6.827068088583682481e+01 3.570166603261786090e-05
6.893478706783510290e+01 3.260484820108148943e-05
6.960535337320180815e+01 2.970216040080098010e-05
7.028244264308352740e+01 2.698316027605396675e-05
7.096611832991698066e+01 2.444372046548448873e-05
7.165644450337531168e+01 2.207644328723130361e-05
7.235348585637258623e+01 1.986953233671266014e-05
7.305730771112592947e+01 1.782570264761696295e-05
7.376797602527737752e+01 1.592976184289754724e-05
7.448555739807494547e+01 1.417905508775796800e-05
7.521011907661404905e+01 1.256481883642543638e-05
7.594172896213913759e+01 1.108388004845611319e-05
7.668045561640717267e+01 9.726094916208771301e-06
7.742636826811269657e+01 8.487893956404183975e-06
7.817953681937576960e+01 7.362790758020941810e-06
7.894003185229233566e+01 6.345163139422925297e-06
7.970792463554894880e+01 5.427476133242490128e-06
8.048328713110151966e+01 4.605248546337921353e-06
8.126619200091946027e+01 3.872184322867186028e-06
8.205671261379453085e+01 3.223792002732500911e-06
8.285492305221690401e+01 2.653414675252021795e-06
8.366089811931756515e+01 2.155808046196921116e-06
8.447471334587828551e+01 1.725707280625672737e-06
8.529644499741024788e+01 1.358140008602770708e-06
8.612617008130067120e+01 1.047541635121558833e-06
8.696396635402970787e+01 7.891063329236570154e-07
8.780991232845718741e+01 5.776816157578056535e-07
8.866408728118061333e+01 4.081834206040838979e-07
8.952657125996400111e+01 2.759887020936862660e-07
9.039744509123974581e+01 1.762268129282203538e-07
9.127679038768296493e+01 1.033532646477572668e-07
9.216468955586012157e+01 5.436407924444850560e-08
9.306122580395103228e+01 2.426781997729955492e-08
9.396648314954700254e+01 8.225515134151884981e-09
9.488054642752423717e+01 1.553955157270746133e-09
9.580350129799435877e+01 0.000000000000000000e+00
