1.000000000000000021e-02 1.613133618353942644e+00
1.009727545900835841e-02 1.613129533387420489e+00
1.019549716950923779e-02 1.613124825110657579e+00
1.029467433620748044e-02 1.613120292165613368e+00
1.039481625334708927e-02 1.613116401190664462e+00
1.049593230558227772e-02 1.613111489407283550e+00
1.059803196885688789e-02 1.613106697830365421e+00
1.070112481129246833e-02 1.613101291921889668e+00
1.080522049408488318e-02 1.613096372103296705e+00
1.091032877240974419e-02 1.613091394037899473e+00
1.101645949633656314e-02 1.613086247988996025e+00
1.112362261175187626e-02 1.613081499075039726e+00
1.123182816129126085e-02 1.613075983244162348e+00
1.134108628528052165e-02 1.613070297154370225e+00
1.145140722268592030e-02 1.613064656686328924e+00
1.156280131207376022e-02 1.613059250810174206e+00
1.167527899257919492e-02 1.613053708109332796e+00
1.178885080488457221e-02 1.613047796141078738e+00
1.190352739220719262e-02 1.613041637838173781e+00
1.201931950129673729e-02 1.613035471000750398e+00
1.213623798344241195e-02 1.613029194842064307e+00
1.225429379548980714e-02 1.613023998930980696e+00
1.237349800086776086e-02 1.613016013112064329e+00
1.249386177062509519e-02 1.613009365867712930e+00
1.261539638447754796e-02 1.613003142983824745e+00
1.273811323186478488e-02 1.612996381988918149e+00
1.286202381301779218e-02 1.613015857741145531e+00
1.298713974003655978e-02 1.612982074069948313e+00
1.311347273797833224e-02 1.612974750300306903e+00
1.324103464595636874e-02 1.612966068471980430e+00
1.336983741824946531e-02 1.612958426115086441e+00
1.349989312542219239e-02 1.612950849347311699e+00
1.363121395545611320e-02 1.612943989608290885e+00
1.376381221489191876e-02 1.612936211599710568e+00
1.389770032998276401e-02 1.612928040043414057e+00
1.403289084785873213e-02 1.612919126788867175e+00
1.416939643770268736e-02 1.612910640675983220e+00
1.430722989193757184e-02 1.612901928776879990e+00
1.444640412742520530e-02 1.612893046762087446e+00
1.458693218667675602e-02 1.612882674178411913e+00
1.472882723907502529e-02 1.612873420124385504e+00
1.487210258210860774e-02 1.612863971641759653e+00
1.501677164261799868e-02 1.612854377445557486e+00
1.516284797805393485e-02 1.612844634435241620e+00
1.531034527774784160e-02 1.612834750114262805e+00
1.545927736419477720e-02 1.612825258265374817e+00
1.560965819434872483e-02 1.612814961948183967e+00
1.576150186093060873e-02 1.612804464582632713e+00
1.591482259374891323e-02 1.612793618264003914e+00
1.606963476103326349e-02 1.612782692402472629e+00
1.622595287078087284e-02 1.612771555723885086e+00
1.638379157211618947e-02 1.612760193033639711e+00
1.654316565666366645e-02 1.612748614707628869e+00
1.670409005993399310e-02 1.612736633377619189e+00
1.686657986272368723e-02 1.612724941700366621e+00
1.703065029252844378e-02 1.612712216369949658e+00
1.719631672497009753e-02 1.612699679957878107e+00
1.736359468523754335e-02 1.612686800631440098e+00
1.753249984954170088e-02 1.612674051428603983e+00
1.770304804658450262e-02 1.612660830358353392e+00
1.787525525904235316e-02 1.612647261659318598e+00
1.804913762506383731e-02 1.612633390065707273e+00
1.822471143978214581e-02 1.612623774509211350e+00
1.840199315684210371e-02 1.612604953731223478e+00
1.858099938994215231e-02 1.612590460374097701e+00
1.876174691439120440e-02 1.612575424456523132e+00
1.894425266868081034e-02 1.612560132657176348e+00
1.912853375607242307e-02 1.612544584340725784e+00
1.931460744620030340e-02 1.612528580775220544e+00
1.950249117668984011e-02 1.612512254031766235e+00
1.969220255479172538e-02 1.612495804201510063e+00
1.988375935903200636e-02 1.612478934714687950e+00
2.007717954087816226e-02 1.612461810957369845e+00
2.027248122642137662e-02 1.612444501994053869e+00
2.046968271807520987e-02 1.612426667523691126e+00
2.066880249629082095e-02 1.612408362649418558e+00
2.086985922128879734e-02 1.612388835424863442e+00
2.107287173480786382e-02 1.612369762631448378e+00
2.127785906187062287e-02 1.612350482941652174e+00
2.148484041256648255e-02 1.612330510753124058e+00
2.169383518385184506e-02 1.612310545801859618e+00
2.190486296136792688e-02 1.612290185748987525e+00
2.211794352127614133e-02 1.612270161463827955e+00
2.233309683211144592e-02 1.612248916439571023e+00
2.255034305665360936e-02 1.612226595398330575e+00
2.276970255381680075e-02 1.612204397750183871e+00
2.299119588055741764e-02 1.612181678361332748e+00
2.321484379380064564e-02 1.612160454522182595e+00
2.344066725238556220e-02 1.612137069393812405e+00
2.366868741902936057e-02 1.612111606397306662e+00
2.389892566231050300e-02 1.612087537110578506e+00
2.413140355867127856e-02 1.612062768923395284e+00
2.436614289443983158e-02 1.612038134473341211e+00
2.460316566787181664e-02 1.612011938652722520e+00
2.484249409121190577e-02 1.611985577379712486e+00
2.508415059277539771e-02 1.611958746408212795e+00
2.532815781905008515e-02 1.611931381857840906e+00
2.557453863681850847e-02 1.611903439572605290e+00
2.582331613530085626e-02 1.611874928232917004e+00
2.607451362831877603e-02 1.611846574068691584e+00
2.632815465648021339e-02 1.611816352081347992e+00
2.658426298938541474e-02 1.611786400519994666e+00
2.684286262785454819e-02 1.611755659276218999e+00
2.710397780617682106e-02 1.611723905962652470e+00
2.736763299438163891e-02 1.611691690717323322e+00
2.763385290053169824e-02 1.611659040365757800e+00
2.790266247303856487e-02 1.611626975526044170e+00
2.817408690300057458e-02 1.611593097207631553e+00
2.844815162656363222e-02 1.611559067681636925e+00
2.872488232730495070e-02 1.611523278852558860e+00
2.900430493863991738e-02 1.611487319711933486e+00
2.928644564625237229e-02 1.611450565770449206e+00
2.957133089054861039e-02 1.611413579018386777e+00
2.985898736913520854e-02 1.611372258962046944e+00
3.014944203932094433e-02 1.611335935221149596e+00
3.044272212064302874e-02 1.611295978190284250e+00
3.073885509741795460e-02 1.611254841687883133e+00
3.103786872131722788e-02 1.611214520723127652e+00
3.133979101396793671e-02 1.611172308214984250e+00
3.164465026957891114e-02 1.611130176867945130e+00
3.195247505759213347e-02 1.611086468158817731e+00
3.226329422536015901e-02 1.611041429854090046e+00
3.257713690084949876e-02 1.610996605398459014e+00
3.289403249537032475e-02 1.610950259361001224e+00
3.321401070633261954e-02 1.610902858877548027e+00
3.353710152002930406e-02 1.610854487326027318e+00
3.386333521444636480e-02 1.610805599046278624e+00
3.419274236210027851e-02 1.610757173333080550e+00
3.452535383290306070e-02 1.610705224883542730e+00
3.486120079705520153e-02 1.610652857730315857e+00
3.520031472796678745e-02 1.610601271540498924e+00
3.554272740520694751e-02 1.610548101443582514e+00
3.588847091748199186e-02 1.610493000938552521e+00
3.623757766564258964e-02 1.610436766892117566e+00
3.659008036572020811e-02 1.610379575783830175e+00
3.694601205199302130e-02 1.610321269430616598e+00
3.730540608008161424e-02 1.610261746215523981e+00
3.766829613007490613e-02 1.610200883105639580e+00
3.803471620968648659e-02 1.610138923856201165e+00
3.840470065744145539e-02 1.610075900189306353e+00
3.877828414589457040e-02 1.610012000925318487e+00
3.915550168487941241e-02 1.609947021726609417e+00
3.953638862478930927e-02 1.609880522551272009e+00
3.992098065989020672e-02 1.609812480636935828e+00
4.030931383166566628e-02 1.609743173191286347e+00
4.070142453219438572e-02 1.609672405865115508e+00
4.109734950756069316e-02 1.609602811190043337e+00
4.149712586129815362e-02 1.609527729987078715e+00
4.190079105786669034e-02 1.609452692501533555e+00
4.230838292616342228e-02 1.609376602348509877e+00
4.271993966306778662e-02 1.609298620559586279e+00
4.313549983702118923e-02 1.609219186315464123e+00
4.355510239164130798e-02 1.609138178131061636e+00
4.397878664937160398e-02 1.609055941067298878e+00
4.440659231516640160e-02 1.608971850614600463e+00
4.483855948021186338e-02 1.608885713232304449e+00
4.527472862568297785e-02 1.608797902349265119e+00
4.571514062653719151e-02 1.608708673804573497e+00
4.615983675534499064e-02 1.608616891074494459e+00
4.660885868615767536e-02 1.608527673108935963e+00
4.706224849841281199e-02 1.608430014183019008e+00
4.752004868087766204e-02 1.608333665083094166e+00
4.798230213563085128e-02 1.608235248305001086e+00
4.844905218208294534e-02 1.608135019373339247e+00
4.892034256103611894e-02 1.608033407366002088e+00
4.939621743878321036e-02 1.607929426568502462e+00
4.987672141124663283e-02 1.607823675569981958e+00
5.036189950815770505e-02 1.607716039157782273e+00
5.085179719727656034e-02 1.607606364699881940e+00
5.134646038865306461e-02 1.607494181259645050e+00
5.184593543892913187e-02 1.607379506269963398e+00
5.235026915568305461e-02 1.607263090601451783e+00
5.285950880181603667e-02 1.607143965681891329e+00
5.337370209998133774e-02 1.607021828105494876e+00
5.389289723705643909e-02 1.606899291281140396e+00
5.441714286865893119e-02 1.606773392960324065e+00
5.494648812370611646e-02 1.606645561032127745e+00
5.548098260901916656e-02 1.606514583133402896e+00
5.602067641397187603e-02 1.606381266564251398e+00
5.656562011518465050e-02 1.606244985179624774e+00
5.711586478126431943e-02 1.606106784510857866e+00
5.767146197758996756e-02 1.605964479429959679e+00
5.823246377114527778e-02 1.605820123394052779e+00
5.879892273539785025e-02 1.605672280069331048e+00
5.937089195522609469e-02 1.605522645490897071e+00
5.994842503189409116e-02 1.605370561108903305e+00
6.053157608807464840e-02 1.605215401876315173e+00
6.112039977292132997e-02 1.605056163275406345e+00
6.171495126718981594e-02 1.604894075355597138e+00
6.231528628840921763e-02 1.604728994815217913e+00
6.292146109610344262e-02 1.604561315294982471e+00
6.353353249706343575e-02 1.604389215459919082e+00
6.415155785067082339e-02 1.604215438687827122e+00
6.477559507427335661e-02 1.604037258338550487e+00
6.540570264861225724e-02 1.603854248651470416e+00
6.604193962330305590e-02 1.603669481613642755e+00
6.668436562236895737e-02 1.603481453705037252e+00
6.733304084982863480e-02 1.603288761544904961e+00
6.798802609533814711e-02 1.603094088422837515e+00
6.864938273988777095e-02 1.602894586202890048e+00
6.931717276155408003e-02 1.602691688897823097e+00
6.999145874130821565e-02 1.602481502484367493e+00
7.067230386888070925e-02 1.602270542130507902e+00
7.135977194868306506e-02 1.602054531433206641e+00
7.205392740578704658e-02 1.601835750715153051e+00
7.275483529196229149e-02 1.601611767035900913e+00
7.346256129177256011e-02 1.601384296935299822e+00
7.417717172873124210e-02 1.601150095375103888e+00
7.489873357151664857e-02 1.600912493273363379e+00
7.562731444024800576e-02 1.600670085950239852e+00
7.636298261282241373e-02 1.600423297819810742e+00
7.710580703131336699e-02 1.600173554208397464e+00
7.785585730843146146e-02 1.599916624347487604e+00
7.861320373404813433e-02 1.599652951322563910e+00
7.937791728178281159e-02 1.599386423542020319e+00
8.015006961565404597e-02 1.599115345947891065e+00
8.092973309679550586e-02 1.598839137042820768e+00
8.171698079023696770e-02 1.598557851082480274e+00
8.251188647175167201e-02 1.598271552380120974e+00
8.331452463477014014e-02 1.597979236046160878e+00
8.412497049736118726e-02 1.597680983240552965e+00
8.494330000928071445e-02 1.597376960187985473e+00
8.576958985908941790e-02 1.597067197054470311e+00
8.660391748133952627e-02 1.596749976094859358e+00
8.744636106383144036e-02 1.596430041827743063e+00
8.829699955494091368e-02 1.596100868631362246e+00
8.915591267101763417e-02 1.595766051538960895e+00
9.002318090385581784e-02 1.595425066420307347e+00
9.089888552823731371e-02 1.595077479678843391e+00
9.178310860954806694e-02 1.594721984938230808e+00
9.267593301146882789e-02 1.594360340095174466e+00
9.357744240374062106e-02 1.593990962701693936e+00
9.448772127000577836e-02 1.593616157079172257e+00
9.540685491572513388e-02 1.593234416763455563e+00
9.633492947617222635e-02 1.592844000505068358e+00
9.727203192450542546e-02 1.592447349462368766e+00
9.821825007991856482e-02 1.592043458623484176e+00
9.917367261587073379e-02 1.591630473272002133e+00
1.001383890683960748e-01 1.591209876800866008e+00
1.011124898444945991e-01 1.590782354892515960e+00
1.020960662306047012e-01 1.590346544514819715e+00
1.030892104011576216e-01 1.589900565835387081e+00
1.040920154272158005e-01 1.589450837150208518e+00
1.051045752851944987e-01 1.588986856032282402e+00
1.061269848656690717e-01 1.588516421341137352e+00
1.071593399822671072e-01 1.588035951392512635e+00
1.082017373806478805e-01 1.587546929813338670e+00
1.092542747475682557e-01 1.587048394693373110e+00
1.103170507200377515e-01 1.586539418450274797e+00
1.113901648945616746e-01 1.586021576796138755e+00
1.124737178364751955e-01 1.585494663071237431e+00
1.135678110893671017e-01 1.584958205977699208e+00
1.146725471845963656e-01 1.584410453034167388e+00
1.157880296509002094e-01 1.583854070782079182e+00
1.169143630240966764e-01 1.583285555964903724e+00
1.180516528568804902e-01 1.582706598933430353e+00
1.192000057287153220e-01 1.582116439923589635e+00
1.203595292558212876e-01 1.581514325406031540e+00
1.215303321012602134e-01 1.580902669926280479e+00
1.227125239851190319e-01 1.580278243945377969e+00
1.239062156947916271e-01 1.579641206552638844e+00
1.251115190953615564e-01 1.578992690336171068e+00
1.263285471400849291e-01 1.578331798048868029e+00
1.275574138809759950e-01 1.577658980124519106e+00
1.287982344794950385e-01 1.576974491085439745e+00
1.300511252173409127e-01 1.576275899285963566e+00
1.313162035073478784e-01 1.575564832789342562e+00
1.325935879044890797e-01 1.574840370472833317e+00
1.338833981169864351e-01 1.574102680536552334e+00
1.351857550175293021e-01 1.573349703217113094e+00
1.365007806546013891e-01 1.572580947739510959e+00
1.378285982639189389e-01 1.571800102815454903e+00
1.391693322799789911e-01 1.571004185099766692e+00
1.405231083477211373e-01 1.570200189620808207e+00
1.418900533343016301e-01 1.569368166877981752e+00
1.432702953409830948e-01 1.568527689371168377e+00
1.446639637151387880e-01 1.567672900229999833e+00
1.460711890623745679e-01 1.566798698717450034e+00
1.474921032587684921e-01 1.565909602310658899e+00
1.489268394632288772e-01 1.565004898352865492e+00
1.503755321299738434e-01 1.564081114124429517e+00
1.518383170211306810e-01 1.563142041102112412e+00
1.533153312194593942e-01 1.562186008061258846e+00
1.548067131411984265e-01 1.561210826442184896e+00
1.563126025490369497e-01 1.560217375783717442e+00
1.578331405652117214e-01 1.559207875452744085e+00
1.593684696847328941e-01 1.558176935728768697e+00
1.609187337887370006e-01 1.557129330162167147e+00
1.624840781579713067e-01 1.556061240830341807e+00
1.640646494864078653e-01 1.554973131355102289e+00
1.656605958949914359e-01 1.553864444439073011e+00
1.672720669455196874e-01 1.552736664883171303e+00
1.688992136546599021e-01 1.551588029228995635e+00
1.705421885081006561e-01 1.550417714878181696e+00
1.722011454748421100e-01 1.549226820170103380e+00
1.738762400216251336e-01 1.548012826217086024e+00
1.755676291275001522e-01 1.546777757054460078e+00
1.772754712985387948e-01 1.545520975405656916e+00
1.789999265826875408e-01 1.544239950517372506e+00
1.807411565847668600e-01 1.542937282198189930e+00
1.824993244816152382e-01 1.541609736417863141e+00
1.842745950373816666e-01 1.540256793968082238e+00
1.860671346189656239e-01 1.538879911238224096e+00
1.878771112116086051e-01 1.537477803517724340e+00
1.897046944346358344e-01 1.536056310543371550e+00
1.915500555573527997e-01 1.534600289857227962e+00
1.934133675150944698e-01 1.533122309290304353e+00
1.952948049254327745e-01 1.531617344316170026e+00
1.971945441045395986e-01 1.530085836143745492e+00
1.991127630837108697e-01 1.528526503325057240e+00
2.010496416260497965e-01 1.526939143659835629e+00
2.030053612433137811e-01 1.525323129692738977e+00
2.049801052129238688e-01 1.523678410263391347e+00
2.069740585951406198e-01 1.522005452561512762e+00
2.089874082504071251e-01 1.520303101651155453e+00
2.110203428568595552e-01 1.518570700380767136e+00
2.130730529280097374e-01 1.516806811343330175e+00
2.151457308305980698e-01 1.515011836358322483e+00
2.172385708026215445e-01 1.513184696236969939e+00
2.193517689715359098e-01 1.511325759228226540e+00
2.214855233726360506e-01 1.509436866581651771e+00
2.236400339676138660e-01 1.507509388861540067e+00
2.258155026632983065e-01 1.505552116030251630e+00
2.280121333305757114e-01 1.503560138199830920e+00
2.302301318234963867e-01 1.501532728520790672e+00
2.324697059985647851e-01 1.499472516523288057e+00
2.347310657342196183e-01 1.497374082708722076e+00
2.370144229505012079e-01 1.495239516068545882e+00
2.393199916289123208e-01 1.493071315317626713e+00
2.416479878324700736e-01 1.490862582859586283e+00
2.439986297259550130e-01 1.488618017989058906e+00
2.463721375963552895e-01 1.486334564262143276e+00
2.487687338735107279e-01 1.484011115140537740e+00
2.511886431509580686e-01 1.481648551837964511e+00
2.536320922069775774e-01 1.479247610303348726e+00
2.560993100258459609e-01 1.476804877955971707e+00
2.585905278192945911e-01 1.474321565058224870e+00
2.611059790481781162e-01 1.471795141171569288e+00
2.636458994443517945e-01 1.469225638361358666e+00
2.662105270327638773e-01 1.466616708535124936e+00
2.688001021537606006e-01 1.463962862711574386e+00
2.714148674856106669e-01 1.461264312187339431e+00
2.740550680672460548e-01 1.458522777039191975e+00
2.767209513212268712e-01 1.455734275132282374e+00
2.794127670769268601e-01 1.452905259194830601e+00
2.821307675939472293e-01 1.450021625202801534e+00
2.848752075857552413e-01 1.447095250340734829e+00
2.876463442435557849e-01 1.444120278543766123e+00
2.904444372603925406e-01 1.441097154929251278e+00
2.932697488554852905e-01 1.438025299910296262e+00
2.961225437988035947e-01 1.434905635178463923e+00
2.990030894358785551e-01 1.431737453061398213e+00
3.019116557128577738e-01 1.428514969184460970e+00
3.048485152018017286e-01 1.425242395757905678e+00
3.078139431262288950e-01 1.421918782364976375e+00
3.108082173869063936e-01 1.418543665961938594e+00
3.138316185878944342e-01 1.415115134355890314e+00
3.168844300628416155e-01 1.411632975621736286e+00
3.199669379015380732e-01 1.408095427561459889e+00
3.230794309767249795e-01 1.404504727913759243e+00
3.262222009711669979e-01 1.400858748556261135e+00
3.293955424049855307e-01 1.397169802778349457e+00
3.325997526632606949e-01 1.393398743944474161e+00
3.358351320238990301e-01 1.389581984894608269e+00
3.391019836857747105e-01 1.385710304034370566e+00
3.424006137971423724e-01 1.381780714209987604e+00
3.457313314843284413e-01 1.377790531978124955e+00
3.490944488806992929e-01 1.373740668111600893e+00
3.524902811559130766e-01 1.369633109161864759e+00
3.559191465454557002e-01 1.365464715820986719e+00
3.593813663804627523e-01 1.361235737701566029e+00
3.628772651178337472e-01 1.356944177216467207e+00
3.664071703706370808e-01 1.352591607596656642e+00
3.699714129388128048e-01 1.348177599653218373e+00
3.735703268401719401e-01 1.343700320323826469e+00
3.772042493416999376e-01 1.339159777003249729e+00
3.808735209911614517e-01 1.334554364025064777e+00
3.845784856490158665e-01 1.329886700469273375e+00
3.883194905206404091e-01 1.325152491704746804e+00
3.920968861888690649e-01 1.320354707475294820e+00
3.959110266468458539e-01 1.315490074799284148e+00
3.997622693312000708e-01 1.310560237388970872e+00
4.036509751555413805e-01 1.305563866868869605e+00
4.075775085442840395e-01 1.300499905777090515e+00
4.115422374667966343e-01 1.295373924399356502e+00
4.155455334718875515e-01 1.290175589926928934e+00
4.195877717226225712e-01 1.284909594112746412e+00
4.236693310314835759e-01 1.279576519704705984e+00
4.277905938958687093e-01 1.274176018220315232e+00
4.319519465339363706e-01 1.268707063298390336e+00
4.361537789208005944e-01 1.263167097568351993e+00
4.403964848250754294e-01 1.257561720301360486e+00
4.446804618457780300e-01 1.251884654249808992e+00
4.490061114495874639e-01 1.246139000913581985e+00
4.533738390084691150e-01 1.240324938218818840e+00
4.577840538376618529e-01 1.234436252824780311e+00
4.622371692340384031e-01 1.228483322216898044e+00
4.667336025148346446e-01 1.222457635444803792e+00
4.712737750567601580e-01 1.216363471417098996e+00
4.758581123354846953e-01 1.210198281756722727e+00
4.804870439655131720e-01 1.203964794870976407e+00
4.851610037404442966e-01 1.197660732092152847e+00
4.898804296736250508e-01 1.191285684225245722e+00
4.946457640391963562e-01 1.184843524539252790e+00
4.994574534135413635e-01 1.178329268254992401e+00
5.043159487171361421e-01 1.171746366673805051e+00
5.092217052568053237e-01 1.165093887205009393e+00
5.141751827683928022e-01 1.158372402555382763e+00
5.191768454598426619e-01 1.151582681480827208e+00
5.242271620547044320e-01 1.144725774222225434e+00
5.293266058360561743e-01 1.137796471772222873e+00
5.344756546908600026e-01 1.130803166511054503e+00
5.396747911547442600e-01 1.123740668486495897e+00
5.449245024572260121e-01 1.116612558854608528e+00
5.502252805673685243e-01 1.109417644840006822e+00
5.555776222398878250e-01 1.102154435028825707e+00
5.609820290617031358e-01 1.094828832912524641e+00
5.664390074989449353e-01 1.087443005505971394e+00
5.719490689444144405e-01 1.079979611658404171e+00
5.775127297655114900e-01 1.072460040427926309e+00
5.831305113526221717e-01 1.064876722365631245e+00
5.888029401679826247e-01 1.057233226669702875e+00
5.945305477950136863e-01 1.049525527890056820e+00
6.003138709881384871e-01 1.041758378200601243e+00
6.061534517230839914e-01 1.033931130134230880e+00
6.120498372476699256e-01 1.026044835672983657e+00
6.180035801330957534e-01 1.018101801421687824e+00
6.240152383257209223e-01 1.010102868657065889e+00
6.300853751993553686e-01 1.002044805476075551e+00
6.362145596080520660e-01 9.939256816747927825e-01
6.424033659394193796e-01 9.857683743649557906e-01
6.486523741684461219e-01 9.775516638440389094e-01
6.549621699118558515e-01 9.692833043966067041e-01
6.613333444829840868e-01 9.609644519253465189e-01
6.677664949471955325e-01 9.525955208216155823e-01
6.742622241778342129e-01 9.441804050324809072e-01
6.808211409127237213e-01 9.357165002947124277e-01
6.874438598112112553e-01 9.272106220254501263e-01
6.941310015117725385e-01 9.186597404464135197e-01
7.008831926901714082e-01 9.100696494088003075e-01
7.077010661181889484e-01 9.014346407574105324e-01
7.145852607229240538e-01 8.927650310163397496e-01
7.215364216466665370e-01 8.840548870485011035e-01
7.285552003073593186e-01 8.753089523206082356e-01
7.356422544596413760e-01 8.665318352123246859e-01
7.427982482564918776e-01 8.577188403875734002e-01
7.500238523114668432e-01 8.488762211765693566e-01
7.573197437615483141e-01 8.400052389696850419e-01
7.646866063305975958e-01 8.311046142572322548e-01
7.721251303934327792e-01 8.221827783843889126e-01
7.796360130405233235e-01 8.132329633423299731e-01
7.872199581433195759e-01 8.042639208174062748e-01
7.948776764202123424e-01 7.952754378292707926e-01
8.026098855031396084e-01 7.862662331040535246e-01
8.104173100048355227e-01 7.772445976042897664e-01
8.183006815867394090e-01 7.682063165839277952e-01
8.262607390275591435e-01 7.591604365514978969e-01
8.342982282925082149e-01 7.500958116886432547e-01
8.424139026032094746e-01 7.410290840157812697e-01
8.506085225082840040e-01 7.319544141180311936e-01
8.588828559546254349e-01 7.228751436011450204e-01
8.672376783593644944e-01 7.137946885914328021e-01
8.756737726825394308e-01 7.047140200101774665e-01
8.841919295004664336e-01 6.956294733140933051e-01
8.927929470798307010e-01 6.865613086870757664e-01
9.014776314524917122e-01 6.774930265180812983e-01
9.102467964910225806e-01 6.684352773132390402e-01
9.191012639849772681e-01 6.593869361379274263e-01
9.280418637179072006e-01 6.503626906149664322e-01
9.370694335451198453e-01 6.413243067941410969e-01
9.461848194722002336e-01 6.323082900575832666e-01
9.553888757342895444e-01 6.233370640746115354e-01
9.646824648761427312e-01 6.143728984839630369e-01
9.740664578329562007e-01 6.054185509147518296e-01
9.835417340119908536e-01 5.965136294016973872e-01
9.931091813749796104e-01 5.876236843660921361e-01
1.002769696521346621e+00 5.787640361872289363e-01
1.012524184772224167e+00 5.698485981880498930e-01
1.022373560255302127e+00 5.611297653009515995e-01
1.032318745990486564e+00 5.523785084246307653e-01
1.042360673976402197e+00 5.436557877517078641e-01
1.052500285277732761e+00 5.349721678943375469e-01
1.062738530113414459e+00 5.263305023993286591e-01
1.073076367945679621e+00 5.177297778685833185e-01
1.083514767569973225e+00 5.091772690524760669e-01
1.094054707205742494e+00 5.006672302028640775e-01
1.104697174588111785e+00 4.922080908555273027e-01
1.115443167060441221e+00 4.837992067955119713e-01
1.126293691667795249e+00 4.754409238059671416e-01
1.137249765251314271e+00 4.671423071416462292e-01
1.148312414543511073e+00 4.588952484131887388e-01
1.159482676264482759e+00 4.507060566108840316e-01
1.170761597219069250e+00 4.425756191062948375e-01
1.182150234394952371e+00 4.345070380367301310e-01
1.193649655061713055e+00 4.264963619576215281e-01
1.205260936870842681e+00 4.185589770913747953e-01
1.216985167956738056e+00 4.106789465002379513e-01
1.228823447038673411e+00 4.028651601972385032e-01
1.240776883523764251e+00 3.951217668591033849e-01
1.252846597610937529e+00 3.874468920630031454e-01
1.265033720395903893e+00 3.798422911170095118e-01
1.277339393977160009e+00 3.723112122610209851e-01
1.289764771563017165e+00 3.648523290096540861e-01
1.302311017579677488e+00 3.574669342935473115e-01
1.314979307780347773e+00 3.501535853211276694e-01
1.327770829355430449e+00 3.429168395026117588e-01
1.340686781043774811e+00 3.357693516808029632e-01
1.353728373245021821e+00 3.286928828282134618e-01
1.366896828133026487e+00 3.216862186947058166e-01
1.380193379770397355e+00 3.147868182596159081e-01
1.393619274224142002e+00 3.079408523741481996e-01
1.407175769682446731e+00 3.011861749944080846e-01
1.420864136572576708e+00 2.945092276918345187e-01
1.434685657679937831e+00 2.879260510451510657e-01
1.448641628268290127e+00 2.814194839514040924e-01
1.462733356201129986e+00 2.750017186308963968e-01
1.476962162064259898e+00 2.686638036777592720e-01
1.491329379289537682e+00 2.624132749178352264e-01
1.505836354279841416e+00 2.562001892994670849e-01
1.520484446535244283e+00 2.501701836197304241e-01
1.535275028780422657e+00 2.441790415347372400e-01
1.550209487093291205e+00 2.382742151136765241e-01
1.565289221034902312e+00 2.324569813651388428e-01
1.580515643780601165e+00 2.267256244324759307e-01
1.595890182252465817e+00 2.210747861590233732e-01
1.611414277253019778e+00 2.155268338321228161e-01
1.627089383600260675e+00 2.100620273199482746e-01
1.642916970263993193e+00 2.046670875000801137e-01
1.658898520503498064e+00 1.993849393020782346e-01
1.675035532006524441e+00 1.941763286056374382e-01
1.691329517029648732e+00 1.890666715356055516e-01
1.707782002539993016e+00 1.840367582596836304e-01
1.724394530358320354e+00 1.790939409494544665e-01
1.741168657303530987e+00 1.742379785638382417e-01
1.758105955338547632e+00 1.694650540967721497e-01
1.775208011717636092e+00 1.647857881809495773e-01
1.792476429135148930e+00 1.601888886608346385e-01
1.809912825875727105e+00 1.556775702779190640e-01
1.827518835965944666e+00 1.512515203203375347e-01
1.845296109327445366e+00 1.469102261831245759e-01
1.863246311931559873e+00 1.426532919040017777e-01
1.881371125955437096e+00 1.384795974449470335e-01
1.899672249939675650e+00 1.343900836548899691e-01
1.918151398947507635e+00 1.303821883347514032e-01
1.936810304725519849e+00 1.264578554829705603e-01
1.955650715865949074e+00 1.226134845902514675e-01
1.974674397970537454e+00 1.188511835735333450e-01
1.993883133816001019e+00 1.151685681993136062e-01
2.013278723521096492e+00 1.115654971814980245e-01
2.032862984715323673e+00 1.080396518451911397e-01
2.052637752709252084e+00 1.045948701629564881e-01
2.072604880666519822e+00 1.012225647949717561e-01
2.092766239777499759e+00 9.793252214446121484e-02
2.113123719434652603e+00 9.471344767406437992e-02
2.133679227409597701e+00 9.157601367824506899e-02
2.154434690031884259e+00 8.850583232184623672e-02
2.175392052369522489e+00 8.550724830098729856e-02
2.196553278411258248e+00 8.258840870414785318e-02
2.217920351250634692e+00 7.973681012833043480e-02
2.239495273271823184e+00 7.695648321571020578e-02
2.261280066337279404e+00 7.424548313308287906e-02
2.283276771977218012e+00 7.160331718962650860e-02
2.305487451580938707e+00 6.902890461623753526e-02
2.327914186589993051e+00 6.652115950245665599e-02
2.350559078693253756e+00 6.407853423620928079e-02
2.373424250023866033e+00 6.170150490651300779e-02
2.396511843358130278e+00 5.939321857620478984e-02
2.419824022316292567e+00 5.713820826622755672e-02
2.443362971565319341e+00 5.495007047331337824e-02
2.467130897023623426e+00 5.282380286107033612e-02
2.491130026067788439e+00 5.075293277479593634e-02
2.515362607741312928e+00 4.874764036119106497e-02
2.539830912965362675e+00 4.679894962494612204e-02
2.564537234751594674e+00 4.490578064302862271e-02
2.589483888417040802e+00 4.306534695405603991e-02
2.614673211801092023e+00 4.128081355238737149e-02
2.640107565484572927e+00 3.956881426695513931e-02
2.665789333010967876e+00 3.788624226892087915e-02
2.691720921109787668e+00 3.626009888499266698e-02
2.717904759922122881e+00 3.468839434870354260e-02
2.744343303228365283e+00 3.316688663564550804e-02
2.771039028678170535e+00 3.169349683449914495e-02
2.797994438022641805e+00 3.026893200375751353e-02
2.825212057348790218e+00 2.889239005750397077e-02
2.852694437316245057e+00 2.756110881024392140e-02
2.880444153396297668e+00 2.627514062257749541e-02
2.908463806113254169e+00 2.503426601010654701e-02
2.936756021288137397e+00 2.383474373010709135e-02
2.965323450284773621e+00 2.267847489595093552e-02
2.994168770258243573e+00 2.156266919063209650e-02
3.023294684405779531e+00 2.048934144010849945e-02
3.052703922220086241e+00 1.945383451463019581e-02
3.082399239745143404e+00 1.845748423177649353e-02
3.112383419834465759e+00 1.749650504592991859e-02
3.142659272411905569e+00 1.657614566798459865e-02
3.173229634734976212e+00 1.569003111883682591e-02
3.204097371660752813e+00 1.483822260472706170e-02
3.235265375914330388e+00 1.402076077317885965e-02
3.266736568359921655e+00 1.323710000581653293e-02
3.298513898274578082e+00 1.248411643353099579e-02
3.330600343624588788e+00 1.176359233427855082e-02
3.362998911344535991e+00 1.107295844805594731e-02
3.395712637619100693e+00 1.041308706766691169e-02
3.428744588167585317e+00 9.781916011304212649e-03
3.462097858531227423e+00 9.178338162114836607e-03
3.495775574363275240e+00 8.602777804172219087e-03
3.529780891721914671e+00 8.053006903308710523e-03
3.564116997366032269e+00 7.529731652027823671e-03
3.598787109053855460e+00 7.030671943452235229e-03
3.633794475844513094e+00 6.555725363791518705e-03
3.669142378402494131e+00 6.104838161696756263e-03
3.704834129305105694e+00 5.676587208630187210e-03
3.740873073352900313e+00 5.270204429335388976e-03
3.777262587883141176e+00 4.884857257252223257e-03
3.814006083086284082e+00 4.520076900455571693e-03
3.851107002325572903e+00 4.175237875109918603e-03
3.888568822459721019e+00 3.849546801773412550e-03
3.926395054168756449e+00 3.542261765803560863e-03
3.964589242282997805e+00 3.253197032894586567e-03
4.003154966115265445e+00 2.980929201206121426e-03
4.042095839796306045e+00 2.725302424864624144e-03
4.081415512613501662e+00 2.485561459434381011e-03
4.121117669352832635e+00 2.261170342901289675e-03
4.161206030644208020e+00 2.051332209681726304e-03
4.201684353310133346e+00 1.855779730483689272e-03
4.242556430717777438e+00 1.673657766085809859e-03
4.283826093134470270e+00 1.504459896940621476e-03
4.325497208086633627e+00 1.347633137077988057e-03
4.367573680722233398e+00 1.202625671390339726e-03
4.410059454176736615e+00 1.068884227903882378e-03
4.452958509942654963e+00 9.458918128744609128e-04
4.496274868242640110e+00 8.331092968812797142e-04
4.540012588406244554e+00 7.300409123097673873e-04
4.584175769250333765e+00 6.361685217213436426e-04
4.628768549463215365e+00 5.510139407202746184e-04
4.673795107992464004e+00 4.740859262056788424e-04
4.719259664436561863e+00 4.049182092377568831e-04
4.765166479440326341e+00 3.430443710647267737e-04
4.811519855094205766e+00 2.880017772047592864e-04
4.858324135337417360e+00 2.393564046653378632e-04
4.905583706365050922e+00 1.966692131615028366e-04
4.953302997039108924e+00 1.595090845477319683e-04
5.001486479303548727e+00 1.274645176672976031e-04
5.050138668603383785e+00 1.001143669312525779e-04
5.099264124307808288e+00 7.706566930645877508e-05
5.148867450137498025e+00 5.792026284835137550e-05
5.198953294596024399e+00 4.229384179682813591e-05
5.249526351405507718e+00 2.980759538414690606e-05
5.300591359946452030e+00 2.009127861119280656e-05
5.352153105701904501e+00 1.278033671465664645e-05
5.404216420705915347e+00 7.520121076724564703e-06
5.456786183996381823e+00 3.961777326628457827e-06
5.509867322072253160e+00 1.762506401691395612e-06
5.563464809355226137e+00 5.869730094485643801e-07
5.617583668655908191e+00 1.057175928005462006e-07
5.672228971644543094e+00 0.000000000000000000e+00
