1.000000000000000021e-02 1.398760918623166871e+00
1.009727545900835841e-02 1.398756168257987209e+00
1.019549716950923779e-02 1.398751345828096460e+00
1.029467433620748044e-02 1.398746350926768356e+00
1.039481625334708927e-02 1.398741321179564734e+00
1.049593230558227772e-02 1.398736187637274808e+00
1.059803196885688789e-02 1.398730529019027724e+00
1.070112481129246833e-02 1.398726106927251855e+00
1.080522049408488318e-02 1.398720636229381364e+00
1.091032877240974419e-02 1.398714807782717617e+00
1.101645949633656314e-02 1.398709142195514454e+00
1.112362261175187626e-02 1.398703538433127003e+00
1.123182816129126085e-02 1.398697333627225037e+00
1.134108628528052165e-02 1.398691242947408320e+00
1.145140722268592030e-02 1.398687593859571088e+00
1.156280131207376022e-02 1.398681278831813257e+00
1.167527899257919492e-02 1.398671715948484495e+00
1.178885080488457221e-02 1.398665278642923449e+00
1.190352739220719262e-02 1.398658629357300898e+00
1.201931950129673729e-02 1.398682251075388905e+00
1.213623798344241195e-02 1.398674765318053570e+00
1.225429379548980714e-02 1.398638278649761979e+00
1.237349800086776086e-02 1.398631004322492988e+00
1.249386177062509519e-02 1.398623273739781681e+00
1.261539638447754796e-02 1.398615818505944519e+00
1.273811323186478488e-02 1.398608181376360005e+00
1.286202381301779218e-02 1.398600843156550866e+00
1.298713974003655978e-02 1.398592905712152668e+00
1.311347273797833224e-02 1.398584857551195881e+00
1.324103464595636874e-02 1.398576821128730607e+00
1.336983741824946531e-02 1.398570485866572843e+00
1.349989312542219239e-02 1.398559430307863227e+00
1.363121395545611320e-02 1.398550475993360687e+00
1.376381221489191876e-02 1.398541492447945345e+00
1.389770032998276401e-02 1.398531941542538348e+00
1.403289084785873213e-02 1.398522642738340371e+00
1.416939643770268736e-02 1.398513165048031359e+00
1.430722989193757184e-02 1.398503503945222937e+00
1.444640412742520530e-02 1.398493639547328193e+00
1.458693218667675602e-02 1.398483609741032030e+00
1.472882723907502529e-02 1.398473307267542376e+00
1.487210258210860774e-02 1.398462820282723396e+00
1.501677164261799868e-02 1.398451525351336766e+00
1.516284797805393485e-02 1.398441215734214538e+00
1.531034527774784160e-02 1.398429711448319734e+00
1.545927736419477720e-02 1.398419001060766442e+00
1.560965819434872483e-02 1.398407648509808032e+00
1.576150186093060873e-02 1.398395811885970064e+00
1.591482259374891323e-02 1.398383812198665588e+00
1.606963476103326349e-02 1.398371477003870211e+00
1.622595287078087284e-02 1.398359098973096515e+00
1.638379157211618947e-02 1.398346393472838844e+00
1.654316565666366645e-02 1.398333428329170181e+00
1.670409005993399310e-02 1.398320157642194195e+00
1.686657986272368723e-02 1.398306649914445199e+00
1.703065029252844378e-02 1.398292881860142556e+00
1.719631672497009753e-02 1.398278828638242155e+00
1.736359468523754335e-02 1.398264489043053560e+00
1.753249984954170088e-02 1.398249840931804044e+00
1.770304804658450262e-02 1.398234885835698327e+00
1.787525525904235316e-02 1.398219790525841333e+00
1.804913762506383731e-02 1.398204210380444401e+00
1.822471143978214581e-02 1.398188168011928356e+00
1.840199315684210371e-02 1.398172507639311224e+00
1.858099938994215231e-02 1.398156362703273814e+00
1.876174691439120440e-02 1.398139158225149448e+00
1.894425266868081034e-02 1.398121668336603785e+00
1.912853375607242307e-02 1.398104116199136326e+00
1.931460744620030340e-02 1.398086238095689549e+00
1.950249117668984011e-02 1.398068400315443327e+00
1.969220255479172538e-02 1.398049799448054298e+00
1.988375935903200636e-02 1.398028583727455754e+00
2.007717954087816226e-02 1.398011835776981737e+00
2.027248122642137662e-02 1.397991926063033574e+00
2.046968271807520987e-02 1.397971943970754305e+00
2.066880249629082095e-02 1.397951908498740625e+00
2.086985922128879734e-02 1.397932019471582743e+00
2.107287173480786382e-02 1.397910891736057870e+00
2.127785906187062287e-02 1.397887984070489420e+00
2.148484041256648255e-02 1.397867510908278765e+00
2.169383518385184506e-02 1.397845078280943065e+00
2.190486296136792688e-02 1.397821705291128369e+00
2.211794352127614133e-02 1.397798346928952551e+00
2.233309683211144592e-02 1.397774010682885093e+00
2.255034305665360936e-02 1.397749691038086217e+00
2.276970255381680075e-02 1.397724939799989352e+00
2.299119588055741764e-02 1.397700500606360530e+00
2.321484379380064564e-02 1.397675078967439921e+00
2.344066725238556220e-02 1.397649287357787484e+00
2.366868741902936057e-02 1.397622648271370505e+00
2.389892566231050300e-02 1.397594628297053276e+00
2.413140355867127856e-02 1.397567188408638250e+00
2.436614289443983158e-02 1.397538946495600065e+00
2.460316566787181664e-02 1.397510672933881315e+00
2.484249409121190577e-02 1.397481227371216939e+00
2.508415059277539771e-02 1.397451173630388732e+00
2.532815781905008515e-02 1.397420534883266008e+00
2.557453863681850847e-02 1.397389224443827738e+00
2.582331613530085626e-02 1.397357563276216297e+00
2.607451362831877603e-02 1.397325007260838081e+00
2.632815465648021339e-02 1.397292007782485967e+00
2.658426298938541474e-02 1.397258405008598325e+00
2.684286262785454819e-02 1.397224260766900539e+00
2.710397780617682106e-02 1.397189777423900603e+00
2.736763299438163891e-02 1.397154097052849320e+00
2.763385290053169824e-02 1.397117617208353701e+00
2.790266247303856487e-02 1.397080706649062698e+00
2.817408690300057458e-02 1.397042858444307534e+00
2.844815162656363222e-02 1.397004289698229762e+00
2.872488232730495070e-02 1.396964897907756686e+00
2.900430493863991738e-02 1.396924703855449756e+00
2.928644564625237229e-02 1.396883649751319290e+00
2.957133089054861039e-02 1.396841742991920432e+00
2.985898736913520854e-02 1.396799912956443235e+00
3.014944203932094433e-02 1.396756480825555924e+00
3.044272212064302874e-02 1.396711615409538698e+00
3.073885509741795460e-02 1.396666540141390911e+00
3.103786872131722788e-02 1.396620464774541492e+00
3.133979101396793671e-02 1.396573431234208629e+00
3.164465026957891114e-02 1.396525900204383941e+00
3.195247505759213347e-02 1.396477173044339493e+00
3.226329422536015901e-02 1.396427479636278113e+00
3.257713690084949876e-02 1.396377201619517727e+00
3.289403249537032475e-02 1.396325675419959333e+00
3.321401070633261954e-02 1.396272896399076480e+00
3.353710152002930406e-02 1.396219479806374286e+00
3.386333521444636480e-02 1.396164941791183445e+00
3.419274236210027851e-02 1.396109357552697494e+00
3.452535383290306070e-02 1.396051438788125765e+00
3.486120079705520153e-02 1.395995053277490294e+00
3.520031472796678745e-02 1.395934671686981821e+00
3.554272740520694751e-02 1.395876073247323657e+00
3.588847091748199186e-02 1.395814633468829724e+00
3.623757766564258964e-02 1.395752163710484162e+00
3.659008036572020811e-02 1.395688431098019766e+00
3.694601205199302130e-02 1.395623478234585324e+00
3.730540608008161424e-02 1.395557096803671460e+00
3.766829613007490613e-02 1.395489686629477033e+00
3.803471620968648659e-02 1.395421090584893609e+00
3.840470065744145539e-02 1.395350426834518043e+00
3.877828414589457040e-02 1.395278124129635478e+00
3.915550168487941241e-02 1.395205412142688894e+00
3.953638862478930927e-02 1.395130379453713543e+00
3.992098065989020672e-02 1.395054736994498112e+00
4.030931383166566628e-02 1.394976607248584299e+00
4.070142453219438572e-02 1.394898840901832804e+00
4.109734950756069316e-02 1.394817873651613027e+00
4.149712586129815362e-02 1.394735717292460819e+00
4.190079105786669034e-02 1.394652019935074927e+00
4.230838292616342228e-02 1.394566625274336058e+00
4.271993966306778662e-02 1.394481162867519108e+00
4.313549983702118923e-02 1.394405895483386448e+00
4.355510239164130798e-02 1.394301871166479634e+00
4.397878664937160398e-02 1.394209486091419592e+00
4.440659231516640160e-02 1.394116519869012860e+00
4.483855948021186338e-02 1.394020553477949731e+00
4.527472862568297785e-02 1.393923313280826415e+00
4.571514062653719151e-02 1.393824399114599766e+00
4.615983675534499064e-02 1.393722315299245063e+00
4.660885868615767536e-02 1.393620774991790823e+00
4.706224849841281199e-02 1.393528297015080852e+00
4.752004868087766204e-02 1.393407097735261502e+00
4.798230213563085128e-02 1.393298383355772829e+00
4.844905218208294534e-02 1.393186952646251919e+00
4.892034256103611894e-02 1.393073560326428817e+00
4.939621743878321036e-02 1.392957089450479025e+00
4.987672141124663283e-02 1.392838645476035087e+00
5.036189950815770505e-02 1.392718108547300160e+00
5.085179719727656034e-02 1.392595361304563406e+00
5.134646038865306461e-02 1.392469872892711402e+00
5.184593543892913187e-02 1.392341544130259567e+00
5.235026915568305461e-02 1.392211436806350067e+00
5.285950880181603667e-02 1.392079158560693086e+00
5.337370209998133774e-02 1.391944125951390276e+00
5.389289723705643909e-02 1.391806608658514799e+00
5.441714286865893119e-02 1.391666673661597686e+00
5.494648812370611646e-02 1.391523710361550981e+00
5.548098260901916656e-02 1.391377815878917401e+00
5.602067641397187603e-02 1.391228728691020100e+00
5.656562011518465050e-02 1.391077620995065711e+00
5.711586478126431943e-02 1.390922614461085560e+00
5.767146197758996756e-02 1.390765727637095495e+00
5.823246377114527778e-02 1.390604902699053902e+00
5.879892273539785025e-02 1.390441068977384287e+00
5.937089195522609469e-02 1.390273977191011978e+00
5.994842503189409116e-02 1.390103399651698268e+00
6.053157608807464840e-02 1.389929499450501149e+00
6.112039977292132997e-02 1.389752388898128910e+00
6.171495126718981594e-02 1.389572464205213409e+00
6.231528628840921763e-02 1.389388351396310561e+00
6.292146109610344262e-02 1.389199587375371969e+00
6.353353249706343575e-02 1.389008540502488565e+00
6.415155785067082339e-02 1.388814649846395577e+00
6.477559507427335661e-02 1.388615866351640582e+00
6.540570264861225724e-02 1.388413003005712687e+00
6.604193962330305590e-02 1.388210042185363147e+00
6.668436562236895737e-02 1.387997487500869820e+00
6.733304084982863480e-02 1.387783338557997626e+00
6.798802609533814711e-02 1.387564238865407695e+00
6.864938273988777095e-02 1.387342209489012212e+00
6.931717276155408003e-02 1.387115336512768859e+00
6.999145874130821565e-02 1.386884488195026632e+00
7.067230386888070925e-02 1.386648085817713705e+00
7.135977194868306506e-02 1.386407725304480865e+00
7.205392740578704658e-02 1.386163004525631903e+00
7.275483529196229149e-02 1.385913062101760795e+00
7.346256129177256011e-02 1.385657732067899106e+00
7.417717172873124210e-02 1.385398543068486976e+00
7.489873357151664857e-02 1.385134925421218410e+00
7.562731444024800576e-02 1.384865472650428142e+00
7.636298261282241373e-02 1.384591137159971952e+00
7.710580703131336699e-02 1.384311171423092679e+00
7.785585730843146146e-02 1.384025779744253448e+00
7.861320373404813433e-02 1.383734619037345848e+00
7.937791728178281159e-02 1.383438295476525193e+00
8.015006961565404597e-02 1.383136870103898408e+00
8.092973309679550586e-02 1.382828476236095838e+00
8.171698079023696770e-02 1.382513952329717188e+00
8.251188647175167201e-02 1.382196544132197280e+00
8.331452463477014014e-02 1.381867524157404992e+00
8.412497049736118726e-02 1.381534734005197329e+00
8.494330000928071445e-02 1.381196704407486653e+00
8.576958985908941790e-02 1.380851840021303012e+00
8.660391748133952627e-02 1.380500456864202086e+00
8.744636106383144036e-02 1.380141598810707748e+00
8.829699955494091368e-02 1.379776467420238850e+00
8.915591267101763417e-02 1.379404729830762122e+00
9.002318090385581784e-02 1.379023822779324782e+00
9.089888552823731371e-02 1.378637857182407611e+00
9.178310860954806694e-02 1.378242409498863896e+00
9.267593301146882789e-02 1.377839403500741522e+00
9.357744240374062106e-02 1.377430985165870148e+00
9.448772127000577836e-02 1.377014808618043817e+00
9.540685491572513388e-02 1.376588976554387722e+00
9.633492947617222635e-02 1.376155432983047877e+00
9.727203192450542546e-02 1.375720905908435432e+00
9.821825007991856482e-02 1.375264416446906557e+00
9.917367261587073379e-02 1.374805424544384591e+00
1.001383890683960748e-01 1.374293555351713714e+00
1.011124898444945991e-01 1.373862603789770098e+00
1.020960662306047012e-01 1.373376422557109899e+00
1.030892104011576216e-01 1.372881737388458534e+00
1.040920154272158005e-01 1.372377540684011743e+00
1.051045752851944987e-01 1.371882239893644106e+00
1.061269848656690717e-01 1.371341194572885280e+00
1.071593399822671072e-01 1.370808156226773322e+00
1.082017373806478805e-01 1.370265416532111757e+00
1.092542747475682557e-01 1.369726415377892526e+00
1.103170507200377515e-01 1.369159240776845587e+00
1.113901648945616746e-01 1.368572296110321274e+00
1.124737178364751955e-01 1.367986346626214322e+00
1.135678110893671017e-01 1.367388842654710279e+00
1.146725471845963656e-01 1.366781983732437755e+00
1.157880296509002094e-01 1.366163123736450880e+00
1.169143630240966764e-01 1.365532992212444174e+00
1.180516528568804902e-01 1.364889455412227282e+00
1.192000057287153220e-01 1.364233960561225256e+00
1.203595292558212876e-01 1.363567243200205059e+00
1.215303321012602134e-01 1.362886360688489784e+00
1.227125239851190319e-01 1.362192857329994178e+00
1.239062156947916271e-01 1.361484947146302193e+00
1.251115190953615564e-01 1.360763448798624653e+00
1.263285471400849291e-01 1.360035303704850929e+00
1.275574138809759950e-01 1.359289281599056265e+00
1.287982344794950385e-01 1.358528885589172841e+00
1.300511252173409127e-01 1.357753256935539943e+00
1.313162035073478784e-01 1.356964936353089346e+00
1.325935879044890797e-01 1.356160849275268365e+00
1.338833981169864351e-01 1.355341855585144195e+00
1.351857550175293021e-01 1.354507982623757378e+00
1.365007806546013891e-01 1.353658992480631929e+00
1.378285982639189389e-01 1.352794046204841338e+00
1.391693322799789911e-01 1.351913689069985214e+00
1.405231083477211373e-01 1.351015212545624289e+00
1.418900533343016301e-01 1.350100971150387075e+00
1.432702953409830948e-01 1.349169326249954226e+00
1.446639637151387880e-01 1.348222379491663458e+00
1.460711890623745679e-01 1.347257037318863038e+00
1.474921032587684921e-01 1.346270352421387040e+00
1.489268394632288772e-01 1.345268582411483393e+00
1.503755321299738434e-01 1.344247979659463743e+00
1.518383170211306810e-01 1.343208710571220710e+00
1.533153312194593942e-01 1.342150303816809442e+00
1.548067131411984265e-01 1.341071959562404103e+00
1.563126025490369497e-01 1.339974185620798064e+00
1.578331405652117214e-01 1.338856699850994758e+00
1.593684696847328941e-01 1.337718462853959345e+00
1.609187337887370006e-01 1.336560337705769985e+00
1.624840781579713067e-01 1.335379387728898415e+00
1.640646494864078653e-01 1.334177501782843001e+00
1.656605958949914359e-01 1.332954686275062306e+00
1.672720669455196874e-01 1.331707774402200339e+00
1.688992136546599021e-01 1.330440383248463698e+00
1.705421885081006561e-01 1.329149595442005394e+00
1.722011454748421100e-01 1.327834678697697335e+00
1.738762400216251336e-01 1.326495098245074722e+00
1.755676291275001522e-01 1.325133292876347957e+00
1.772754712985387948e-01 1.323746636016849720e+00
1.789999265826875408e-01 1.322333928719529483e+00
1.807411565847668600e-01 1.320897756338924367e+00
1.824993244816152382e-01 1.319433378235769894e+00
1.842745950373816666e-01 1.317944940769796736e+00
1.860671346189656239e-01 1.316429837641733602e+00
1.878771112116086051e-01 1.314887043917220666e+00
1.897046944346358344e-01 1.313316559590234744e+00
1.915500555573527997e-01 1.311718405747167582e+00
1.934133675150944698e-01 1.310090932241317674e+00
1.952948049254327745e-01 1.308436628385698519e+00
1.971945441045395986e-01 1.306753159230999328e+00
1.991127630837108697e-01 1.305038391910356754e+00
2.010496416260497965e-01 1.303293841541435016e+00
2.030053612433137811e-01 1.301519776191693456e+00
2.049801052129238688e-01 1.299713539408479557e+00
2.069740585951406198e-01 1.297892830128490216e+00
2.089874082504071251e-01 1.296012656007405006e+00
2.110203428568595552e-01 1.294104763684417181e+00
2.130730529280097374e-01 1.292170583841664389e+00
2.151457308305980698e-01 1.290202720705364348e+00
2.172385708026215445e-01 1.288220027850861316e+00
2.193517689715359098e-01 1.286163424017698009e+00
2.214855233726360506e-01 1.284091172205057640e+00
2.236400339676138660e-01 1.281984862923132296e+00
2.258155026632983065e-01 1.279842155946828264e+00
2.280121333305757114e-01 1.277662738326608149e+00
2.302301318234963867e-01 1.275444977180087758e+00
2.324697059985647851e-01 1.273191032137666046e+00
2.347310657342196183e-01 1.270899384662480980e+00
2.370144229505012079e-01 1.268567909081162348e+00
2.393199916289123208e-01 1.266198399131875485e+00
2.416479878324700736e-01 1.263788338727238170e+00
2.439986297259550130e-01 1.261339159122401021e+00
2.463721375963552895e-01 1.258848257071305543e+00
2.487687338735107279e-01 1.256316643809040956e+00
2.511886431509580686e-01 1.253742464554642222e+00
2.536320922069775774e-01 1.251126989455307870e+00
2.560993100258459609e-01 1.248467719135155640e+00
2.585905278192945911e-01 1.245764736715534893e+00
2.611059790481781162e-01 1.243017455631018509e+00
2.636458994443517945e-01 1.240226388628670406e+00
2.662105270327638773e-01 1.237389937120753736e+00
2.688001021537606006e-01 1.234507682894660174e+00
2.714148674856106669e-01 1.231580934345151812e+00
2.740550680672460548e-01 1.228605798199364552e+00
2.767209513212268712e-01 1.225582355567816695e+00
2.794127670769268601e-01 1.222511954515758115e+00
2.821307675939472293e-01 1.219393260306114835e+00
2.848752075857552413e-01 1.216224701768390482e+00
2.876463442435557849e-01 1.213006669098420032e+00
2.904444372603925406e-01 1.209740017021000869e+00
2.932697488554852905e-01 1.206421174928107964e+00
2.961225437988035947e-01 1.203058218950828540e+00
2.990030894358785551e-01 1.199630285998522838e+00
3.019116557128577738e-01 1.196141925992051158e+00
3.048485152018017286e-01 1.192629648384013974e+00
3.078139431262288950e-01 1.189049410365444093e+00
3.108082173869063936e-01 1.185415877843907895e+00
3.138316185878944342e-01 1.181726324631095171e+00
3.168844300628416155e-01 1.177983923769297281e+00
3.199669379015380732e-01 1.174185904533888491e+00
3.230794309767249795e-01 1.170331664905496893e+00
3.262222009711669979e-01 1.166420741299711628e+00
3.293955424049855307e-01 1.162451842495220822e+00
3.325997526632606949e-01 1.158426183684105437e+00
3.358351320238990301e-01 1.154342225320953208e+00
3.391019836857747105e-01 1.150201120154483947e+00
3.424006137971423724e-01 1.146000663887910997e+00
3.457313314843284413e-01 1.141742089526251780e+00
3.490944488806992929e-01 1.137422755241771721e+00
3.524902811559130766e-01 1.133042845959623790e+00
3.559191465454557002e-01 1.128602874430513436e+00
3.593813663804627523e-01 1.124102074913283067e+00
3.628772651178337472e-01 1.119540280763968276e+00
3.664071703706370808e-01 1.114915902976638451e+00
3.699714129388128048e-01 1.110230429179964062e+00
3.735703268401719401e-01 1.105479454950189622e+00
3.772042493416999376e-01 1.100672073388615502e+00
3.808735209911614517e-01 1.095798181995349729e+00
3.845784856490158665e-01 1.090862204186638262e+00
3.883194905206404091e-01 1.085862956324303186e+00
3.920968861888690649e-01 1.080798107876973724e+00
3.959110266468458539e-01 1.075671372537031711e+00
3.997622693312000708e-01 1.070479652147188654e+00
4.036509751555413805e-01 1.065222424190811035e+00
4.075775085442840395e-01 1.059902110746998360e+00
4.115422374667966343e-01 1.054517632726838405e+00
4.155455334718875515e-01 1.049067010305400283e+00
4.195877717226225712e-01 1.043566084589604870e+00
4.236693310314835759e-01 1.037972994202150501e+00
4.277905938958687093e-01 1.032328055168289849e+00
4.319519465339363706e-01 1.026619541134937030e+00
4.361537789208005944e-01 1.020845553346668044e+00
4.403964848250754294e-01 1.015006455975255184e+00
4.446804618457780300e-01 1.009102085321040621e+00
4.490061114495874639e-01 1.003131246809898292e+00
4.533738390084691150e-01 9.970991839672106449e-01
4.577840538376618529e-01 9.910018837961273031e-01
4.622371692340384031e-01 9.848412901180445544e-01
4.667336025148346446e-01 9.786137294162323697e-01
4.712737750567601580e-01 9.723249190563968414e-01
4.758581123354846953e-01 9.659734202060878960e-01
4.804870439655131720e-01 9.595545216828212931e-01
4.851610037404442966e-01 9.530769790835615929e-01
4.898804296736250508e-01 9.465349379230520999e-01
4.946457640391963562e-01 9.399328626953957766e-01
4.994574534135413635e-01 9.332670485395977433e-01
5.043159487171361421e-01 9.265427425838249631e-01
5.092217052568053237e-01 9.197559620974338213e-01
5.141751827683928022e-01 9.129083842615614008e-01
5.191768454598426619e-01 9.060044147336746567e-01
5.242271620547044320e-01 8.990414220277942459e-01
5.293266058360561743e-01 8.920196673831503054e-01
5.344756546908600026e-01 8.849407962262806349e-01
5.396747911547442600e-01 8.778066776496508128e-01
5.449245024572260121e-01 8.706153458004213253e-01
5.502252805673685243e-01 8.633845541815480251e-01
5.555776222398878250e-01 8.560733367944720618e-01
5.609820290617031358e-01 8.487223175468472380e-01
5.664390074989449353e-01 8.413178812557271513e-01
5.719490689444144405e-01 8.338641399266391030e-01
5.775127297655114900e-01 8.263608821739131249e-01
5.831305113526221717e-01 8.188085780780838263e-01
5.888029401679826247e-01 8.112081991220444488e-01
5.945305477950136863e-01 8.035624340279864386e-01
6.003138709881384871e-01 7.958723268105245552e-01
6.061534517230839914e-01 7.881380247925094951e-01
6.120498372476699256e-01 7.803625719752291801e-01
6.180035801330957534e-01 7.725419249454590354e-01
6.240152383257209223e-01 7.646842664640420839e-01
6.300853751993553686e-01 7.567885554152985472e-01
6.362145596080520660e-01 7.488563492266578914e-01
6.424033659394193796e-01 7.408856401896154464e-01
6.486523741684461219e-01 7.328860621898778405e-01
6.549621699118558515e-01 7.248531172601963002e-01
6.613333444829840868e-01 7.167881970930957136e-01
6.677664949471955325e-01 7.087019117183079864e-01
6.742622241778342129e-01 7.005728561180336600e-01
6.808211409127237213e-01 6.924295201371991615e-01
6.874438598112112553e-01 6.842599089771760346e-01
6.941310015117725385e-01 6.760693680487983581e-01
7.008831926901714082e-01 6.678671632952905002e-01
7.077010661181889484e-01 6.596287809633704091e-01
7.145852607229240538e-01 6.513764450375189030e-01
7.215364216466665370e-01 6.431213738707199923e-01
7.285552003073593186e-01 6.348507561101843777e-01
7.356422544596413760e-01 6.265673016168127329e-01
7.427982482564918776e-01 6.182773892028226026e-01
7.500238523114668432e-01 6.099802747112806900e-01
7.573197437615483141e-01 6.016773634137282389e-01
7.646866063305975958e-01 5.933731263513921661e-01
7.721251303934327792e-01 5.850678980333123835e-01
7.796360130405233235e-01 5.767661194112232437e-01
7.872199581433195759e-01 5.684641493490913966e-01
7.948776764202123424e-01 5.601552004517789118e-01
8.026098855031396084e-01 5.518881715145426137e-01
8.104173100048355227e-01 5.436130903628217936e-01
8.183006815867394090e-01 5.353512294266133953e-01
8.262607390275591435e-01 5.271045492590410442e-01
8.342982282925082149e-01 5.188663735628169515e-01
8.424139026032094746e-01 5.106602759741859510e-01
8.506085225082840040e-01 5.024715749397541398e-01
8.588828559546254349e-01 4.942989150171569479e-01
8.672376783593644944e-01 4.861518794946531608e-01
8.756737726825394308e-01 4.780322809010084106e-01
8.841919295004664336e-01 4.699532398743553330e-01
8.927929470798307010e-01 4.618985248786700026e-01
9.014776314524917122e-01 4.538767351989178578e-01
9.102467964910225806e-01 4.458866560508423782e-01
9.191012639849772681e-01 4.379451576928130585e-01
9.280418637179072006e-01 4.300325329212804637e-01
9.370694335451198453e-01 4.221676325803334073e-01
9.461848194722002336e-01 4.143487241316037850e-01
9.553888757342895444e-01 4.065709437995123632e-01
9.646824648761427312e-01 3.988532356665294709e-01
9.740664578329562007e-01 3.911646680434682222e-01
9.835417340119908536e-01 3.835382163632404251e-01
9.931091813749796104e-01 3.759646477354854355e-01
1.002769696521346621e+00 3.684467094553225963e-01
1.012524184772224167e+00 3.609864067689078637e-01
1.022373560255302127e+00 3.535827787663199939e-01
1.032318745990486564e+00 3.462440084314617472e-01
1.042360673976402197e+00 3.389631018555410158e-01
1.052500285277732761e+00 3.317509498501081122e-01
1.062738530113414459e+00 3.246005863770423105e-01
1.073076367945679621e+00 3.175213809627857042e-01
1.083514767569973225e+00 3.105121362420169562e-01
1.094054707205742494e+00 3.035611367895900137e-01
1.104697174588111785e+00 2.966881470220187889e-01
1.115443167060441221e+00 2.898972851331342304e-01
1.126293691667795249e+00 2.831660028649706229e-01
1.137249765251314271e+00 2.765261492514943797e-01
1.148312414543511073e+00 2.699631623821474591e-01
1.159482676264482759e+00 2.634606151171656752e-01
1.170761597219069250e+00 2.570497505638658642e-01
1.182150234394952371e+00 2.507166816909588425e-01
1.193649655061713055e+00 2.444689494777717853e-01
1.205260936870842681e+00 2.382954213343803918e-01
1.216985167956738056e+00 2.322091013803655180e-01
1.228823447038673411e+00 2.262069141246087767e-01
1.240776883523764251e+00 2.202888068353533180e-01
1.252846597610937529e+00 2.144575449071885187e-01
1.265033720395903893e+00 2.087105940471820631e-01
1.277339393977160009e+00 2.030531693490160439e-01
1.289764771563017165e+00 1.974806221751067847e-01
1.302311017579677488e+00 1.919987498784890001e-01
1.314979307780347773e+00 1.866030430562882758e-01
1.327770829355430449e+00 1.812974338240189442e-01
1.340686781043774811e+00 1.760780909469369937e-01
1.353728373245021821e+00 1.709523658782056976e-01
1.366896828133026487e+00 1.659105913001410471e-01
1.380193379770397355e+00 1.609661471236116526e-01
1.393619274224142002e+00 1.561051402086379158e-01
1.407175769682446731e+00 1.513431349782839441e-01
1.420864136572576708e+00 1.466625930046242809e-01
1.434685657679937831e+00 1.420709443627929114e-01
1.448641628268290127e+00 1.375770734946017149e-01
1.462733356201129986e+00 1.331682803756724376e-01
1.476962162064259898e+00 1.288504836271638643e-01
1.491329379289537682e+00 1.246217057136010525e-01
1.505836354279841416e+00 1.204819185898283879e-01
1.520484446535244283e+00 1.164328986668693305e-01
1.535275028780422657e+00 1.124685203821438884e-01
1.550209487093291205e+00 1.085926182249085103e-01
1.565289221034902312e+00 1.048053846325984750e-01
1.580515643780601165e+00 1.011168381513320724e-01
1.595890182252465817e+00 9.749097752092615587e-02
1.611414277253019778e+00 9.396290089014497360e-02
1.627089383600260675e+00 9.052135407697441127e-02
1.642916970263993193e+00 8.715776493726788698e-02
1.658898520503498064e+00 8.388694771723603782e-02
1.675035532006524441e+00 8.069751459070348409e-02
1.691329517029648732e+00 7.758802515337204220e-02
1.707782002539993016e+00 7.455485674428813381e-02
1.724394530358320354e+00 7.161119475171640048e-02
1.741168657303530987e+00 6.876125905073840472e-02
1.758105955338547632e+00 6.596037227448760254e-02
1.775208011717636092e+00 6.324451685216088415e-02
1.792476429135148930e+00 6.061079280361603150e-02
1.809912825875727105e+00 5.805313041419035702e-02
1.827518835965944666e+00 5.557015697632752826e-02
1.845296109327445366e+00 5.315998252185551859e-02
1.863246311931559873e+00 5.082522430553167159e-02
1.881371125955437096e+00 4.856084955552800869e-02
1.899672249939675650e+00 4.636738324784208526e-02
1.918151398947507635e+00 4.423892502480061828e-02
1.936810304725519849e+00 4.218796488278683116e-02
1.955650715865949074e+00 4.019985659824338448e-02
1.974674397970537454e+00 3.827746402286036354e-02
1.993883133816001019e+00 3.642148679338226558e-02
2.013278723521096492e+00 3.462775623163307642e-02
2.032862984715323673e+00 3.289764580348406714e-02
2.052637752709252084e+00 3.122827311832869490e-02
2.072604880666519822e+00 2.961961042383400022e-02
2.092766239777499759e+00 2.807086295116827113e-02
2.113123719434652603e+00 2.657811131608411523e-02
2.133679227409597701e+00 2.514264268735781974e-02
2.154434690031884259e+00 2.376430602563020869e-02
2.175392052369522489e+00 2.243822356018346925e-02
2.196553278411258248e+00 2.116449391864288695e-02
2.217920351250634692e+00 1.994250723685499563e-02
2.239495273271823184e+00 1.877277873456682095e-02
2.261280066337279404e+00 1.765195396926991928e-02
2.283276771977218012e+00 1.657833092729886840e-02
2.305487451580938707e+00 1.555282495790965072e-02
2.327914186589993051e+00 1.457205284052900604e-02
2.350559078693253756e+00 1.363640801964748767e-02
2.373424250023866033e+00 1.274303677170019605e-02
2.396511843358130278e+00 1.189160600605009520e-02
2.419824022316292567e+00 1.108213765367529503e-02
2.443362971565319341e+00 1.031225812681436232e-02
2.467130897023623426e+00 9.580974269497491078e-03
2.491130026067788439e+00 8.885922771955408542e-03
2.515362607741312928e+00 8.227927128873843352e-03
2.539830912965362675e+00 7.604904812786374667e-03
2.564537234751594674e+00 7.015878628983948824e-03
2.589483888417040802e+00 6.459399623981155157e-03
2.614673211801092023e+00 5.935441615074927256e-03
2.640107565484572927e+00 5.441386419965871420e-03
2.665789333010967876e+00 4.977126152505782428e-03
2.691720921109787668e+00 4.541299531211684393e-03
2.717904759922122881e+00 4.133025903863732364e-03
2.744343303228365283e+00 3.750888985318647818e-03
2.771039028678170535e+00 3.394524661079491388e-03
2.797994438022641805e+00 3.062363691654678213e-03
2.825212057348790218e+00 2.753563152269023449e-03
2.852694437316245057e+00 2.467106862925792614e-03
2.880444153396297668e+00 2.202139997398652477e-03
2.908463806113254169e+00 1.957589025957943724e-03
2.936756021288137397e+00 1.732567907737234949e-03
2.965323450284773621e+00 1.526125238506325721e-03
2.994168770258243573e+00 1.337379491251892765e-03
3.023294684405779531e+00 1.165404923932974492e-03
3.052703922220086241e+00 1.009347383571113305e-03
3.082399239745143404e+00 8.683268341676950901e-04
3.112383419834465759e+00 7.414957192018060755e-04
3.142659272411905569e+00 6.280215047512178019e-04
3.173229634734976212e+00 5.270643854526476041e-04
3.204097371660752813e+00 4.378377744220863566e-04
3.235265375914330388e+00 3.595436940322660480e-04
3.266736568359921655e+00 2.913989151066365222e-04
3.298513898274578082e+00 2.326421417515774353e-04
3.330600343624588788e+00 1.825236986614867107e-04
3.362998911344535991e+00 1.403075495687682841e-04
3.395712637619100693e+00 1.052696182847217041e-04
3.428744588167585317e+00 7.669976605224367158e-05
3.462097858531227423e+00 5.390562407674048709e-05
3.495775574363275240e+00 3.619950236842094121e-05
3.529780891721914671e+00 2.291369719048792726e-05
3.564116997366032269e+00 1.338985420802342239e-05
3.598787109053855460e+00 6.981157290577723946e-06
3.633794475844513094e+00 3.054146821671282105e-06
3.669142378402494131e+00 9.862654761535576538e-07
3.704834129305105694e+00 1.660085438592105788e-07
3.740873073352900313e+00 0.000000000000000000e+00
