1.000000000000000021e-02 1.628714913275529197e+00
1.009727545900835841e-02 1.628710591468896629e+00
1.019549716950923779e-02 1.628706213106621892e+00
1.029467433620748044e-02 1.628702117020510265e+00
1.039481625334708927e-02 1.628697796067481995e+00
1.049593230558227772e-02 1.628693125701195399e+00
1.059803196885688789e-02 1.628688100391646687e+00
1.070112481129246833e-02 1.628683231122610930e+00
1.080522049408488318e-02 1.628678968915578951e+00
1.091032877240974419e-02 1.628673635671640252e+00
1.101645949633656314e-02 1.628668558301617608e+00
1.112362261175187626e-02 1.628662811372426189e+00
1.123182816129126085e-02 1.628657512570630184e+00
1.134108628528052165e-02 1.628652065311367192e+00
1.145140722268592030e-02 1.628646621672745320e+00
1.156280131207376022e-02 1.628641455519302728e+00
1.167527899257919492e-02 1.628635513287683079e+00
1.178885080488457221e-02 1.628629141255217627e+00
1.190352739220719262e-02 1.628623419499445557e+00
1.201931950129673729e-02 1.628617574383457889e+00
1.213623798344241195e-02 1.628611589459374454e+00
1.225429379548980714e-02 1.628605241997464814e+00
1.237349800086776086e-02 1.628598641955417925e+00
1.249386177062509519e-02 1.628592020271916185e+00
1.261539638447754796e-02 1.628585284030140912e+00
1.273811323186478488e-02 1.628579289809423347e+00
1.286202381301779218e-02 1.628571166318952823e+00
1.298713974003655978e-02 1.628564579071831275e+00
1.311347273797833224e-02 1.628557458986677586e+00
1.324103464595636874e-02 1.628550063253876745e+00
1.336983741824946531e-02 1.628542421387944916e+00
1.349989312542219239e-02 1.628534686638235973e+00
1.363121395545611320e-02 1.628526822261687990e+00
1.376381221489191876e-02 1.628517607206531714e+00
1.389770032998276401e-02 1.628509404653912140e+00
1.403289084785873213e-02 1.628501052656242898e+00
1.416939643770268736e-02 1.628493824677396340e+00
1.430722989193757184e-02 1.628485252503548475e+00
1.444640412742520530e-02 1.628476695533516372e+00
1.458693218667675602e-02 1.628467192462311530e+00
1.472882723907502529e-02 1.628458074436869962e+00
1.487210258210860774e-02 1.628448713600112674e+00
1.501677164261799868e-02 1.628437873101423072e+00
1.516284797805393485e-02 1.628428086715211887e+00
1.531034527774784160e-02 1.628418148167988910e+00
1.545927736419477720e-02 1.628407998813077739e+00
1.560965819434872483e-02 1.628397693727808626e+00
1.576150186093060873e-02 1.628387226343089189e+00
1.591482259374891323e-02 1.628376609337014003e+00
1.606963476103326349e-02 1.628366344347483397e+00
1.622595287078087284e-02 1.628355282477877308e+00
1.638379157211618947e-02 1.628344003028291631e+00
1.654316565666366645e-02 1.628332354608190702e+00
1.670409005993399310e-02 1.628320616324915981e+00
1.686657986272368723e-02 1.628308654470666861e+00
1.703065029252844378e-02 1.628296457458900059e+00
1.719631672497009753e-02 1.628284439560569785e+00
1.736359468523754335e-02 1.628271173027860508e+00
1.753249984954170088e-02 1.628258230236405923e+00
1.770304804658450262e-02 1.628244956146395861e+00
1.787525525904235316e-02 1.628231417856552232e+00
1.804913762506383731e-02 1.628217661220488388e+00
1.822471143978214581e-02 1.628204191961467151e+00
1.840199315684210371e-02 1.628189750433063132e+00
1.858099938994215231e-02 1.628175184567256517e+00
1.876174691439120440e-02 1.628160390942518188e+00
1.894425266868081034e-02 1.628149722141325917e+00
1.912853375607242307e-02 1.628129727783754976e+00
1.931460744620030340e-02 1.628114204074100124e+00
1.950249117668984011e-02 1.628098039747000181e+00
1.969220255479172538e-02 1.628081618510643924e+00
1.988375935903200636e-02 1.628064748679563856e+00
2.007717954087816226e-02 1.628047729697662760e+00
2.027248122642137662e-02 1.628030232024901602e+00
2.046968271807520987e-02 1.628012567834848712e+00
2.066880249629082095e-02 1.627994446731722222e+00
2.086985922128879734e-02 1.627976052507758231e+00
2.107287173480786382e-02 1.627957441589291676e+00
2.127785906187062287e-02 1.627938290653746956e+00
2.148484041256648255e-02 1.627918659532679779e+00
2.169383518385184506e-02 1.627897431868559730e+00
2.190486296136792688e-02 1.627877267915501136e+00
2.211794352127614133e-02 1.627856570527102864e+00
2.233309683211144592e-02 1.627835156231048686e+00
2.255034305665360936e-02 1.627813720557175214e+00
2.276970255381680075e-02 1.627791864080923911e+00
2.299119588055741764e-02 1.627770357841470616e+00
2.321484379380064564e-02 1.627747538085622780e+00
2.344066725238556220e-02 1.627723379022707029e+00
2.366868741902936057e-02 1.627704679651726938e+00
2.389892566231050300e-02 1.627677335552065063e+00
2.413140355867127856e-02 1.627652775296708487e+00
2.436614289443983158e-02 1.627627531490452029e+00
2.460316566787181664e-02 1.627600135182882157e+00
2.484249409121190577e-02 1.627574287985036783e+00
2.508415059277539771e-02 1.627547708505795665e+00
2.532815781905008515e-02 1.627520630828776849e+00
2.557453863681850847e-02 1.627493116653928595e+00
2.582331613530085626e-02 1.627464810222290836e+00
2.607451362831877603e-02 1.627436006546732372e+00
2.632815465648021339e-02 1.627406631965624184e+00
2.658426298938541474e-02 1.627376631811962682e+00
2.684286262785454819e-02 1.627346012881302872e+00
2.710397780617682106e-02 1.627314936077212559e+00
2.736763299438163891e-02 1.627283102570059592e+00
2.763385290053169824e-02 1.627250993630513953e+00
2.790266247303856487e-02 1.627218003564514293e+00
2.817408690300057458e-02 1.627183883046986690e+00
2.844815162656363222e-02 1.627149308004672612e+00
2.872488232730495070e-02 1.627114238466600415e+00
2.900430493863991738e-02 1.627079846637797811e+00
2.928644564625237229e-02 1.627043537319929012e+00
2.957133089054861039e-02 1.627007001037569900e+00
2.985898736913520854e-02 1.626968638106587095e+00
3.014944203932094433e-02 1.626930055015077370e+00
3.044272212064302874e-02 1.626890618615463024e+00
3.073885509741795460e-02 1.626850905594290353e+00
3.103786872131722788e-02 1.626806821551532112e+00
3.133979101396793671e-02 1.626767585869261179e+00
3.164465026957891114e-02 1.626724716669379456e+00
3.195247505759213347e-02 1.626680546212091238e+00
3.226329422536015901e-02 1.626637214468852344e+00
3.257713690084949876e-02 1.626591892137168927e+00
3.289403249537032475e-02 1.626546618898808916e+00
3.321401070633261954e-02 1.626499695717933847e+00
3.353710152002930406e-02 1.626451389135145753e+00
3.386333521444636480e-02 1.626403246861467311e+00
3.419274236210027851e-02 1.626353519878741105e+00
3.452535383290306070e-02 1.626302691363344266e+00
3.486120079705520153e-02 1.626250817959320250e+00
3.520031472796678745e-02 1.626198369401261168e+00
3.554272740520694751e-02 1.626146389056660757e+00
3.588847091748199186e-02 1.626090692237613489e+00
3.623757766564258964e-02 1.626034494903582317e+00
3.659008036572020811e-02 1.625979097004668583e+00
3.694601205199302130e-02 1.625922000470615192e+00
3.730540608008161424e-02 1.625862847873787986e+00
3.766829613007490613e-02 1.625802492610263217e+00
3.803471620968648659e-02 1.625741098406982887e+00
3.840470065744145539e-02 1.625678507718392840e+00
3.877828414589457040e-02 1.625614608661987814e+00
3.915550168487941241e-02 1.625549277158269357e+00
3.953638862478930927e-02 1.625482786578834826e+00
3.992098065989020672e-02 1.625415167252358017e+00
4.030931383166566628e-02 1.625346679055365229e+00
4.070142453219438572e-02 1.625276868541774444e+00
4.109734950756069316e-02 1.625205563699475331e+00
4.149712586129815362e-02 1.625132541511060236e+00
4.190079105786669034e-02 1.625058086949436209e+00
4.230838292616342228e-02 1.624982219587463694e+00
4.271993966306778662e-02 1.624907407200689713e+00
4.313549983702118923e-02 1.624826930519191803e+00
4.355510239164130798e-02 1.624746450083692118e+00
4.397878664937160398e-02 1.624664767991409464e+00
4.440659231516640160e-02 1.624581077924259764e+00
4.483855948021186338e-02 1.624495833791436361e+00
4.527472862568297785e-02 1.624408916192730645e+00
4.571514062653719151e-02 1.624320651453137421e+00
4.615983675534499064e-02 1.624230122384508368e+00
4.660885868615767536e-02 1.624138021358365602e+00
4.706224849841281199e-02 1.624043861052620441e+00
4.752004868087766204e-02 1.623948140613773239e+00
4.798230213563085128e-02 1.623849599669747068e+00
4.844905218208294534e-02 1.623750412886081795e+00
4.892034256103611894e-02 1.623649136548298122e+00
4.939621743878321036e-02 1.623545793527843228e+00
4.987672141124663283e-02 1.623440203499868506e+00
5.036189950815770505e-02 1.623332665262372521e+00
5.085179719727656034e-02 1.623223611424503776e+00
5.134646038865306461e-02 1.623112033793925546e+00
5.184593543892913187e-02 1.622998945913407098e+00
5.235026915568305461e-02 1.622882940071642688e+00
5.285950880181603667e-02 1.622765382999677763e+00
5.337370209998133774e-02 1.622645026103645138e+00
5.389289723705643909e-02 1.622522018780224284e+00
5.441714286865893119e-02 1.622396888990309982e+00
5.494648812370611646e-02 1.622269289291106142e+00
5.548098260901916656e-02 1.622138325509624668e+00
5.602067641397187603e-02 1.622006741921635964e+00
5.656562011518465050e-02 1.621871705744088343e+00
5.711586478126431943e-02 1.621734568773465890e+00
5.767146197758996756e-02 1.621594292226838263e+00
5.823246377114527778e-02 1.621451024558937970e+00
5.879892273539785025e-02 1.621304834917103532e+00
5.937089195522609469e-02 1.621156505539755210e+00
5.994842503189409116e-02 1.621007374213644159e+00
6.053157608807464840e-02 1.620849070767431233e+00
6.112039977292132997e-02 1.620690825514178091e+00
6.171495126718981594e-02 1.620529960540036063e+00
6.231528628840921763e-02 1.620366763607560712e+00
6.292146109610344262e-02 1.620200320189416621e+00
6.353353249706343575e-02 1.620029568498946082e+00
6.415155785067082339e-02 1.619855741832763263e+00
6.477559507427335661e-02 1.619678474377377775e+00
6.540570264861225724e-02 1.619498112446653426e+00
6.604193962330305590e-02 1.619314201220545035e+00
6.668436562236895737e-02 1.619127735528490319e+00
6.733304084982863480e-02 1.618936640284859507e+00
6.798802609533814711e-02 1.618740361850570020e+00
6.864938273988777095e-02 1.618542216676852163e+00
6.931717276155408003e-02 1.618340486811797430e+00
6.999145874130821565e-02 1.618133799854686972e+00
7.067230386888070925e-02 1.617923602849630882e+00
7.135977194868306506e-02 1.617710865858525748e+00
7.205392740578704658e-02 1.617493218722669379e+00
7.275483529196229149e-02 1.617268700802804826e+00
7.346256129177256011e-02 1.617041715336612784e+00
7.417717172873124210e-02 1.616810119243340171e+00
7.489873357151664857e-02 1.616575343726586400e+00
7.562731444024800576e-02 1.616335181234935581e+00
7.636298261282241373e-02 1.616091042215803242e+00
7.710580703131336699e-02 1.615840497735016701e+00
7.785585730843146146e-02 1.615585304672357170e+00
7.861320373404813433e-02 1.615325505103414550e+00
7.937791728178281159e-02 1.615060777417542059e+00
8.015006961565404597e-02 1.614792848978755302e+00
8.092973309679550586e-02 1.614517346585751856e+00
8.171698079023696770e-02 1.614234704522406805e+00
8.251188647175167201e-02 1.613948907017467738e+00
8.331452463477014014e-02 1.613658219109093350e+00
8.412497049736118726e-02 1.613362047953271983e+00
8.494330000928071445e-02 1.613060451960226516e+00
8.576958985908941790e-02 1.612753451701985696e+00
8.660391748133952627e-02 1.612440026489158518e+00
8.744636106383144036e-02 1.612120247054715572e+00
8.829699955494091368e-02 1.611794283882715506e+00
8.915591267101763417e-02 1.611462145914475119e+00
9.002318090385581784e-02 1.611122070315731847e+00
9.089888552823731371e-02 1.610779015434282035e+00
9.178310860954806694e-02 1.610426163353464446e+00
9.267593301146882789e-02 1.610067237000486262e+00
9.357744240374062106e-02 1.609701771178038365e+00
9.448772127000577836e-02 1.609328683988238806e+00
9.540685491572513388e-02 1.608948149850801590e+00
9.633492947617222635e-02 1.608560511768556855e+00
9.727203192450542546e-02 1.608164919666285053e+00
9.821825007991856482e-02 1.607762823315414202e+00
9.917367261587073379e-02 1.607353731444909561e+00
1.001383890683960748e-01 1.606935207290396628e+00
1.011124898444945991e-01 1.606510240229429565e+00
1.020960662306047012e-01 1.606077329145790378e+00
1.030892104011576216e-01 1.605634764496200573e+00
1.040920154272158005e-01 1.605184102130036372e+00
1.051045752851944987e-01 1.604725872801453290e+00
1.061269848656690717e-01 1.604258399755002396e+00
1.071593399822671072e-01 1.603781020873293217e+00
1.082017373806478805e-01 1.603296334070662965e+00
1.092542747475682557e-01 1.602801949913317259e+00
1.103170507200377515e-01 1.602297302600061535e+00
1.113901648945616746e-01 1.601783113295020655e+00
1.124737178364751955e-01 1.601259187433565545e+00
1.135678110893671017e-01 1.600725046399462892e+00
1.146725471845963656e-01 1.600179880758286322e+00
1.157880296509002094e-01 1.599623804131977689e+00
1.169143630240966764e-01 1.599060618795695721e+00
1.180516528568804902e-01 1.598485995960448047e+00
1.192000057287153220e-01 1.597899256187054640e+00
1.203595292558212876e-01 1.597303263917714933e+00
1.215303321012602134e-01 1.596694344118024356e+00
1.227125239851190319e-01 1.596074266591640978e+00
1.239062156947916271e-01 1.595442225964837979e+00
1.251115190953615564e-01 1.594797445698488580e+00
1.263285471400849291e-01 1.594142361248599649e+00
1.275574138809759950e-01 1.593473776390310181e+00
1.287982344794950385e-01 1.592791658938145893e+00
1.300511252173409127e-01 1.592097289713311659e+00
1.313162035073478784e-01 1.591389689947476649e+00
1.325935879044890797e-01 1.590669345922000044e+00
1.338833981169864351e-01 1.589935102492027186e+00
1.351857550175293021e-01 1.589188553129315506e+00
1.365007806546013891e-01 1.588427520201674659e+00
1.378285982639189389e-01 1.587651965280647559e+00
1.391693322799789911e-01 1.586862317113283627e+00
1.405231083477211373e-01 1.586056365269172819e+00
1.418900533343016301e-01 1.585233988339660671e+00
1.432702953409830948e-01 1.584398005814151134e+00
1.446639637151387880e-01 1.583546290697923853e+00
1.460711890623745679e-01 1.582680427076241347e+00
1.474921032587684921e-01 1.581795706855469330e+00
1.489268394632288772e-01 1.580896413604093942e+00
1.503755321299738434e-01 1.579981750351559411e+00
1.518383170211306810e-01 1.579046637301200207e+00
1.533153312194593942e-01 1.578095507353819427e+00
1.548067131411984265e-01 1.577127669880196814e+00
1.563126025490369497e-01 1.576139660223623729e+00
1.578331405652117214e-01 1.575135200008498160e+00
1.593684696847328941e-01 1.574112810417015007e+00
1.609187337887370006e-01 1.573069937072932412e+00
1.624840781579713067e-01 1.572007589411920980e+00
1.640646494864078653e-01 1.570928137395413371e+00
1.656605958949914359e-01 1.569825691450115634e+00
1.672720669455196874e-01 1.568705949889892537e+00
1.688992136546599021e-01 1.567563991805295043e+00
1.705421885081006561e-01 1.566400934774068165e+00
1.722011454748421100e-01 1.565215973748496525e+00
1.738762400216251336e-01 1.564010597317244677e+00
1.755676291275001522e-01 1.562782793055308206e+00
1.772754712985387948e-01 1.561540788004478708e+00
1.789999265826875408e-01 1.560258841946867259e+00
1.807411565847668600e-01 1.558962906150892724e+00
1.824993244816152382e-01 1.557643464698339919e+00
1.842745950373816666e-01 1.556300367248930394e+00
1.860671346189656239e-01 1.554932545778929587e+00
1.878771112116086051e-01 1.553541247629306898e+00
1.897046944346358344e-01 1.552122547867369473e+00
1.915500555573527997e-01 1.550678741076574552e+00
1.934133675150944698e-01 1.549208685499701144e+00
1.952948049254327745e-01 1.547711850261252797e+00
1.971945441045395986e-01 1.546189800481990062e+00
1.991127630837108697e-01 1.544640043008816521e+00
2.010496416260497965e-01 1.543062536488529757e+00
2.030053612433137811e-01 1.541456483786892928e+00
2.049801052129238688e-01 1.539822238243357289e+00
2.069740585951406198e-01 1.538158559852602858e+00
2.089874082504071251e-01 1.536465137399788627e+00
2.110203428568595552e-01 1.534741211626619473e+00
2.130730529280097374e-01 1.532987302918160433e+00
2.151457308305980698e-01 1.531202841192549569e+00
2.172385708026215445e-01 1.529387310452340332e+00
2.193517689715359098e-01 1.527539913277133676e+00
2.214855233726360506e-01 1.525659891982733107e+00
2.236400339676138660e-01 1.523746493245747180e+00
2.258155026632983065e-01 1.521799040291981653e+00
2.280121333305757114e-01 1.519818055313058247e+00
2.302301318234963867e-01 1.517805206488086700e+00
2.324697059985647851e-01 1.515751913930150963e+00
2.347310657342196183e-01 1.513666915839337657e+00
2.370144229505012079e-01 1.511545745435511678e+00
2.393199916289123208e-01 1.509387225449592362e+00
2.416479878324700736e-01 1.507192475707075152e+00
2.439986297259550130e-01 1.504958493603301140e+00
2.463721375963552895e-01 1.502686266296159090e+00
2.487687338735107279e-01 1.500377842219002833e+00
2.511886431509580686e-01 1.498028260268315481e+00
2.536320922069775774e-01 1.495639988256168174e+00
2.560993100258459609e-01 1.493210397952304591e+00
2.585905278192945911e-01 1.490739585171995119e+00
2.611059790481781162e-01 1.488227096352511714e+00
2.636458994443517945e-01 1.485672204188878576e+00
2.662105270327638773e-01 1.483077425949246742e+00
2.688001021537606006e-01 1.480437852417489042e+00
2.714148674856106669e-01 1.477753167844672033e+00
2.740550680672460548e-01 1.475022974684445654e+00
2.767209513212268712e-01 1.472250843367969519e+00
2.794127670769268601e-01 1.469432609144768032e+00
2.821307675939472293e-01 1.466566974417023328e+00
2.848752075857552413e-01 1.463656208207776865e+00
2.876463442435557849e-01 1.460696201494929625e+00
2.904444372603925406e-01 1.457693770997330551e+00
2.932697488554852905e-01 1.454633927782835734e+00
2.961225437988035947e-01 1.451529482389515291e+00
2.990030894358785551e-01 1.448373631890548907e+00
3.019116557128577738e-01 1.445168392887700826e+00
3.048485152018017286e-01 1.441911664279517336e+00
3.078139431262288950e-01 1.438604943975187789e+00
3.108082173869063936e-01 1.435246298918533947e+00
3.138316185878944342e-01 1.431833503505072880e+00
3.168844300628416155e-01 1.428367124202994276e+00
3.199669379015380732e-01 1.424847594236398507e+00
3.230794309767249795e-01 1.421274220657462894e+00
3.262222009711669979e-01 1.417645205358118998e+00
3.293955424049855307e-01 1.413960491536509156e+00
3.325997526632606949e-01 1.410218223527559100e+00
3.358351320238990301e-01 1.406420185521330746e+00
3.391019836857747105e-01 1.402565132286621719e+00
3.424006137971423724e-01 1.398664194269684913e+00
3.457313314843284413e-01 1.394680061297853824e+00
3.490944488806992929e-01 1.390647541760952732e+00
3.524902811559130766e-01 1.386558019042887890e+00
3.559191465454557002e-01 1.382408439554370316e+00
3.593813663804627523e-01 1.378196311902852855e+00
3.628772651178337472e-01 1.373922415212327053e+00
3.664071703706370808e-01 1.369588767133214091e+00
3.699714129388128048e-01 1.365192241820730512e+00
3.735703268401719401e-01 1.360733125315077396e+00
3.772042493416999376e-01 1.356209593474954955e+00
3.808735209911614517e-01 1.351623144756562755e+00
3.845784856490158665e-01 1.346973269201543033e+00
3.883194905206404091e-01 1.342258843359378728e+00
3.920968861888690649e-01 1.337478335215712910e+00
3.959110266468458539e-01 1.332631764630437754e+00
3.997622693312000708e-01 1.327721182260863664e+00
4.036509751555413805e-01 1.322742304312002570e+00
4.075775085442840395e-01 1.317698426334170891e+00
4.115422374667966343e-01 1.312585967082700478e+00
4.155455334718875515e-01 1.307406872634620854e+00
4.195877717226225712e-01 1.302159692199791108e+00
4.236693310314835759e-01 1.296843453338697438e+00
4.277905938958687093e-01 1.291464129886201517e+00
4.319519465339363706e-01 1.286011378061798549e+00
4.361537789208005944e-01 1.280488868773455913e+00
4.403964848250754294e-01 1.274898638625694636e+00
4.446804618457780300e-01 1.269240693963643807e+00
4.490061114495874639e-01 1.263511744665266390e+00
4.533738390084691150e-01 1.257711505946466746e+00
4.577840538376618529e-01 1.251845187954975680e+00
4.622371692340384031e-01 1.245906371582900407e+00
4.667336025148346446e-01 1.239898042685150026e+00
4.712737750567601580e-01 1.233821096277345930e+00
4.758581123354846953e-01 1.227668420854495013e+00
4.804870439655131720e-01 1.221451698716629508e+00
4.851610037404442966e-01 1.215161559004989567e+00
4.898804296736250508e-01 1.208803093404956064e+00
4.946457640391963562e-01 1.202372898666261403e+00
4.994574534135413635e-01 1.195874696918749924e+00
5.043159487171361421e-01 1.189305866395288680e+00
5.092217052568053237e-01 1.182666667720539966e+00
5.141751827683928022e-01 1.175959849498403820e+00
5.191768454598426619e-01 1.169181680510425370e+00
5.242271620547044320e-01 1.162335418759037564e+00
5.293266058360561743e-01 1.155420114600901105e+00
5.344756546908600026e-01 1.148436546253990720e+00
5.396747911547442600e-01 1.141385658791021385e+00
5.449245024572260121e-01 1.134268569373135138e+00
5.502252805673685243e-01 1.127080019674673750e+00
5.555776222398878250e-01 1.119828820876992204e+00
5.609820290617031358e-01 1.112509812505018569e+00
5.664390074989449353e-01 1.105126563624584168e+00
5.719490689444144405e-01 1.097678152026826170e+00
5.775127297655114900e-01 1.090163064013234040e+00
5.831305113526221717e-01 1.082587631173507869e+00
5.888029401679826247e-01 1.074949123750531532e+00
5.945305477950136863e-01 1.067244613674598330e+00
6.003138709881384871e-01 1.059481595597151271e+00
6.061534517230839914e-01 1.051656996366834740e+00
6.120498372476699256e-01 1.043774959394172308e+00
6.180035801330957534e-01 1.035831246295971786e+00
6.240152383257209223e-01 1.027830991745994460e+00
6.300853751993553686e-01 1.019773587184179320e+00
6.362145596080520660e-01 1.011660187372341202e+00
6.424033659394193796e-01 1.003493257777787973e+00
6.486523741684461219e-01 9.952737994424593060e-01
6.549621699118558515e-01 9.869987440578413818e-01
6.613333444829840868e-01 9.786646396780572799e-01
6.677664949471955325e-01 9.702993151053231902e-01
6.742622241778342129e-01 9.618769437142731249e-01
6.808211409127237213e-01 9.534069226434201960e-01
6.874438598112112553e-01 9.448905625309697021e-01
6.941310015117725385e-01 9.363284418691059097e-01
7.008831926901714082e-01 9.277246280247486432e-01
7.077010661181889484e-01 9.190765817064866505e-01
7.145852607229240538e-01 9.103919296633100622e-01
7.215364216466665370e-01 9.016655277618400577e-01
7.285552003073593186e-01 8.929057829818374259e-01
7.356422544596413760e-01 8.841059980199221791e-01
7.427982482564918776e-01 8.752769997970036853e-01
7.500238523114668432e-01 8.664124358648872537e-01
7.573197437615483141e-01 8.575178246095800372e-01
7.646866063305975958e-01 8.485973462434536208e-01
7.721251303934327792e-01 8.396465518179314635e-01
7.796360130405233235e-01 8.306718777830450762e-01
7.872199581433195759e-01 8.216746437104373024e-01
7.948776764202123424e-01 8.126535987584666554e-01
8.026098855031396084e-01 8.036174575228000050e-01
8.104173100048355227e-01 7.945592914529793216e-01
8.183006815867394090e-01 7.854883502361386105e-01
8.262607390275591435e-01 7.764035802958775268e-01
8.342982282925082149e-01 7.673046504187751582e-01
8.424139026032094746e-01 7.581997301429473923e-01
8.506085225082840040e-01 7.490844665084508414e-01
8.588828559546254349e-01 7.399680604853472454e-01
8.672376783593644944e-01 7.308411159815680902e-01
8.756737726825394308e-01 7.217153679550020184e-01
8.841919295004664336e-01 7.125897759893584649e-01
8.927929470798307010e-01 7.034662674126529458e-01
9.014776314524917122e-01 6.943482433732778292e-01
9.102467964910225806e-01 6.852366313825081212e-01
9.191012639849772681e-01 6.761276094498670508e-01
9.280418637179072006e-01 6.670421448003163167e-01
9.370694335451198453e-01 6.579629745503443594e-01
9.461848194722002336e-01 6.489011061947141945e-01
9.553888757342895444e-01 6.398544258469490709e-01
9.646824648761427312e-01 6.308350888008424917e-01
9.740664578329562007e-01 6.218175297157769732e-01
9.835417340119908536e-01 6.128230920910743285e-01
9.931091813749796104e-01 6.038819028534309075e-01
1.002769696521346621e+00 5.949532204255290058e-01
1.012524184772224167e+00 5.860403786202413867e-01
1.022373560255302127e+00 5.771792491192421215e-01
1.032318745990486564e+00 5.683498816739103177e-01
1.042360673976402197e+00 5.595510696709156129e-01
1.052500285277732761e+00 5.506998946950346641e-01
1.062738530113414459e+00 5.420568504249679842e-01
1.073076367945679621e+00 5.333862084046318008e-01
1.083514767569973225e+00 5.247495685182339553e-01
1.094054707205742494e+00 5.161577999143627249e-01
1.104697174588111785e+00 5.076134483882549508e-01
1.115443167060441221e+00 4.991161839463426064e-01
1.126293691667795249e+00 4.906727173741883274e-01
1.137249765251314271e+00 4.822770762161048830e-01
1.148312414543511073e+00 4.739378339809546259e-01
1.159482676264482759e+00 4.656550220801788376e-01
1.170761597219069250e+00 4.574262237450151813e-01
1.182150234394952371e+00 4.492629512369039069e-01
1.193649655061713055e+00 4.411562054923279796e-01
1.205260936870842681e+00 4.331121124027290104e-01
1.216985167956738056e+00 4.251314279944806152e-01
1.228823447038673411e+00 4.172170455231506425e-01
1.240776883523764251e+00 4.093671671827085468e-01
1.252846597610937529e+00 4.015903763348994127e-01
1.265033720395903893e+00 3.938773613712602262e-01
1.277339393977160009e+00 3.862402388722319113e-01
1.289764771563017165e+00 3.786654168218184791e-01
1.302311017579677488e+00 3.711724343875520415e-01
1.314979307780347773e+00 3.637455925226656395e-01
1.327770829355430449e+00 3.563995310204329248e-01
1.340686781043774811e+00 3.491284911625315290e-01
1.353728373245021821e+00 3.419343235230176692e-01
1.366896828133026487e+00 3.348205541487203618e-01
1.380193379770397355e+00 3.277745514210926303e-01
1.393619274224142002e+00 3.208259985794011948e-01
1.407175769682446731e+00 3.139508050105575543e-01
1.420864136572576708e+00 3.071470949974657860e-01
1.434685657679937831e+00 3.004533146157982726e-01
1.448641628268290127e+00 2.938149904399730561e-01
1.462733356201129986e+00 2.872693085679974279e-01
1.476962162064259898e+00 2.808029346918112235e-01
1.491329379289537682e+00 2.744315477546059312e-01
1.505836354279841416e+00 2.681380932568992459e-01
1.520484446535244283e+00 2.619343616604143943e-01
1.535275028780422657e+00 2.558115714514859196e-01
1.550209487093291205e+00 2.497768064517707776e-01
1.565289221034902312e+00 2.437819573325179512e-01
1.580515643780601165e+00 2.379669093172351313e-01
1.595890182252465817e+00 2.321928689673922741e-01
1.611414277253019778e+00 2.265053134351644459e-01
1.627089383600260675e+00 2.209053560916829917e-01
1.642916970263993193e+00 2.153911866040311707e-01
1.658898520503498064e+00 2.099575810382406926e-01
1.675035532006524441e+00 2.046258140335235620e-01
1.691329517029648732e+00 1.993769811132370118e-01
1.707782002539993016e+00 1.941977131688011615e-01
1.724394530358320354e+00 1.891299301133822219e-01
1.741168657303530987e+00 1.841348945914762780e-01
1.758105955338547632e+00 1.792378444189180464e-01
1.775208011717636092e+00 1.744194647311119173e-01
1.792476429135148930e+00 1.696869510140659176e-01
1.809912825875727105e+00 1.650399496330765825e-01
1.827518835965944666e+00 1.604816717319185182e-01
1.845296109327445366e+00 1.560012443558891626e-01
1.863246311931559873e+00 1.516086982576820841e-01
1.881371125955437096e+00 1.473027601817268606e-01
1.899672249939675650e+00 1.430746816894586382e-01
1.918151398947507635e+00 1.389322587449500490e-01
1.936810304725519849e+00 1.348722060341175921e-01
1.955650715865949074e+00 1.308933502648424729e-01
1.974674397970537454e+00 1.269964903277641111e-01
1.993883133816001019e+00 1.231791103890635675e-01
2.013278723521096492e+00 1.194429428960516182e-01
2.032862984715323673e+00 1.157844764373241325e-01
2.052637752709252084e+00 1.122056187275192601e-01
2.072604880666519822e+00 1.087040147002273638e-01
2.092766239777499759e+00 1.052797330865144071e-01
2.113123719434652603e+00 1.019296264050338213e-01
2.133679227409597701e+00 9.865814636514827485e-02
2.154434690031884259e+00 9.545670201518462183e-02
2.175392052369522489e+00 9.233459334576261945e-02
2.196553278411258248e+00 8.928096090602345714e-02
2.217920351250634692e+00 8.630593526549276695e-02
2.239495273271823184e+00 8.339567417759675971e-02
2.261280066337279404e+00 8.055419042101916172e-02
2.283276771977218012e+00 7.778950664237864465e-02
2.305487451580938707e+00 7.508931863901209536e-02
2.327914186589993051e+00 7.245751033157553367e-02
2.350559078693253756e+00 6.989218259365329033e-02
2.373424250023866033e+00 6.739281124430819558e-02
2.396511843358130278e+00 6.495829504693352574e-02
2.419824022316292567e+00 6.258760023064846578e-02
2.443362971565319341e+00 6.027916647813653245e-02
2.467130897023623426e+00 5.803340661690985919e-02
2.491130026067788439e+00 5.585326363872344241e-02
2.515362607741312928e+00 5.372401365401196366e-02
2.539830912965362675e+00 5.165851932796897833e-02
2.564537234751594674e+00 4.965199293973616979e-02
2.589483888417040802e+00 4.769823298771967701e-02
2.614673211801092023e+00 4.580692783013537439e-02
2.640107565484572927e+00 4.396945873852460551e-02
2.665789333010967876e+00 4.218479484464258966e-02
2.691720921109787668e+00 4.045026682983519223e-02
2.717904759922122881e+00 3.876883000366788956e-02
2.744343303228365283e+00 3.715620884501518589e-02
2.771039028678170535e+00 3.557158241891606593e-02
2.797994438022641805e+00 3.404046114871885770e-02
2.825212057348790218e+00 3.256094701439677525e-02
2.852694437316245057e+00 3.112926820633707403e-02
2.880444153396297668e+00 2.974263177181285175e-02
2.908463806113254169e+00 2.840248388231808238e-02
2.936756021288137397e+00 2.710778413114173224e-02
2.965323450284773621e+00 2.585589341439100894e-02
2.994168770258243573e+00 2.464685201371036652e-02
3.023294684405779531e+00 2.348043204702632974e-02
3.052703922220086241e+00 2.235307828086383064e-02
3.082399239745143404e+00 2.126657636111566399e-02
3.112383419834465759e+00 2.021820764747728552e-02
3.142659272411905569e+00 1.921006437567061506e-02
3.173229634734976212e+00 1.823752941953272338e-02
3.204097371660752813e+00 1.730192441660596825e-02
3.235265375914330388e+00 1.639967916034074796e-02
3.266736568359921655e+00 1.553569393254043522e-02
3.298513898274578082e+00 1.470398313682315036e-02
3.330600343624588788e+00 1.390458567786135961e-02
3.362998911344535991e+00 1.313752978741764693e-02
3.395712637619100693e+00 1.240229175137997665e-02
3.428744588167585317e+00 1.169592421909875640e-02
3.462097858531227423e+00 1.102009387032339485e-02
3.495775574363275240e+00 1.037237965264866356e-02
3.529780891721914671e+00 9.753591488152746347e-03
3.564116997366032269e+00 9.162265145171148706e-03
3.598787109053855460e+00 8.595915094186491051e-03
3.633794475844513094e+00 8.056370559782867827e-03
3.669142378402494131e+00 7.541055147518443275e-03
3.704834129305105694e+00 7.050625861764425913e-03
3.740873073352900313e+00 6.582938343481983291e-03
3.777262587883141176e+00 6.137889994035737942e-03
3.814006083086284082e+00 5.715426193102331014e-03
3.851107002325572903e+00 5.314207602714964354e-03
3.888568822459721019e+00 4.933509439776060171e-03
3.926395054168756449e+00 4.572549134782529293e-03
3.964589242282997805e+00 4.230878202989563942e-03
4.003154966115265445e+00 3.907912246607459644e-03
4.042095839796306045e+00 3.602902645816665177e-03
4.081415512613501662e+00 3.315150995967472772e-03
4.121117669352832635e+00 3.044481069970099516e-03
4.161206030644208020e+00 2.789556279002365375e-03
4.201684353310133346e+00 2.550228305844753039e-03
4.242556430717777438e+00 2.325787515494904308e-03
4.283826093134470270e+00 2.115737188170714166e-03
4.325497208086633627e+00 1.919307598907596130e-03
4.367573680722233398e+00 1.736268151440922749e-03
4.410059454176736615e+00 1.565809473755356380e-03
4.452958509942654963e+00 1.407455929153587351e-03
4.496274868242640110e+00 1.260688447124478544e-03
4.540012588406244554e+00 1.124989264806387388e-03
4.584175769250333765e+00 9.998393073199830262e-04
4.628768549463215365e+00 8.847537751752005634e-04
4.673795107992464004e+00 7.792269719382087859e-04
4.719259664436561863e+00 6.827940978844220530e-04
4.765166479440326341e+00 5.949695107222157005e-04
4.811519855094205766e+00 5.153050235271044999e-04
4.858324135337417360e+00 4.433401984239481375e-04
4.905583706365050922e+00 3.786384489194166572e-04
4.953302997039108924e+00 3.207622582732990585e-04
5.001486479303548727e+00 2.692788158591443684e-04
5.050138668603383785e+00 2.237814333977576143e-04
5.099264124307808288e+00 1.838589402247484410e-04
5.148867450137498025e+00 1.491080187897001386e-04
5.198953294596024399e+00 1.191371075289093822e-04
5.249526351405507718e+00 9.356873148770623188e-05
5.300591359946452030e+00 7.201871572748140570e-05
5.352153105701904501e+00 5.412024090547807838e-05
5.404216420705915347e+00 3.951270938205300802e-05
5.456786183996381823e+00 2.784217718085770199e-05
5.509867322072253160e+00 1.876199709180655645e-05
5.563464809355226137e+00 1.193101674215517787e-05
5.617583668655908191e+00 7.017369733771230421e-06
5.672228971644543094e+00 3.694629704242887467e-06
5.727405839326266346e+00 1.642052262077204687e-06
5.783119442521027054e+00 5.458917029277731930e-07
5.839375002348160315e+00 9.792323310775394073e-08
5.896177790715694478e+00 0.000000000000000000e+00
