1.000000000000000021e-02 1.989359820321176864e+00
1.009727545900835841e-02 1.989355902681669175e+00
1.019549716950923779e-02 1.989351897740355257e+00
1.029467433620748044e-02 1.989347898552363381e+00
1.039481625334708927e-02 1.989343974937236359e+00
1.049593230558227772e-02 1.989339979874747533e+00
1.059803196885688789e-02 1.989335878519786105e+00
1.070112481129246833e-02 1.989331687390671677e+00
1.080522049408488318e-02 1.989327425218506473e+00
1.091032877240974419e-02 1.989323076472838903e+00
1.101645949633656314e-02 1.989318629024983132e+00
1.112362261175187626e-02 1.989314068017000059e+00
1.123182816129126085e-02 1.989309442309625586e+00
1.134108628528052165e-02 1.989304656636256663e+00
1.145140722268592030e-02 1.989299758599483381e+00
1.156280131207376022e-02 1.989294743043503733e+00
1.167527899257919492e-02 1.989289615518815335e+00
1.178885080488457221e-02 1.989284447629411368e+00
1.190352739220719262e-02 1.989279177336305882e+00
1.201931950129673729e-02 1.989273811073167142e+00
1.213623798344241195e-02 1.989268354626243740e+00
1.225429379548980714e-02 1.989262804085640157e+00
1.237349800086776086e-02 1.989257125577575280e+00
1.249386177062509519e-02 1.989251355352620321e+00
1.261539638447754796e-02 1.989245252879134451e+00
1.273811323186478488e-02 1.989239300402545929e+00
1.286202381301779218e-02 1.989233246044170844e+00
1.298713974003655978e-02 1.989227257213035838e+00
1.311347273797833224e-02 1.989220940434130114e+00
1.324103464595636874e-02 1.989214540197523640e+00
1.336983741824946531e-02 1.989208089778440103e+00
1.349989312542219239e-02 1.989201505687586691e+00
1.363121395545611320e-02 1.989194790326895390e+00
1.376381221489191876e-02 1.989187930838792084e+00
1.389770032998276401e-02 1.989180900913636529e+00
1.403289084785873213e-02 1.989173706585053214e+00
1.416939643770268736e-02 1.989166372588792031e+00
1.430722989193757184e-02 1.989158862278762596e+00
1.444640412742520530e-02 1.989151149432003551e+00
1.458693218667675602e-02 1.989143224800778542e+00
1.472882723907502529e-02 1.989135117955395993e+00
1.487210258210860774e-02 1.989126811199486422e+00
1.501677164261799868e-02 1.989118299415746138e+00
1.516284797805393485e-02 1.989109607273984004e+00
1.531034527774784160e-02 1.989100735332377967e+00
1.545927736419477720e-02 1.989091653706955398e+00
1.560965819434872483e-02 1.989082350882125372e+00
1.576150186093060873e-02 1.989072835671861661e+00
1.591482259374891323e-02 1.989063106660131863e+00
1.606963476103326349e-02 1.989053188697158525e+00
1.622595287078087284e-02 1.989043092564711124e+00
1.638379157211618947e-02 1.989032765925891955e+00
1.654316565666366645e-02 1.989022231659593576e+00
1.670409005993399310e-02 1.989011477376998460e+00
1.686657986272368723e-02 1.989000489829751084e+00
1.703065029252844378e-02 1.988989257765154672e+00
1.719631672497009753e-02 1.988977768693060533e+00
1.736359468523754335e-02 1.988966006258775732e+00
1.753249984954170088e-02 1.988954028385525152e+00
1.770304804658450262e-02 1.988941811008990701e+00
1.787525525904235316e-02 1.988929143348224793e+00
1.804913762506383731e-02 1.988916532862697428e+00
1.822471143978214581e-02 1.988903630325793648e+00
1.840199315684210371e-02 1.988890435031156034e+00
1.858099938994215231e-02 1.988876986401447056e+00
1.876174691439120440e-02 1.988863261453649223e+00
1.894425266868081034e-02 1.988849170552740242e+00
1.912853375607242307e-02 1.988834851013765226e+00
1.931460744620030340e-02 1.988820323717265248e+00
1.950249117668984011e-02 1.988805472344525427e+00
1.969220255479172538e-02 1.988790287023005421e+00
1.988375935903200636e-02 1.988774775955313601e+00
2.007717954087816226e-02 1.988759065516754632e+00
2.027248122642137662e-02 1.988743387473644653e+00
2.046968271807520987e-02 1.988726951353529282e+00
2.066880249629082095e-02 1.988710150900718121e+00
2.086985922128879734e-02 1.988693209619790458e+00
2.107287173480786382e-02 1.988676058376130040e+00
2.127785906187062287e-02 1.988658597495099212e+00
2.148484041256648255e-02 1.988640764122798776e+00
2.169383518385184506e-02 1.988622626376999714e+00
2.190486296136792688e-02 1.988604036682722453e+00
2.211794352127614133e-02 1.988585020188680330e+00
2.233309683211144592e-02 1.988565553033309286e+00
2.255034305665360936e-02 1.988545622267340995e+00
2.276970255381680075e-02 1.988525378674894428e+00
2.299119588055741764e-02 1.988504889777901186e+00
2.321484379380064564e-02 1.988483940044730947e+00
2.344066725238556220e-02 1.988462555262120013e+00
2.366868741902936057e-02 1.988440763793961619e+00
2.389892566231050300e-02 1.988418661723221348e+00
2.413140355867127856e-02 1.988396183755424040e+00
2.436614289443983158e-02 1.988373225255904542e+00
2.460316566787181664e-02 1.988349962349102329e+00
2.484249409121190577e-02 1.988326239081566804e+00
2.508415059277539771e-02 1.988301972800375905e+00
2.532815781905008515e-02 1.988277162340055915e+00
2.557453863681850847e-02 1.988251889380786785e+00
2.582331613530085626e-02 1.988226088085645937e+00
2.607451362831877603e-02 1.988199688733499837e+00
2.632815465648021339e-02 1.988172689600012477e+00
2.658426298938541474e-02 1.988145278624800838e+00
2.684286262785454819e-02 1.988117409374222877e+00
2.710397780617682106e-02 1.988089240937813695e+00
2.736763299438163891e-02 1.988060530594174091e+00
2.763385290053169824e-02 1.988031165834414082e+00
2.790266247303856487e-02 1.988001361857345772e+00
2.817408690300057458e-02 1.987971161105164919e+00
2.844815162656363222e-02 1.987940486166937193e+00
2.872488232730495070e-02 1.987909156971294111e+00
2.900430493863991738e-02 1.987876528666324694e+00
2.928644564625237229e-02 1.987843706169237556e+00
2.957133089054861039e-02 1.987810158736963206e+00
2.985898736913520854e-02 1.987775855221884491e+00
3.014944203932094433e-02 1.987740933359934958e+00
3.044272212064302874e-02 1.987705781836861085e+00
3.073885509741795460e-02 1.987669123332222121e+00
3.103786872131722788e-02 1.987631610437241569e+00
3.133979101396793671e-02 1.987593277536806369e+00
3.164465026957891114e-02 1.987554199523650089e+00
3.195247505759213347e-02 1.987514399972302170e+00
3.226329422536015901e-02 1.987474050896768762e+00
3.257713690084949876e-02 1.987432994591029178e+00
3.289403249537032475e-02 1.987391114465227870e+00
3.321401070633261954e-02 1.987348656773803013e+00
3.353710152002930406e-02 1.987305493613932494e+00
3.386333521444636480e-02 1.987261762571882251e+00
3.419274236210027851e-02 1.987217240129401707e+00
3.452535383290306070e-02 1.987171811846868419e+00
3.486120079705520153e-02 1.987125514333509591e+00
3.520031472796678745e-02 1.987080676099670873e+00
3.554272740520694751e-02 1.987032622726353059e+00
3.588847091748199186e-02 1.986983442396664579e+00
3.623757766564258964e-02 1.986933080238561189e+00
3.659008036572020811e-02 1.986881827715496263e+00
3.694601205199302130e-02 1.986829647852759617e+00
3.730540608008161424e-02 1.986776383602424589e+00
3.766829613007490613e-02 1.986721879024372139e+00
3.803471620968648659e-02 1.986666134549098794e+00
3.840470065744145539e-02 1.986607791085815755e+00
3.877828414589457040e-02 1.986551727785177635e+00
3.915550168487941241e-02 1.986492812102988337e+00
3.953638862478930927e-02 1.986432637180415295e+00
3.992098065989020672e-02 1.986371008814206363e+00
4.030931383166566628e-02 1.986308645378453752e+00
4.070142453219438572e-02 1.986244631037897612e+00
4.109734950756069316e-02 1.986179242477664530e+00
4.149712586129815362e-02 1.986112812003058226e+00
4.190079105786669034e-02 1.986044799901222735e+00
4.230838292616342228e-02 1.985975620198104474e+00
4.271993966306778662e-02 1.985905081229875746e+00
4.313549983702118923e-02 1.985833103027524915e+00
4.355510239164130798e-02 1.985759760348844383e+00
4.397878664937160398e-02 1.985685057491504590e+00
4.440659231516640160e-02 1.985608667428103935e+00
4.483855948021186338e-02 1.985530455255115179e+00
4.527472862568297785e-02 1.985450690303582455e+00
4.571514062653719151e-02 1.985369565766343714e+00
4.615983675534499064e-02 1.985287682404586862e+00
4.660885868615767536e-02 1.985204000550275127e+00
4.706224849841281199e-02 1.985120155644028994e+00
4.752004868087766204e-02 1.985033340309529271e+00
4.798230213563085128e-02 1.984944480677477197e+00
4.844905218208294534e-02 1.984854394375667574e+00
4.892034256103611894e-02 1.984761002309602063e+00
4.939621743878321036e-02 1.984667935489152990e+00
4.987672141124663283e-02 1.984575088340953641e+00
5.036189950815770505e-02 1.984478016463784744e+00
5.085179719727656034e-02 1.984378922807128243e+00
5.134646038865306461e-02 1.984277652509924161e+00
5.184593543892913187e-02 1.984174201077784971e+00
5.235026915568305461e-02 1.984070178157825159e+00
5.285950880181603667e-02 1.983961953637954023e+00
5.337370209998133774e-02 1.983852341479584558e+00
5.389289723705643909e-02 1.983739611862877172e+00
5.441714286865893119e-02 1.983625108696259742e+00
5.494648812370611646e-02 1.983508510790723989e+00
5.548098260901916656e-02 1.983390266618996423e+00
5.602067641397187603e-02 1.983269924367509152e+00
5.656562011518465050e-02 1.983147376279861929e+00
5.711586478126431943e-02 1.983022846479461032e+00
5.767146197758996756e-02 1.982896135434080165e+00
5.823246377114527778e-02 1.982766732475302440e+00
5.879892273539785025e-02 1.982634604605764572e+00
5.937089195522609469e-02 1.982499859007486709e+00
5.994842503189409116e-02 1.982362291399364596e+00
6.053157608807464840e-02 1.982221825986071773e+00
6.112039977292132997e-02 1.982078186925593677e+00
6.171495126718981594e-02 1.981932029275594420e+00
6.231528628840921763e-02 1.981783175919086704e+00
6.292146109610344262e-02 1.981630914696454138e+00
6.353353249706343575e-02 1.981475536489924361e+00
6.415155785067082339e-02 1.981317194499882417e+00
6.477559507427335661e-02 1.981156996576643348e+00
6.540570264861225724e-02 1.980994120395275004e+00
6.604193962330305590e-02 1.980830269212324968e+00
6.668436562236895737e-02 1.980660050002699180e+00
6.733304084982863480e-02 1.980486648905236846e+00
6.798802609533814711e-02 1.980309394769773190e+00
6.864938273988777095e-02 1.980126580044095475e+00
6.931717276155408003e-02 1.979942443230641613e+00
6.999145874130821565e-02 1.979754691746914874e+00
7.067230386888070925e-02 1.979562879554932486e+00
7.135977194868306506e-02 1.979367637694490201e+00
7.205392740578704658e-02 1.979168033496597090e+00
7.275483529196229149e-02 1.978964853119310474e+00
7.346256129177256011e-02 1.978758467804505150e+00
7.417717172873124210e-02 1.978548555144729271e+00
7.489873357151664857e-02 1.978334766445637438e+00
7.562731444024800576e-02 1.978118216195183798e+00
7.636298261282241373e-02 1.977896421110882041e+00
7.710580703131336699e-02 1.977670118540048927e+00
7.785585730843146146e-02 1.977438716658919349e+00
7.861320373404813433e-02 1.977202315296645807e+00
7.937791728178281159e-02 1.976961764685321254e+00
8.015006961565404597e-02 1.976716103539270186e+00
8.092973309679550586e-02 1.976464708540658588e+00
8.171698079023696770e-02 1.976209744632013043e+00
8.251188647175167201e-02 1.975949921381861651e+00
8.331452463477014014e-02 1.975685446949711155e+00
8.412497049736118726e-02 1.975415397532712891e+00
8.494330000928071445e-02 1.975140564808721910e+00
8.576958985908941790e-02 1.974861002841979740e+00
8.660391748133952627e-02 1.974576492839997588e+00
8.744636106383144036e-02 1.974286782059296863e+00
8.829699955494091368e-02 1.973990956649007256e+00
8.915591267101763417e-02 1.973689912089464205e+00
9.002318090385581784e-02 1.973382487737248114e+00
9.089888552823731371e-02 1.973069111596677194e+00
9.178310860954806694e-02 1.972749466480187230e+00
9.267593301146882789e-02 1.972423729573848927e+00
9.357744240374062106e-02 1.972091271491454911e+00
9.448772127000577836e-02 1.971752000172425801e+00
9.540685491572513388e-02 1.971405011412692643e+00
9.633492947617222635e-02 1.971052148202420584e+00
9.727203192450542546e-02 1.970692112927739936e+00
9.821825007991856482e-02 1.970324803696597904e+00
9.917367261587073379e-02 1.969949741078376615e+00
1.001383890683960748e-01 1.969569338031895267e+00
1.011124898444945991e-01 1.969182926952600221e+00
1.020960662306047012e-01 1.968789156926471051e+00
1.030892104011576216e-01 1.968387332472746554e+00
1.040920154272158005e-01 1.967978462699027320e+00
1.051045752851944987e-01 1.967562771263033472e+00
1.061269848656690717e-01 1.967137843475677661e+00
1.071593399822671072e-01 1.966704511494063778e+00
1.082017373806478805e-01 1.966263054368226459e+00
1.092542747475682557e-01 1.965813267172948686e+00
1.103170507200377515e-01 1.965355333044382702e+00
1.113901648945616746e-01 1.964887523265767433e+00
1.124737178364751955e-01 1.964409982864198989e+00
1.135678110893671017e-01 1.963922105142098529e+00
1.146725471845963656e-01 1.963425068147296892e+00
1.157880296509002094e-01 1.962918684598022434e+00
1.169143630240966764e-01 1.962403454650152756e+00
1.180516528568804902e-01 1.961878261760194642e+00
1.192000057287153220e-01 1.961344263949373001e+00
1.203595292558212876e-01 1.960801403956968780e+00
1.215303321012602134e-01 1.960249782861200663e+00
1.227125239851190319e-01 1.959686000718419585e+00
1.239062156947916271e-01 1.959110030123468960e+00
1.251115190953615564e-01 1.958523369398552205e+00
1.263285471400849291e-01 1.957927042927801731e+00
1.275574138809759950e-01 1.957318023530527640e+00
1.287982344794950385e-01 1.956697357650844626e+00
1.300511252173409127e-01 1.956063752510689868e+00
1.313162035073478784e-01 1.955418935603240538e+00
1.325935879044890797e-01 1.954762033866464632e+00
1.338833981169864351e-01 1.954092924872122383e+00
1.351857550175293021e-01 1.953410191906874704e+00
1.365007806546013891e-01 1.952714918365013874e+00
1.378285982639189389e-01 1.952007611525646835e+00
1.391693322799789911e-01 1.951287355618825492e+00
1.405231083477211373e-01 1.950553695551523248e+00
1.418900533343016301e-01 1.949807391761969599e+00
1.432702953409830948e-01 1.949045742639781365e+00
1.446639637151387880e-01 1.948270256969704128e+00
1.460711890623745679e-01 1.947479676335365451e+00
1.474921032587684921e-01 1.946673670918345422e+00
1.489268394632288772e-01 1.945852362247318279e+00
1.503755321299738434e-01 1.945014483615122414e+00
1.518383170211306810e-01 1.944160624737137910e+00
1.533153312194593942e-01 1.943293063796226905e+00
1.548067131411984265e-01 1.942408809353436405e+00
1.563126025490369497e-01 1.941508639476507758e+00
1.578331405652117214e-01 1.940591989428467112e+00
1.593684696847328941e-01 1.939658819703407699e+00
1.609187337887370006e-01 1.938707524747988575e+00
1.624840781579713067e-01 1.937737857822168008e+00
1.640646494864078653e-01 1.936749940415599669e+00
1.656605958949914359e-01 1.935743726371132567e+00
1.672720669455196874e-01 1.934720315721588424e+00
1.688992136546599021e-01 1.933678398755034777e+00
1.705421885081006561e-01 1.932614450605653067e+00
1.722011454748421100e-01 1.931531925647801629e+00
1.738762400216251336e-01 1.930429076067378791e+00
1.755676291275001522e-01 1.929305692007685424e+00
1.772754712985387948e-01 1.928162537032545920e+00
1.789999265826875408e-01 1.926999595962063161e+00
1.807411565847668600e-01 1.925813542713318505e+00
1.824993244816152382e-01 1.924605652818922374e+00
1.842745950373816666e-01 1.923374978396982460e+00
1.860671346189656239e-01 1.922122737013336025e+00
1.878771112116086051e-01 1.920850572382109211e+00
1.897046944346358344e-01 1.919551136143555770e+00
1.915500555573527997e-01 1.918230076071038903e+00
1.934133675150944698e-01 1.916887479885088119e+00
1.952948049254327745e-01 1.915519824114245484e+00
1.971945441045395986e-01 1.914124747421094064e+00
1.991127630837108697e-01 1.912703924198518202e+00
2.010496416260497965e-01 1.911258813073639651e+00
2.030053612433137811e-01 1.909787857716744419e+00
2.049801052129238688e-01 1.908289626816254358e+00
2.069740585951406198e-01 1.906762669932755561e+00
2.089874082504071251e-01 1.905208075205327090e+00
2.110203428568595552e-01 1.903627032374419770e+00
2.130730529280097374e-01 1.902020066430119671e+00
2.151457308305980698e-01 1.900383427115949209e+00
2.172385708026215445e-01 1.898716603768568545e+00
2.193517689715359098e-01 1.897019894768605219e+00
2.214855233726360506e-01 1.895293367881349944e+00
2.236400339676138660e-01 1.893535569247873029e+00
2.258155026632983065e-01 1.891748120611192352e+00
2.280121333305757114e-01 1.889929733587775829e+00
2.302301318234963867e-01 1.888080155866114440e+00
2.324697059985647851e-01 1.886197369590108419e+00
2.347310657342196183e-01 1.884279936013602885e+00
2.370144229505012079e-01 1.882328753503647256e+00
2.393199916289123208e-01 1.880340644177212361e+00
2.416479878324700736e-01 1.878319805802797005e+00
2.439986297259550130e-01 1.876266950665766320e+00
2.463721375963552895e-01 1.874177275808673659e+00
2.487687338735107279e-01 1.872049775009847039e+00
2.511886431509580686e-01 1.869884292178151775e+00
2.536320922069775774e-01 1.867683238457190198e+00
2.560993100258459609e-01 1.865443783904569219e+00
2.585905278192945911e-01 1.863168784498298480e+00
2.611059790481781162e-01 1.860857293912664856e+00
2.636458994443517945e-01 1.858502238940324514e+00
2.662105270327638773e-01 1.856101762496098928e+00
2.688001021537606006e-01 1.853663306024222690e+00
2.714148674856106669e-01 1.851188576065473157e+00
2.740550680672460548e-01 1.848672954183722572e+00
2.767209513212268712e-01 1.846109419711742472e+00
2.794127670769268601e-01 1.843501900795535553e+00
2.821307675939472293e-01 1.840858537566093966e+00
2.848752075857552413e-01 1.838165578453942350e+00
2.876463442435557849e-01 1.835425346859766993e+00
2.904444372603925406e-01 1.832639139589857358e+00
2.932697488554852905e-01 1.829812942519076779e+00
2.961225437988035947e-01 1.826940096460220042e+00
2.990030894358785551e-01 1.824018949795509492e+00
3.019116557128577738e-01 1.821047451005169071e+00
3.048485152018017286e-01 1.818030244881170931e+00
3.078139431262288950e-01 1.814963601012973049e+00
3.108082173869063936e-01 1.811845885806571133e+00
3.138316185878944342e-01 1.808678466362365844e+00
3.168844300628416155e-01 1.805459562007808660e+00
3.199669379015380732e-01 1.802189972605658719e+00
3.230794309767249795e-01 1.798865405818949714e+00
3.262222009711669979e-01 1.795494792149739949e+00
3.293955424049855307e-01 1.792071210356225519e+00
3.325997526632606949e-01 1.788587168494045088e+00
3.358351320238990301e-01 1.785049484150880605e+00
3.391019836857747105e-01 1.781457211120442752e+00
3.424006137971423724e-01 1.777812341245343264e+00
3.457313314843284413e-01 1.774110896591374997e+00
3.490944488806992929e-01 1.770351660728299192e+00
3.524902811559130766e-01 1.766532934748517025e+00
3.559191465454557002e-01 1.762655764467882635e+00
3.593813663804627523e-01 1.758721393950164247e+00
3.628772651178337472e-01 1.754726301505272756e+00
3.664071703706370808e-01 1.750675888290745386e+00
3.699714129388128048e-01 1.746560356987481022e+00
3.735703268401719401e-01 1.742386410550282649e+00
3.772042493416999376e-01 1.738148893507245996e+00
3.808735209911614517e-01 1.733851214224842341e+00
3.845784856490158665e-01 1.729487927460532148e+00
3.883194905206404091e-01 1.725060983110886292e+00
3.920968861888690649e-01 1.720574806559346470e+00
3.959110266468458539e-01 1.716021604312953475e+00
3.997622693312000708e-01 1.711405618424576947e+00
4.036509751555413805e-01 1.706721141189469604e+00
4.075775085442840395e-01 1.701970783699189083e+00
4.115422374667966343e-01 1.697157418619412494e+00
4.155455334718875515e-01 1.692274401124980399e+00
4.195877717226225712e-01 1.687326851811510986e+00
4.236693310314835759e-01 1.682310503659483647e+00
4.277905938958687093e-01 1.677224095034469009e+00
4.319519465339363706e-01 1.672067828479937290e+00
4.361537789208005944e-01 1.666847320687922629e+00
4.403964848250754294e-01 1.661557143753841670e+00
4.446804618457780300e-01 1.656193349752234978e+00
4.490061114495874639e-01 1.650763513842463226e+00
4.533738390084691150e-01 1.645260807112440160e+00
4.577840538376618529e-01 1.639689066973907039e+00
4.622371692340384031e-01 1.634045133101696967e+00
4.667336025148346446e-01 1.628328820030124247e+00
4.712737750567601580e-01 1.622546699405226889e+00
4.758581123354846953e-01 1.616683240797199161e+00
4.804870439655131720e-01 1.610757924475993752e+00
4.851610037404442966e-01 1.604756588714202570e+00
4.898804296736250508e-01 1.598679355300252292e+00
4.946457640391963562e-01 1.592534771297379859e+00
4.994574534135413635e-01 1.586314514711867574e+00
5.043159487171361421e-01 1.580023323029320137e+00
5.092217052568053237e-01 1.573657303831816012e+00
5.141751827683928022e-01 1.567223863406298268e+00
5.191768454598426619e-01 1.560713081633097854e+00
5.242271620547044320e-01 1.554124701537106246e+00
5.293266058360561743e-01 1.547473570888448613e+00
5.344756546908600026e-01 1.540746733476587638e+00
5.396747911547442600e-01 1.533950746383849095e+00
5.449245024572260121e-01 1.527072462679812670e+00
5.502252805673685243e-01 1.520125544277875829e+00
5.555776222398878250e-01 1.513114007861943389e+00
5.609820290617031358e-01 1.506025384337212225e+00
5.664390074989449353e-01 1.498862848809177306e+00
5.719490689444144405e-01 1.491632236756003982e+00
5.775127297655114900e-01 1.484331151919788816e+00
5.831305113526221717e-01 1.476960217923207086e+00
5.888029401679826247e-01 1.469516672287046966e+00
5.945305477950136863e-01 1.462005285404503807e+00
6.003138709881384871e-01 1.454423705010711831e+00
6.061534517230839914e-01 1.446776849518215391e+00
6.120498372476699256e-01 1.439057299559220349e+00
6.180035801330957534e-01 1.431274190748743624e+00
6.240152383257209223e-01 1.423422318575622292e+00
6.300853751993553686e-01 1.415503449636851263e+00
6.362145596080520660e-01 1.407522195863893932e+00
6.424033659394193796e-01 1.399470286029850463e+00
6.486523741684461219e-01 1.391367399362248847e+00
6.549621699118558515e-01 1.383184650339056798e+00
6.613333444829840868e-01 1.374949416015948556e+00
6.677664949471955325e-01 1.366652768606495982e+00
6.742622241778342129e-01 1.358293688862682203e+00
6.808211409127237213e-01 1.349877439613671681e+00
6.874438598112112553e-01 1.341396970884618733e+00
6.941310015117725385e-01 1.332866978272792435e+00
7.008831926901714082e-01 1.324274055944368644e+00
7.077010661181889484e-01 1.315630069486419584e+00
7.145852607229240538e-01 1.306932901885596854e+00
7.215364216466665370e-01 1.298178833048781122e+00
7.285552003073593186e-01 1.289376421473943601e+00
7.356422544596413760e-01 1.280522961239329183e+00
7.427982482564918776e-01 1.271619569065497002e+00
7.500238523114668432e-01 1.262669739578973438e+00
7.573197437615483141e-01 1.253673809897492442e+00
7.646866063305975958e-01 1.244629321455924087e+00
7.721251303934327792e-01 1.235549103504037571e+00
7.796360130405233235e-01 1.226421154868293062e+00
7.872199581433195759e-01 1.217254239282489214e+00
7.948776764202123424e-01 1.208048837506586093e+00
8.026098855031396084e-01 1.198805319182046247e+00
8.104173100048355227e-01 1.189527486894170982e+00
8.183006815867394090e-01 1.180213902485967470e+00
8.262607390275591435e-01 1.170870268525729951e+00
8.342982282925082149e-01 1.161493649473145817e+00
8.424139026032094746e-01 1.152086982001852222e+00
8.506085225082840040e-01 1.142653560961305992e+00
8.588828559546254349e-01 1.133198418323236423e+00
8.672376783593644944e-01 1.123717061835254105e+00
8.756737726825394308e-01 1.114211741307976844e+00
8.841919295004664336e-01 1.104686188804961056e+00
8.927929470798307010e-01 1.095148471929071388e+00
9.014776314524917122e-01 1.085588880238470111e+00
9.102467964910225806e-01 1.076014590778393121e+00
9.191012639849772681e-01 1.066428054702343697e+00
9.280418637179072006e-01 1.056830777676331934e+00
9.370694335451198453e-01 1.047224811259380939e+00
9.461848194722002336e-01 1.037612644029801245e+00
9.553888757342895444e-01 1.027996217364114617e+00
9.646824648761427312e-01 1.018372227792554652e+00
9.740664578329562007e-01 1.008746898356872590e+00
9.835417340119908536e-01 9.991267911604491125e-01
9.931091813749796104e-01 9.895064339012979993e-01
1.002769696521346621e+00 9.798911204628656391e-01
1.012524184772224167e+00 9.702802887829492517e-01
1.022373560255302127e+00 9.606794647598146941e-01
1.032318745990486564e+00 9.510862164937471386e-01
1.042360673976402197e+00 9.415082304733367602e-01
1.052500285277732761e+00 9.319444494271209578e-01
1.062738530113414459e+00 9.223929651893248982e-01
1.073076367945679621e+00 9.128622110772636189e-01
1.083514767569973225e+00 9.033471441381402123e-01
1.094054707205742494e+00 8.938576588547098023e-01
1.104697174588111785e+00 8.843899790416611673e-01
1.115443167060441221e+00 8.749458672181941177e-01
1.126293691667795249e+00 8.655274627572031587e-01
1.137249765251314271e+00 8.561418457933096526e-01
1.148312414543511073e+00 8.467820073844988249e-01
1.159482676264482759e+00 8.374583021810027006e-01
1.170761597219069250e+00 8.281646229277420668e-01
1.182150234394952371e+00 8.189082216296945660e-01
1.193649655061713055e+00 8.096878761162851212e-01
1.205260936870842681e+00 8.005056401479314632e-01
1.216985167956738056e+00 7.913656033336066153e-01
1.228823447038673411e+00 7.822659293512969070e-01
1.240776883523764251e+00 7.732085573768072706e-01
1.252846597610937529e+00 7.641976574595235050e-01
1.265033720395903893e+00 7.552319915517579085e-01
1.277339393977160009e+00 7.463140858402547151e-01
1.289764771563017165e+00 7.374498219369647334e-01
1.302311017579677488e+00 7.286233908312720331e-01
1.314979307780347773e+00 7.198617290127460322e-01
1.327770829355430449e+00 7.111488954032675336e-01
1.340686781043774811e+00 7.024880281426832962e-01
1.353728373245021821e+00 6.938848973406014364e-01
1.366896828133026487e+00 6.853361635439824129e-01
1.380193379770397355e+00 6.768479269801064291e-01
1.393619274224142002e+00 6.684171194510606373e-01
1.407175769682446731e+00 6.600456399779933703e-01
1.420864136572576708e+00 6.517373284654787158e-01
1.434685657679937831e+00 6.434863316968993940e-01
1.448641628268290127e+00 6.353017839325795224e-01
1.462733356201129986e+00 6.271825093125056316e-01
1.476962162064259898e+00 6.191236784263205450e-01
1.491329379289537682e+00 6.111323388303939730e-01
1.505836354279841416e+00 6.032061344506690626e-01
1.520484446535244283e+00 5.953461776090619439e-01
1.535275028780422657e+00 5.875584793819037532e-01
1.550209487093291205e+00 5.798335053806592532e-01
1.565289221034902312e+00 5.721784812929623376e-01
1.580515643780601165e+00 5.645938244283461582e-01
1.595890182252465817e+00 5.570785602759295019e-01
1.611414277253019778e+00 5.496343075637267761e-01
1.627089383600260675e+00 5.422599345499559131e-01
1.642916970263993193e+00 5.349580125304171929e-01
1.658898520503498064e+00 5.277248359643708087e-01
1.675035532006524441e+00 5.205649663524678505e-01
1.691329517029648732e+00 5.134775688005183136e-01
1.707782002539993016e+00 5.064651787017678819e-01
1.724394530358320354e+00 4.995225215936868191e-01
1.741168657303530987e+00 4.926510422857180438e-01
1.758105955338547632e+00 4.858540757854238334e-01
1.775208011717636092e+00 4.791336505936782952e-01
1.792476429135148930e+00 4.724836351408182034e-01
1.809912825875727105e+00 4.659058021501811808e-01
1.827518835965944666e+00 4.594018792344377045e-01
1.845296109327445366e+00 4.529706348986058950e-01
1.863246311931559873e+00 4.466148380054908440e-01
1.881371125955437096e+00 4.403310008797869379e-01
1.899672249939675650e+00 4.341211027356023378e-01
1.918151398947507635e+00 4.279821265606414959e-01
1.936810304725519849e+00 4.219147692683569151e-01
1.955650715865949074e+00 4.159237033477536927e-01
1.974674397970537454e+00 4.100034813324629490e-01
1.993883133816001019e+00 4.041556415095917121e-01
2.013278723521096492e+00 3.983775937105511478e-01
2.032862984715323673e+00 3.926724809623222123e-01
2.052637752709252084e+00 3.870389916588341528e-01
2.072604880666519822e+00 3.814771074972230225e-01
2.092766239777499759e+00 3.759847884980542232e-01
2.113123719434652603e+00 3.705620292815531291e-01
2.133679227409597701e+00 3.652104603724096177e-01
2.154434690031884259e+00 3.599267491742680902e-01
2.175392052369522489e+00 3.547126250774921830e-01
2.196553278411258248e+00 3.495678368867887187e-01
2.217920351250634692e+00 3.444902822916548479e-01
2.239495273271823184e+00 3.394799485380127768e-01
2.261280066337279404e+00 3.345374373234195065e-01
2.283276771977218012e+00 3.296609119351329720e-01
2.305487451580938707e+00 3.248516611077139626e-01
2.327914186589993051e+00 3.201066025218906597e-01
2.350559078693253756e+00 3.154271402083178577e-01
2.373424250023866033e+00 3.108114830603042611e-01
2.396511843358130278e+00 3.062606406541160675e-01
2.419824022316292567e+00 3.017728109042243645e-01
2.443362971565319341e+00 2.973471845773162925e-01
2.467130897023623426e+00 2.929843034862609219e-01
2.491130026067788439e+00 2.886823825404838950e-01
2.515362607741312928e+00 2.844417836854373771e-01
2.539830912965362675e+00 2.802618726563211871e-01
2.564537234751594674e+00 2.761419824078318319e-01
2.589483888417040802e+00 2.720779753685673708e-01
2.614673211801092023e+00 2.680760062955951928e-01
2.640107565484572927e+00 2.641306366594941002e-01
2.665789333010967876e+00 2.602418286659613500e-01
2.691720921109787668e+00 2.564107781102591965e-01
2.717904759922122881e+00 2.526336557194530097e-01
2.744343303228365283e+00 2.489143453536221406e-01
2.771039028678170535e+00 2.452475596877095043e-01
2.797994438022641805e+00 2.416361671539777878e-01
2.825212057348790218e+00 2.380776272229558621e-01
2.852694437316245057e+00 2.345697279136100821e-01
2.880444153396297668e+00 2.311171266058212603e-01
2.908463806113254169e+00 2.277144369043083150e-01
2.936756021288137397e+00 2.243619099958812646e-01
2.965323450284773621e+00 2.210593667619534242e-01
2.994168770258243573e+00 2.178069656808741816e-01
3.023294684405779531e+00 2.146033926893032573e-01
3.052703922220086241e+00 2.114480581289963634e-01
3.082399239745143404e+00 2.083394606720321562e-01
3.112383419834465759e+00 2.052778287394045886e-01
3.142659272411905569e+00 2.022629896958220430e-01
3.173229634734976212e+00 1.992935813912315723e-01
3.204097371660752813e+00 1.963687626298223077e-01
3.235265375914330388e+00 1.934887825654670601e-01
3.266736568359921655e+00 1.906520254513016377e-01
3.298513898274578082e+00 1.878585339054017478e-01
3.330600343624588788e+00 1.851068282245203755e-01
3.362998911344535991e+00 1.823992464360802979e-01
3.395712637619100693e+00 1.797316729403524160e-01
3.428744588167585317e+00 1.771034226389215094e-01
3.462097858531227423e+00 1.745163626036988214e-01
3.495775574363275240e+00 1.719691238797041166e-01
3.529780891721914671e+00 1.694614407482626095e-01
3.564116997366032269e+00 1.669908300225179942e-01
3.598787109053855460e+00 1.645580880500244758e-01
3.633794475844513094e+00 1.621624383939196390e-01
3.669142378402494131e+00 1.598041381318567045e-01
3.704834129305105694e+00 1.574824957212599963e-01
3.740873073352900313e+00 1.551953724019229652e-01
3.777262587883141176e+00 1.529436507219481545e-01
3.814006083086284082e+00 1.507256934562264672e-01
3.851107002325572903e+00 1.485421839706827507e-01
3.888568822459721019e+00 1.463927975467999021e-01
3.926395054168756449e+00 1.442759466060586915e-01
3.964589242282997805e+00 1.421909134343483094e-01
4.003154966115265445e+00 1.401376899278477250e-01
4.042095839796306045e+00 1.381165362189477885e-01
4.081415512613501662e+00 1.361263524434776218e-01
4.121117669352832635e+00 1.341662041431935515e-01
4.161206030644208020e+00 1.322357795579803263e-01
4.201684353310133346e+00 1.303352136178068943e-01
4.242556430717777438e+00 1.284636529694182516e-01
4.283826093134470270e+00 1.266203950373843701e-01
4.325497208086633627e+00 1.248051129664204117e-01
4.367573680722233398e+00 1.230179194000680931e-01
4.410059454176736615e+00 1.212575928799033698e-01
4.452958509942654963e+00 1.195240451282218452e-01
4.496274868242640110e+00 1.178165948060252988e-01
4.540012588406244554e+00 1.161356050944539753e-01
4.584175769250333765e+00 1.144796259460013899e-01
4.628768549463215365e+00 1.128490171944919462e-01
4.673795107992464004e+00 1.112426831387383075e-01
4.719259664436561863e+00 1.096608647495711242e-01
4.765166479440326341e+00 1.081029624063971351e-01
4.811519855094205766e+00 1.065682553276522115e-01
4.858324135337417360e+00 1.050570008319727522e-01
4.905583706365050922e+00 1.035681976315911551e-01
4.953302997039108924e+00 1.021016317995730172e-01
5.001486479303548727e+00 1.006576737770957658e-01
5.050138668603383785e+00 9.923512700148745536e-02
5.099264124307808288e+00 9.783301842461253339e-02
5.148867450137498025e+00 9.645283540914177667e-02
5.198953294596024399e+00 9.509277279574297748e-02
5.249526351405507718e+00 9.375314350126202900e-02
5.300591359946452030e+00 9.243307681565143819e-02
5.352153105701904501e+00 9.113277010284083490e-02
5.404216420705915347e+00 8.985226676852293981e-02
5.456786183996381823e+00 8.858994723536881000e-02
5.509867322072253160e+00 8.734686793549151229e-02
5.563464809355226137e+00 8.612166174027637011e-02
5.617583668655908191e+00 8.491432456164001163e-02
5.672228971644543094e+00 8.372568069064775798e-02
5.727405839326266346e+00 8.255362159286702695e-02
5.783119442521027054e+00 8.139901214196489099e-02
5.839375002348160315e+00 8.026119139423681936e-02
5.896177790715694478e+00 7.913998122334546526e-02
5.953533130814370189e+00 7.803544490172985293e-02
6.011446397616513337e+00 7.694666777811576264e-02
6.069923018379741464e+00 7.587353344866179516e-02
6.128968473155564034e+00 7.481616983053576697e-02
6.188588295302960063e+00 7.377422071273109783e-02
6.248788072006894012e+00 7.274702975545488393e-02
6.309573444801936049e+00 7.173495910967989109e-02
6.370950110100935149e+00 7.073738097891066334e-02
6.432923819728876502e+00 6.975373991825807585e-02
6.495500381461869033e+00 6.878443979755681503e-02
6.558685659571435345e+00 6.782925122181464317e-02
6.622485575374063238e+00 6.688767101929060654e-02
6.686906107786136921e+00 6.595908700105568290e-02
6.751953293884205287e+00 6.504385511439476908e-02
6.817633229470763112e+00 6.414189386272205196e-02
6.883952069645496330e+00 6.325274880898949792e-02
6.950916029382126382e+00 6.237577520369106537e-02
7.018531384110795912e+00 6.151136155899235292e-02
7.086804470306189430e+00 6.065904288235939024e-02
7.155741686081340980e+00 5.981872290211395077e-02
7.225349491787214085e+00 5.899047660290497597e-02
7.295634410618154320e+00 5.817361782931700087e-02
7.366603029223159460e+00 5.736823024783644503e-02
7.438261998323163482e+00 5.657378286054014216e-02
7.510618033334286459e+00 5.579061810432112828e-02
7.583677914997190683e+00 5.501861509952402085e-02
7.657448490012479958e+00 5.425119423652093736e-02
7.731936671682362316e+00 5.350594590115489990e-02
7.807149440558499798e+00 5.276522242760550013e-02
7.883093845096216690e+00 5.203483060048816333e-02
7.959777002314985417e+00 5.131456993375017872e-02
8.037206098465421888e+00 5.060408163610357474e-02
8.115388389702712146e+00 4.990335003138342967e-02
8.194331202766655053e+00 4.921220346363219117e-02
8.274041935668218883e+00 4.853040633656281744e-02
8.354528058382872047e+00 4.785807446882765076e-02
8.435797113550611570e+00 4.719477688927879722e-02
8.517856717182803905e+00 4.654060632713070966e-02
8.600714559375941093e+00 4.589509757730358963e-02
8.684378405032257220e+00 4.525852252682382310e-02
8.768856094587436090e+00 4.463032392059283066e-02
8.854155544745349715e+00 4.401090649677131400e-02
8.940284749219998162e+00 4.339954629204492709e-02
9.027251779484577909e+00 4.279657616404541898e-02
9.115064785527916769e+00 4.220156355276345056e-02
9.203731996618220279e+00 4.161469046618087447e-02
9.293261722074316111e+00 4.103547602404825773e-02
9.383662352044273902e+00 4.046236803782250063e-02
9.474942358291729150e+00 3.990021213195329985e-02
9.567110294989774388e+00 3.934399183254748411e-02
9.660174799522645017e+00 3.879508630303533240e-02
9.754144593295098531e+00 3.825351017425030614e-02
9.849028482549766039e+00 3.771890114451891679e-02
9.944835359192397917e+00 3.719148786068999374e-02
1.004157420162519543e+01 3.667102936893586185e-02
1.013925407558815373e+01 3.615738642987237350e-02
1.023788413500867378e+01 3.565050986241468517e-02
1.033747362285940774e+01 3.515026152890973060e-02
1.043803187202444072e+01 3.465678703411258221e-02
1.053956830617394580e+01 3.416947415070448191e-02
1.064209244064724658e+01 3.368878671175268985e-02
1.074561388334458023e+01 3.321419773945760018e-02
1.085014233562746178e+01 3.274575466048314232e-02
1.095568759322787855e+01 3.228364742884885091e-02
1.106225954716621906e+01 3.182737752129231878e-02
1.116986818467823817e+01 3.137704785953381037e-02
1.127852359015096795e+01 3.093255082900010777e-02
1.138823594606782130e+01 3.049377396723488773e-02
1.149901553396274245e+01 3.006084836001157723e-02
1.161087273538378994e+01 2.963343885139704120e-02
1.172381803286598512e+01 2.921139065846678484e-02
1.183786201091373513e+01 2.879492162227460447e-02
1.195301535699265827e+01 2.838384259403303050e-02
1.206928886253119870e+01 2.797801265000703086e-02
1.218669342393191712e+01 2.757737800974648448e-02
1.230524004359261525e+01 2.718195772643184488e-02
1.242493983093746479e+01 2.679146896692305782e-02
1.254580400345803248e+01 2.640315757250482481e-02
1.266784388776455827e+01 2.602577729911068755e-02
1.279107092064739781e+01 2.565014473416601590e-02
1.291549665014884063e+01 2.527926799377441455e-02
1.304113273664525430e+01 2.491314383046082728e-02
1.316799095393986185e+01 2.455187082895390546e-02
1.329608319036608854e+01 2.419504200609446515e-02
1.342542144990170527e+01 2.384289258176881116e-02
1.355601785329368880e+01 2.349509832305701762e-02
1.368788463919415221e+01 2.315187477286723139e-02
1.382103416530724438e+01 2.281297767900795567e-02
1.395547890954729020e+01 2.247836541545137831e-02
1.409123147120805619e+01 2.214799693967707192e-02
1.422830457214353395e+01 2.182182692491621903e-02
1.436671105796013137e+01 2.149982391044828051e-02
1.450646389922046886e+01 2.118191771044157165e-02
1.464757619265895272e+01 2.086808326765318342e-02
1.479006116240903168e+01 2.055812996429876721e-02
1.493393216124253264e+01 2.025217064633279968e-02
1.507920267182097263e+01 1.995012859079127454e-02
1.522588630795911513e+01 1.965190154024712074e-02
1.537399681590069456e+01 1.935747900497936796e-02
1.552354807560667105e+01 1.906672518655562129e-02
1.567455410205595001e+01 1.877973132646559504e-02
1.582702904655883280e+01 1.849640368259138773e-02
1.598098719808309376e+01 1.821661467431821141e-02
1.613644298459311699e+01 1.794043397546918328e-02
1.629341097440194730e+01 1.766767621853201214e-02
1.645190587753662470e+01 1.739845949249274257e-02
1.661194254711659113e+01 1.713267147556660555e-02
1.677353598074571295e+01 1.687024958686461629e-02
1.693670132191772026e+01 1.661115482820983702e-02
1.710145386143542012e+01 1.635536006732669911e-02
1.726780903884355922e+01 1.610284378103344141e-02
1.743578244387577669e+01 1.585354674908912020e-02
1.760538981791556523e+01 1.560740090253210505e-02
1.777664705547142532e+01 1.536444660058822013e-02
1.794957020566648254e+01 1.512456741356169032e-02
1.812417547374237614e+01 1.488774591600929009e-02
1.830047922257800863e+01 1.465400814054419916e-02
1.847849797422290763e+01 1.442321337181378359e-02
1.865824841144566193e+01 1.419539131100728754e-02
1.883974737929719367e+01 1.397048194966053411e-02
1.902301188668945642e+01 1.374851036536436921e-02
1.920805910798935301e+01 1.352935399833574831e-02
1.939490638462828542e+01 1.331301619108073327e-02
1.958357122672716955e+01 1.309954086184028296e-02
1.977407131473744428e+01 1.288875247005414129e-02
1.996642450109793288e+01 1.268075695398659594e-02
2.016064881190793656e+01 1.247535540606588972e-02
2.035676244861640072e+01 1.227263501962889795e-02
2.055478378972772546e+01 1.207261937054956470e-02
2.075473139252405730e+01 1.187518567013184055e-02
2.095662399480432825e+01 1.168030697350886694e-02
2.116048051664034446e+01 1.148798315204009428e-02
2.136632006214970403e+01 1.129817085457562702e-02
2.157416192128621546e+01 1.111086862458736217e-02
2.178402557164756459e+01 1.092595742884888352e-02
2.199593068030074861e+01 1.074353396840390003e-02
2.220989710562497521e+01 1.056330272946074192e-02
2.242594489917278011e+01 1.038585166947259691e-02
2.264409430754907504e+01 1.021054750750369569e-02
2.286436577430861306e+01 1.003756351136462187e-02
2.308677994187169702e+01 9.867118932270988949e-03
2.331135765345874944e+01 9.698476356863286463e-03
2.353811995504354471e+01 9.532352614802713092e-03
2.376708809732560823e+01 9.368401752922505751e-03
2.399828353772154799e+01 9.206661363030008496e-03
2.423172794237600769e+01 9.047101718843738108e-03
2.446744318819203201e+01 8.889684606853125171e-03
2.470545136488123816e+01 8.734270054702742911e-03
2.494577477703398571e+01 8.581229311355700884e-03
2.518843594620949489e+01 8.430134962575462632e-03
2.543345761304651020e+01 8.281116893346960467e-03
2.568086273939435316e+01 8.134105428837131585e-03
2.593067451046487548e+01 7.989118135122007247e-03
2.618291633700505372e+01 7.846129097869863553e-03
2.643761185749101372e+01 7.705111155105273842e-03
2.669478494034320804e+01 7.566042075567471804e-03
2.695445968616333587e+01 7.428914551154692202e-03
2.721666042999271795e+01 7.293562390156985674e-03
2.748141174359293259e+01 7.160313608548034628e-03
2.774873843774846804e+01 7.028833284826157407e-03
2.801866556459195223e+01 6.899264245949712424e-03
2.829121841995168651e+01 6.771408582695586688e-03
2.856642254572233952e+01 6.645410007490183853e-03
2.884430373225852051e+01 6.521212358470964039e-03
2.912488802079168337e+01 6.398764094411109500e-03
2.940820170587063842e+01 6.278082511184535607e-03
2.969427133782552986e+01 6.159145332202345911e-03
2.998312372525609959e+01 6.041885450569635732e-03
3.027478593754393543e+01 5.926440892625107343e-03
3.056928530738937155e+01 5.812466562378017058e-03
3.086664943337274636e+01 5.700255740136490716e-03
3.116690618254088463e+01 5.589679033095671344e-03
3.147008369301855879e+01 5.480739116852630100e-03
3.177621037664554038e+01 5.373411679056247676e-03
3.208531492163897525e+01 5.267651137227183540e-03
3.239742629528198847e+01 5.163483290749875526e-03
3.271257374663825601e+01 5.060847604338790211e-03
3.303078680929315425e+01 4.959788704814380167e-03
3.335209530412127066e+01 4.860189043617828102e-03
3.367652934208116022e+01 4.762088391417240892e-03
3.400411932703705986e+01 4.665628126299435977e-03
3.433489595860830690e+01 4.570486399315670280e-03
3.466889023504609213e+01 4.476843019738697971e-03
3.500613345613854221e+01 4.384662550533481758e-03
3.534665722614391115e+01 4.293818100371741761e-03
3.569049345675229290e+01 4.204536271070381456e-03
3.603767437007633134e+01 4.116541070831233710e-03
3.638823250167062184e+01 4.029977811660714025e-03
3.674220070358090595e+01 3.944779798303775335e-03
3.709961214742267543e+01 3.860919387925889311e-03
3.746050032748993175e+01 3.778355969828108181e-03
3.782489906389385936e+01 3.697148865975154360e-03
3.819284250573236505e+01 3.617244784865302886e-03
3.856436513429023449e+01 3.538695644147607337e-03
3.893950176627063087e+01 3.461283784713460338e-03
3.931828755705770106e+01 3.385205057282535991e-03
3.970075800401124155e+01 3.310399510136437327e-03
4.008694894979318946e+01 3.236775722884257991e-03
4.047689658572676308e+01 3.164446273160096117e-03
4.087063745518780422e+01 3.093261959226269522e-03
4.126820845702955864e+01 3.023279865684336525e-03
4.166964684904057492e+01 2.954486276390170391e-03
4.207499025143619065e+01 2.886854611752839254e-03
4.248427665038425260e+01 2.820483511442453857e-03
4.289754440156466586e+01 2.755054733123103294e-03
4.331483223376402947e+01 2.690834315531058767e-03
4.373617925250492533e+01 2.627766723722167828e-03
4.416162494371084790e+01 2.565761291658077200e-03
4.459120917740628443e+01 2.504873218686679351e-03
4.502497221145327444e+01 2.445029302411461797e-03
4.546295469532399380e+01 2.386286110412220215e-03
4.590519767391037220e+01 2.328583916365223241e-03
4.635174259137027519e+01 2.271869981975384398e-03
4.680263129501155817e+01 2.216246343692770265e-03
4.725790603921362276e+01 2.161613843677144802e-03
4.771760948938745628e+01 2.107980691400531629e-03
4.818178472597362827e+01 2.055334941246826381e-03
4.865047524847972937e+01 2.003756412577345752e-03
4.912372497955678341e+01 1.952958044586528127e-03
4.960157826911540724e+01 1.903206653236515613e-03
5.008407989848212338e+01 1.854391798977538799e-03
5.057127508459573306e+01 1.806509536529390340e-03
5.106320948424492911e+01 1.759530847718723378e-03
5.155992919834686461e+01 1.713493346704034583e-03
5.206148077626762216e+01 1.668320243096852590e-03
5.256791122018424289e+01 1.624044078737909257e-03
5.307926798948964375e+01 1.580634911307149566e-03
5.359559900524011766e+01 1.538087182252213369e-03
5.411695265464637572e+01 1.496387393225154976e-03
5.464337779560780461e+01 1.455512191548268735e-03
5.517492376129128928e+01 1.415486282658887703e-03
5.571164036475430237e+01 1.376273832396199184e-03
5.625357790361330501e+01 1.337869954706076775e-03
5.680078716475694733e+01 1.300236090933785211e-03
5.735331942910571712e+01 1.263415672095988393e-03
5.791122647641758192e+01 1.227328872469317465e-03
5.847456059014062646e+01 1.192047534915868659e-03
5.904337456231242243e+01 1.157504409943933355e-03
5.961772169850755887e+01 1.123698752813494066e-03
6.019765582283304184e+01 1.090618886917473721e-03
6.078323128297230227e+01 1.058282128990376990e-03
6.137450295527852973e+01 1.026630316050787051e-03
6.197152624991698389e+01 9.956803815837785530e-04
6.257435711605789663e+01 9.654350377088367604e-04
6.318305204711957401e+01 9.358634015364399429e-04
6.379766808606282069e+01 9.069622565644240922e-04
6.441826283073628190e+01 8.787113007909486909e-04
6.504489443927437264e+01 8.511335802766445630e-04
6.567762163554736787e+01 8.241804560884816383e-04
6.631650371466487570e+01 7.978558346021549482e-04
6.696160054853221766e+01 7.721635489462007514e-04
6.761297259146149941e+01 7.470765359179752001e-04
6.827068088583682481e+01 7.225907896419765403e-04
6.893478706783510290e+01 6.987053847307592809e-04
6.960535337320180815e+01 6.753968195676858348e-04
7.028244264308352740e+01 6.526633102653173939e-04
7.096611832991698066e+01 6.304944689624404934e-04
7.165644450337531168e+01 6.088820518347588589e-04
7.235348585637258623e+01 5.878188529835036424e-04
7.305730771112592947e+01 5.672933229956944991e-04
7.376797602527737752e+01 5.472924433606949496e-04
7.448555739807494547e+01 5.278140363862889864e-04
7.521011907661404905e+01 5.088463101041898039e-04
7.594172896213913759e+01 4.903778639775816005e-04
7.668045561640717267e+01 4.724084384801183244e-04
7.742636826811269657e+01 4.549280056444019978e-04
7.817953681937576960e+01 4.379176340837349153e-04
7.894003185229233566e+01 4.213766917174582675e-04
7.970792463554894880e+01 4.052942229100592255e-04
8.048328713110151966e+01 3.896644157520368166e-04
8.126619200091946027e+01 3.744842632341568176e-04
8.205671261379453085e+01 3.597298628294501787e-04
8.285492305221690401e+01 3.454072063426544379e-04
8.366089811931756515e+01 3.315006496983935349e-04
8.447471334587828551e+01 3.180080160466326050e-04
8.529644499741024788e+01 3.049206614694489588e-04
8.612617008130067120e+01 2.922242879135985064e-04
8.696396635402970787e+01 2.799179989227676066e-04
8.780991232845718741e+01 2.679890696038375033e-04
8.866408728118061333e+01 2.564357196781337717e-04
8.952657125996400111e+01 2.452519938361088819e-04
9.039744509123974581e+01 2.344114632464861089e-04
9.127679038768296493e+01 2.239308114662330812e-04
9.216468955586012157e+01 2.137955815639001140e-04
9.306122580395103228e+01 2.039982706443208590e-04
9.396648314954700254e+01 1.945169108783013261e-04
9.488054642752423717e+01 1.853622973726828797e-04
9.580350129799435877e+01 1.765262342885865615e-04
9.673543425433136633e+01 1.679910984652325341e-04
9.767643263127766318e+01 1.597609393427624027e-04
9.862658461312820180e+01 1.518220954033340747e-04
9.958597924199507645e+01 1.441720503596910280e-04
1.005547064261513555e+02 1.368015969596183819e-04
1.015328569484565975e+02 1.297047232866246479e-04
1.025205224748657002e+02 1.228749149927447419e-04
1.035177955630176285e+02 1.163090148859198628e-04
1.045247696709102172e+02 1.099938662350568311e-04
1.055415391656582784e+02 1.039305877281185628e-04
1.065681993323370733e+02 9.810540323186816691e-05
1.076048463829117878e+02 9.251978788448551785e-05
1.086515774652539505e+02 8.716343320972523231e-05
1.097084906722451905e+02 8.202807980043208536e-05
1.107756850509708642e+02 7.711588278365152720e-05
1.118532606120007102e+02 7.241185939085632471e-05
1.129413183387621018e+02 6.791483132521603731e-05
1.140399601970033103e+02 6.361794249470921448e-05
1.151492891443491402e+02 5.951789779888726244e-05
1.162694091399494027e+02 5.560527167161959491e-05
1.174004251542213098e+02 5.187775601853766117e-05
1.185424431786863977e+02 4.833121536539896479e-05
1.196955702359042846e+02 4.495696808658049168e-05
1.208599143895007444e+02 4.174808592249897493e-05
1.220355847542956980e+02 3.870348942256340868e-05
1.232226915065284345e+02 3.581785438351284452e-05
1.244213458941827213e+02 3.308342104281941268e-05
1.256316602474121424e+02 3.049851420206938041e-05
1.268537479890670454e+02 2.805423618942280299e-05
1.280877236453237629e+02 2.574823886716610304e-05
1.293337028564169486e+02 2.357578719587449535e-05
1.305918023874777987e+02 2.153228486734223596e-05
1.318621401394748602e+02 1.961128030695170429e-05
1.331448351602640230e+02 1.780962961938619419e-05
1.344400076557447221e+02 1.612200954549847484e-05
1.357477790011246839e+02 1.454531026823826346e-05
1.370682717522946348e+02 1.307350222386246459e-05
1.384016096573132870e+02 1.170281366693769789e-05
1.397479176680040780e+02 1.042854099085242941e-05
1.411073219516657957e+02 9.246915303699545521e-06
1.424799499028946457e+02 8.152994184349029866e-06
1.438659301555238414e+02 7.142806716179281133e-06
1.452653925946781328e+02 6.211800764372323697e-06
1.466784683689457722e+02 5.355247890536787505e-06
1.481052899026690000e+02 4.568811707219246430e-06
1.495459909083537866e+02 3.847422607262203447e-06
1.510007063992007659e+02 3.185544906699804947e-06
1.524695727017573006e+02 2.576560050543543750e-06
1.539527274686944622e+02 2.011576119415860799e-06
1.554503096917050300e+02 1.475873023837726173e-06
1.569624597145302403e+02 9.345962656894168661e-07
1.584893192461114211e+02 0.000000000000000000e+00
