1.000000000000000021e-02 1.422007202984338248e+00
1.009727545900835841e-02 1.422001658249266276e+00
1.019549716950923779e-02 1.421996823208485194e+00
1.029467433620748044e-02 1.421991899771987367e+00
1.039481625334708927e-02 1.421986929779866848e+00
1.049593230558227772e-02 1.421981860354145866e+00
1.059803196885688789e-02 1.421976875298129217e+00
1.070112481129246833e-02 1.421971539948801766e+00
1.080522049408488318e-02 1.421966138643398825e+00
1.091032877240974419e-02 1.421960659633226154e+00
1.101645949633656314e-02 1.421954863678331460e+00
1.112362261175187626e-02 1.421949893318039004e+00
1.123182816129126085e-02 1.421944054371605537e+00
1.134108628528052165e-02 1.421937832687214520e+00
1.145140722268592030e-02 1.421931785939813730e+00
1.156280131207376022e-02 1.421925810191779993e+00
1.167527899257919492e-02 1.421919466406437849e+00
1.178885080488457221e-02 1.421912692081347407e+00
1.190352739220719262e-02 1.421905974521551208e+00
1.201931950129673729e-02 1.421898770788734057e+00
1.213623798344241195e-02 1.421891899642705237e+00
1.225429379548980714e-02 1.421885035531698538e+00
1.237349800086776086e-02 1.421877932313961646e+00
1.249386177062509519e-02 1.421902508267406828e+00
1.261539638447754796e-02 1.421894520639633175e+00
1.273811323186478488e-02 1.421856171031951943e+00
1.286202381301779218e-02 1.421848478644527347e+00
1.298713974003655978e-02 1.421839929597705554e+00
1.311347273797833224e-02 1.421832193979646553e+00
1.324103464595636874e-02 1.421824089126965562e+00
1.336983741824946531e-02 1.421816201028043958e+00
1.349989312542219239e-02 1.421807739675630122e+00
1.363121395545611320e-02 1.421799145115333562e+00
1.376381221489191876e-02 1.421790343504506504e+00
1.389770032998276401e-02 1.421779786393313039e+00
1.403289084785873213e-02 1.421774557105630388e+00
1.416939643770268736e-02 1.421762485560110534e+00
1.430722989193757184e-02 1.421752510548458970e+00
1.444640412742520530e-02 1.421742736133412954e+00
1.458693218667675602e-02 1.421732817123596115e+00
1.472882723907502529e-02 1.421722705808005971e+00
1.487210258210860774e-02 1.421711897765070454e+00
1.501677164261799868e-02 1.421701877976827344e+00
1.516284797805393485e-02 1.421691179779627889e+00
1.531034527774784160e-02 1.421680171645195001e+00
1.545927736419477720e-02 1.421668998560394748e+00
1.560965819434872483e-02 1.421657115991636244e+00
1.576150186093060873e-02 1.421645614502908161e+00
1.591482259374891323e-02 1.421633681054832454e+00
1.606963476103326349e-02 1.421622300041889053e+00
1.622595287078087284e-02 1.421610191119683897e+00
1.638379157211618947e-02 1.421597568059140615e+00
1.654316565666366645e-02 1.421584762223088161e+00
1.670409005993399310e-02 1.421571559627610615e+00
1.686657986272368723e-02 1.421558387654070277e+00
1.703065029252844378e-02 1.421544831137170117e+00
1.719631672497009753e-02 1.421530999866502665e+00
1.736359468523754335e-02 1.421516848525985255e+00
1.753249984954170088e-02 1.421502436348313081e+00
1.770304804658450262e-02 1.421487745954078896e+00
1.787525525904235316e-02 1.421472750779323890e+00
1.804913762506383731e-02 1.421457449407937279e+00
1.822471143978214581e-02 1.421441822101836339e+00
1.840199315684210371e-02 1.421425987355582343e+00
1.858099938994215231e-02 1.421409744419957377e+00
1.876174691439120440e-02 1.421393123213825715e+00
1.894425266868081034e-02 1.421376021404989753e+00
1.912853375607242307e-02 1.421359639503311900e+00
1.931460744620030340e-02 1.421342108609435329e+00
1.950249117668984011e-02 1.421323798234468194e+00
1.969220255479172538e-02 1.421305159031165388e+00
1.988375935903200636e-02 1.421286387220582537e+00
2.007717954087816226e-02 1.421267320447105353e+00
2.027248122642137662e-02 1.421248309050942682e+00
2.046968271807520987e-02 1.421228880705635911e+00
2.066880249629082095e-02 1.421205996077944622e+00
2.086985922128879734e-02 1.421187993873600286e+00
2.107287173480786382e-02 1.421166792439650273e+00
2.127785906187062287e-02 1.421145484065988951e+00
2.148484041256648255e-02 1.421124112984062826e+00
2.169383518385184506e-02 1.421102862935051503e+00
2.190486296136792688e-02 1.421080332199962770e+00
2.211794352127614133e-02 1.421055959030168125e+00
2.233309683211144592e-02 1.421034076943714419e+00
2.255034305665360936e-02 1.421010160441798842e+00
2.276970255381680075e-02 1.420985232509575757e+00
2.299119588055741764e-02 1.420960327137318346e+00
2.321484379380064564e-02 1.420934430520809144e+00
2.344066725238556220e-02 1.420908675374098484e+00
2.366868741902936057e-02 1.420882113499503996e+00
2.389892566231050300e-02 1.420856110569956421e+00
2.413140355867127856e-02 1.420828921259155608e+00
2.436614289443983158e-02 1.420801431907247503e+00
2.460316566787181664e-02 1.420773016440696868e+00
2.484249409121190577e-02 1.420743175900667010e+00
2.508415059277539771e-02 1.420713929022234812e+00
2.532815781905008515e-02 1.420683808403840231e+00
2.557453863681850847e-02 1.420653612455154979e+00
2.582331613530085626e-02 1.420622210569331578e+00
2.607451362831877603e-02 1.420590164890679796e+00
2.632815465648021339e-02 1.420557499806068824e+00
2.658426298938541474e-02 1.420524126183138947e+00
2.684286262785454819e-02 1.420490372079179053e+00
2.710397780617682106e-02 1.420455681882431431e+00
2.736763299438163891e-02 1.420420474816199263e+00
2.763385290053169824e-02 1.420384680473315120e+00
2.790266247303856487e-02 1.420348282252024141e+00
2.817408690300057458e-02 1.420311510721210091e+00
2.844815162656363222e-02 1.420273474910277001e+00
2.872488232730495070e-02 1.420234594125368233e+00
2.900430493863991738e-02 1.420195229084695976e+00
2.928644564625237229e-02 1.420154875225136504e+00
2.957133089054861039e-02 1.420113755570770131e+00
2.985898736913520854e-02 1.420071762972853646e+00
3.014944203932094433e-02 1.420028916616861370e+00
3.044272212064302874e-02 1.419985179223347993e+00
3.073885509741795460e-02 1.419940515849550611e+00
3.103786872131722788e-02 1.419895878080229767e+00
3.133979101396793671e-02 1.419848814071213106e+00
3.164465026957891114e-02 1.419801580196349722e+00
3.195247505759213347e-02 1.419753684917456127e+00
3.226329422536015901e-02 1.419704641238093146e+00
3.257713690084949876e-02 1.419654496554863421e+00
3.289403249537032475e-02 1.419603412231668749e+00
3.321401070633261954e-02 1.419551943935060789e+00
3.353710152002930406e-02 1.419498876475892679e+00
3.386333521444636480e-02 1.419445272104954636e+00
3.419274236210027851e-02 1.419390364538224647e+00
3.452535383290306070e-02 1.419334049889335425e+00
3.486120079705520153e-02 1.419277226043812012e+00
3.520031472796678745e-02 1.419219045864556161e+00
3.554272740520694751e-02 1.419159803116929464e+00
3.588847091748199186e-02 1.419098519842538986e+00
3.623757766564258964e-02 1.419037950624325140e+00
3.659008036572020811e-02 1.418973703025937727e+00
3.694601205199302130e-02 1.418910832426799384e+00
3.730540608008161424e-02 1.418845650568683725e+00
3.766829613007490613e-02 1.418779099183201886e+00
3.803471620968648659e-02 1.418711131756093424e+00
3.840470065744145539e-02 1.418641891863392068e+00
3.877828414589457040e-02 1.418571156813251521e+00
3.915550168487941241e-02 1.418499091133124335e+00
3.953638862478930927e-02 1.418426147210439137e+00
3.992098065989020672e-02 1.418350797383722162e+00
4.030931383166566628e-02 1.418273827662277942e+00
4.070142453219438572e-02 1.418196301901194056e+00
4.109734950756069316e-02 1.418116369517276487e+00
4.149712586129815362e-02 1.418035717582321498e+00
4.190079105786669034e-02 1.417952501206146687e+00
4.230838292616342228e-02 1.417869618740866144e+00
4.271993966306778662e-02 1.417783339202800752e+00
4.313549983702118923e-02 1.417695785368506378e+00
4.355510239164130798e-02 1.417606584878159603e+00
4.397878664937160398e-02 1.417515555164387431e+00
4.440659231516640160e-02 1.417424526133527873e+00
4.483855948021186338e-02 1.417329891828910338e+00
4.527472862568297785e-02 1.417233404420986886e+00
4.571514062653719151e-02 1.417134869909160377e+00
4.615983675534499064e-02 1.417035781101943837e+00
4.660885868615767536e-02 1.416933515459149362e+00
4.706224849841281199e-02 1.416829876182925663e+00
4.752004868087766204e-02 1.416703323413857518e+00
4.798230213563085128e-02 1.416615655089231263e+00
4.844905218208294534e-02 1.416507437880227593e+00
4.892034256103611894e-02 1.416394373506020710e+00
4.939621743878321036e-02 1.416296955211735709e+00
4.987672141124663283e-02 1.416163832243308329e+00
5.036189950815770505e-02 1.416045111679414381e+00
5.085179719727656034e-02 1.415924275687356904e+00
5.134646038865306461e-02 1.415800166546010708e+00
5.184593543892913187e-02 1.415673945384825938e+00
5.235026915568305461e-02 1.415545491378148002e+00
5.285950880181603667e-02 1.415414653355908436e+00
5.337370209998133774e-02 1.415280911227330796e+00
5.389289723705643909e-02 1.415144159213233888e+00
5.441714286865893119e-02 1.415005498993329613e+00
5.494648812370611646e-02 1.414864514944615737e+00
5.548098260901916656e-02 1.414720626210593357e+00
5.602067641397187603e-02 1.414574089215046238e+00
5.656562011518465050e-02 1.414424990894596723e+00
5.711586478126431943e-02 1.414272659074022886e+00
5.767146197758996756e-02 1.414117207796409481e+00
5.823246377114527778e-02 1.413958672328132549e+00
5.879892273539785025e-02 1.413797341545213415e+00
5.937089195522609469e-02 1.413632615525968417e+00
5.994842503189409116e-02 1.413465007388647221e+00
6.053157608807464840e-02 1.413293640552876207e+00
6.112039977292132997e-02 1.413119065827109555e+00
6.171495126718981594e-02 1.412941050260230424e+00
6.231528628840921763e-02 1.412758788479953065e+00
6.292146109610344262e-02 1.412574016795421272e+00
6.353353249706343575e-02 1.412384881816619808e+00
6.415155785067082339e-02 1.412192935154326978e+00
6.477559507427335661e-02 1.411997329703238879e+00
6.540570264861225724e-02 1.411796356670667496e+00
6.604193962330305590e-02 1.411592841150600020e+00
6.668436562236895737e-02 1.411386265230878845e+00
6.733304084982863480e-02 1.411174531262210374e+00
6.798802609533814711e-02 1.410958420718609219e+00
6.864938273988777095e-02 1.410738661168470465e+00
6.931717276155408003e-02 1.410515688853547944e+00
6.999145874130821565e-02 1.410287566639940371e+00
7.067230386888070925e-02 1.410054211425196824e+00
7.135977194868306506e-02 1.409786526017004382e+00
7.205392740578704658e-02 1.409575985712063773e+00
7.275483529196229149e-02 1.409330076965410461e+00
7.346256129177256011e-02 1.409078291325778443e+00
7.417717172873124210e-02 1.408822245457028055e+00
7.489873357151664857e-02 1.408561529587972760e+00
7.562731444024800576e-02 1.408295261527171771e+00
7.636298261282241373e-02 1.408023279602103717e+00
7.710580703131336699e-02 1.407748125724231913e+00
7.785585730843146146e-02 1.407466425775109053e+00
7.861320373404813433e-02 1.407179415827038982e+00
7.937791728178281159e-02 1.406887235929742408e+00
8.015006961565404597e-02 1.406589036432501105e+00
8.092973309679550586e-02 1.406285099724645438e+00
8.171698079023696770e-02 1.405975036540398904e+00
8.251188647175167201e-02 1.405659433911435219e+00
8.331452463477014014e-02 1.405338384407343266e+00
8.412497049736118726e-02 1.405009964257194266e+00
8.494330000928071445e-02 1.404675011778800275e+00
8.576958985908941790e-02 1.404336797579358587e+00
8.660391748133952627e-02 1.403986589990407818e+00
8.744636106383144036e-02 1.403632215919280668e+00
8.829699955494091368e-02 1.403272266353863262e+00
8.915591267101763417e-02 1.402905015420456980e+00
9.002318090385581784e-02 1.402530867020179040e+00
9.089888552823731371e-02 1.402148810129895784e+00
9.178310860954806694e-02 1.401759958806982453e+00
9.267593301146882789e-02 1.401364090975412147e+00
9.357744240374062106e-02 1.400958570627809596e+00
9.448772127000577836e-02 1.400547598429976226e+00
9.540685491572513388e-02 1.400126583938558822e+00
9.633492947617222635e-02 1.399697614790823108e+00
9.727203192450542546e-02 1.399262605040164198e+00
9.821825007991856482e-02 1.398819849057411968e+00
9.917367261587073379e-02 1.398366361101751609e+00
1.001383890683960748e-01 1.397904789216856347e+00
1.011124898444945991e-01 1.397442029406259278e+00
1.020960662306047012e-01 1.396956318499124938e+00
1.030892104011576216e-01 1.396476895926329398e+00
1.040920154272158005e-01 1.395926342669566722e+00
1.051045752851944987e-01 1.395463419063040833e+00
1.061269848656690717e-01 1.394946697656646473e+00
1.071593399822671072e-01 1.394420171755027305e+00
1.082017373806478805e-01 1.393884142662492165e+00
1.092542747475682557e-01 1.393355356181937399e+00
1.103170507200377515e-01 1.392780700148649409e+00
1.113901648945616746e-01 1.392213371528424393e+00
1.124737178364751955e-01 1.391635776982206529e+00
1.135678110893671017e-01 1.391063360488480560e+00
1.146725471845963656e-01 1.390445934288967456e+00
1.157880296509002094e-01 1.389834157836884465e+00
1.169143630240966764e-01 1.389210713865883351e+00
1.180516528568804902e-01 1.388574993275021541e+00
1.192000057287153220e-01 1.387929262722422896e+00
1.203595292558212876e-01 1.387270815097707333e+00
1.215303321012602134e-01 1.386600082131356215e+00
1.227125239851190319e-01 1.385915795211256851e+00
1.239062156947916271e-01 1.385218576427654558e+00
1.251115190953615564e-01 1.384509330818080697e+00
1.263285471400849291e-01 1.383785076469457920e+00
1.275574138809759950e-01 1.383047482960230390e+00
1.287982344794950385e-01 1.382294685770041109e+00
1.300511252173409127e-01 1.381528222819895735e+00
1.313162035073478784e-01 1.380752809183271035e+00
1.325935879044890797e-01 1.379959430966913647e+00
1.338833981169864351e-01 1.379150829970750891e+00
1.351857550175293021e-01 1.378326203513369208e+00
1.365007806546013891e-01 1.377487888182545417e+00
1.378285982639189389e-01 1.376632958592967304e+00
1.391693322799789911e-01 1.375762182037753245e+00
1.405231083477211373e-01 1.374875612214726539e+00
1.418900533343016301e-01 1.373973021677525663e+00
1.432702953409830948e-01 1.373053522787868408e+00
1.446639637151387880e-01 1.372117693166813090e+00
1.460711890623745679e-01 1.371162732561198361e+00
1.474921032587684921e-01 1.370191000331527631e+00
1.489268394632288772e-01 1.369200809914182138e+00
1.503755321299738434e-01 1.368193764465740925e+00
1.518383170211306810e-01 1.367168422145274898e+00
1.533153312194593942e-01 1.366120149306954801e+00
1.548067131411984265e-01 1.365055672460430136e+00
1.563126025490369497e-01 1.363971324553846287e+00
1.578331405652117214e-01 1.362867183036200025e+00
1.593684696847328941e-01 1.361742755074220490e+00
1.609187337887370006e-01 1.360597250669650649e+00
1.624840781579713067e-01 1.359431155161461513e+00
1.640646494864078653e-01 1.358244253189797135e+00
1.656605958949914359e-01 1.357035358104382805e+00
1.672720669455196874e-01 1.355805393552225624e+00
1.688992136546599021e-01 1.354551328360872553e+00
1.705421885081006561e-01 1.353275445897779150e+00
1.722011454748421100e-01 1.351976741256819992e+00
1.738762400216251336e-01 1.350652933705009717e+00
1.755676291275001522e-01 1.349306487289344325e+00
1.772754712985387948e-01 1.347937341894618335e+00
1.789999265826875408e-01 1.346541555671127099e+00
1.807411565847668600e-01 1.345120275009970889e+00
1.824993244816152382e-01 1.343674603003996770e+00
1.842745950373816666e-01 1.342203103572241041e+00
1.860671346189656239e-01 1.340704584017500700e+00
1.878771112116086051e-01 1.339180354982541621e+00
1.897046944346358344e-01 1.337626857065377983e+00
1.915500555573527997e-01 1.336047845647440724e+00
1.934133675150944698e-01 1.334440716120296244e+00
1.952948049254327745e-01 1.332804483353138503e+00
1.971945441045395986e-01 1.331139137980617448e+00
1.991127630837108697e-01 1.329444297746065207e+00
2.010496416260497965e-01 1.327718697516631963e+00
2.030053612433137811e-01 1.325964871979617765e+00
2.049801052129238688e-01 1.324180267525173482e+00
2.069740585951406198e-01 1.322362645195582109e+00
2.089874082504071251e-01 1.320513700598931806e+00
2.110203428568595552e-01 1.318633633417219286e+00
2.130730529280097374e-01 1.316720115325445972e+00
2.151457308305980698e-01 1.314789452917117130e+00
2.172385708026215445e-01 1.312798496997239495e+00
2.193517689715359098e-01 1.310777872063004112e+00
2.214855233726360506e-01 1.308729296900643213e+00
2.236400339676138660e-01 1.306645291239652895e+00
2.258155026632983065e-01 1.304546203994152220e+00
2.280121333305757114e-01 1.302368447419407493e+00
2.302301318234963867e-01 1.300174762190612343e+00
2.324697059985647851e-01 1.297945265672536985e+00
2.347310657342196183e-01 1.295677542446088015e+00
2.370144229505012079e-01 1.293371284185857784e+00
2.393199916289123208e-01 1.291024807157756582e+00
2.416479878324700736e-01 1.288640835046245936e+00
2.439986297259550130e-01 1.286216283106208724e+00
2.463721375963552895e-01 1.283750628607251754e+00
2.487687338735107279e-01 1.281244785413016229e+00
2.511886431509580686e-01 1.278696755458586631e+00
2.536320922069775774e-01 1.276107611122762275e+00
2.560993100258459609e-01 1.273474818820103938e+00
2.585905278192945911e-01 1.270799345599324948e+00
2.611059790481781162e-01 1.268079297604137512e+00
2.636458994443517945e-01 1.265316152149928763e+00
2.662105270327638773e-01 1.262507165254169506e+00
2.688001021537606006e-01 1.259652541831054906e+00
2.714148674856106669e-01 1.256751528384028926e+00
2.740550680672460548e-01 1.253804572064791012e+00
2.767209513212268712e-01 1.250810713987506428e+00
2.794127670769268601e-01 1.247768736085580032e+00
2.821307675939472293e-01 1.244680453938362241e+00
2.848752075857552413e-01 1.241541647947792315e+00
2.876463442435557849e-01 1.238352415627996361e+00
2.904444372603925406e-01 1.235114335939992758e+00
2.932697488554852905e-01 1.231825974507147370e+00
2.961225437988035947e-01 1.228485688728320424e+00
2.990030894358785551e-01 1.225093621109334840e+00
3.019116557128577738e-01 1.221651681680934853e+00
3.048485152018017286e-01 1.218154940164849709e+00
3.078139431262288950e-01 1.214612110480634888e+00
3.108082173869063936e-01 1.211003130149976403e+00
3.138316185878944342e-01 1.207328990998550511e+00
3.168844300628416155e-01 1.203632415621655349e+00
3.199669379015380732e-01 1.199864484741112181e+00
3.230794309767249795e-01 1.196041000128831744e+00
3.262222009711669979e-01 1.192160782708633349e+00
3.293955424049855307e-01 1.188224204914303916e+00
3.325997526632606949e-01 1.184230722881333797e+00
3.358351320238990301e-01 1.180179087091439261e+00
3.391019836857747105e-01 1.176071999585483141e+00
3.424006137971423724e-01 1.171898908041685949e+00
3.457313314843284413e-01 1.167679402191865945e+00
3.490944488806992929e-01 1.163382070259343593e+00
3.524902811559130766e-01 1.159033827175221631e+00
3.559191465454557002e-01 1.154625014543668726e+00
3.593813663804627523e-01 1.150156381363105718e+00
3.628772651178337472e-01 1.145624901118160732e+00
3.664071703706370808e-01 1.141031793535165706e+00
3.699714129388128048e-01 1.136375833491202636e+00
3.735703268401719401e-01 1.131659132473618490e+00
3.772042493416999376e-01 1.126879042395777297e+00
3.808735209911614517e-01 1.122034709504315275e+00
3.845784856490158665e-01 1.117127993085865967e+00
3.883194905206404091e-01 1.112153597244426972e+00
3.920968861888690649e-01 1.107122595954381339e+00
3.959110266468458539e-01 1.102023146320933566e+00
3.997622693312000708e-01 1.096860176255163521e+00
4.036509751555413805e-01 1.091632852983848823e+00
4.075775085442840395e-01 1.086338578851616887e+00
4.115422374667966343e-01 1.080981420770595669e+00
4.155455334718875515e-01 1.075558747536628168e+00
4.195877717226225712e-01 1.070067665239682109e+00
4.236693310314835759e-01 1.064514490382481693e+00
4.277905938958687093e-01 1.058895427851499926e+00
4.319519465339363706e-01 1.053209430837090732e+00
4.361537789208005944e-01 1.047478732780065869e+00
4.403964848250754294e-01 1.041642582639710657e+00
4.446804618457780300e-01 1.035760206495009106e+00
4.490061114495874639e-01 1.029813798805767622e+00
4.533738390084691150e-01 1.023801380174635067e+00
4.577840538376618529e-01 1.017723460084293707e+00
4.622371692340384031e-01 1.011580029403047698e+00
4.667336025148346446e-01 1.005369806750625816e+00
4.712737750567601580e-01 9.990982647287891538e-01
4.758581123354846953e-01 9.927613765111990007e-01
4.804870439655131720e-01 9.863614182495487048e-01
4.851610037404442966e-01 9.798943852056059001e-01
4.898804296736250508e-01 9.733665552805427224e-01
4.946457640391963562e-01 9.667766178622695383e-01
4.994574534135413635e-01 9.601188124247848066e-01
5.043159487171361421e-01 9.534035102310808307e-01
5.092217052568053237e-01 9.466241568601606593e-01
5.141751827683928022e-01 9.397853306954793151e-01
5.191768454598426619e-01 9.328839668729346224e-01
5.242271620547044320e-01 9.259249024200808531e-01
5.293266058360561743e-01 9.189043806409721293e-01
5.344756546908600026e-01 9.118243125087923673e-01
5.396747911547442600e-01 9.046881278667479043e-01
5.449245024572260121e-01 8.974958814627560511e-01
5.502252805673685243e-01 8.902455491803877852e-01
5.555776222398878250e-01 8.829397660746558518e-01
5.609820290617031358e-01 8.755803803376038807e-01
5.664390074989449353e-01 8.681656179005932117e-01
5.719490689444144405e-01 8.607139900782546649e-01
5.775127297655114900e-01 8.531823559868294549e-01
5.831305113526221717e-01 8.456142868173808225e-01
5.888029401679826247e-01 8.379947431106158362e-01
5.945305477950136863e-01 8.303283838030259822e-01
6.003138709881384871e-01 8.226149692209169251e-01
6.061534517230839914e-01 8.148551781014506945e-01
6.120498372476699256e-01 8.070498970092689905e-01
6.180035801330957534e-01 7.992018108528977649e-01
6.240152383257209223e-01 7.913151661706144813e-01
6.300853751993553686e-01 7.833826277397824001e-01
6.362145596080520660e-01 7.754141666830194346e-01
6.424033659394193796e-01 7.674042297356648001e-01
6.486523741684461219e-01 7.593607174150652783e-01
6.549621699118558515e-01 7.512824540616198643e-01
6.613333444829840868e-01 7.431712688762367458e-01
6.677664949471955325e-01 7.350250927053574301e-01
6.742622241778342129e-01 7.268542632015113636e-01
6.808211409127237213e-01 7.186531884865916542e-01
6.874438598112112553e-01 7.104253708071623929e-01
6.941310015117725385e-01 7.021801534089237018e-01
7.008831926901714082e-01 6.938955985041305174e-01
7.077010661181889484e-01 6.856011254481307882e-01
7.145852607229240538e-01 6.772847469868045200e-01
7.215364216466665370e-01 6.689523150451602840e-01
7.285552003073593186e-01 6.606128301114460033e-01
7.356422544596413760e-01 6.522412457545830877e-01
7.427982482564918776e-01 6.438594657263352339e-01
7.500238523114668432e-01 6.354837819435902313e-01
7.573197437615483141e-01 6.270927932679575267e-01
7.646866063305975958e-01 6.186955673690274216e-01
7.721251303934327792e-01 6.102966850066540161e-01
7.796360130405233235e-01 6.018958234577121980e-01
7.872199581433195759e-01 5.934940839035762750e-01
7.948776764202123424e-01 5.850961219879098341e-01
8.026098855031396084e-01 5.767022962929713170e-01
8.104173100048355227e-01 5.683170703579112359e-01
8.183006815867394090e-01 5.599368756420464166e-01
8.262607390275591435e-01 5.515761516071097104e-01
8.342982282925082149e-01 5.432200632149744024e-01
8.424139026032094746e-01 5.348836022147263058e-01
8.506085225082840040e-01 5.265633345392704001e-01
8.588828559546254349e-01 5.182646489309097326e-01
8.672376783593644944e-01 5.099869359411020042e-01
8.756737726825394308e-01 5.017322134763169128e-01
8.841919295004664336e-01 4.935018844023614237e-01
8.927929470798307010e-01 4.853037028103192596e-01
9.014776314524917122e-01 4.771307379149559158e-01
9.102467964910225806e-01 4.689905820873032094e-01
9.191012639849772681e-01 4.608964172844878804e-01
9.280418637179072006e-01 4.528314885814235247e-01
9.370694335451198453e-01 4.448045494258935362e-01
9.461848194722002336e-01 4.368142248062967248e-01
9.553888757342895444e-01 4.288709799482688378e-01
9.646824648761427312e-01 4.209749791525542184e-01
9.740664578329562007e-01 4.131232043944966792e-01
9.835417340119908536e-01 4.053255337271134962e-01
9.931091813749796104e-01 3.975720481496484160e-01
1.002769696521346621e+00 3.898833466408606618e-01
1.012524184772224167e+00 3.822283274389690622e-01
1.022373560255302127e+00 3.746399682606308956e-01
1.032318745990486564e+00 3.671015476234888997e-01
1.042360673976402197e+00 3.596378321889335816e-01
1.052500285277732761e+00 3.522286271237229371e-01
1.062738530113414459e+00 3.448819553273863026e-01
1.073076367945679621e+00 3.376007474370033012e-01
1.083514767569973225e+00 3.303830577948157488e-01
1.094054707205742494e+00 3.232379508686353264e-01
1.104697174588111785e+00 3.161583362576083078e-01
1.115443167060441221e+00 3.091535874744568702e-01
1.126293691667795249e+00 3.022032569060650875e-01
1.137249765251314271e+00 2.953523437907203952e-01
1.148312414543511073e+00 2.885636522821034000e-01
1.159482676264482759e+00 2.818605381641213770e-01
1.170761597219069250e+00 2.752197087339504078e-01
1.182150234394952371e+00 2.686734285862283356e-01
1.193649655061713055e+00 2.622066431214720716e-01
1.205260936870842681e+00 2.558027465546749979e-01
1.216985167956738056e+00 2.494932824345381661e-01
1.228823447038673411e+00 2.432638357375364879e-01
1.240776883523764251e+00 2.371219269963023013e-01
1.252846597610937529e+00 2.310563162128718429e-01
1.265033720395903893e+00 2.250798530991915680e-01
1.277339393977160009e+00 2.191893332284632623e-01
1.289764771563017165e+00 2.133845814665457086e-01
1.302311017579677488e+00 2.076682143470464093e-01
1.314979307780347773e+00 2.020375629972639420e-01
1.327770829355430449e+00 1.964977284217426512e-01
1.340686781043774811e+00 1.910439598144986484e-01
1.353728373245021821e+00 1.856817859283622640e-01
1.366896828133026487e+00 1.804067817686725028e-01
1.380193379770397355e+00 1.752225820808577528e-01
1.393619274224142002e+00 1.701253477815690696e-01
1.407175769682446731e+00 1.651221804694999740e-01
1.420864136572576708e+00 1.602034148699805483e-01
1.434685657679937831e+00 1.553821576809671090e-01
1.448641628268290127e+00 1.506446144692021039e-01
1.462733356201129986e+00 1.460060219857517438e-01
1.476962162064259898e+00 1.414488768741646862e-01
1.491329379289537682e+00 1.369804050286815289e-01
1.505836354279841416e+00 1.326094699755905049e-01
1.520484446535244283e+00 1.283232213872140814e-01
1.535275028780422657e+00 1.241274203089075823e-01
1.550209487093291205e+00 1.200200652365327469e-01
1.565289221034902312e+00 1.160010164075132161e-01
1.580515643780601165e+00 1.120718894876142901e-01
1.595890182252465817e+00 1.082266215033144130e-01
1.611414277253019778e+00 1.044688908785448428e-01
1.627089383600260675e+00 1.007987388104258919e-01
1.642916970263993193e+00 9.722646982396856985e-02
1.658898520503498064e+00 9.371505967726415087e-02
1.675035532006524441e+00 9.030047536672976272e-02
1.691329517029648732e+00 8.697104800485586096e-02
1.707782002539993016e+00 8.371828675362893990e-02
1.724394530358320354e+00 8.055670169876050224e-02
1.741168657303530987e+00 7.747496464727574028e-02
1.758105955338547632e+00 7.447165126957142056e-02
1.775208011717636092e+00 7.154316653611379750e-02
1.792476429135148930e+00 6.869508152967866710e-02
1.809912825875727105e+00 6.595288876840992021e-02
1.827518835965944666e+00 6.325174147118836632e-02
1.845296109327445366e+00 6.063355888129604715e-02
1.863246311931559873e+00 5.809552655501696444e-02
1.881371125955437096e+00 5.563167455179119508e-02
1.899672249939675650e+00 5.324061020111078846e-02
1.918151398947507635e+00 5.092045015951880693e-02
1.936810304725519849e+00 4.867367241298699299e-02
1.955650715865949074e+00 4.649534744610985676e-02
1.974674397970537454e+00 4.438593778626086228e-02
1.993883133816001019e+00 4.233916965246046354e-02
2.013278723521096492e+00 4.036861381450559255e-02
2.032862984715323673e+00 3.845852329515317414e-02
2.052637752709252084e+00 3.661205781664107067e-02
2.072604880666519822e+00 3.483009899846607749e-02
2.092766239777499759e+00 3.310831448781066666e-02
2.113123719434652603e+00 3.144810185946682324e-02
2.133679227409597701e+00 2.984663074365125068e-02
2.154434690031884259e+00 2.830384082133841767e-02
2.175392052369522489e+00 2.681892702038064444e-02
2.196553278411258248e+00 2.538808686020305877e-02
2.217920351250634692e+00 2.401252803099312993e-02
2.239495273271823184e+00 2.269207714751844338e-02
2.261280066337279404e+00 2.142201529709146859e-02
2.283276771977218012e+00 2.020237594360120570e-02
2.305487451580938707e+00 1.903259182586123852e-02
2.327914186589993051e+00 1.791311634096075939e-02
2.350559078693253756e+00 1.684072812555725482e-02
2.373424250023866033e+00 1.581369774269622552e-02
2.396511843358130278e+00 1.483295129895087841e-02
2.419824022316292567e+00 1.389520067346127624e-02
2.443362971565319341e+00 1.300080253118936040e-02
2.467130897023623426e+00 1.214700756893979938e-02
2.491130026067788439e+00 1.133347235161959350e-02
2.515362607741312928e+00 1.056020394227330864e-02
2.539830912965362675e+00 9.824912470258026845e-03
2.564537234751594674e+00 9.126637865130895685e-03
2.589483888417040802e+00 8.463085207127272330e-03
2.614673211801092023e+00 7.835044733796668603e-03
2.640107565484572927e+00 7.240509721484326283e-03
2.665789333010967876e+00 6.678531246769776192e-03
2.691720921109787668e+00 6.147711720510947060e-03
2.717904759922122881e+00 5.648017432164879371e-03
2.744343303228365283e+00 5.176934833933009676e-03
2.771039028678170535e+00 4.734350654054384454e-03
2.797994438022641805e+00 4.318955709116377786e-03
2.825212057348790218e+00 3.929898201093596014e-03
2.852694437316245057e+00 3.565826237019539650e-03
2.880444153396297668e+00 3.226374332012765973e-03
2.908463806113254169e+00 2.910042826589826371e-03
2.936756021288137397e+00 2.616019757313027636e-03
2.965323450284773621e+00 2.343329415181408248e-03
2.994168770258243573e+00 2.091150648977987189e-03
3.023294684405779531e+00 1.858453950885567479e-03
3.052703922220086241e+00 1.644389171242387031e-03
3.082399239745143404e+00 1.448044492078220729e-03
3.112383419834465759e+00 1.268575247052482939e-03
3.142659272411905569e+00 1.105094569134687553e-03
3.173229634734976212e+00 9.567837868159310977e-04
3.204097371660752813e+00 8.228030246171681023e-04
3.235265375914330388e+00 7.023389469610002251e-04
3.266736568359921655e+00 5.945959831731982993e-04
3.298513898274578082e+00 4.987712399267687320e-04
3.330600343624588788e+00 4.141128405601923680e-04
3.362998911344535991e+00 3.398578430940146279e-04
3.395712637619100693e+00 2.752583776547661964e-04
3.428744588167585317e+00 2.195874482330559610e-04
3.462097858531227423e+00 1.721286361617398934e-04
3.495775574363275240e+00 1.321796949396453625e-04
3.529780891721914671e+00 9.904951159955195411e-05
3.564116997366032269e+00 7.206109084261377265e-05
3.598787109053855460e+00 5.055186928765339327e-05
3.633794475844513094e+00 3.386794654426590655e-05
3.669142378402494131e+00 2.137187986991153453e-05
3.704834129305105694e+00 1.243594902010364397e-05
3.740873073352900313e+00 6.443548613238850019e-06
3.777262587883141176e+00 2.791050645720226032e-06
3.814006083086284082e+00 8.847415913063561147e-07
3.851107002325572903e+00 1.422501912906875176e-07
3.888568822459721019e+00 0.000000000000000000e+00
