1.000000000000000021e-02 1.208185231538161597e+00
1.009727545900835841e-02 1.208179839633786834e+00
1.019549716950923779e-02 1.208152494866060245e+00
1.029467433620748044e-02 1.208146978367228286e+00
1.039481625334708927e-02 1.208141056328194463e+00
1.049593230558227772e-02 1.208135197820704221e+00
1.059803196885688789e-02 1.208128874301839906e+00
1.070112481129246833e-02 1.208122792389482836e+00
1.080522049408488318e-02 1.208116596250810471e+00
1.091032877240974419e-02 1.208110235551762779e+00
1.101645949633656314e-02 1.208103787614033475e+00
1.112362261175187626e-02 1.208097029800622613e+00
1.123182816129126085e-02 1.208090324505953994e+00
1.134108628528052165e-02 1.208083364537966053e+00
1.145140722268592030e-02 1.208076320789698066e+00
1.156280131207376022e-02 1.208069491130708606e+00
1.167527899257919492e-02 1.208062232158770177e+00
1.178885080488457221e-02 1.208054751329963761e+00
1.190352739220719262e-02 1.208047210430099216e+00
1.201931950129673729e-02 1.208039589916393597e+00
1.213623798344241195e-02 1.208031688942778015e+00
1.225429379548980714e-02 1.208023694906250389e+00
1.237349800086776086e-02 1.208015529870736904e+00
1.249386177062509519e-02 1.208007146538641940e+00
1.261539638447754796e-02 1.207998645724207787e+00
1.273811323186478488e-02 1.207989970624099740e+00
1.286202381301779218e-02 1.207981148946320138e+00
1.298713974003655978e-02 1.207972125632860161e+00
1.311347273797833224e-02 1.207962914250721997e+00
1.324103464595636874e-02 1.207953504706328118e+00
1.336983741824946531e-02 1.207943968541789204e+00
1.349989312542219239e-02 1.207934168147486220e+00
1.363121395545611320e-02 1.207924339637908906e+00
1.376381221489191876e-02 1.207914165334667667e+00
1.389770032998276401e-02 1.207904024277990818e+00
1.403289084785873213e-02 1.207893141885437949e+00
1.416939643770268736e-02 1.207882304483039126e+00
1.430722989193757184e-02 1.207871245569987595e+00
1.444640412742520530e-02 1.207859793706210327e+00
1.458693218667675602e-02 1.207848477739604576e+00
1.472882723907502529e-02 1.207836348005131732e+00
1.487210258210860774e-02 1.207824448116562532e+00
1.501677164261799868e-02 1.207812711917054749e+00
1.516284797805393485e-02 1.207800371454448740e+00
1.531034527774784160e-02 1.207787374018339133e+00
1.545927736419477720e-02 1.207774512487840735e+00
1.560965819434872483e-02 1.207761493804270891e+00
1.576150186093060873e-02 1.207748891920751744e+00
1.591482259374891323e-02 1.207735387275731043e+00
1.606963476103326349e-02 1.207721517725605098e+00
1.622595287078087284e-02 1.207706557016521520e+00
1.638379157211618947e-02 1.207692031876597571e+00
1.654316565666366645e-02 1.207677127892694102e+00
1.670409005993399310e-02 1.207662077882114771e+00
1.686657986272368723e-02 1.207646860466809580e+00
1.703065029252844378e-02 1.207631359574720564e+00
1.719631672497009753e-02 1.207615465602411176e+00
1.736359468523754335e-02 1.207599659706649620e+00
1.753249984954170088e-02 1.207583302261572733e+00
1.770304804658450262e-02 1.207566497784086978e+00
1.787525525904235316e-02 1.207549322188550045e+00
1.804913762506383731e-02 1.207532810213752583e+00
1.822471143978214581e-02 1.207513943995252470e+00
1.840199315684210371e-02 1.207495683732676683e+00
1.858099938994215231e-02 1.207477048870291059e+00
1.876174691439120440e-02 1.207458007850816362e+00
1.894425266868081034e-02 1.207438611411493223e+00
1.912853375607242307e-02 1.207418759554569343e+00
1.931460744620030340e-02 1.207398761160552114e+00
1.950249117668984011e-02 1.207378093544644315e+00
1.969220255479172538e-02 1.207357076575321431e+00
1.988375935903200636e-02 1.207335944786672943e+00
2.007717954087816226e-02 1.207314283514086206e+00
2.027248122642137662e-02 1.207292138886036925e+00
2.046968271807520987e-02 1.207271384634543532e+00
2.066880249629082095e-02 1.207246538456929974e+00
2.086985922128879734e-02 1.207223045560912311e+00
2.107287173480786382e-02 1.207199069387032475e+00
2.127785906187062287e-02 1.207174809067918630e+00
2.148484041256648255e-02 1.207149838976305345e+00
2.169383518385184506e-02 1.207124029227173656e+00
2.190486296136792688e-02 1.207098171897260208e+00
2.211794352127614133e-02 1.207071804303775364e+00
2.233309683211144592e-02 1.207044633258330002e+00
2.255034305665360936e-02 1.207017091952996335e+00
2.276970255381680075e-02 1.206989253355314151e+00
2.299119588055741764e-02 1.206960706120145277e+00
2.321484379380064564e-02 1.206931337686703465e+00
2.344066725238556220e-02 1.206901843901660332e+00
2.366868741902936057e-02 1.206871809739128221e+00
2.389892566231050300e-02 1.206840979062624442e+00
2.413140355867127856e-02 1.206809125989798392e+00
2.436614289443983158e-02 1.206777125836045350e+00
2.460316566787181664e-02 1.206744423681822331e+00
2.484249409121190577e-02 1.206711043516276671e+00
2.508415059277539771e-02 1.206676886109954827e+00
2.532815781905008515e-02 1.206642090431709224e+00
2.557453863681850847e-02 1.206606828333804726e+00
2.582331613530085626e-02 1.206571095321816722e+00
2.607451362831877603e-02 1.206534490636149481e+00
2.632815465648021339e-02 1.206495672997844659e+00
2.658426298938541474e-02 1.206458647185264521e+00
2.684286262785454819e-02 1.206419745689259360e+00
2.710397780617682106e-02 1.206380315556785598e+00
2.736763299438163891e-02 1.206339788252545731e+00
2.763385290053169824e-02 1.206298517529173830e+00
2.790266247303856487e-02 1.206256706221916275e+00
2.817408690300057458e-02 1.206213940254325712e+00
2.844815162656363222e-02 1.206170286748718068e+00
2.872488232730495070e-02 1.206125215471667289e+00
2.900430493863991738e-02 1.206079871503774825e+00
2.928644564625237229e-02 1.206032585279265268e+00
2.957133089054861039e-02 1.205985484571114652e+00
2.985898736913520854e-02 1.205937637876238089e+00
3.014944203932094433e-02 1.205887771624125193e+00
3.044272212064302874e-02 1.205837917652966107e+00
3.073885509741795460e-02 1.205786672240726887e+00
3.103786872131722788e-02 1.205734661364076477e+00
3.133979101396793671e-02 1.205682411267458454e+00
3.164465026957891114e-02 1.205628676259343113e+00
3.195247505759213347e-02 1.205573454922651999e+00
3.226329422536015901e-02 1.205516431178079939e+00
3.257713690084949876e-02 1.205459337180657675e+00
3.289403249537032475e-02 1.205401129897316181e+00
3.321401070633261954e-02 1.205341792632238285e+00
3.353710152002930406e-02 1.205280570867204304e+00
3.386333521444636480e-02 1.205219354953334543e+00
3.419274236210027851e-02 1.205155589641577096e+00
3.452535383290306070e-02 1.205091179154477610e+00
3.486120079705520153e-02 1.205025705791283430e+00
3.520031472796678745e-02 1.204958964218748596e+00
3.554272740520694751e-02 1.204891135880982844e+00
3.588847091748199186e-02 1.204822810410320910e+00
3.623757766564258964e-02 1.204751197543370900e+00
3.659008036572020811e-02 1.204678808339401774e+00
3.694601205199302130e-02 1.204605097135644787e+00
3.730540608008161424e-02 1.204529699275092458e+00
3.766829613007490613e-02 1.204453226103057606e+00
3.803471620968648659e-02 1.204375215197832194e+00
3.840470065744145539e-02 1.204295529031500722e+00
3.877828414589457040e-02 1.204214345520409291e+00
3.915550168487941241e-02 1.204131484277513264e+00
3.953638862478930927e-02 1.204047258139441468e+00
3.992098065989020672e-02 1.203961450515270482e+00
4.030931383166566628e-02 1.203874034774815360e+00
4.070142453219438572e-02 1.203784910933770824e+00
4.109734950756069316e-02 1.203693995719865129e+00
4.149712586129815362e-02 1.203601077315161749e+00
4.190079105786669034e-02 1.203506448589962030e+00
4.230838292616342228e-02 1.203410149612609281e+00
4.271993966306778662e-02 1.203312037027537196e+00
4.313549983702118923e-02 1.203211652702135481e+00
4.355510239164130798e-02 1.203109471296990085e+00
4.397878664937160398e-02 1.203005209483461346e+00
4.440659231516640160e-02 1.202898879667029908e+00
4.483855948021186338e-02 1.202790420434491248e+00
4.527472862568297785e-02 1.202679685115723318e+00
4.571514062653719151e-02 1.202567183880652868e+00
4.615983675534499064e-02 1.202452022400825271e+00
4.660885868615767536e-02 1.202335895638433794e+00
4.706224849841281199e-02 1.202215173964383155e+00
4.752004868087766204e-02 1.202093543097736861e+00
4.798230213563085128e-02 1.201970129738271442e+00
4.844905218208294534e-02 1.201843644061473482e+00
4.892034256103611894e-02 1.201714723917626237e+00
4.939621743878321036e-02 1.201583626124278936e+00
4.987672141124663283e-02 1.201449767893460141e+00
5.036189950815770505e-02 1.201313371673205843e+00
5.085179719727656034e-02 1.201173983277899371e+00
5.134646038865306461e-02 1.201032665390398213e+00
5.184593543892913187e-02 1.200887450606767715e+00
5.235026915568305461e-02 1.200740782634985848e+00
5.285950880181603667e-02 1.200589844962662189e+00
5.337370209998133774e-02 1.200436578054312475e+00
5.389289723705643909e-02 1.200280855554844539e+00
5.441714286865893119e-02 1.200121788715872384e+00
5.494648812370611646e-02 1.199959354743023399e+00
5.548098260901916656e-02 1.199794235551382426e+00
5.602067641397187603e-02 1.199626009382461556e+00
5.656562011518465050e-02 1.199454175947641588e+00
5.711586478126431943e-02 1.199279125813139890e+00
5.767146197758996756e-02 1.199106424907920632e+00
5.823246377114527778e-02 1.198918850533436942e+00
5.879892273539785025e-02 1.198732941837642230e+00
5.937089195522609469e-02 1.198544148374026452e+00
5.994842503189409116e-02 1.198351625061610415e+00
6.053157608807464840e-02 1.198154301235151875e+00
6.112039977292132997e-02 1.197954237092438756e+00
6.171495126718981594e-02 1.197752486988064469e+00
6.231528628840921763e-02 1.197541552462073167e+00
6.292146109610344262e-02 1.197329377489387170e+00
6.353353249706343575e-02 1.197113841186571825e+00
6.415155785067082339e-02 1.196893173649689501e+00
6.477559507427335661e-02 1.196670866171676062e+00
6.540570264861225724e-02 1.196439716646562568e+00
6.604193962330305590e-02 1.196206842108157975e+00
6.668436562236895737e-02 1.195968532201500567e+00
6.733304084982863480e-02 1.195726728305484432e+00
6.798802609533814711e-02 1.195480355043666565e+00
6.864938273988777095e-02 1.195227259712320356e+00
6.931717276155408003e-02 1.194970137405892974e+00
6.999145874130821565e-02 1.194708300578692040e+00
7.067230386888070925e-02 1.194440862477938570e+00
7.135977194868306506e-02 1.194169576721954229e+00
7.205392740578704658e-02 1.193892788369348645e+00
7.275483529196229149e-02 1.193610946841634712e+00
7.346256129177256011e-02 1.193322596872213426e+00
7.417717172873124210e-02 1.193029457739844146e+00
7.489873357151664857e-02 1.192730431668996394e+00
7.562731444024800576e-02 1.192425655552552755e+00
7.636298261282241373e-02 1.192115528225990095e+00
7.710580703131336699e-02 1.191798358563115556e+00
7.785585730843146146e-02 1.191475716562597986e+00
7.861320373404813433e-02 1.191163687739015264e+00
7.937791728178281159e-02 1.190812012841379053e+00
8.015006961565404597e-02 1.190470873967865550e+00
8.092973309679550586e-02 1.190122935320229169e+00
8.171698079023696770e-02 1.189768365943292494e+00
8.251188647175167201e-02 1.189415143153482290e+00
8.331452463477014014e-02 1.189037941970672474e+00
8.412497049736118726e-02 1.188662061659803593e+00
8.494330000928071445e-02 1.188278930791689003e+00
8.576958985908941790e-02 1.187890751373938292e+00
8.660391748133952627e-02 1.187491110070443945e+00
8.744636106383144036e-02 1.187088216052413880e+00
8.829699955494091368e-02 1.186676089229508291e+00
8.915591267101763417e-02 1.186255341800997121e+00
9.002318090385581784e-02 1.185826872622720796e+00
9.089888552823731371e-02 1.185389036637141791e+00
9.178310860954806694e-02 1.184944052430102035e+00
9.267593301146882789e-02 1.184488438673849897e+00
9.357744240374062106e-02 1.184030341791811658e+00
9.448772127000577836e-02 1.183557427450510291e+00
9.540685491572513388e-02 1.183077807329159237e+00
9.633492947617222635e-02 1.182585216242357351e+00
9.727203192450542546e-02 1.182090469492949714e+00
9.821825007991856482e-02 1.181582406082930081e+00
9.917367261587073379e-02 1.181064698965060833e+00
1.001383890683960748e-01 1.180537423296871724e+00
1.011124898444945991e-01 1.180001213901762380e+00
1.020960662306047012e-01 1.179458557414728270e+00
1.030892104011576216e-01 1.178896474304948150e+00
1.040920154272158005e-01 1.178329418745624579e+00
1.051045752851944987e-01 1.177749795398624677e+00
1.061269848656690717e-01 1.177160291010018511e+00
1.071593399822671072e-01 1.176559555091317932e+00
1.082017373806478805e-01 1.175948682832950176e+00
1.092542747475682557e-01 1.175326118270299869e+00
1.103170507200377515e-01 1.174688590980244030e+00
1.113901648945616746e-01 1.174041381305651832e+00
1.124737178364751955e-01 1.173384635747282800e+00
1.135678110893671017e-01 1.172708988446120593e+00
1.146725471845963656e-01 1.172025345312315503e+00
1.157880296509002094e-01 1.171337088155316009e+00
1.169143630240966764e-01 1.170617862096178685e+00
1.180516528568804902e-01 1.169894424541717326e+00
1.192000057287153220e-01 1.169157016983964237e+00
1.203595292558212876e-01 1.168406936663147100e+00
1.215303321012602134e-01 1.167641670761788708e+00
1.227125239851190319e-01 1.166862416333485752e+00
1.239062156947916271e-01 1.166069503919919370e+00
1.251115190953615564e-01 1.165260387632927053e+00
1.263285471400849291e-01 1.164437349624524387e+00
1.275574138809759950e-01 1.163599094794357747e+00
1.287982344794950385e-01 1.162745240467980334e+00
1.300511252173409127e-01 1.161874385999660086e+00
1.313162035073478784e-01 1.160988647544617614e+00
1.325935879044890797e-01 1.160086481928713775e+00
1.338833981169864351e-01 1.159167517033696804e+00
1.351857550175293021e-01 1.158232199662930118e+00
1.365007806546013891e-01 1.157277950003057221e+00
1.378285982639189389e-01 1.156270492316323839e+00
1.391693322799789911e-01 1.155320440135541027e+00
1.405231083477211373e-01 1.154313634051986392e+00
1.418900533343016301e-01 1.153288633519636175e+00
1.432702953409830948e-01 1.152244557247178447e+00
1.446639637151387880e-01 1.151181035242537787e+00
1.460711890623745679e-01 1.150099135273499940e+00
1.474921032587684921e-01 1.148996897046970167e+00
1.489268394632288772e-01 1.147875716304564975e+00
1.503755321299738434e-01 1.146732972450781096e+00
1.518383170211306810e-01 1.145569251248283349e+00
1.533153312194593942e-01 1.144385193513038468e+00
1.548067131411984265e-01 1.143189544868560281e+00
1.563126025490369497e-01 1.141952597045333473e+00
1.578331405652117214e-01 1.140703354025287775e+00
1.593684696847328941e-01 1.139430811120474285e+00
1.609187337887370006e-01 1.138137013321069535e+00
1.624840781579713067e-01 1.136832597662687849e+00
1.640646494864078653e-01 1.135477147163718170e+00
1.656605958949914359e-01 1.134111006677547495e+00
1.672720669455196874e-01 1.132721779224314274e+00
1.688992136546599021e-01 1.131307054355002339e+00
1.705421885081006561e-01 1.129867507925393699e+00
1.722011454748421100e-01 1.128401334360936703e+00
1.738762400216251336e-01 1.126910006487019222e+00
1.755676291275001522e-01 1.125392595144223629e+00
1.772754712985387948e-01 1.123848137006691505e+00
1.789999265826875408e-01 1.122276169722981276e+00
1.807411565847668600e-01 1.120676642731431194e+00
1.824993244816152382e-01 1.119050016511122569e+00
1.842745950373816666e-01 1.117394208028510638e+00
1.860671346189656239e-01 1.115709191025388680e+00
1.878771112116086051e-01 1.113995021589246681e+00
1.897046944346358344e-01 1.112251164996204134e+00
1.915500555573527997e-01 1.110477172904175802e+00
1.934133675150944698e-01 1.108672272508756329e+00
1.952948049254327745e-01 1.106836353105539628e+00
1.971945441045395986e-01 1.104968808765716792e+00
1.991127630837108697e-01 1.103068811923548109e+00
2.010496416260497965e-01 1.101136582099842443e+00
2.030053612433137811e-01 1.099172687252065961e+00
2.049801052129238688e-01 1.097174599460934763e+00
2.069740585951406198e-01 1.095152028612545347e+00
2.089874082504071251e-01 1.093074851399129743e+00
2.110203428568595552e-01 1.090973210347381706e+00
2.130730529280097374e-01 1.088835704586327502e+00
2.151457308305980698e-01 1.086662602909471476e+00
2.172385708026215445e-01 1.084454111793752951e+00
2.193517689715359098e-01 1.082208024927045598e+00
2.214855233726360506e-01 1.079923691187218315e+00
2.236400339676138660e-01 1.077603194817125853e+00
2.258155026632983065e-01 1.075237102338901130e+00
2.280121333305757114e-01 1.072845241193717047e+00
2.302301318234963867e-01 1.070407397542459282e+00
2.324697059985647851e-01 1.067930465954104013e+00
2.347310657342196183e-01 1.065410693401215969e+00
2.370144229505012079e-01 1.062852969551247417e+00
2.393199916289123208e-01 1.060253177196690544e+00
2.416479878324700736e-01 1.057612211592724449e+00
2.439986297259550130e-01 1.054928072134329264e+00
2.463721375963552895e-01 1.052199555448894097e+00
2.487687338735107279e-01 1.049428955294728238e+00
2.511886431509580686e-01 1.046614200521897908e+00
2.536320922069775774e-01 1.043756353762208544e+00
2.560993100258459609e-01 1.040852121927088092e+00
2.585905278192945911e-01 1.037903419148890505e+00
2.611059790481781162e-01 1.034909716713629191e+00
2.636458994443517945e-01 1.031867240305216704e+00
2.662105270327638773e-01 1.028777952282909691e+00
2.688001021537606006e-01 1.025643220597228122e+00
2.714148674856106669e-01 1.022460124412991389e+00
2.740550680672460548e-01 1.019228043526047234e+00
2.767209513212268712e-01 1.015947349908014719e+00
2.794127670769268601e-01 1.012622038429083604e+00
2.821307675939472293e-01 1.009241079714138012e+00
2.848752075857552413e-01 1.005807775985349872e+00
2.876463442435557849e-01 1.002328264862669238e+00
2.904444372603925406e-01 9.987971707974140356e-01
2.932697488554852905e-01 9.952131675568830493e-01
2.961225437988035947e-01 9.915813997945165381e-01
2.990030894358785551e-01 9.878904223026324649e-01
3.019116557128577738e-01 9.841508814959686324e-01
3.048485152018017286e-01 9.803571615939702388e-01
3.078139431262288950e-01 9.765102412185261427e-01
3.108082173869063936e-01 9.726085141022392522e-01
3.138316185878944342e-01 9.686535387728502089e-01
3.168844300628416155e-01 9.646423761832138011e-01
3.199669379015380732e-01 9.605761125570073666e-01
3.230794309767249795e-01 9.564562925856960884e-01
3.262222009711669979e-01 9.522796971385723008e-01
3.293955424049855307e-01 9.480463124656164364e-01
3.325997526632606949e-01 9.437568904042398232e-01
3.358351320238990301e-01 9.394089529847179376e-01
3.391019836857747105e-01 9.350072660216376397e-01
3.424006137971423724e-01 9.305473992353766599e-01
3.457313314843284413e-01 9.260303033165004916e-01
3.490944488806992929e-01 9.214539497827555214e-01
3.524902811559130766e-01 9.168207493744848779e-01
3.559191465454557002e-01 9.121287453366189180e-01
3.593813663804627523e-01 9.073791006656184432e-01
3.628772651178337472e-01 9.025716737090659914e-01
3.664071703706370808e-01 8.977050004072265610e-01
3.699714129388128048e-01 8.927799063305655869e-01
3.735703268401719401e-01 8.877966758765709621e-01
3.772042493416999376e-01 8.827546663996475029e-01
3.808735209911614517e-01 8.776529427147118367e-01
3.845784856490158665e-01 8.724918340020009211e-01
3.883194905206404091e-01 8.672742672921296414e-01
3.920968861888690649e-01 8.619972752706737129e-01
3.959110266468458539e-01 8.566613829017173387e-01
3.997622693312000708e-01 8.512666485909984315e-01
4.036509751555413805e-01 8.458147929020192191e-01
4.075775085442840395e-01 8.403035464623417328e-01
4.115422374667966343e-01 8.347442424137611061e-01
4.155455334718875515e-01 8.291092599794387397e-01
4.195877717226225712e-01 8.234260353095573803e-01
4.236693310314835759e-01 8.176883522771652979e-01
4.277905938958687093e-01 8.118861766631798593e-01
4.319519465339363706e-01 8.060322977088760776e-01
4.361537789208005944e-01 8.001209357450884685e-01
4.403964848250754294e-01 7.941554931924089678e-01
4.446804618457780300e-01 7.881334417663551362e-01
4.490061114495874639e-01 7.820583225675244998e-01
4.533738390084691150e-01 7.759274632821095974e-01
4.577840538376618529e-01 7.697431503564108324e-01
4.622371692340384031e-01 7.635041889454569075e-01
4.667336025148346446e-01 7.572164370933739397e-01
4.712737750567601580e-01 7.508740375947416945e-01
4.758581123354846953e-01 7.444834278836599539e-01
4.804870439655131720e-01 7.380394530004933396e-01
4.851610037404442966e-01 7.315477448086372680e-01
4.898804296736250508e-01 7.250090300227847173e-01
4.946457640391963562e-01 7.184203777209553499e-01
4.994574534135413635e-01 7.117892122815930867e-01
5.043159487171361421e-01 7.051289288737568883e-01
5.092217052568053237e-01 6.983786011314593312e-01
5.141751827683928022e-01 6.916187553599564275e-01
5.191768454598426619e-01 6.847957909240131036e-01
5.242271620547044320e-01 6.779429387946489527e-01
5.293266058360561743e-01 6.710486565230049383e-01
5.344756546908600026e-01 6.641128376800806699e-01
5.396747911547442600e-01 6.571428285508683631e-01
5.449245024572260121e-01 6.501341890589773520e-01
5.502252805673685243e-01 6.430894571028735740e-01
5.555776222398878250e-01 6.360126289900276397e-01
5.609820290617031358e-01 6.289021637331937420e-01
5.664390074989449353e-01 6.217596605590821612e-01
5.719490689444144405e-01 6.145877126344536645e-01
5.775127297655114900e-01 6.073870415184026150e-01
5.831305113526221717e-01 6.001613368809473048e-01
5.888029401679826247e-01 5.929090933709435518e-01
5.945305477950136863e-01 5.856503724619004370e-01
6.003138709881384871e-01 5.783303221418840678e-01
6.061534517230839914e-01 5.710170092647179896e-01
6.120498372476699256e-01 5.636816380963826090e-01
6.180035801330957534e-01 5.563296362870593370e-01
6.240152383257209223e-01 5.489599801504979615e-01
6.300853751993553686e-01 5.415798401714793098e-01
6.362145596080520660e-01 5.341899247776324966e-01
6.424033659394193796e-01 5.267840661944782621e-01
6.486523741684461219e-01 5.193727731000106207e-01
6.549621699118558515e-01 5.119537485469197735e-01
6.613333444829840868e-01 5.045399102234235933e-01
6.677664949471955325e-01 4.971188236429411322e-01
6.742622241778342129e-01 4.896981397545744907e-01
6.808211409127237213e-01 4.822792395198590709e-01
6.874438598112112553e-01 4.748648450992832837e-01
6.941310015117725385e-01 4.674563786454489778e-01
7.008831926901714082e-01 4.600553950950809212e-01
7.077010661181889484e-01 4.526653792053110803e-01
7.145852607229240538e-01 4.452872050446311514e-01
7.215364216466665370e-01 4.379295307863743103e-01
7.285552003073593186e-01 4.305715494615969252e-01
7.356422544596413760e-01 4.232485023440517580e-01
7.427982482564918776e-01 4.159409049779695944e-01
7.500238523114668432e-01 4.086556779054642541e-01
7.573197437615483141e-01 4.013954134648347050e-01
7.646866063305975958e-01 3.941600952163449301e-01
7.721251303934327792e-01 3.869571275612609940e-01
7.796360130405233235e-01 3.797810702240672631e-01
7.872199581433195759e-01 3.726517788318431390e-01
7.948776764202123424e-01 3.655349993041527856e-01
8.026098855031396084e-01 3.584677069887618472e-01
8.104173100048355227e-01 3.514282761097990981e-01
8.183006815867394090e-01 3.444450550996635552e-01
8.262607390275591435e-01 3.374981719761991350e-01
8.342982282925082149e-01 3.306027230468304712e-01
8.424139026032094746e-01 3.237421646860511038e-01
8.506085225082840040e-01 3.169434186012791699e-01
8.588828559546254349e-01 3.101963772427084320e-01
8.672376783593644944e-01 3.034815888774189951e-01
8.756737726825394308e-01 2.968392493706169533e-01
8.841919295004664336e-01 2.902474776286377289e-01
8.927929470798307010e-01 2.837172845185072512e-01
9.014776314524917122e-01 2.772390087593269992e-01
9.102467964910225806e-01 2.708255629851198387e-01
9.191012639849772681e-01 2.644749246177376945e-01
9.280418637179072006e-01 2.581877069206228170e-01
9.370694335451198453e-01 2.519667236845254954e-01
9.461848194722002336e-01 2.458168218522532311e-01
9.553888757342895444e-01 2.397306161321648976e-01
9.646824648761427312e-01 2.337159649123497218e-01
9.740664578329562007e-01 2.277771849127867565e-01
9.835417340119908536e-01 2.219030903861347881e-01
9.931091813749796104e-01 2.161076837562407038e-01
1.002769696521346621e+00 2.103845609944224593e-01
1.012524184772224167e+00 2.047417449581021287e-01
1.022373560255302127e+00 1.991709705136813224e-01
1.032318745990486564e+00 1.936859905574378760e-01
1.042360673976402197e+00 1.882782425546067062e-01
1.052500285277732761e+00 1.829437278177033499e-01
1.062738530113414459e+00 1.777000032113545958e-01
1.073076367945679621e+00 1.725305442171434223e-01
1.083514767569973225e+00 1.674509470352449625e-01
1.094054707205742494e+00 1.624505588951134505e-01
1.104697174588111785e+00 1.575348997930396955e-01
1.115443167060441221e+00 1.527036190795242054e-01
1.126293691667795249e+00 1.479569292692637927e-01
1.137249765251314271e+00 1.432983273661660728e-01
1.148312414543511073e+00 1.387221922014782727e-01
1.159482676264482759e+00 1.342304458607190831e-01
1.170761597219069250e+00 1.298274206721517499e-01
1.182150234394952371e+00 1.255200642071093442e-01
1.193649655061713055e+00 1.212806458689497657e-01
1.205260936870842681e+00 1.171373618065317534e-01
1.216985167956738056e+00 1.130822351430734174e-01
1.228823447038673411e+00 1.091069493881151181e-01
1.240776883523764251e+00 1.052273092939426946e-01
1.252846597610937529e+00 1.014326434579049946e-01
1.265033720395903893e+00 9.772154259440760105e-02
1.277339393977160009e+00 9.409054927438931237e-02
1.289764771563017165e+00 9.055536187243351520e-02
1.302311017579677488e+00 8.712180581416903435e-02
1.314979307780347773e+00 8.373794997731504042e-02
1.327770829355430449e+00 8.044725263361554579e-02
1.340686781043774811e+00 7.724620573957953484e-02
1.353728373245021821e+00 7.412852152644695825e-02
1.366896828133026487e+00 7.109320831306971400e-02
1.380193379770397355e+00 6.813855347250859229e-02
1.393619274224142002e+00 6.526814114107615250e-02
1.407175769682446731e+00 6.247652965638400557e-02
1.420864136572576708e+00 5.976507339234689298e-02
1.434685657679937831e+00 5.712850749796478944e-02
1.448641628268290127e+00 5.457771632149956142e-02
1.462733356201129986e+00 5.210026452961923071e-02
1.476962162064259898e+00 4.969904778037562143e-02
1.491329379289537682e+00 4.737351796645107582e-02
1.505836354279841416e+00 4.512108791153398440e-02
1.520484446535244283e+00 4.294252375925903392e-02
1.535275028780422657e+00 4.083610755317746560e-02
1.550209487093291205e+00 3.880086802155467696e-02
1.565289221034902312e+00 3.683538173545579386e-02
1.580515643780601165e+00 3.493890943209241456e-02
1.595890182252465817e+00 3.310988784414491126e-02
1.611414277253019778e+00 3.134929317249039726e-02
1.627089383600260675e+00 2.965156753577032761e-02
1.642916970263993193e+00 2.801746920707389246e-02
1.658898520503498064e+00 2.644602206982472198e-02
1.675035532006524441e+00 2.493835346407790102e-02
1.691329517029648732e+00 2.349173541643899063e-02
1.707782002539993016e+00 2.210065847607773498e-02
1.724394530358320354e+00 2.077017884767713707e-02
1.741168657303530987e+00 1.949503011336859229e-02
1.758105955338547632e+00 1.827594712310789613e-02
1.775208011717636092e+00 1.710945289579235418e-02
1.792476429135148930e+00 1.599541533930533277e-02
1.809912825875727105e+00 1.493401649629338100e-02
1.827518835965944666e+00 1.392241865543754689e-02
1.845296109327445366e+00 1.295943525136366951e-02
1.863246311931559873e+00 1.204247595556115664e-02
1.881371125955437096e+00 1.117252795267263156e-02
1.899672249939675650e+00 1.034708283323708053e-02
1.918151398947507635e+00 9.565055990383302537e-03
1.936810304725519849e+00 8.824716369007480632e-03
1.955650715865949074e+00 8.126164399093444013e-03
1.974674397970537454e+00 7.466052629174601239e-03
1.993883133816001019e+00 6.844441544511198870e-03
2.013278723521096492e+00 6.259644563916303382e-03
2.032862984715323673e+00 5.710610827657905397e-03
2.052637752709252084e+00 5.195566082992902034e-03
2.072604880666519822e+00 4.714181017512178787e-03
2.092766239777499759e+00 4.264436898940092424e-03
2.113123719434652603e+00 3.845322769864490276e-03
2.133679227409597701e+00 3.455876212261421200e-03
2.154434690031884259e+00 3.094124577396314534e-03
2.175392052369522489e+00 2.759655631341959795e-03
2.196553278411258248e+00 2.450908919920513369e-03
2.217920351250634692e+00 2.167111528377123949e-03
2.239495273271823184e+00 1.906715165762714768e-03
2.261280066337279404e+00 1.668712466373233148e-03
2.283276771977218012e+00 1.451995863099386427e-03
2.305487451580938707e+00 1.255441470137475543e-03
2.327914186589993051e+00 1.077971017481871904e-03
2.350559078693253756e+00 9.185338032346777957e-04
2.373424250023866033e+00 7.760255799335345284e-04
2.396511843358130278e+00 6.494406618431773116e-04
2.419824022316292567e+00 5.377463899944339614e-04
2.443362971565319341e+00 4.399253252214273984e-04
2.467130897023623426e+00 3.549918454550011235e-04
2.491130026067788439e+00 2.819660747421224071e-04
2.515362607741312928e+00 2.198871504936099146e-04
2.539830912965362675e+00 1.678097456747536253e-04
2.564537234751594674e+00 1.248014246216599228e-04
2.589483888417040802e+00 8.995189776616398800e-05
2.614673211801092023e+00 6.236077544517684007e-05
2.640107565484572927e+00 4.114294042732709002e-05
2.665789333010967876e+00 2.543083702418285678e-05
2.691720921109787668e+00 1.437024917353863888e-05
2.717904759922122881e+00 7.121309373730649689e-06
2.744343303228365283e+00 2.857848236591301886e-06
2.771039028678170535e+00 7.661124326999635201e-07
2.797994438022641805e+00 0.000000000000000000e+00
