1.000000000000000021e-02 1.596979664020270251e+00
1.009727545900835841e-02 1.596975366838971899e+00
1.019549716950923779e-02 1.596970907193445255e+00
1.029467433620748044e-02 1.596965816737372146e+00
1.039481625334708927e-02 1.596961246221890063e+00
1.049593230558227772e-02 1.596956621941289622e+00
1.059803196885688789e-02 1.596951832027844187e+00
1.070112481129246833e-02 1.596947648869632586e+00
1.080522049408488318e-02 1.596942515760291670e+00
1.091032877240974419e-02 1.596937024238920477e+00
1.101645949633656314e-02 1.596931944659288449e+00
1.112362261175187626e-02 1.596926736461887764e+00
1.123182816129126085e-02 1.596921604627896452e+00
1.134108628528052165e-02 1.596916097077322627e+00
1.145140722268592030e-02 1.596910347727694690e+00
1.156280131207376022e-02 1.596904601693767134e+00
1.167527899257919492e-02 1.596898753048888064e+00
1.178885080488457221e-02 1.596893895102175609e+00
1.190352739220719262e-02 1.596886438863762692e+00
1.201931950129673729e-02 1.596880243009571876e+00
1.213623798344241195e-02 1.596874475884868971e+00
1.225429379548980714e-02 1.596868040052717097e+00
1.237349800086776086e-02 1.596861627972203879e+00
1.249386177062509519e-02 1.596854833421588626e+00
1.261539638447754796e-02 1.596848010245176086e+00
1.273811323186478488e-02 1.596840011449955909e+00
1.286202381301779218e-02 1.596832899064148714e+00
1.298713974003655978e-02 1.596825648164191147e+00
1.311347273797833224e-02 1.596819525308153187e+00
1.324103464595636874e-02 1.596812078773740984e+00
1.336983741824946531e-02 1.596804484428745230e+00
1.349989312542219239e-02 1.596796115242881564e+00
1.363121395545611320e-02 1.596788214276005258e+00
1.376381221489191876e-02 1.596780103429653153e+00
1.389770032998276401e-02 1.596771828983904351e+00
1.403289084785873213e-02 1.596762125467055204e+00
1.416939643770268736e-02 1.596753507812241235e+00
1.430722989193757184e-02 1.596744708705073679e+00
1.444640412742520530e-02 1.596735773043758577e+00
1.458693218667675602e-02 1.596726700766317952e+00
1.472882723907502529e-02 1.596717495179074131e+00
1.487210258210860774e-02 1.596708117150834161e+00
1.501677164261799868e-02 1.596699135339512576e+00
1.516284797805393485e-02 1.596689361835970100e+00
1.531034527774784160e-02 1.596679256860209728e+00
1.545927736419477720e-02 1.596669085333509264e+00
1.560965819434872483e-02 1.596658704728316502e+00
1.576150186093060873e-02 1.596648129282272732e+00
1.591482259374891323e-02 1.596637344404322700e+00
1.606963476103326349e-02 1.596626157287094339e+00
1.622595287078087284e-02 1.596615282992608797e+00
1.638379157211618947e-02 1.596603406830606975e+00
1.654316565666366645e-02 1.596591728545300182e+00
1.670409005993399310e-02 1.596579749347227128e+00
1.686657986272368723e-02 1.596567838759918478e+00
1.703065029252844378e-02 1.596555559112886380e+00
1.719631672497009753e-02 1.596542913840254929e+00
1.736359468523754335e-02 1.596529984071776820e+00
1.753249984954170088e-02 1.596520903139757808e+00
1.770304804658450262e-02 1.596503521313410223e+00
1.787525525904235316e-02 1.596490008347467571e+00
1.804913762506383731e-02 1.596477691473638938e+00
1.822471143978214581e-02 1.596461748017008020e+00
1.840199315684210371e-02 1.596447265863188969e+00
1.858099938994215231e-02 1.596432502169329082e+00
1.876174691439120440e-02 1.596417117545089637e+00
1.894425266868081034e-02 1.596401745358305257e+00
1.912853375607242307e-02 1.596386081960992964e+00
1.931460744620030340e-02 1.596370135114219435e+00
1.950249117668984011e-02 1.596354034135678113e+00
1.969220255479172538e-02 1.596337418315564749e+00
1.988375935903200636e-02 1.596320342082345523e+00
2.007717954087816226e-02 1.596302916291329588e+00
2.027248122642137662e-02 1.596285225951737718e+00
2.046968271807520987e-02 1.596266370216356423e+00
2.066880249629082095e-02 1.596247733040809580e+00
2.086985922128879734e-02 1.596229129861887142e+00
2.107287173480786382e-02 1.596210155764968830e+00
2.127785906187062287e-02 1.596191522489813996e+00
2.148484041256648255e-02 1.596171711802709448e+00
2.169383518385184506e-02 1.596150903357537398e+00
2.190486296136792688e-02 1.596130311506313459e+00
2.211794352127614133e-02 1.596110843084371345e+00
2.233309683211144592e-02 1.596089394531858163e+00
2.255034305665360936e-02 1.596067428912747221e+00
2.276970255381680075e-02 1.596045229930899589e+00
2.299119588055741764e-02 1.596021319242042713e+00
2.321484379380064564e-02 1.595998243527095406e+00
2.344066725238556220e-02 1.595975359171529995e+00
2.366868741902936057e-02 1.595950895665462443e+00
2.389892566231050300e-02 1.595926334613155806e+00
2.413140355867127856e-02 1.595901332423848462e+00
2.436614289443983158e-02 1.595875829088646558e+00
2.460316566787181664e-02 1.595849793209427325e+00
2.484249409121190577e-02 1.595823234279319713e+00
2.508415059277539771e-02 1.595796814058819457e+00
2.532815781905008515e-02 1.595768671878553535e+00
2.557453863681850847e-02 1.595740721405233264e+00
2.582331613530085626e-02 1.595712064003710351e+00
2.607451362831877603e-02 1.595682609474680103e+00
2.632815465648021339e-02 1.595652473273676542e+00
2.658426298938541474e-02 1.595622066357240687e+00
2.684286262785454819e-02 1.595592148582668734e+00
2.710397780617682106e-02 1.595560257247185643e+00
2.736763299438163891e-02 1.595528821346992254e+00
2.763385290053169824e-02 1.595495421144613291e+00
2.790266247303856487e-02 1.595461894880349396e+00
2.817408690300057458e-02 1.595427625425374529e+00
2.844815162656363222e-02 1.595393164907139116e+00
2.872488232730495070e-02 1.595354413822691830e+00
2.900430493863991738e-02 1.595320782963870476e+00
2.928644564625237229e-02 1.595283523084479516e+00
2.957133089054861039e-02 1.595245199345209031e+00
2.985898736913520854e-02 1.595207275716822082e+00
3.014944203932094433e-02 1.595168332529079747e+00
3.044272212064302874e-02 1.595129109349020968e+00
3.073885509741795460e-02 1.595088377932681656e+00
3.103786872131722788e-02 1.595046864392587249e+00
3.133979101396793671e-02 1.595004616769919226e+00
3.164465026957891114e-02 1.594961403143670742e+00
3.195247505759213347e-02 1.594917149383515254e+00
3.226329422536015901e-02 1.594872061632348403e+00
3.257713690084949876e-02 1.594826473633987662e+00
3.289403249537032475e-02 1.594780040098283447e+00
3.321401070633261954e-02 1.594732863153707880e+00
3.353710152002930406e-02 1.594683923172600881e+00
3.386333521444636480e-02 1.594635990414341009e+00
3.419274236210027851e-02 1.594586453440377971e+00
3.452535383290306070e-02 1.594535100737258126e+00
3.486120079705520153e-02 1.594482276964407808e+00
3.520031472796678745e-02 1.594428977831648941e+00
3.554272740520694751e-02 1.594375057880908386e+00
3.588847091748199186e-02 1.594319584992644367e+00
3.623757766564258964e-02 1.594262863954387655e+00
3.659008036572020811e-02 1.594205098147354782e+00
3.694601205199302130e-02 1.594146331149761009e+00
3.730540608008161424e-02 1.594086977311553577e+00
3.766829613007490613e-02 1.594026464985055291e+00
3.803471620968648659e-02 1.593964145052698234e+00
3.840470065744145539e-02 1.593900717706125070e+00
3.877828414589457040e-02 1.593836128715484080e+00
3.915550168487941241e-02 1.593770140937397217e+00
3.953638862478930927e-02 1.593705470006887337e+00
3.992098065989020672e-02 1.593635297324037969e+00
4.030931383166566628e-02 1.593565301880663254e+00
4.070142453219438572e-02 1.593494395526189766e+00
4.109734950756069316e-02 1.593421703274991996e+00
4.149712586129815362e-02 1.593347652688485772e+00
4.190079105786669034e-02 1.593272121915572104e+00
4.230838292616342228e-02 1.593195471226965365e+00
4.271993966306778662e-02 1.593117085303418445e+00
4.313549983702118923e-02 1.593036451491465888e+00
4.355510239164130798e-02 1.592954853517035252e+00
4.397878664937160398e-02 1.592871595388626771e+00
4.440659231516640160e-02 1.592786086197112150e+00
4.483855948021186338e-02 1.592699859006649676e+00
4.527472862568297785e-02 1.592611798622929120e+00
4.571514062653719151e-02 1.592521922115634592e+00
4.615983675534499064e-02 1.592430169483726177e+00
4.660885868615767536e-02 1.592336715356312160e+00
4.706224849841281199e-02 1.592242001625822745e+00
4.752004868087766204e-02 1.592145249124939266e+00
4.798230213563085128e-02 1.592046437586108754e+00
4.844905218208294534e-02 1.591946058999058389e+00
4.892034256103611894e-02 1.591843855058857393e+00
4.939621743878321036e-02 1.591739228613689550e+00
4.987672141124663283e-02 1.591631801177169514e+00
5.036189950815770505e-02 1.591524033991768894e+00
5.085179719727656034e-02 1.591412687785491720e+00
5.134646038865306461e-02 1.591297649181458329e+00
5.184593543892913187e-02 1.591184603850669843e+00
5.235026915568305461e-02 1.591067158675973925e+00
5.285950880181603667e-02 1.590947950828512703e+00
5.337370209998133774e-02 1.590825812321878141e+00
5.389289723705643909e-02 1.590701505095375223e+00
5.441714286865893119e-02 1.590574408549951579e+00
5.494648812370611646e-02 1.590445149578441075e+00
5.548098260901916656e-02 1.590312856693879784e+00
5.602067641397187603e-02 1.590177889904177633e+00
5.656562011518465050e-02 1.590040274637471773e+00
5.711586478126431943e-02 1.589900776571083751e+00
5.767146197758996756e-02 1.589758991368432461e+00
5.823246377114527778e-02 1.589614399947534062e+00
5.879892273539785025e-02 1.589465740202901989e+00
5.937089195522609469e-02 1.589314536123191735e+00
5.994842503189409116e-02 1.589160568485717295e+00
6.053157608807464840e-02 1.589004214938380066e+00
6.112039977292132997e-02 1.588843690060291580e+00
6.171495126718981594e-02 1.588681668575761430e+00
6.231528628840921763e-02 1.588515483474028711e+00
6.292146109610344262e-02 1.588344775996883618e+00
6.353353249706343575e-02 1.588172684521906852e+00
6.415155785067082339e-02 1.587996493031697431e+00
6.477559507427335661e-02 1.587817546581655748e+00
6.540570264861225724e-02 1.587635963316272436e+00
6.604193962330305590e-02 1.587449876947376382e+00
6.668436562236895737e-02 1.587259338073493176e+00
6.733304084982863480e-02 1.587065116188735914e+00
6.798802609533814711e-02 1.586867679119202235e+00
6.864938273988777095e-02 1.586666122729684103e+00
6.931717276155408003e-02 1.586462179498127734e+00
6.999145874130821565e-02 1.586253232090547804e+00
7.067230386888070925e-02 1.586041028991927115e+00
7.135977194868306506e-02 1.585822555686006607e+00
7.205392740578704658e-02 1.585600874460705079e+00
7.275483529196229149e-02 1.585374707843169917e+00
7.346256129177256011e-02 1.585144467048218875e+00
7.417717172873124210e-02 1.584911585909845932e+00
7.489873357151664857e-02 1.584671891850870207e+00
7.562731444024800576e-02 1.584425834273667899e+00
7.636298261282241373e-02 1.584177193776577397e+00
7.710580703131336699e-02 1.583924312370715404e+00
7.785585730843146146e-02 1.583666636892807178e+00
7.861320373404813433e-02 1.583404189746551616e+00
7.937791728178281159e-02 1.583137098613220717e+00
8.015006961565404597e-02 1.582864370495436823e+00
8.092973309679550586e-02 1.582586095881194588e+00
8.171698079023696770e-02 1.582302434369209587e+00
8.251188647175167201e-02 1.582013437844569603e+00
8.331452463477014014e-02 1.581717446311715847e+00
8.412497049736118726e-02 1.581418479113779751e+00
8.494330000928071445e-02 1.581111770813852457e+00
8.576958985908941790e-02 1.580799338839490531e+00
8.660391748133952627e-02 1.580481082417711791e+00
8.744636106383144036e-02 1.580156700893663668e+00
8.829699955494091368e-02 1.579824937556405962e+00
8.915591267101763417e-02 1.579487431106820772e+00
9.002318090385581784e-02 1.579142692913618307e+00
9.089888552823731371e-02 1.578792947726707085e+00
9.178310860954806694e-02 1.578435309330552538e+00
9.267593301146882789e-02 1.578072155109599972e+00
9.357744240374062106e-02 1.577701942706297711e+00
9.448772127000577836e-02 1.577325004115424312e+00
9.540685491572513388e-02 1.576939496821829101e+00
9.633492947617222635e-02 1.576546586463905664e+00
9.727203192450542546e-02 1.576147838941184265e+00
9.821825007991856482e-02 1.575740488092227221e+00
9.917367261587073379e-02 1.575324640040168589e+00
1.001383890683960748e-01 1.574904886410701810e+00
1.011124898444945991e-01 1.574471766269279094e+00
1.020960662306047012e-01 1.574032206644903953e+00
1.030892104011576216e-01 1.573583888976447742e+00
1.040920154272158005e-01 1.573127024056922174e+00
1.051045752851944987e-01 1.572661873522477105e+00
1.061269848656690717e-01 1.572186547316773320e+00
1.071593399822671072e-01 1.571702126420115420e+00
1.082017373806478805e-01 1.571211065325073930e+00
1.092542747475682557e-01 1.570710093008455877e+00
1.103170507200377515e-01 1.570198593408005605e+00
1.113901648945616746e-01 1.569679037938977118e+00
1.124737178364751955e-01 1.569148100619153219e+00
1.135678110893671017e-01 1.568607331797710946e+00
1.146725471845963656e-01 1.568056191110030806e+00
1.157880296509002094e-01 1.567493748301026946e+00
1.169143630240966764e-01 1.566922492543971313e+00
1.180516528568804902e-01 1.566339245990304496e+00
1.192000057287153220e-01 1.565744079640644104e+00
1.203595292558212876e-01 1.565138233535464440e+00
1.215303321012602134e-01 1.564520813834681556e+00
1.227125239851190319e-01 1.563929170223123055e+00
1.239062156947916271e-01 1.563251495861476714e+00
1.251115190953615564e-01 1.562600097095547147e+00
1.263285471400849291e-01 1.561935660768886125e+00
1.275574138809759950e-01 1.561258926068965991e+00
1.287982344794950385e-01 1.560569810008128000e+00
1.300511252173409127e-01 1.559865707712560834e+00
1.313162035073478784e-01 1.559147759573588310e+00
1.325935879044890797e-01 1.558417422666185548e+00
1.338833981169864351e-01 1.557673489144858259e+00
1.351857550175293021e-01 1.556921924702851623e+00
1.365007806546013891e-01 1.556144208127422379e+00
1.378285982639189389e-01 1.555358548128149332e+00
1.391693322799789911e-01 1.554559524887725308e+00
1.405231083477211373e-01 1.553746377570357273e+00
1.418900533343016301e-01 1.552910872934916808e+00
1.432702953409830948e-01 1.552065026642574619e+00
1.446639637151387880e-01 1.551201139972718135e+00
1.460711890623745679e-01 1.550322982014132434e+00
1.474921032587684921e-01 1.549428911419284960e+00
1.489268394632288772e-01 1.548516874715611946e+00
1.503755321299738434e-01 1.547587705176106887e+00
1.518383170211306810e-01 1.546643452210574976e+00
1.533153312194593942e-01 1.545679054793875018e+00
1.548067131411984265e-01 1.544698485546326827e+00
1.563126025490369497e-01 1.543699774519393886e+00
1.578331405652117214e-01 1.542681690780391301e+00
1.593684696847328941e-01 1.541644534360417929e+00
1.609187337887370006e-01 1.540588976560091083e+00
1.624840781579713067e-01 1.539514236655895374e+00
1.640646494864078653e-01 1.538418710259255917e+00
1.656605958949914359e-01 1.537304079715714256e+00
1.672720669455196874e-01 1.536167739821866274e+00
1.688992136546599021e-01 1.535011537181699026e+00
1.705421885081006561e-01 1.533835013853952711e+00
1.722011454748421100e-01 1.532635653781762697e+00
1.738762400216251336e-01 1.531415821842316616e+00
1.755676291275001522e-01 1.530172674987400061e+00
1.772754712985387948e-01 1.528905582776094896e+00
1.789999265826875408e-01 1.527615938485491043e+00
1.807411565847668600e-01 1.526302486389320201e+00
1.824993244816152382e-01 1.524970931983103073e+00
1.842745950373816666e-01 1.523606889554858457e+00
1.860671346189656239e-01 1.522222220262150483e+00
1.878771112116086051e-01 1.520811861562445300e+00
1.897046944346358344e-01 1.519376614867476327e+00
1.915500555573527997e-01 1.517915077027258031e+00
1.934133675150944698e-01 1.516427140773116689e+00
1.952948049254327745e-01 1.514912318760690990e+00
1.971945441045395986e-01 1.513370262807294697e+00
1.991127630837108697e-01 1.511801652384291206e+00
2.010496416260497965e-01 1.510205200083061250e+00
2.030053612433137811e-01 1.508580671946171625e+00
2.049801052129238688e-01 1.506926158342080546e+00
2.069740585951406198e-01 1.505242389549937165e+00
2.089874082504071251e-01 1.503528243734837400e+00
2.110203428568595552e-01 1.501784006188849663e+00
2.130730529280097374e-01 1.500011605787727076e+00
2.151457308305980698e-01 1.498202389340294705e+00
2.172385708026215445e-01 1.496365235113752412e+00
2.193517689715359098e-01 1.494495199021126375e+00
2.214855233726360506e-01 1.492591657764065882e+00
2.236400339676138660e-01 1.490657144787960409e+00
2.258155026632983065e-01 1.488686519780237250e+00
2.280121333305757114e-01 1.486681411603909542e+00
2.302301318234963867e-01 1.484644554164364250e+00
2.324697059985647851e-01 1.482569247479299746e+00
2.347310657342196183e-01 1.480460211511199997e+00
2.370144229505012079e-01 1.478314127730410377e+00
2.393199916289123208e-01 1.476129901580551573e+00
2.416479878324700736e-01 1.473909072448452484e+00
2.439986297259550130e-01 1.471651005394265965e+00
2.463721375963552895e-01 1.469354537992643150e+00
2.487687338735107279e-01 1.467019671848125650e+00
2.511886431509580686e-01 1.464641950471412102e+00
2.536320922069775774e-01 1.462224206542223959e+00
2.560993100258459609e-01 1.459769144399879703e+00
2.585905278192945911e-01 1.457271332154069121e+00
2.611059790481781162e-01 1.454730943925301556e+00
2.636458994443517945e-01 1.452149670198078280e+00
2.662105270327638773e-01 1.449523042095424374e+00
2.688001021537606006e-01 1.446858986087548038e+00
2.714148674856106669e-01 1.444142462137983252e+00
2.740550680672460548e-01 1.441385007104313942e+00
2.767209513212268712e-01 1.438581849277263069e+00
2.794127670769268601e-01 1.435731526973735850e+00
2.821307675939472293e-01 1.432835305807005355e+00
2.848752075857552413e-01 1.429889641929430244e+00
2.876463442435557849e-01 1.426905115369079713e+00
2.904444372603925406e-01 1.423864948370173078e+00
2.932697488554852905e-01 1.420776892658012880e+00
2.961225437988035947e-01 1.417639910898180089e+00
2.990030894358785551e-01 1.414453665006877303e+00
3.019116557128577738e-01 1.411216269676733859e+00
3.048485152018017286e-01 1.407927352012616096e+00
3.078139431262288950e-01 1.404585465649084597e+00
3.108082173869063936e-01 1.401192495676476080e+00
3.138316185878944342e-01 1.397746528288191348e+00
3.168844300628416155e-01 1.394260234847967350e+00
3.199669379015380732e-01 1.390692195715124369e+00
3.230794309767249795e-01 1.387082760406397330e+00
3.262222009711669979e-01 1.383419775312056510e+00
3.293955424049855307e-01 1.379700974574834094e+00
3.325997526632606949e-01 1.375923803420348257e+00
3.358351320238990301e-01 1.372088927229164090e+00
3.391019836857747105e-01 1.368198614185168527e+00
3.424006137971423724e-01 1.364249387744305153e+00
3.457313314843284413e-01 1.360241791666709998e+00
3.490944488806992929e-01 1.356173674406623286e+00
3.524902811559130766e-01 1.352046427846830268e+00
3.559191465454557002e-01 1.347859812979063099e+00
3.593813663804627523e-01 1.343611745522427237e+00
3.628772651178337472e-01 1.339302524415609819e+00
3.664071703706370808e-01 1.334930174016736526e+00
3.699714129388128048e-01 1.330497458755636409e+00
3.735703268401719401e-01 1.326000086433063219e+00
3.772042493416999376e-01 1.321440462194042320e+00
3.808735209911614517e-01 1.316816415678193408e+00
3.845784856490158665e-01 1.312128500741395865e+00
3.883194905206404091e-01 1.307375777704959718e+00
3.920968861888690649e-01 1.302557125068834809e+00
3.959110266468458539e-01 1.297677715013632715e+00
3.997622693312000708e-01 1.292727661348952672e+00
4.036509751555413805e-01 1.287711388087394937e+00
4.075775085442840395e-01 1.282629336722207469e+00
4.115422374667966343e-01 1.277480708037223023e+00
4.155455334718875515e-01 1.272265483430195188e+00
4.195877717226225712e-01 1.266980668089987327e+00
4.236693310314835759e-01 1.261631108048579364e+00
4.277905938958687093e-01 1.256211001500644020e+00
4.319519465339363706e-01 1.250723361247208398e+00
4.361537789208005944e-01 1.245167904266858860e+00
4.403964848250754294e-01 1.239539207298639534e+00
4.446804618457780300e-01 1.233846411070186777e+00
4.490061114495874639e-01 1.228081861687339016e+00
4.533738390084691150e-01 1.222249421822062976e+00
4.577840538376618529e-01 1.216346103510393739e+00
4.622371692340384031e-01 1.210375015084069084e+00
4.667336025148346446e-01 1.204333733498840431e+00
4.712737750567601580e-01 1.198222736744582573e+00
4.758581123354846953e-01 1.192042527604856517e+00
4.804870439655131720e-01 1.185791362466194654e+00
4.851610037404442966e-01 1.179471396468452893e+00
4.898804296736250508e-01 1.173082430117850405e+00
4.946457640391963562e-01 1.166622714777366232e+00
4.994574534135413635e-01 1.160094907713367318e+00
5.043159487171361421e-01 1.153498920635211533e+00
5.092217052568053237e-01 1.146831161692615231e+00
5.141751827683928022e-01 1.140097917864647092e+00
5.191768454598426619e-01 1.133294512033270252e+00
5.242271620547044320e-01 1.126424612956464122e+00
5.293266058360561743e-01 1.119486732053809996e+00
5.344756546908600026e-01 1.112479424416201068e+00
5.396747911547442600e-01 1.105408154290373535e+00
5.449245024572260121e-01 1.098275118113936077e+00
5.502252805673685243e-01 1.091063237304009670e+00
5.555776222398878250e-01 1.083793385708135881e+00
5.609820290617031358e-01 1.076457545900199486e+00
5.664390074989449353e-01 1.069059597876279133e+00
5.719490689444144405e-01 1.061594579963459406e+00
5.775127297655114900e-01 1.054069427162903860e+00
5.831305113526221717e-01 1.046480910900427164e+00
5.888029401679826247e-01 1.038830525921387471e+00
5.945305477950136863e-01 1.031121283965817481e+00
6.003138709881384871e-01 1.023352921500167545e+00
6.061534517230839914e-01 1.015522609419316602e+00
6.120498372476699256e-01 1.007629226021891311e+00
6.180035801330957534e-01 9.996920854054025529e-01
6.240152383257209223e-01 9.916932792232177052e-01
6.300853751993553686e-01 9.836393513160027746e-01
6.362145596080520660e-01 9.755312968215033020e-01
6.424033659394193796e-01 9.673693653475244902e-01
6.486523741684461219e-01 9.591572716423977241e-01
6.549621699118558515e-01 9.508923511639850723e-01
6.613333444829840868e-01 9.425813550976418487e-01
6.677664949471955325e-01 9.342210684450924507e-01
6.742622241778342129e-01 9.258169576651715804e-01
6.808211409127237213e-01 9.173635574866251252e-01
6.874438598112112553e-01 9.088706326536867275e-01
6.941310015117725385e-01 9.003323211215459310e-01
7.008831926901714082e-01 8.917537810325961711e-01
7.077010661181889484e-01 8.831385925370222045e-01
7.145852607229240538e-01 8.744825308817352205e-01
7.215364216466665370e-01 8.657915276067467136e-01
7.285552003073593186e-01 8.570666867027334490e-01
7.356422544596413760e-01 8.483074213405674691e-01
7.427982482564918776e-01 8.395202117222085869e-01
7.500238523114668432e-01 8.306999147372083891e-01
7.573197437615483141e-01 8.218546285872163626e-01
7.646866063305975958e-01 8.129839625091349609e-01
7.721251303934327792e-01 8.040867252329093606e-01
7.796360130405233235e-01 7.951709080468318813e-01
7.872199581433195759e-01 7.862324530953331836e-01
7.948776764202123424e-01 7.772802236417071242e-01
8.026098855031396084e-01 7.683029901694675701e-01
8.104173100048355227e-01 7.593172691988927525e-01
8.183006815867394090e-01 7.503174111120523015e-01
8.262607390275591435e-01 7.413065558351551454e-01
8.342982282925082149e-01 7.322878970504951290e-01
8.424139026032094746e-01 7.232628536365408589e-01
8.506085225082840040e-01 7.142272273963301554e-01
8.588828559546254349e-01 7.052011761132666035e-01
8.672376783593644944e-01 6.961686185660433956e-01
8.756737726825394308e-01 6.871399710532372085e-01
8.841919295004664336e-01 6.781141816041614812e-01
8.927929470798307010e-01 6.690868890314014550e-01
9.014776314524917122e-01 6.600770153833198650e-01
9.102467964910225806e-01 6.510645641451306975e-01
9.191012639849772681e-01 6.420884328474131264e-01
9.280418637179072006e-01 6.331139148071797118e-01
9.370694335451198453e-01 6.241541242520126653e-01
9.461848194722002336e-01 6.152141976026092030e-01
9.553888757342895444e-01 6.062942496600091102e-01
9.646824648761427312e-01 5.973982109423247033e-01
9.740664578329562007e-01 5.884457224274944886e-01
9.835417340119908536e-01 5.796730012208248795e-01
9.931091813749796104e-01 5.708655890261168375e-01
1.002769696521346621e+00 5.620810242101510479e-01
1.012524184772224167e+00 5.533295388579352325e-01
1.022373560255302127e+00 5.446141518877897214e-01
1.032318745990486564e+00 5.359336429549383940e-01
1.042360673976402197e+00 5.272953998245463181e-01
1.052500285277732761e+00 5.186938812538548493e-01
1.062738530113414459e+00 5.101375227355805508e-01
1.073076367945679621e+00 5.016258005912712648e-01
1.083514767569973225e+00 4.931593213396124331e-01
1.094054707205742494e+00 4.847469367140958552e-01
1.104697174588111785e+00 4.763809072910722975e-01
1.115443167060441221e+00 4.680675846278801733e-01
1.126293691667795249e+00 4.598079790592821126e-01
1.137249765251314271e+00 4.516053865481348684e-01
1.148312414543511073e+00 4.434557269119897560e-01
1.159482676264482759e+00 4.353750648211572871e-01
1.170761597219069250e+00 4.273469645945572881e-01
1.182150234394952371e+00 4.193809641883917694e-01
1.193649655061713055e+00 4.114810725606148356e-01
1.205260936870842681e+00 4.036456236102763384e-01
1.216985167956738056e+00 3.958766341444340253e-01
1.228823447038673411e+00 3.881771986031243848e-01
1.240776883523764251e+00 3.805466561310626994e-01
1.252846597610937529e+00 3.729857061559739839e-01
1.265033720395903893e+00 3.654936789507815531e-01
1.277339393977160009e+00 3.580752226408769889e-01
1.289764771563017165e+00 3.507429807574949931e-01
1.302311017579677488e+00 3.434789501134520862e-01
1.314979307780347773e+00 3.362826873451152943e-01
1.327770829355430449e+00 3.291902113216585435e-01
1.340686781043774811e+00 3.221488439655881275e-01
1.353728373245021821e+00 3.151968943688723268e-01
1.366896828133026487e+00 3.083206120431192243e-01
1.380193379770397355e+00 3.015304185842008766e-01
1.393619274224142002e+00 2.948268914512358063e-01
1.407175769682446731e+00 2.882048052100594782e-01
1.420864136572576708e+00 2.816607811864505484e-01
1.434685657679937831e+00 2.752034999149643446e-01
1.448641628268290127e+00 2.687804856904352224e-01
1.462733356201129986e+00 2.625433067780914564e-01
1.476962162064259898e+00 2.563424020044658969e-01
1.491329379289537682e+00 2.502271835508348419e-01
1.505836354279841416e+00 2.441990746790987377e-01
1.520484446535244283e+00 2.382565291101315097e-01
1.535275028780422657e+00 2.323939974693241539e-01
1.550209487093291205e+00 2.266349592682750658e-01
1.565289221034902312e+00 2.209588457460830990e-01
1.580515643780601165e+00 2.153525419884071146e-01
1.595890182252465817e+00 2.098598549384473877e-01
1.611414277253019778e+00 2.044411450701001109e-01
1.627089383600260675e+00 1.991219308608583871e-01
1.642916970263993193e+00 1.938831795210410880e-01
1.658898520503498064e+00 1.887323864313224242e-01
1.675035532006524441e+00 1.836694345132641459e-01
1.691329517029648732e+00 1.786906924736071378e-01
1.707782002539993016e+00 1.738066729583199466e-01
1.724394530358320354e+00 1.690064064105071817e-01
1.741168657303530987e+00 1.642931393513060445e-01
1.758105955338547632e+00 1.596666596162768237e-01
1.775208011717636092e+00 1.551265483771946951e-01
1.792476429135148930e+00 1.506725054687396703e-01
1.809912825875727105e+00 1.463034757500001892e-01
1.827518835965944666e+00 1.420205532914622926e-01
1.845296109327445366e+00 1.378211367477654437e-01
1.863246311931559873e+00 1.337074011985535660e-01
1.881371125955437096e+00 1.296756533894818375e-01
1.899672249939675650e+00 1.257282321568914119e-01
1.918151398947507635e+00 1.218627141239079226e-01
1.936810304725519849e+00 1.180790520134087362e-01
1.955650715865949074e+00 1.143749279190327817e-01
1.974674397970537454e+00 1.107544074104656329e-01
1.993883133816001019e+00 1.072086456077790961e-01
2.013278723521096492e+00 1.037479188616688697e-01
2.032862984715323673e+00 1.003605100714543286e-01
2.052637752709252084e+00 9.705763412668792778e-02
2.072604880666519822e+00 9.382439181426718844e-02
2.092766239777499759e+00 9.066545539048778690e-02
2.113123719434652603e+00 8.758908709846460749e-02
2.133679227409597701e+00 8.458261552416657114e-02
2.154434690031884259e+00 8.165022691035563052e-02
2.175392052369522489e+00 7.878993084261431967e-02
2.196553278411258248e+00 7.600127690656520441e-02
2.217920351250634692e+00 7.328321676547543129e-02
2.239495273271823184e+00 7.063461051675627711e-02
2.261280066337279404e+00 6.805393851938085215e-02
2.283276771977218012e+00 6.554174670804029101e-02
2.305487451580938707e+00 6.310139594448264944e-02
2.327914186589993051e+00 6.071667274489655347e-02
2.350559078693253756e+00 5.840192333046979878e-02
2.373424250023866033e+00 5.615193547584505784e-02
2.396511843358130278e+00 5.395997086311316027e-02
2.419824022316292567e+00 5.183670381661608512e-02
2.443362971565319341e+00 4.977281254935463084e-02
2.467130897023623426e+00 4.776716878491253648e-02
2.491130026067788439e+00 4.581687171566946326e-02
2.515362607741312928e+00 4.392530738142791380e-02
2.539830912965362675e+00 4.211004490854602933e-02
2.564537234751594674e+00 4.032563577536877469e-02
2.589483888417040802e+00 3.860062197285776819e-02
2.614673211801092023e+00 3.693292007661790749e-02
2.640107565484572927e+00 3.531990956323359521e-02
2.665789333010967876e+00 3.375467208351641546e-02
2.691720921109787668e+00 3.224129613148371543e-02
2.717904759922122881e+00 3.077929303854809104e-02
2.744343303228365283e+00 2.936504862198242166e-02
2.771039028678170535e+00 2.799863968338901082e-02
2.797994438022641805e+00 2.667985575518894495e-02
2.825212057348790218e+00 2.540476865747924931e-02
2.852694437316245057e+00 2.417539995771619474e-02
2.880444153396297668e+00 2.298890316317871510e-02
2.908463806113254169e+00 2.184717281562910396e-02
2.936756021288137397e+00 2.074555768752900028e-02
2.965323450284773621e+00 1.968539473999420322e-02
2.994168770258243573e+00 1.866267472551300793e-02
3.023294684405779531e+00 1.768302087517770529e-02
3.052703922220086241e+00 1.673964633948881592e-02
3.082399239745143404e+00 1.583264072517801338e-02
3.112383419834465759e+00 1.496205964379111047e-02
3.142659272411905569e+00 1.412737558242020512e-02
3.173229634734976212e+00 1.332516684006070616e-02
3.204097371660752813e+00 1.255745476109024032e-02
3.235265375914330388e+00 1.182147729456081188e-02
3.266736568359921655e+00 1.111817442823388215e-02
3.298513898274578082e+00 1.044536215837962856e-02
3.330600343624588788e+00 9.801870620708801052e-03
3.362998911344535991e+00 9.188162657195617089e-03
3.395712637619100693e+00 8.601873527368407088e-03
3.428744588167585317e+00 8.043762635247694165e-03
3.462097858531227423e+00 7.511408372806684629e-03
3.495775574363275240e+00 7.004710358819026504e-03
3.529780891721914671e+00 6.523616875082354112e-03
3.564116997366032269e+00 6.066617926042262680e-03
3.598787109053855460e+00 5.632900853916151043e-03
3.633794475844513094e+00 5.221581878926995733e-03
3.669142378402494131e+00 4.832172796621697457e-03
3.704834129305105694e+00 4.464004353012964062e-03
3.740873073352900313e+00 4.116237635899395661e-03
3.777262587883141176e+00 3.788085863189610131e-03
3.814006083086284082e+00 3.479354057931998215e-03
3.851107002325572903e+00 3.188523700544773631e-03
3.888568822459721019e+00 2.915445052829156863e-03
3.926395054168756449e+00 2.659302363885591471e-03
3.964589242282997805e+00 2.419531546704389163e-03
4.003154966115265445e+00 2.195283007610354751e-03
4.042095839796306045e+00 1.986276257378775337e-03
4.081415512613501662e+00 1.791599912086809781e-03
4.121117669352832635e+00 1.610716204924748495e-03
4.161206030644208020e+00 1.443035437061314938e-03
4.201684353310133346e+00 1.287971795156103889e-03
4.242556430717777438e+00 1.144935764371735314e-03
4.283826093134470270e+00 1.013376986654190501e-03
4.325497208086633627e+00 8.927212612769781005e-04
4.367573680722233398e+00 7.824405626600016220e-04
4.410059454176736615e+00 6.819777673369385165e-04
4.452958509942654963e+00 5.908384487095085652e-04
4.496274868242640110e+00 5.084839545028573991e-04
4.540012588406244554e+00 4.344222725568159388e-04
4.584175769250333765e+00 3.681561245472000444e-04
4.628768549463215365e+00 3.091921576997021638e-04
4.673795107992464004e+00 2.570675999096114456e-04
4.719259664436561863e+00 2.113141059294202815e-04
4.765166479440326341e+00 1.714751880240556966e-04
4.811519855094205766e+00 1.371022271140792551e-04
4.858324135337417360e+00 1.077539746755203841e-04
4.905583706365050922e+00 8.301064049307209228e-05
4.953302997039108924e+00 6.244550859147687859e-05
5.001486479303548727e+00 4.564901601927329276e-05
5.050138668603383785e+00 3.221633722442083700e-05
5.099264124307808288e+00 2.175278502729452386e-05
5.148867450137498025e+00 1.386902296620424610e-05
5.198953294596024399e+00 8.186452949675048616e-06
5.249526351405507718e+00 4.332630971079453849e-06
5.300591359946452030e+00 1.941554506589667603e-06
5.352153105701904501e+00 6.551654629005106493e-07
5.404216420705915347e+00 1.218818908966478530e-07
5.456786183996381823e+00 0.000000000000000000e+00
