1.000000000000000021e-02 1.948388130422525011e+00
1.009727545900835841e-02 1.948384288518123508e+00
1.019549716950923779e-02 1.948380411306545268e+00
1.029467433620748044e-02 1.948376449781381359e+00
1.039481625334708927e-02 1.948372379001208410e+00
1.049593230558227772e-02 1.948368208990297390e+00
1.059803196885688789e-02 1.948363930165393665e+00
1.070112481129246833e-02 1.948362530079006394e+00
1.080522049408488318e-02 1.948358102204233333e+00
1.091032877240974419e-02 1.948350422630513279e+00
1.101645949633656314e-02 1.948345764357055643e+00
1.112362261175187626e-02 1.948340971086287787e+00
1.123182816129126085e-02 1.948336066343134609e+00
1.134108628528052165e-02 1.948331056585079990e+00
1.145140722268592030e-02 1.948329370380498471e+00
1.156280131207376022e-02 1.948324234020911483e+00
1.167527899257919492e-02 1.948319071013154824e+00
1.178885080488457221e-02 1.948313805152000366e+00
1.190352739220719262e-02 1.948308458237121732e+00
1.201931950129673729e-02 1.948303072696330851e+00
1.213623798344241195e-02 1.948297585332846360e+00
1.225429379548980714e-02 1.948291960296872016e+00
1.237349800086776086e-02 1.948286324012609150e+00
1.249386177062509519e-02 1.948280630437034366e+00
1.261539638447754796e-02 1.948274800552393993e+00
1.273811323186478488e-02 1.948268832642326531e+00
1.286202381301779218e-02 1.948262719498333961e+00
1.298713974003655978e-02 1.948256476703228213e+00
1.311347273797833224e-02 1.948250107579052592e+00
1.324103464595636874e-02 1.948243571347653802e+00
1.336983741824946531e-02 1.948236790793266504e+00
1.349989312542219239e-02 1.948229967352733683e+00
1.363121395545611320e-02 1.948222993514359791e+00
1.376381221489191876e-02 1.948215863592923425e+00
1.389770032998276401e-02 1.948208555201938585e+00
1.403289084785873213e-02 1.948201072417205193e+00
1.416939643770268736e-02 1.948193413748276592e+00
1.430722989193757184e-02 1.948185594534405318e+00
1.444640412742520530e-02 1.948177592163842897e+00
1.458693218667675602e-02 1.948169400940588991e+00
1.472882723907502529e-02 1.948161025531731427e+00
1.487210258210860774e-02 1.948152567810488067e+00
1.501677164261799868e-02 1.948144026720830535e+00
1.516284797805393485e-02 1.948134930858844038e+00
1.531034527774784160e-02 1.948126343372424296e+00
1.545927736419477720e-02 1.948117205193536039e+00
1.560965819434872483e-02 1.948107988817074032e+00
1.576150186093060873e-02 1.948098503624181133e+00
1.591482259374891323e-02 1.948088763391635503e+00
1.606963476103326349e-02 1.948078795561397625e+00
1.622595287078087284e-02 1.948068715657391481e+00
1.638379157211618947e-02 1.948058375868221059e+00
1.654316565666366645e-02 1.948047795881494570e+00
1.670409005993399310e-02 1.948032549609933994e+00
1.686657986272368723e-02 1.948021319235109017e+00
1.703065029252844378e-02 1.948011440563157892e+00
1.719631672497009753e-02 1.947998282711363327e+00
1.736359468523754335e-02 1.947986433432635556e+00
1.753249984954170088e-02 1.947974492679039438e+00
1.770304804658450262e-02 1.947962355934075074e+00
1.787525525904235316e-02 1.947954719544470192e+00
1.804913762506383731e-02 1.947942124664739483e+00
1.822471143978214581e-02 1.947929267535818187e+00
1.840199315684210371e-02 1.947916142909119408e+00
1.858099938994215231e-02 1.947902703321437112e+00
1.876174691439120440e-02 1.947888990191066982e+00
1.894425266868081034e-02 1.947875001419847596e+00
1.912853375607242307e-02 1.947860659197697464e+00
1.931460744620030340e-02 1.947845977997329170e+00
1.950249117668984011e-02 1.947831013613124940e+00
1.969220255479172538e-02 1.947815829948005728e+00
1.988375935903200636e-02 1.947800339340807207e+00
2.007717954087816226e-02 1.947784478905374428e+00
2.027248122642137662e-02 1.947768364858166734e+00
2.046968271807520987e-02 1.947752002681169659e+00
2.066880249629082095e-02 1.947735298272535998e+00
2.086985922128879734e-02 1.947718326590230475e+00
2.107287173480786382e-02 1.947700962083972920e+00
2.127785906187062287e-02 1.947683201541320575e+00
2.148484041256648255e-02 1.947665102593133302e+00
2.169383518385184506e-02 1.947646627842872569e+00
2.190486296136792688e-02 1.947627767356332251e+00
2.211794352127614133e-02 1.947608455958149021e+00
2.233309683211144592e-02 1.947588884799420272e+00
2.255034305665360936e-02 1.947569004539861925e+00
2.276970255381680075e-02 1.947548776235686674e+00
2.299119588055741764e-02 1.947528362607632069e+00
2.321484379380064564e-02 1.947513602485425599e+00
2.344066725238556220e-02 1.947492275448066579e+00
2.366868741902936057e-02 1.947470424707148817e+00
2.389892566231050300e-02 1.947448082376724621e+00
2.413140355867127856e-02 1.947425261325783419e+00
2.436614289443983158e-02 1.947396841898804354e+00
2.460316566787181664e-02 1.947373461737881062e+00
2.484249409121190577e-02 1.947349653118909174e+00
2.508415059277539771e-02 1.947325457153712414e+00
2.532815781905008515e-02 1.947300681296159519e+00
2.557453863681850847e-02 1.947277759574828515e+00
2.582331613530085626e-02 1.947249426845204745e+00
2.607451362831877603e-02 1.947223109217772974e+00
2.632815465648021339e-02 1.947196483480953866e+00
2.658426298938541474e-02 1.947169421735249539e+00
2.684286262785454819e-02 1.947141748342810841e+00
2.710397780617682106e-02 1.947113448238211975e+00
2.736763299438163891e-02 1.947084796569424681e+00
2.763385290053169824e-02 1.947055558649531282e+00
2.790266247303856487e-02 1.947025934886802423e+00
2.817408690300057458e-02 1.946994627705812109e+00
2.844815162656363222e-02 1.946963565623313297e+00
2.872488232730495070e-02 1.946931907325165412e+00
2.900430493863991738e-02 1.946899615797624827e+00
2.928644564625237229e-02 1.946866813436227028e+00
2.957133089054861039e-02 1.946833329631667553e+00
2.985898736913520854e-02 1.946799033790427735e+00
3.014944203932094433e-02 1.946765644454141686e+00
3.044272212064302874e-02 1.946728862061127385e+00
3.073885509741795460e-02 1.946692607886987281e+00
3.103786872131722788e-02 1.946655651518365504e+00
3.133979101396793671e-02 1.946617835029839538e+00
3.164465026957891114e-02 1.946579087618154347e+00
3.195247505759213347e-02 1.946539485604176445e+00
3.226329422536015901e-02 1.946499169827232478e+00
3.257713690084949876e-02 1.946458150635699047e+00
3.289403249537032475e-02 1.946416186367802670e+00
3.321401070633261954e-02 1.946374100663199824e+00
3.353710152002930406e-02 1.946330561698587314e+00
3.386333521444636480e-02 1.946286123036713001e+00
3.419274236210027851e-02 1.946240207249570808e+00
3.452535383290306070e-02 1.946194157801106828e+00
3.486120079705520153e-02 1.946147488410858273e+00
3.520031472796678745e-02 1.946099488654350784e+00
3.554272740520694751e-02 1.946049363088114603e+00
3.588847091748199186e-02 1.946000807241849095e+00
3.623757766564258964e-02 1.945950132185639170e+00
3.659008036572020811e-02 1.945898400497652725e+00
3.694601205199302130e-02 1.945845573701882270e+00
3.730540608008161424e-02 1.945791835846653273e+00
3.766829613007490613e-02 1.945736996934536167e+00
3.803471620968648659e-02 1.945680868917594841e+00
3.840470065744145539e-02 1.945623873510907487e+00
3.877828414589457040e-02 1.945565778170257110e+00
3.915550168487941241e-02 1.945506635401020423e+00
3.953638862478930927e-02 1.945446164374391884e+00
3.992098065989020672e-02 1.945384670137398908e+00
4.030931383166566628e-02 1.945321849964313898e+00
4.070142453219438572e-02 1.945257751779752464e+00
4.109734950756069316e-02 1.945192764298590893e+00
4.149712586129815362e-02 1.945135492126149224e+00
4.190079105786669034e-02 1.944799183834903022e+00
4.230838292616342228e-02 1.944987229457011857e+00
4.271993966306778662e-02 1.944916951473087297e+00
4.313549983702118923e-02 1.944844935422471055e+00
4.355510239164130798e-02 1.944771754287627052e+00
4.397878664937160398e-02 1.944700367872146840e+00
4.440659231516640160e-02 1.944624165907061997e+00
4.483855948021186338e-02 1.944546496803437385e+00
4.527472862568297785e-02 1.944467139929524580e+00
4.571514062653719151e-02 1.944382165562260623e+00
4.615983675534499064e-02 1.944300262865057416e+00
4.660885868615767536e-02 1.944216867737917021e+00
4.706224849841281199e-02 1.944131987650255189e+00
4.752004868087766204e-02 1.944045452705969845e+00
4.798230213563085128e-02 1.943957298782098331e+00
4.844905218208294534e-02 1.943867419895594972e+00
4.892034256103611894e-02 1.943775704954894268e+00
4.939621743878321036e-02 1.943682192884994775e+00
4.987672141124663283e-02 1.943586585196122707e+00
5.036189950815770505e-02 1.943489141999505510e+00
5.085179719727656034e-02 1.943389731918997665e+00
5.134646038865306461e-02 1.943287030088999057e+00
5.184593543892913187e-02 1.943183579054964749e+00
5.235026915568305461e-02 1.943080206556419443e+00
5.285950880181603667e-02 1.942972421406416572e+00
5.337370209998133774e-02 1.942862530701110257e+00
5.389289723705643909e-02 1.942750585317978729e+00
5.441714286865893119e-02 1.942635409065470720e+00
5.494648812370611646e-02 1.942519323905493422e+00
5.548098260901916656e-02 1.942401222529184901e+00
5.602067641397187603e-02 1.942280453296783227e+00
5.656562011518465050e-02 1.942157325615844643e+00
5.711586478126431943e-02 1.942031682542747273e+00
5.767146197758996756e-02 1.941903403828506569e+00
5.823246377114527778e-02 1.941772689605212987e+00
5.879892273539785025e-02 1.941639550090374700e+00
5.937089195522609469e-02 1.941503496725808020e+00
5.994842503189409116e-02 1.941364547286724029e+00
6.053157608807464840e-02 1.941222640320859671e+00
6.112039977292132997e-02 1.941077455427060228e+00
6.171495126718981594e-02 1.940928934727229382e+00
6.231528628840921763e-02 1.940779206311624927e+00
6.292146109610344262e-02 1.940626081806120284e+00
6.353353249706343575e-02 1.940470228260931407e+00
6.415155785067082339e-02 1.940311978235262247e+00
6.477559507427335661e-02 1.940151003451179079e+00
6.540570264861225724e-02 1.939989433485883152e+00
6.604193962330305590e-02 1.939823060582934744e+00
6.668436562236895737e-02 1.939653623213619671e+00
6.733304084982863480e-02 1.939481080791198631e+00
6.798802609533814711e-02 1.939304554484551968e+00
6.864938273988777095e-02 1.939124031953000760e+00
6.931717276155408003e-02 1.938938266608078331e+00
6.999145874130821565e-02 1.938749800381094568e+00
7.067230386888070925e-02 1.938557300142723649e+00
7.135977194868306506e-02 1.938360855346068501e+00
7.205392740578704658e-02 1.938160567261968170e+00
7.275483529196229149e-02 1.937956591969737685e+00
7.346256129177256011e-02 1.937748150396529478e+00
7.417717172873124210e-02 1.937536012174578159e+00
7.489873357151664857e-02 1.937319238743669958e+00
7.562731444024800576e-02 1.937101368988417116e+00
7.636298261282241373e-02 1.936878038550146730e+00
7.710580703131336699e-02 1.936651253752496027e+00
7.785585730843146146e-02 1.936420350541758761e+00
7.861320373404813433e-02 1.936184661387771566e+00
7.937791728178281159e-02 1.935944781185384933e+00
8.015006961565404597e-02 1.935699682477874051e+00
8.092973309679550586e-02 1.935449246901463694e+00
8.171698079023696770e-02 1.935193261867669712e+00
8.251188647175167201e-02 1.934932578643565826e+00
8.331452463477014014e-02 1.934666437954358331e+00
8.412497049736118726e-02 1.934394592078734210e+00
8.494330000928071445e-02 1.934119493626102360e+00
8.576958985908941790e-02 1.933836483736293577e+00
8.660391748133952627e-02 1.933546128303827993e+00
8.744636106383144036e-02 1.933253686472196309e+00
8.829699955494091368e-02 1.932957353002974887e+00
8.915591267101763417e-02 1.932655801299868470e+00
9.002318090385581784e-02 1.932347592881400900e+00
9.089888552823731371e-02 1.932032779334439399e+00
9.178310860954806694e-02 1.931711552941933752e+00
9.267593301146882789e-02 1.931383812209070294e+00
9.357744240374062106e-02 1.931050211084473611e+00
9.448772127000577836e-02 1.930710239086030455e+00
9.540685491572513388e-02 1.930364038574498231e+00
9.633492947617222635e-02 1.930010897959256733e+00
9.727203192450542546e-02 1.929650299499171107e+00
9.821825007991856482e-02 1.929282554402030891e+00
9.917367261587073379e-02 1.928904404619147028e+00
1.001383890683960748e-01 1.928523680318179778e+00
1.011124898444945991e-01 1.928133836753120667e+00
1.020960662306047012e-01 1.927738658567120789e+00
1.030892104011576216e-01 1.927336990120535498e+00
1.040920154272158005e-01 1.926925622788076664e+00
1.051045752851944987e-01 1.926506470554350869e+00
1.061269848656690717e-01 1.926080176864774396e+00
1.071593399822671072e-01 1.925643826881887399e+00
1.082017373806478805e-01 1.925199438059896906e+00
1.092542747475682557e-01 1.924745490785232827e+00
1.103170507200377515e-01 1.924284537665338801e+00
1.113901648945616746e-01 1.923816821302450908e+00
1.124737178364751955e-01 1.923336769294295534e+00
1.135678110893671017e-01 1.922851067640779066e+00
1.146725471845963656e-01 1.922354861154253802e+00
1.157880296509002094e-01 1.921848126147134295e+00
1.169143630240966764e-01 1.921330933015904963e+00
1.180516528568804902e-01 1.920805941090417024e+00
1.192000057287153220e-01 1.920271126323939592e+00
1.203595292558212876e-01 1.919722885076739383e+00
1.215303321012602134e-01 1.919167323085667398e+00
1.227125239851190319e-01 1.918600019120259903e+00
1.239062156947916271e-01 1.918021172275138131e+00
1.251115190953615564e-01 1.917431204764255881e+00
1.263285471400849291e-01 1.916830916531294449e+00
1.275574138809759950e-01 1.916222710728616274e+00
1.287982344794950385e-01 1.915601685723858250e+00
1.300511252173409127e-01 1.914966624713158039e+00
1.313162035073478784e-01 1.914318651301224916e+00
1.325935879044890797e-01 1.913657720321381372e+00
1.338833981169864351e-01 1.912985262301358125e+00
1.351857550175293021e-01 1.912299827700183474e+00
1.365007806546013891e-01 1.911604324989329307e+00
1.378285982639189389e-01 1.910893874373814416e+00
1.391693322799789911e-01 1.910171398065023896e+00
1.405231083477211373e-01 1.909434190669254461e+00
1.418900533343016301e-01 1.908683897206882918e+00
1.432702953409830948e-01 1.907919254202389947e+00
1.446639637151387880e-01 1.907140310813508099e+00
1.460711890623745679e-01 1.906346912271814853e+00
1.474921032587684921e-01 1.905536976824969697e+00
1.489268394632288772e-01 1.904712066038156681e+00
1.503755321299738434e-01 1.903872851847851155e+00
1.518383170211306810e-01 1.903015818411061044e+00
1.533153312194593942e-01 1.902145411177996071e+00
1.548067131411984265e-01 1.901259810848540344e+00
1.563126025490369497e-01 1.900356131109125046e+00
1.578331405652117214e-01 1.899434518496268876e+00
1.593684696847328941e-01 1.898495694608458795e+00
1.609187337887370006e-01 1.897539569301184503e+00
1.624840781579713067e-01 1.896566703239332297e+00
1.640646494864078653e-01 1.895575428301217391e+00
1.656605958949914359e-01 1.894565633223193712e+00
1.672720669455196874e-01 1.893538311657340323e+00
1.688992136546599021e-01 1.892491560564182773e+00
1.705421885081006561e-01 1.891424028120701983e+00
1.722011454748421100e-01 1.890336816435836731e+00
1.738762400216251336e-01 1.889231888502793222e+00
1.755676291275001522e-01 1.888105685767330622e+00
1.772754712985387948e-01 1.886959701634328246e+00
1.789999265826875408e-01 1.885789169254245001e+00
1.807411565847668600e-01 1.884597862446279359e+00
1.824993244816152382e-01 1.883387867064617138e+00
1.842745950373816666e-01 1.882155486860698002e+00
1.860671346189656239e-01 1.880897070214219147e+00
1.878771112116086051e-01 1.879617961182852071e+00
1.897046944346358344e-01 1.878317258562320236e+00
1.915500555573527997e-01 1.876990369570107120e+00
1.934133675150944698e-01 1.875638771774619018e+00
1.952948049254327745e-01 1.874262206841059486e+00
1.971945441045395986e-01 1.872862288933623720e+00
1.991127630837108697e-01 1.871438025113876247e+00
2.010496416260497965e-01 1.869988205982188845e+00
2.030053612433137811e-01 1.868511849420122495e+00
2.049801052129238688e-01 1.867009471098592499e+00
2.069740585951406198e-01 1.865478551937175267e+00
2.089874082504071251e-01 1.863920720310738632e+00
2.110203428568595552e-01 1.862334163155811906e+00
2.130730529280097374e-01 1.860721440115754799e+00
2.151457308305980698e-01 1.859076551414530210e+00
2.172385708026215445e-01 1.857403826875877240e+00
2.193517689715359098e-01 1.855702256781427639e+00
2.214855233726360506e-01 1.853971160239494598e+00
2.236400339676138660e-01 1.852206934733576560e+00
2.258155026632983065e-01 1.850411722291586347e+00
2.280121333305757114e-01 1.848581397143302496e+00
2.302301318234963867e-01 1.846725898987533920e+00
2.324697059985647851e-01 1.844836967623890045e+00
2.347310657342196183e-01 1.842913269289652600e+00
2.370144229505012079e-01 1.840954469351955725e+00
2.393199916289123208e-01 1.838962217606593841e+00
2.416479878324700736e-01 1.836933960153181111e+00
2.439986297259550130e-01 1.834872112852891535e+00
2.463721375963552895e-01 1.832775292613597173e+00
2.487687338735107279e-01 1.830642025364639380e+00
2.511886431509580686e-01 1.828470581712065446e+00
2.536320922069775774e-01 1.826262039284077598e+00
2.560993100258459609e-01 1.824015215193857120e+00
2.585905278192945911e-01 1.821728742699597614e+00
2.611059790481781162e-01 1.819405760779564396e+00
2.636458994443517945e-01 1.817039990068853417e+00
2.662105270327638773e-01 1.814637993731113452e+00
2.688001021537606006e-01 1.812195376143994396e+00
2.714148674856106669e-01 1.809710333055466691e+00
2.740550680672460548e-01 1.807179640229861217e+00
2.767209513212268712e-01 1.804607500042744395e+00
2.794127670769268601e-01 1.801994093066315195e+00
2.821307675939472293e-01 1.799338704871094485e+00
2.848752075857552413e-01 1.796639601038827694e+00
2.876463442435557849e-01 1.793892168513913754e+00
2.904444372603925406e-01 1.791097610256180861e+00
2.932697488554852905e-01 1.788258018786343495e+00
2.961225437988035947e-01 1.785375340793328824e+00
2.990030894358785551e-01 1.782445466977288007e+00
3.019116557128577738e-01 1.779464858330540356e+00
3.048485152018017286e-01 1.776434621530696978e+00
3.078139431262288950e-01 1.773359129284415525e+00
3.108082173869063936e-01 1.770230134608872463e+00
3.138316185878944342e-01 1.767050600115057213e+00
3.168844300628416155e-01 1.763823845261059731e+00
3.199669379015380732e-01 1.760544169240918499e+00
3.230794309767249795e-01 1.757209924583297944e+00
3.262222009711669979e-01 1.753827300506039411e+00
3.293955424049855307e-01 1.750390204497073388e+00
3.325997526632606949e-01 1.746894600318843027e+00
3.358351320238990301e-01 1.743346366511857370e+00
3.391019836857747105e-01 1.739744489496044322e+00
3.424006137971423724e-01 1.736086525276506976e+00
3.457313314843284413e-01 1.732371584557760080e+00
3.490944488806992929e-01 1.728601410265462990e+00
3.524902811559130766e-01 1.724770759329320891e+00
3.559191465454557002e-01 1.720878676259673501e+00
3.593813663804627523e-01 1.716933204674385482e+00
3.628772651178337472e-01 1.712931853009262761e+00
3.664071703706370808e-01 1.708864349113453418e+00
3.699714129388128048e-01 1.704735001594155808e+00
3.735703268401719401e-01 1.700543461971258941e+00
3.772042493416999376e-01 1.696300189313037832e+00
3.808735209911614517e-01 1.691990248692596177e+00
3.845784856490158665e-01 1.687611163898512956e+00
3.883194905206404091e-01 1.683169117679470084e+00
3.920968861888690649e-01 1.678671195949339889e+00
3.959110266468458539e-01 1.674104861648444409e+00
3.997622693312000708e-01 1.669471506648247949e+00
4.036509751555413805e-01 1.664775653260664345e+00
4.075775085442840395e-01 1.660012884800343702e+00
4.115422374667966343e-01 1.655184858277426674e+00
4.155455334718875515e-01 1.650287987123487898e+00
4.195877717226225712e-01 1.645324135778462704e+00
4.236693310314835759e-01 1.640294206107041575e+00
4.277905938958687093e-01 1.635192092852762791e+00
4.319519465339363706e-01 1.630024925302409944e+00
4.361537789208005944e-01 1.624787931746895842e+00
4.403964848250754294e-01 1.619481868029854388e+00
4.446804618457780300e-01 1.614108677101348199e+00
4.490061114495874639e-01 1.608653922953476867e+00
4.533738390084691150e-01 1.603141535368361792e+00
4.577840538376618529e-01 1.597556884660415344e+00
4.622371692340384031e-01 1.591897447394136300e+00
4.667336025148346446e-01 1.586166319379049172e+00
4.712737750567601580e-01 1.580364669567277502e+00
4.758581123354846953e-01 1.574492313689388912e+00
4.804870439655131720e-01 1.568545262081484370e+00
4.851610037404442966e-01 1.562529683729076080e+00
4.898804296736250508e-01 1.556440025665577931e+00
4.946457640391963562e-01 1.550276711718528100e+00
4.994574534135413635e-01 1.544042515676279370e+00
5.043159487171361421e-01 1.537736386799071209e+00
5.092217052568053237e-01 1.531356531767869900e+00
5.141751827683928022e-01 1.524902993641242155e+00
5.191768454598426619e-01 1.518378996054570385e+00
5.242271620547044320e-01 1.511776106601730119e+00
5.293266058360561743e-01 1.505110671114106013e+00
5.344756546908600026e-01 1.498365999727846898e+00
5.396747911547442600e-01 1.491548853686454512e+00
5.449245024572260121e-01 1.484662039980126469e+00
5.502252805673685243e-01 1.477701249301413666e+00
5.555776222398878250e-01 1.470671108494942869e+00
5.609820290617031358e-01 1.463566242156145947e+00
5.664390074989449353e-01 1.456389725088159226e+00
5.719490689444144405e-01 1.449146321860146358e+00
5.775127297655114900e-01 1.441827440856486620e+00
5.831305113526221717e-01 1.434437841035302030e+00
5.888029401679826247e-01 1.426982038728050295e+00
5.945305477950136863e-01 1.419457803313640909e+00
6.003138709881384871e-01 1.411860441555137680e+00
6.061534517230839914e-01 1.404195454329631110e+00
6.120498372476699256e-01 1.396466613129415002e+00
6.180035801330957534e-01 1.388664315018781403e+00
6.240152383257209223e-01 1.380800036045169321e+00
6.300853751993553686e-01 1.372868224888838418e+00
6.362145596080520660e-01 1.364872349094356840e+00
6.424033659394193796e-01 1.356807538804955637e+00
6.486523741684461219e-01 1.348682577229395774e+00
6.549621699118558515e-01 1.340498862383565859e+00
6.613333444829840868e-01 1.332247308644205708e+00
6.677664949471955325e-01 1.323934370357258139e+00
6.742622241778342129e-01 1.315564965178365409e+00
6.808211409127237213e-01 1.307132670940776009e+00
6.874438598112112553e-01 1.298644430637584612e+00
6.941310015117725385e-01 1.290098511569705231e+00
7.008831926901714082e-01 1.281499038859768902e+00
7.077010661181889484e-01 1.272839741220823662e+00
7.145852607229240538e-01 1.264130798521437171e+00
7.215364216466665370e-01 1.255367932872369252e+00
7.285552003073593186e-01 1.246553407606943553e+00
7.356422544596413760e-01 1.237689310153071043e+00
7.427982482564918776e-01 1.228776343512004932e+00
7.500238523114668432e-01 1.219817402194824263e+00
7.573197437615483141e-01 1.210814413650578736e+00
7.646866063305975958e-01 1.201762974685718355e+00
7.721251303934327792e-01 1.192667443290313711e+00
7.796360130405233235e-01 1.183534578995226516e+00
7.872199581433195759e-01 1.174359881427583518e+00
7.948776764202123424e-01 1.165148369476598722e+00
8.026098855031396084e-01 1.155896289513928199e+00
8.104173100048355227e-01 1.146612142570758275e+00
8.183006815867394090e-01 1.137292689016905500e+00
8.262607390275591435e-01 1.127942811726512895e+00
8.342982282925082149e-01 1.118561580287344093e+00
8.424139026032094746e-01 1.109152644797973597e+00
8.506085225082840040e-01 1.099715885124180392e+00
8.588828559546254349e-01 1.090253565432161897e+00
8.672376783593644944e-01 1.080770942021871628e+00
8.756737726825394308e-01 1.071261245119965455e+00
8.841919295004664336e-01 1.061743895952790062e+00
8.927929470798307010e-01 1.052192393733553111e+00
9.014776314524917122e-01 1.042635901337403137e+00
9.102467964910225806e-01 1.033063357139498484e+00
9.191012639849772681e-01 1.023475638403787524e+00
9.280418637179072006e-01 1.013882034157077783e+00
9.370694335451198453e-01 1.004272608294544789e+00
9.461848194722002336e-01 9.946667466613996478e-01
9.553888757342895444e-01 9.850477044952211658e-01
9.646824648761427312e-01 9.754315346837854062e-01
9.740664578329562007e-01 9.658132399939498569e-01
9.835417340119908536e-01 9.561897841891641159e-01
9.931091813749796104e-01 9.465797593314672076e-01
1.002769696521346621e+00 9.369696820351018918e-01
1.012524184772224167e+00 9.273667749906415736e-01
1.022373560255302127e+00 9.177700257792301697e-01
1.032318745990486564e+00 9.081874914488483608e-01
1.042360673976402197e+00 8.986178471473088569e-01
1.052500285277732761e+00 8.890620535641531319e-01
1.062738530113414459e+00 8.795224738121323327e-01
1.073076367945679621e+00 8.700001203344033263e-01
1.083514767569973225e+00 8.605000678158825078e-01
1.094054707205742494e+00 8.510219391480579043e-01
1.104697174588111785e+00 8.415656678961024317e-01
1.115443167060441221e+00 8.321365585178115420e-01
1.126293691667795249e+00 8.227342714054385331e-01
1.137249765251314271e+00 8.133616878356534352e-01
1.148312414543511073e+00 8.040170227087778398e-01
1.159482676264482759e+00 7.947129224391750180e-01
1.170761597219069250e+00 7.854390736558142239e-01
1.182150234394952371e+00 7.761960381435536460e-01
1.193649655061713055e+00 7.669934043486731357e-01
1.205260936870842681e+00 7.578332820028871319e-01
1.216985167956738056e+00 7.487164593238607724e-01
1.228823447038673411e+00 7.396413883202793693e-01
1.240776883523764251e+00 7.306024848786754067e-01
1.252846597610937529e+00 7.216131247433301699e-01
1.265033720395903893e+00 7.126718834479108811e-01
1.277339393977160009e+00 7.037821554918149980e-01
1.289764771563017165e+00 6.949374213956750479e-01
1.302311017579677488e+00 6.861464971870799845e-01
1.314979307780347773e+00 6.774046404435258850e-01
1.327770829355430449e+00 6.687186443823125437e-01
1.340686781043774811e+00 6.600907354709441011e-01
1.353728373245021821e+00 6.515181390802037287e-01
1.366896828133026487e+00 6.429995308852245461e-01
1.380193379770397355e+00 6.345398783683774413e-01
1.393619274224142002e+00 6.261417327870244520e-01
1.407175769682446731e+00 6.178053423180215331e-01
1.420864136572576708e+00 6.095291867869758740e-01
1.434685657679937831e+00 6.013146680293292023e-01
1.448641628268290127e+00 5.931657124354744459e-01
1.462733356201129986e+00 5.850812872679790333e-01
1.476962162064259898e+00 5.770609250507336974e-01
1.491329379289537682e+00 5.691060553911884146e-01
1.505836354279841416e+00 5.612209194532504775e-01
1.520484446535244283e+00 5.534007316348367178e-01
1.535275028780422657e+00 5.456510680675523695e-01
1.550209487093291205e+00 5.379681538195740798e-01
1.565289221034902312e+00 5.303577416527878174e-01
1.580515643780601165e+00 5.228151098133774211e-01
1.595890182252465817e+00 5.153446675283921419e-01
1.611414277253019778e+00 5.079437953296619401e-01
1.627089383600260675e+00 5.006155808584465960e-01
1.642916970263993193e+00 4.933597278895994753e-01
1.658898520503498064e+00 4.861748289728619610e-01
1.675035532006524441e+00 4.790648270384656460e-01
1.691329517029648732e+00 4.720258913379166699e-01
1.707782002539993016e+00 4.650613347530726527e-01
1.724394530358320354e+00 4.581704724230354908e-01
1.741168657303530987e+00 4.513542926420013868e-01
1.758105955338547632e+00 4.446066687252007155e-01
1.775208011717636092e+00 4.379391245296119783e-01
1.792476429135148930e+00 4.313425982142848891e-01
1.809912825875727105e+00 4.248202609528717866e-01
1.827518835965944666e+00 4.183734950844779643e-01
1.845296109327445366e+00 4.119981786455562678e-01
1.863246311931559873e+00 4.057011196136490749e-01
1.881371125955437096e+00 3.994737312184102884e-01
1.899672249939675650e+00 3.933240956010126688e-01
1.918151398947507635e+00 3.872452050611814300e-01
1.936810304725519849e+00 3.812385853908511479e-01
1.955650715865949074e+00 3.753107590937259097e-01
1.974674397970537454e+00 3.694513285749970177e-01
1.993883133816001019e+00 3.636667464225122326e-01
2.013278723521096492e+00 3.579541806622013045e-01
2.032862984715323673e+00 3.523137129781185872e-01
2.052637752709252084e+00 3.467476369279837156e-01
2.072604880666519822e+00 3.412511401799662170e-01
2.092766239777499759e+00 3.358255551175512443e-01
2.113123719434652603e+00 3.304720145610574589e-01
2.133679227409597701e+00 3.251896235768197974e-01
2.154434690031884259e+00 3.199760679070823288e-01
2.175392052369522489e+00 3.148337116769897026e-01
2.196553278411258248e+00 3.097604066804673373e-01
2.217920351250634692e+00 3.047542845351068341e-01
2.239495273271823184e+00 2.998177543302667503e-01
2.261280066337279404e+00 2.949497588133133674e-01
2.283276771977218012e+00 2.901500728736157719e-01
2.305487451580938707e+00 2.854150330495996979e-01
2.327914186589993051e+00 2.807459900149376075e-01
2.350559078693253756e+00 2.761438263135840288e-01
2.373424250023866033e+00 2.716090524775455206e-01
2.396511843358130278e+00 2.671359362142549099e-01
2.419824022316292567e+00 2.627277642282130343e-01
2.443362971565319341e+00 2.583826419556768950e-01
2.467130897023623426e+00 2.541008268979975671e-01
2.491130026067788439e+00 2.498825780170517152e-01
2.515362607741312928e+00 2.457249874873914663e-01
2.539830912965362675e+00 2.416284812576187380e-01
2.564537234751594674e+00 2.375916127861361637e-01
2.589483888417040802e+00 2.336153383398851535e-01
2.614673211801092023e+00 2.296995114740074118e-01
2.640107565484572927e+00 2.258098438768572636e-01
2.665789333010967876e+00 2.220406832050742518e-01
2.691720921109787668e+00 2.182970783327112529e-01
2.717904759922122881e+00 2.146096396238049431e-01
2.744343303228365283e+00 2.109812801776755620e-01
2.771039028678170535e+00 2.074062455016303930e-01
2.797994438022641805e+00 2.038593554036264022e-01
2.825212057348790218e+00 2.004198370485326952e-01
2.852694437316245057e+00 1.970066478031232138e-01
2.880444153396297668e+00 1.936470154776187835e-01
2.908463806113254169e+00 1.903391027582027883e-01
2.936756021288137397e+00 1.870832365576635126e-01
2.965323450284773621e+00 1.838770877140235849e-01
2.994168770258243573e+00 1.807217430347827225e-01
3.023294684405779531e+00 1.775957710745965923e-01
3.052703922220086241e+00 1.745591244401570596e-01
3.082399239745143404e+00 1.715502519728019093e-01
3.112383419834465759e+00 1.685894504575751185e-01
3.142659272411905569e+00 1.656748792096439937e-01
3.173229634734976212e+00 1.628078430499872165e-01
3.204097371660752813e+00 1.599854796472972296e-01
3.235265375914330388e+00 1.571960916863902324e-01
3.266736568359921655e+00 1.544754294339243661e-01
3.298513898274578082e+00 1.517871917263434733e-01
3.330600343624588788e+00 1.491417712484877089e-01
3.362998911344535991e+00 1.465392974544878490e-01
3.395712637619100693e+00 1.439776463428366904e-01
3.428744588167585317e+00 1.414584163381554516e-01
3.462097858531227423e+00 1.389800069467530819e-01
3.495775574363275240e+00 1.365411855836791699e-01
3.529780891721914671e+00 1.341423138055637676e-01
3.564116997366032269e+00 1.317825179394720436e-01
3.598787109053855460e+00 1.294618800263310776e-01
3.633794475844513094e+00 1.271779544086269198e-01
3.669142378402494131e+00 1.249326945388211513e-01
3.704834129305105694e+00 1.227232726219786296e-01
3.740873073352900313e+00 1.205497017295640294e-01
3.777262587883141176e+00 1.184132040888961901e-01
3.814006083086284082e+00 1.163108322745142198e-01
3.851107002325572903e+00 1.142434634412647643e-01
3.888568822459721019e+00 1.122099084932534907e-01
3.926395054168756449e+00 1.102099614972181785e-01
3.964589242282997805e+00 1.082436660789376642e-01
4.003154966115265445e+00 1.063094745521015877e-01
4.042095839796306045e+00 1.044071434163931639e-01
4.081415512613501662e+00 1.025364821767515561e-01
4.121117669352832635e+00 1.006970099205366231e-01
4.161206030644208020e+00 9.888816308383138742e-02
4.201684353310133346e+00 9.710941897408396917e-02
4.242556430717777438e+00 9.536014751890943553e-02
4.283826093134470270e+00 9.364131163093294963e-02
4.325497208086633627e+00 9.194815872222236730e-02
4.367573680722233398e+00 9.028575597452691281e-02
4.410059454176736615e+00 8.864914986363398031e-02
4.452958509942654963e+00 8.704160168697426536e-02
4.496274868242640110e+00 8.546021597633232658e-02
4.540012588406244554e+00 8.390604579485874681e-02
4.584175769250333765e+00 8.237757576638590762e-02
4.628768549463215365e+00 8.087458207805801880e-02
4.673795107992464004e+00 7.939645021859792484e-02
4.719259664436561863e+00 7.794367848935024323e-02
4.765166479440326341e+00 7.651534991944537734e-02
4.811519855094205766e+00 7.511116330721881451e-02
4.858324135337417360e+00 7.373031543269649435e-02
4.905583706365050922e+00 7.237232093279022394e-02
4.953302997039108924e+00 7.103788526244471380e-02
5.001486479303548727e+00 6.972595262672000305e-02
5.050138668603383785e+00 6.843611176428139597e-02
5.099264124307808288e+00 6.716764069456866715e-02
5.148867450137498025e+00 6.591924735452618644e-02
5.198953294596024399e+00 6.469536059654708293e-02
5.249526351405507718e+00 6.348046998976634991e-02
5.300591359946452030e+00 6.230607597283572413e-02
5.352153105701904501e+00 6.114149436345643618e-02
5.404216420705915347e+00 5.999687251132516247e-02
5.456786183996381823e+00 5.887179507211704604e-02
5.509867322072253160e+00 5.776558866494549416e-02
5.563464809355226137e+00 5.667825365186285325e-02
5.617583668655908191e+00 5.560932640540665328e-02
5.672228971644543094e+00 5.455871814892580135e-02
5.727405839326266346e+00 5.351846387184430731e-02
5.783119442521027054e+00 5.250754473231646069e-02
5.839375002348160315e+00 5.151504261547260044e-02
5.896177790715694478e+00 5.053222841866494841e-02
5.953533130814370189e+00 4.956822286996959842e-02
6.011446397616513337e+00 4.862064063193725222e-02
6.069923018379741464e+00 4.768920048713586046e-02
6.128968473155564034e+00 4.677384626304315757e-02
6.188588295302960063e+00 4.587409692334331462e-02
6.248788072006894012e+00 4.498981667873894891e-02
6.309573444801936049e+00 4.412070824350091541e-02
6.370950110100935149e+00 4.326654061283925767e-02
6.432923819728876502e+00 4.242706785224569649e-02
6.495500381461869033e+00 4.160103185490877237e-02
6.558685659571435345e+00 4.079102392998907450e-02
6.622485575374063238e+00 3.999391816917338000e-02
6.686906107786136921e+00 3.921091402092410916e-02
6.751953293884205287e+00 3.844154225650736612e-02
6.817633229470763112e+00 3.768510173190331436e-02
6.883952069645496330e+00 3.694200312681052145e-02
6.950916029382126382e+00 3.621157921242988686e-02
7.018531384110795912e+00 3.549389662573886745e-02
7.086804470306189430e+00 3.478862996882117059e-02
7.155741686081340980e+00 3.409571060779464230e-02
7.225349491787214085e+00 3.341480445500364521e-02
7.295634410618154320e+00 3.274502643549901532e-02
7.366603029223159460e+00 3.208837502919268531e-02
7.438261998323163482e+00 3.144247970742934661e-02
7.510618033334286459e+00 3.080780350847731400e-02
7.583677914997190683e+00 3.018433894910994147e-02
7.657448490012479958e+00 2.957099154532232335e-02
7.731936671682362316e+00 2.896989365712166614e-02
7.807149440558499798e+00 2.837871057966628863e-02
7.883093845096216690e+00 2.779789943253486995e-02
7.959777002314985417e+00 2.722690639518468569e-02
8.037206098465421888e+00 2.666696509527228393e-02
8.115388389702712146e+00 2.611624300112445202e-02
8.194331202766655053e+00 2.557523209718538110e-02
8.274041935668218883e+00 2.504399110140700935e-02
8.354528058382872047e+00 2.452214927883190204e-02
8.435797113550611570e+00 2.400955810448599653e-02
8.517856717182803905e+00 2.350565640783719087e-02
8.600714559375941093e+00 2.301171206753686513e-02
8.684378405032257220e+00 2.252610791131388207e-02
8.768856094587436090e+00 2.204750246282682555e-02
8.854155544745349715e+00 2.158091266317832199e-02
8.940284749219998162e+00 2.112098973926637702e-02
9.027251779484577909e+00 2.066925670542865343e-02
9.115064785527916769e+00 2.022440407765911316e-02
9.203731996618220279e+00 1.979044716117017363e-02
9.293261722074316111e+00 1.936292204808880146e-02
9.383662352044273902e+00 1.894283226245568191e-02
9.474942358291729150e+00 1.853094582975921625e-02
9.567110294989774388e+00 1.812635812713419767e-02
9.660174799522645017e+00 1.772912430654319596e-02
9.754144593295098531e+00 1.733916208486073821e-02
9.849028482549766039e+00 1.695636688803183606e-02
9.944835359192397917e+00 1.658062870001428615e-02
1.004157420162519543e+01 1.621181299024048589e-02
1.013925407558815373e+01 1.584982827689976684e-02
1.023788413500867378e+01 1.549469440645548715e-02
1.033747362285940774e+01 1.514571459944276735e-02
1.043803187202444072e+01 1.480347526042205368e-02
1.053956830617394580e+01 1.446794162221044441e-02
1.064209244064724658e+01 1.413849008241738030e-02
1.074561388334458023e+01 1.381515694122573655e-02
1.085014233562746178e+01 1.349797229811610169e-02
1.095568759322787855e+01 1.318679243676979147e-02
1.106225954716621906e+01 1.288146136884084358e-02
1.116986818467823817e+01 1.258195597902830518e-02
1.127852359015096795e+01 1.228813639215858150e-02
1.138823594606782130e+01 1.200002542376468403e-02
1.149901553396274245e+01 1.171728768062499024e-02
1.161087273538378994e+01 1.144011962278741745e-02
1.172381803286598512e+01 1.116828677076771997e-02
1.183786201091373513e+01 1.090165066655077869e-02
1.195301535699265827e+01 1.064021235458507617e-02
1.206928886253119870e+01 1.038391510252502543e-02
1.218669342393191712e+01 1.013257179458214655e-02
1.230524004359261525e+01 9.886185535430856361e-03
1.242493983093746479e+01 9.644586016464026454e-03
1.254580400345803248e+01 9.407885632261300118e-03
1.266784388776455827e+01 9.175904685332645153e-03
1.279107092064739781e+01 8.948370154368457882e-03
1.291549665014884063e+01 8.725470875288120556e-03
1.304113273664525430e+01 8.507058974046950370e-03
1.316799095393986185e+01 8.292995663646125087e-03
1.329608319036608854e+01 8.083640820592322834e-03
1.342542144990170527e+01 7.877849603599421449e-03
1.355601785329368880e+01 7.676572465729907327e-03
1.368788463919415221e+01 7.479441732269930324e-03
1.382103416530724438e+01 7.286287791893006696e-03
1.395547890954729020e+01 7.097406307584010025e-03
1.409123147120805619e+01 6.911989504668768908e-03
1.422830457214353395e+01 6.730598310934075325e-03
1.436671105796013137e+01 6.553036150464535727e-03
1.450646389922046886e+01 6.379177898847580332e-03
1.464757619265895272e+01 6.209295995683679695e-03
1.479006116240903168e+01 6.042411769154644625e-03
1.493393216124253264e+01 5.878536937365136210e-03
1.507920267182097263e+01 5.719823837608517016e-03
1.522588630795911513e+01 5.563736145878944890e-03
1.537399681590069456e+01 5.410756213508424554e-03
1.552354807560667105e+01 5.261419941585268774e-03
1.567455410205595001e+01 5.115322766923521489e-03
1.582702904655883280e+01 4.972261079268615498e-03
1.598098719808309376e+01 4.832495260480408963e-03
1.613644298459311699e+01 4.695647449323156648e-03
1.629341097440194730e+01 4.561965373852642711e-03
1.645190587753662470e+01 4.431200012144687755e-03
1.661194254711659113e+01 4.303403765870311530e-03
1.677353598074571295e+01 4.178755607453168638e-03
1.693670132191772026e+01 4.056383409820295965e-03
1.710145386143542012e+01 3.937109263204683143e-03
1.726780903884355922e+01 3.820560264157375416e-03
1.743578244387577669e+01 3.706672528747381647e-03
1.760538981791556523e+01 3.595441998716542194e-03
1.777664705547142532e+01 3.486857413483217608e-03
1.794957020566648254e+01 3.380788070922605051e-03
1.812417547374237614e+01 3.277203402827481241e-03
1.830047922257800863e+01 3.176132811762634456e-03
1.847849797422290763e+01 3.077430665118183542e-03
1.865824841144566193e+01 2.981189863200140247e-03
1.883974737929719367e+01 2.887129197774199792e-03
1.902301188668945642e+01 2.795516360832092130e-03
1.920805910798935301e+01 2.706015629499698011e-03
1.939490638462828542e+01 2.618793649699308577e-03
1.958357122672716955e+01 2.533705131716660827e-03
1.977407131473744428e+01 2.450794567735602517e-03
1.996642450109793288e+01 2.369897244990384032e-03
2.016064881190793656e+01 2.291164130245155854e-03
2.035676244861640072e+01 2.214284544044227161e-03
2.055478378972772546e+01 2.139524676123246653e-03
2.075473139252405730e+01 2.066737379346344182e-03
2.095662399480432825e+01 1.995700036777422678e-03
2.116048051664034446e+01 1.926603580493183726e-03
2.136632006214970403e+01 1.859340996808542083e-03
2.157416192128621546e+01 1.793826371614001174e-03
2.178402557164756459e+01 1.730063916421497499e-03
2.199593068030074861e+01 1.668087129120754191e-03
2.220989710562497521e+01 1.607766584791715542e-03
2.242594489917278011e+01 1.549141305689284405e-03
2.264409430754907504e+01 1.492111528111137895e-03
2.286436577430861306e+01 1.436712992554781783e-03
2.308677994187169702e+01 1.382812607454385811e-03
2.331135765345874944e+01 1.330477024091661440e-03
2.353811995504354471e+01 1.279633620396504641e-03
2.376708809732560823e+01 1.230278679088698483e-03
2.399828353772154799e+01 1.182344233480431056e-03
2.423172794237600769e+01 1.135826245204192390e-03
2.446744318819203201e+01 1.090625173463999906e-03
2.470545136488123816e+01 1.046902650387506167e-03
2.494577477703398571e+01 1.004439700896486015e-03
2.518843594620949489e+01 9.632784145563862100e-04
2.543345761304651020e+01 9.233681329769527317e-04
2.568086273939435316e+01 8.848023273143380309e-04
2.593067451046487548e+01 8.472707649867712056e-04
2.618291633700505372e+01 8.110070319933639950e-04
2.643761185749101372e+01 7.759137469636638107e-04
2.669478494034320804e+01 7.419591921363380242e-04
2.695445968616333587e+01 7.091108686498399840e-04
2.721666042999271795e+01 6.773529878913477076e-04
2.748141174359293259e+01 6.466454781950485000e-04
2.774873843774846804e+01 6.169801865668256193e-04
2.801866556459195223e+01 5.883258599501881014e-04
2.829121841995168651e+01 5.606627882293846151e-04
2.856642254572233952e+01 5.339640863095771600e-04
2.884430373225852051e+01 5.082076135617492538e-04
2.912488802079168337e+01 4.833758894382354375e-04
2.940820170587063842e+01 4.594412143676232020e-04
2.969427133782552986e+01 4.363851819571506986e-04
2.998312372525609959e+01 4.141828472546555664e-04
3.027478593754393543e+01 3.928139599121083995e-04
3.056928530738937155e+01 3.722601043662522569e-04
3.086664943337274636e+01 3.524996647383967473e-04
3.116690618254088463e+01 3.335094803671685227e-04
3.147008369301855879e+01 3.152773030931506045e-04
3.177621037664554038e+01 2.977657652434045248e-04
3.208531492163897525e+01 2.809716220725715996e-04
3.239742629528198847e+01 2.648769904848941796e-04
3.271257374663825601e+01 2.494537516028204121e-04
3.303078680929315425e+01 2.346906493709157002e-04
3.335209530412127066e+01 2.205632235815600133e-04
3.367652934208116022e+01 2.070583387508492931e-04
3.400411932703705986e+01 1.941576591690051372e-04
3.433489595860830690e+01 1.818411809599752176e-04
3.466889023504609213e+01 1.700964290755328681e-04
3.500613345613854221e+01 1.589025687192182213e-04
3.534665722614391115e+01 1.482407745457317550e-04
3.569049345675229290e+01 1.381028483898626212e-04
3.603767437007633134e+01 1.284658756879648465e-04
3.638823250167062184e+01 1.193183050952275633e-04
3.674220070358090595e+01 1.106395624994303036e-04
3.709961214742267543e+01 1.024197576266247089e-04
3.746050032748993175e+01 9.464394038364335956e-05
3.782489906389385936e+01 8.728883616934923718e-05
3.819284250573236505e+01 8.035502136098191125e-05
3.856436513429023449e+01 7.380905854757395881e-05
3.893950176627063087e+01 6.765078150546719675e-05
3.931828755705770106e+01 6.186192332270039741e-05
3.970075800401124155e+01 5.643166422710253543e-05
4.008694894979318946e+01 5.134115460905884742e-05
4.047689658572676308e+01 4.658054940870548559e-05
4.087063745518780422e+01 4.214034480318675505e-05
4.126820845702955864e+01 3.799700494015789741e-05
4.166964684904057492e+01 3.415652674740328042e-05
4.207499025143619065e+01 3.058800403851827116e-05
4.248427665038425260e+01 2.728894876745687869e-05
4.289754440156466586e+01 2.424240941900711904e-05
4.331483223376402947e+01 2.144209397130238093e-05
4.373617925250492533e+01 1.887258039484990203e-05
4.416162494371084790e+01 1.652370441152928367e-05
4.459120917740628443e+01 1.438473228075403624e-05
4.502497221145327444e+01 1.244549465194662271e-05
4.546295469532399380e+01 1.069216663804940170e-05
4.590519767391037220e+01 9.116575036471034768e-06
4.635174259137027519e+01 7.707230168063820375e-06
4.680263129501155817e+01 6.455929782870467944e-06
4.725790603921362276e+01 5.350633502004086769e-06
4.771760948938745628e+01 4.381721079753002794e-06
4.818178472597362827e+01 3.539571756955349821e-06
4.865047524847972937e+01 2.815228128646362083e-06
4.912372497955678341e+01 2.198546029648047754e-06
4.960157826911540724e+01 1.680813430889004994e-06
5.008407989848212338e+01 1.252685145927342146e-06
5.057127508459573306e+01 9.049326484873849428e-07
5.106320948424492911e+01 6.291944453298646088e-07
5.155992919834686461e+01 4.166521929118772097e-07
5.206148077626762216e+01 2.587888271100979611e-07
5.256791122018424289e+01 1.464348863352312725e-07
5.307926798948964375e+01 7.292855127452985328e-08
5.359559900524011766e+01 2.947190272563256485e-08
5.411695265464637572e+01 8.162929118502115151e-09
5.464337779560780461e+01 0.000000000000000000e+00
