1.000000000000000021e-02 1.349552966405179300e+00
1.009727545900835841e-02 1.349548214653365941e+00
1.019549716950923779e-02 1.349543228028230679e+00
1.029467433620748044e-02 1.349538021380399577e+00
1.039481625334708927e-02 1.349532824032155132e+00
1.049593230558227772e-02 1.349529815952227541e+00
1.059803196885688789e-02 1.349524347107231348e+00
1.070112481129246833e-02 1.349518791395828421e+00
1.080522049408488318e-02 1.349538449918387562e+00
1.091032877240974419e-02 1.349504551582523693e+00
1.101645949633656314e-02 1.349498666692850568e+00
1.112362261175187626e-02 1.349492647583698357e+00
1.123182816129126085e-02 1.349514017608639982e+00
1.134108628528052165e-02 1.349480782130405565e+00
1.145140722268592030e-02 1.349473963479160821e+00
1.156280131207376022e-02 1.349467539619784384e+00
1.167527899257919492e-02 1.349460980556279166e+00
1.178885080488457221e-02 1.349481091574934233e+00
1.190352739220719262e-02 1.349447876037562777e+00
1.201931950129673729e-02 1.349440883708631134e+00
1.213623798344241195e-02 1.349433823881618588e+00
1.225429379548980714e-02 1.349428780173046460e+00
1.237349800086776086e-02 1.349421167077621275e+00
1.249386177062509519e-02 1.349411469624224980e+00
1.261539638447754796e-02 1.349403508028391041e+00
1.273811323186478488e-02 1.349395595402570258e+00
1.286202381301779218e-02 1.349387138696550137e+00
1.298713974003655978e-02 1.349378947461355560e+00
1.311347273797833224e-02 1.349370597962638918e+00
1.324103464595636874e-02 1.349362084916645887e+00
1.336983741824946531e-02 1.349353392396738460e+00
1.349989312542219239e-02 1.349344553055428664e+00
1.363121395545611320e-02 1.349335480363478057e+00
1.376381221489191876e-02 1.349326195999272171e+00
1.389770032998276401e-02 1.349316303168206499e+00
1.403289084785873213e-02 1.349307141377544816e+00
1.416939643770268736e-02 1.349297068882735484e+00
1.430722989193757184e-02 1.349287706806566511e+00
1.444640412742520530e-02 1.349277550013564753e+00
1.458693218667675602e-02 1.349267112939541491e+00
1.472882723907502529e-02 1.349256546012832070e+00
1.487210258210860774e-02 1.349245682916873079e+00
1.501677164261799868e-02 1.349234790141206508e+00
1.516284797805393485e-02 1.349223599092057801e+00
1.531034527774784160e-02 1.349212175227480826e+00
1.545927736419477720e-02 1.349200473661273048e+00
1.560965819434872483e-02 1.349188575852733107e+00
1.576150186093060873e-02 1.349176449246865417e+00
1.591482259374891323e-02 1.349164072307582618e+00
1.606963476103326349e-02 1.349151444199021999e+00
1.622595287078087284e-02 1.349138539823670158e+00
1.638379157211618947e-02 1.349125365338969429e+00
1.654316565666366645e-02 1.349112098994598830e+00
1.670409005993399310e-02 1.349098372874667939e+00
1.686657986272368723e-02 1.349084366787120404e+00
1.703065029252844378e-02 1.349070382304475402e+00
1.719631672497009753e-02 1.349056168447808624e+00
1.736359468523754335e-02 1.349041052771968063e+00
1.753249984954170088e-02 1.349025427496042928e+00
1.770304804658450262e-02 1.349010013828864762e+00
1.787525525904235316e-02 1.348994501624799502e+00
1.804913762506383731e-02 1.348978606802167413e+00
1.822471143978214581e-02 1.348962207337991881e+00
1.840199315684210371e-02 1.348943066834614513e+00
1.858099938994215231e-02 1.348928724355102915e+00
1.876174691439120440e-02 1.348911475241306723e+00
1.894425266868081034e-02 1.348893495955495458e+00
1.912853375607242307e-02 1.348875833657274814e+00
1.931460744620030340e-02 1.348858360740922135e+00
1.950249117668984011e-02 1.348839733051493850e+00
1.969220255479172538e-02 1.348820139588484901e+00
1.988375935903200636e-02 1.348801469802140884e+00
2.007717954087816226e-02 1.348781488934691186e+00
2.027248122642137662e-02 1.348761200499584811e+00
2.046968271807520987e-02 1.348740702736917818e+00
2.066880249629082095e-02 1.348718760024699481e+00
2.086985922128879734e-02 1.348697415703711933e+00
2.107287173480786382e-02 1.348675888013449731e+00
2.127785906187062287e-02 1.348654018161286050e+00
2.148484041256648255e-02 1.348631661387684533e+00
2.169383518385184506e-02 1.348608560097890985e+00
2.190486296136792688e-02 1.348585456037607377e+00
2.211794352127614133e-02 1.348562607175662675e+00
2.233309683211144592e-02 1.348536467411677098e+00
2.255034305665360936e-02 1.348512171199931053e+00
2.276970255381680075e-02 1.348486699023864421e+00
2.299119588055741764e-02 1.348460736050199005e+00
2.321484379380064564e-02 1.348434227228214377e+00
2.344066725238556220e-02 1.348407200072310852e+00
2.366868741902936057e-02 1.348379565148970061e+00
2.389892566231050300e-02 1.348351610803590450e+00
2.413140355867127856e-02 1.348322877678374221e+00
2.436614289443983158e-02 1.348293740245503081e+00
2.460316566787181664e-02 1.348264109133596733e+00
2.484249409121190577e-02 1.348234214649413731e+00
2.508415059277539771e-02 1.348203566798344744e+00
2.532815781905008515e-02 1.348172077405811020e+00
2.557453863681850847e-02 1.348139877646450158e+00
2.582331613530085626e-02 1.348107334386722700e+00
2.607451362831877603e-02 1.348073947458211075e+00
2.632815465648021339e-02 1.348039920484726428e+00
2.658426298938541474e-02 1.348005160515442835e+00
2.684286262785454819e-02 1.347969690435443457e+00
2.710397780617682106e-02 1.347933412734073633e+00
2.736763299438163891e-02 1.347896415313788232e+00
2.763385290053169824e-02 1.347858968385684530e+00
2.790266247303856487e-02 1.347821247928783217e+00
2.817408690300057458e-02 1.347782154369755014e+00
2.844815162656363222e-02 1.347741793881577443e+00
2.872488232730495070e-02 1.347701178745883466e+00
2.900430493863991738e-02 1.347659641755825310e+00
2.928644564625237229e-02 1.347617755973319564e+00
2.957133089054861039e-02 1.347574792884091988e+00
2.985898736913520854e-02 1.347531108183537496e+00
3.014944203932094433e-02 1.347486545901496635e+00
3.044272212064302874e-02 1.347441043032909569e+00
3.073885509741795460e-02 1.347394424579747119e+00
3.103786872131722788e-02 1.347347194041647267e+00
3.133979101396793671e-02 1.347299161046489280e+00
3.164465026957891114e-02 1.347250091871283306e+00
3.195247505759213347e-02 1.347199824167460980e+00
3.226329422536015901e-02 1.347149249755859257e+00
3.257713690084949876e-02 1.347095627239849325e+00
3.289403249537032475e-02 1.347044192105923521e+00
3.321401070633261954e-02 1.346989962059826018e+00
3.353710152002930406e-02 1.346934828187539734e+00
3.386333521444636480e-02 1.346878555700154134e+00
3.419274236210027851e-02 1.346821250420943139e+00
3.452535383290306070e-02 1.346762227406566703e+00
3.486120079705520153e-02 1.346702784044542467e+00
3.520031472796678745e-02 1.346642621980683074e+00
3.554272740520694751e-02 1.346580138760356204e+00
3.588847091748199186e-02 1.346516339185014344e+00
3.623757766564258964e-02 1.346452198096132147e+00
3.659008036572020811e-02 1.346385900707447236e+00
3.694601205199302130e-02 1.346319183247466134e+00
3.730540608008161424e-02 1.346250118474528357e+00
3.766829613007490613e-02 1.346181455806827021e+00
3.803471620968648659e-02 1.346109764891219474e+00
3.840470065744145539e-02 1.346037416201824266e+00
3.877828414589457040e-02 1.345964180011614442e+00
3.915550168487941241e-02 1.345888167917393075e+00
3.953638862478930927e-02 1.345812823437318340e+00
3.992098065989020672e-02 1.345734625687853070e+00
4.030931383166566628e-02 1.345654548968465036e+00
4.070142453219438572e-02 1.345572979957174953e+00
4.109734950756069316e-02 1.345491092751844198e+00
4.149712586129815362e-02 1.345406153242528768e+00
4.190079105786669034e-02 1.345320726734807737e+00
4.230838292616342228e-02 1.345232994718670083e+00
4.271993966306778662e-02 1.345142844976363827e+00
4.313549983702118923e-02 1.345051652546604304e+00
4.355510239164130798e-02 1.344958921836829191e+00
4.397878664937160398e-02 1.344864564462882939e+00
4.440659231516640160e-02 1.344768615758288099e+00
4.483855948021186338e-02 1.344670649379915872e+00
4.527472862568297785e-02 1.344570038077282703e+00
4.571514062653719151e-02 1.344467182651956083e+00
4.615983675534499064e-02 1.344362597955517824e+00
4.660885868615767536e-02 1.344255820061726059e+00
4.706224849841281199e-02 1.344147831450835939e+00
4.752004868087766204e-02 1.344037048569305615e+00
4.798230213563085128e-02 1.343924160198213480e+00
4.844905218208294534e-02 1.343808700632954878e+00
4.892034256103611894e-02 1.343692005655562349e+00
4.939621743878321036e-02 1.343572841335555879e+00
4.987672141124663283e-02 1.343451396906925055e+00
5.036189950815770505e-02 1.343327721735837921e+00
5.085179719727656034e-02 1.343201517770820530e+00
5.134646038865306461e-02 1.343072650045287197e+00
5.184593543892913187e-02 1.342941007856891078e+00
5.235026915568305461e-02 1.342807503734583685e+00
5.285950880181603667e-02 1.342670578108995816e+00
5.337370209998133774e-02 1.342532045865048040e+00
5.389289723705643909e-02 1.342390004490590316e+00
5.441714286865893119e-02 1.342245315372577519e+00
5.494648812370611646e-02 1.342097694846455136e+00
5.548098260901916656e-02 1.341947049481570842e+00
5.602067641397187603e-02 1.341793428917777975e+00
5.656562011518465050e-02 1.341637026339958627e+00
5.711586478126431943e-02 1.341478035218494735e+00
5.767146197758996756e-02 1.341315658004953004e+00
5.823246377114527778e-02 1.341148650807380660e+00
5.879892273539785025e-02 1.340980641832354658e+00
5.937089195522609469e-02 1.340808551188085396e+00
5.994842503189409116e-02 1.340632915945213499e+00
6.053157608807464840e-02 1.340454304887733539e+00
6.112039977292132997e-02 1.340273872963010593e+00
6.171495126718981594e-02 1.340088820277979931e+00
6.231528628840921763e-02 1.339897446924886326e+00
6.292146109610344262e-02 1.339703718085905937e+00
6.353353249706343575e-02 1.339507580095845585e+00
6.415155785067082339e-02 1.339307102538821015e+00
6.477559507427335661e-02 1.339103245970507672e+00
6.540570264861225724e-02 1.338894177469264424e+00
6.604193962330305590e-02 1.338681761358971434e+00
6.668436562236895737e-02 1.338465603638616663e+00
6.733304084982863480e-02 1.338244749841120296e+00
6.798802609533814711e-02 1.338019067255380223e+00
6.864938273988777095e-02 1.337790315791447249e+00
6.931717276155408003e-02 1.337557327770692250e+00
6.999145874130821565e-02 1.337318924690696242e+00
7.067230386888070925e-02 1.337076473706171775e+00
7.135977194868306506e-02 1.336828993139992372e+00
7.205392740578704658e-02 1.336576702009805162e+00
7.275483529196229149e-02 1.336319263427433457e+00
7.346256129177256011e-02 1.336057723072576975e+00
7.417717172873124210e-02 1.335790933726163754e+00
7.489873357151664857e-02 1.335518287812874627e+00
7.562731444024800576e-02 1.335240231880300277e+00
7.636298261282241373e-02 1.334959929360129083e+00
7.710580703131336699e-02 1.334668540130060643e+00
7.785585730843146146e-02 1.334374504463751832e+00
7.861320373404813433e-02 1.334075998463605472e+00
7.937791728178281159e-02 1.333770524639493971e+00
8.015006961565404597e-02 1.333459952448205810e+00
8.092973309679550586e-02 1.333142626228784433e+00
8.171698079023696770e-02 1.332819932911198713e+00
8.251188647175167201e-02 1.332491108187574991e+00
8.331452463477014014e-02 1.332153786138409846e+00
8.412497049736118726e-02 1.331813723845135744e+00
8.494330000928071445e-02 1.331463087828554492e+00
8.576958985908941790e-02 1.331107353830513595e+00
8.660391748133952627e-02 1.330745310669434911e+00
8.744636106383144036e-02 1.330377567373378644e+00
8.829699955494091368e-02 1.330000349412081562e+00
8.915591267101763417e-02 1.329617245010134008e+00
9.002318090385581784e-02 1.329226940237329346e+00
9.089888552823731371e-02 1.328828703126486932e+00
9.178310860954806694e-02 1.328421899514840243e+00
9.267593301146882789e-02 1.328008926768726949e+00
9.357744240374062106e-02 1.327588178123112472e+00
9.448772127000577836e-02 1.327158061952666168e+00
9.540685491572513388e-02 1.326720286174213559e+00
9.633492947617222635e-02 1.326274053604787451e+00
9.727203192450542546e-02 1.325819765390304772e+00
9.821825007991856482e-02 1.325356758947084490e+00
9.917367261587073379e-02 1.324885397591415437e+00
1.001383890683960748e-01 1.324403765173238767e+00
1.011124898444945991e-01 1.323913736335305957e+00
1.020960662306047012e-01 1.323425526056305257e+00
1.030892104011576216e-01 1.322912052821738627e+00
1.040920154272158005e-01 1.322386710365029971e+00
1.051045752851944987e-01 1.321857615358176030e+00
1.061269848656690717e-01 1.321321509447058951e+00
1.071593399822671072e-01 1.320772285752076947e+00
1.082017373806478805e-01 1.320212514688168914e+00
1.092542747475682557e-01 1.319644296880949197e+00
1.103170507200377515e-01 1.319063526134540920e+00
1.113901648945616746e-01 1.318472972521617326e+00
1.124737178364751955e-01 1.317869116525544948e+00
1.135678110893671017e-01 1.317255281087677865e+00
1.146725471845963656e-01 1.316627747763626566e+00
1.157880296509002094e-01 1.315995114085145579e+00
1.169143630240966764e-01 1.315336240175072335e+00
1.180516528568804902e-01 1.314682249076525311e+00
1.192000057287153220e-01 1.314008279425737502e+00
1.203595292558212876e-01 1.313320975605022145e+00
1.215303321012602134e-01 1.312622022992072646e+00
1.227125239851190319e-01 1.311908923365934454e+00
1.239062156947916271e-01 1.311182809908603808e+00
1.251115190953615564e-01 1.310444279668110612e+00
1.263285471400849291e-01 1.309690660291457087e+00
1.275574138809759950e-01 1.308923592244684464e+00
1.287982344794950385e-01 1.308142794692528366e+00
1.300511252173409127e-01 1.307345702570484436e+00
1.313162035073478784e-01 1.306534705805932672e+00
1.325935879044890797e-01 1.305708185151112533e+00
1.338833981169864351e-01 1.304868070157879201e+00
1.351857550175293021e-01 1.304012041813732203e+00
1.365007806546013891e-01 1.303135576041913879e+00
1.378285982639189389e-01 1.302246494301152246e+00
1.391693322799789911e-01 1.301340487560959769e+00
1.405231083477211373e-01 1.300417798826086102e+00
1.418900533343016301e-01 1.299477991049480252e+00
1.432702953409830948e-01 1.298520547389129476e+00
1.446639637151387880e-01 1.297546048672121755e+00
1.460711890623745679e-01 1.296553042779935661e+00
1.474921032587684921e-01 1.295541982267720105e+00
1.489268394632288772e-01 1.294513148650695111e+00
1.503755321299738434e-01 1.293463843526405421e+00
1.518383170211306810e-01 1.292395796045255896e+00
1.533153312194593942e-01 1.291309067248327613e+00
1.548067131411984265e-01 1.290200690959241614e+00
1.563126025490369497e-01 1.289073717537210007e+00
1.578331405652117214e-01 1.287926200961529766e+00
1.593684696847328941e-01 1.286757068791095193e+00
1.609187337887370006e-01 1.285566058825784674e+00
1.624840781579713067e-01 1.284354153486683137e+00
1.640646494864078653e-01 1.283120720717670249e+00
1.656605958949914359e-01 1.281863743543561363e+00
1.672720669455196874e-01 1.280593795313325511e+00
1.688992136546599021e-01 1.279282220481461563e+00
1.705421885081006561e-01 1.277957369674584509e+00
1.722011454748421100e-01 1.276608521483467484e+00
1.738762400216251336e-01 1.275234189442289612e+00
1.755676291275001522e-01 1.273836119487082641e+00
1.772754712985387948e-01 1.272412322768900594e+00
1.789999265826875408e-01 1.270962365499161750e+00
1.807411565847668600e-01 1.269488148105376357e+00
1.824993244816152382e-01 1.267986844344107356e+00
1.842745950373816666e-01 1.266459218596378111e+00
1.860671346189656239e-01 1.264903871716815065e+00
1.878771112116086051e-01 1.263321764330447294e+00
1.897046944346358344e-01 1.261710499088515069e+00
1.915500555573527997e-01 1.260081697290040381e+00
1.934133675150944698e-01 1.258403934860553131e+00
1.952948049254327745e-01 1.256706077767514751e+00
1.971945441045395986e-01 1.254979553035656670e+00
1.991127630837108697e-01 1.253222575720225329e+00
2.010496416260497965e-01 1.251451747950845794e+00
2.030053612433137811e-01 1.249614939432017735e+00
2.049801052129238688e-01 1.247763465641068992e+00
2.069740585951406198e-01 1.245881509877462712e+00
2.089874082504071251e-01 1.243965984460747798e+00
2.110203428568595552e-01 1.242017472047804993e+00
2.130730529280097374e-01 1.240034615619567182e+00
2.151457308305980698e-01 1.238018108072186152e+00
2.172385708026215445e-01 1.235966931985881478e+00
2.193517689715359098e-01 1.233880966859019823e+00
2.214855233726360506e-01 1.231760001125320692e+00
2.236400339676138660e-01 1.229602146305183830e+00
2.258155026632983065e-01 1.227408290610946251e+00
2.280121333305757114e-01 1.225176826218583148e+00
2.302301318234963867e-01 1.222908211812061330e+00
2.324697059985647851e-01 1.220600294012305964e+00
2.347310657342196183e-01 1.218255378167657721e+00
2.370144229505012079e-01 1.215870507324406713e+00
2.393199916289123208e-01 1.213445390346974406e+00
2.416479878324700736e-01 1.210979911436111056e+00
2.439986297259550130e-01 1.208474353036950610e+00
2.463721375963552895e-01 1.205927233253246911e+00
2.487687338735107279e-01 1.203337942000441307e+00
2.511886431509580686e-01 1.200708366623584933e+00
2.536320922069775774e-01 1.198034156122634419e+00
2.560993100258459609e-01 1.195326196615585257e+00
2.585905278192945911e-01 1.192554065697073229e+00
2.611059790481781162e-01 1.189747915485534602e+00
2.636458994443517945e-01 1.186895934305282951e+00
2.662105270327638773e-01 1.183998365849739498e+00
2.688001021537606006e-01 1.181056214761774248e+00
2.714148674856106669e-01 1.178065675282499392e+00
2.740550680672460548e-01 1.175028324268029722e+00
2.767209513212268712e-01 1.171943303505604161e+00
2.794127670769268601e-01 1.168797828681130024e+00
2.821307675939472293e-01 1.165627045164880915e+00
2.848752075857552413e-01 1.162394834648412312e+00
2.876463442435557849e-01 1.159113149296004508e+00
2.904444372603925406e-01 1.155779723286260774e+00
2.932697488554852905e-01 1.152396901595853507e+00
2.961225437988035947e-01 1.148962187312644989e+00
2.990030894358785551e-01 1.145475815681821663e+00
3.019116557128577738e-01 1.141936816174202729e+00
3.048485152018017286e-01 1.138342454354528632e+00
3.078139431262288950e-01 1.134695724030279518e+00
3.108082173869063936e-01 1.130994443347939304e+00
3.138316185878944342e-01 1.127240562855768458e+00
3.168844300628416155e-01 1.123429477924201780e+00
3.199669379015380732e-01 1.119564587251476784e+00
3.230794309767249795e-01 1.115642742559129985e+00
3.262222009711669979e-01 1.111663724169668965e+00
3.293955424049855307e-01 1.107628181766805886e+00
3.325997526632606949e-01 1.103534999817882944e+00
3.358351320238990301e-01 1.099384820305179700e+00
3.391019836857747105e-01 1.095175298999586433e+00
3.424006137971423724e-01 1.090907680707520200e+00
3.457313314843284413e-01 1.086578919053114545e+00
3.490944488806992929e-01 1.082195002054330502e+00
3.524902811559130766e-01 1.077748491363664574e+00
3.559191465454557002e-01 1.073243112591462767e+00
3.593813663804627523e-01 1.068677170087895645e+00
3.628772651178337472e-01 1.064048708012552691e+00
3.664071703706370808e-01 1.059360881958882672e+00
3.699714129388128048e-01 1.054609531516047305e+00
3.735703268401719401e-01 1.049797866863056317e+00
3.772042493416999376e-01 1.044924377190610709e+00
3.808735209911614517e-01 1.039988874210294734e+00
3.845784856490158665e-01 1.034989651866587090e+00
3.883194905206404091e-01 1.029944317681921628e+00
3.920968861888690649e-01 1.024804373738027685e+00
3.959110266468458539e-01 1.019617209645492073e+00
3.997622693312000708e-01 1.014367812490335474e+00
4.036509751555413805e-01 1.009054711340357180e+00
4.075775085442840395e-01 1.003677408490130762e+00
4.115422374667966343e-01 9.982372909045055254e-01
4.155455334718875515e-01 9.927316247219947210e-01
4.195877717226225712e-01 9.871656686371911293e-01
4.236693310314835759e-01 9.815355345880630855e-01
4.277905938958687093e-01 9.758425656197030618e-01
4.319519465339363706e-01 9.700837174961604026e-01
4.361537789208005944e-01 9.642636739507424171e-01
4.403964848250754294e-01 9.583809970247898491e-01
4.446804618457780300e-01 9.524322198288484032e-01
4.490061114495874639e-01 9.464238484345723901e-01
4.533738390084691150e-01 9.403510747847561024e-01
4.577840538376618529e-01 9.342164456140545914e-01
4.622371692340384031e-01 9.280202546486258086e-01
4.667336025148346446e-01 9.217633342905122706e-01
4.712737750567601580e-01 9.154428862707740810e-01
4.758581123354846953e-01 9.090609270874311365e-01
4.804870439655131720e-01 9.026210374590846186e-01
4.851610037404442966e-01 8.961203347420815257e-01
4.898804296736250508e-01 8.895594053976346727e-01
4.946457640391963562e-01 8.829392708883491148e-01
4.994574534135413635e-01 8.762618201797363060e-01
5.043159487171361421e-01 8.695248884302073655e-01
5.092217052568053237e-01 8.627444212017628677e-01
5.141751827683928022e-01 8.558832964739138127e-01
5.191768454598426619e-01 8.489782818171733858e-01
5.242271620547044320e-01 8.420213086123452539e-01
5.293266058360561743e-01 8.350021029448300158e-01
5.344756546908600026e-01 8.279344539686279703e-01
5.396747911547442600e-01 8.208137877816025219e-01
5.449245024572260121e-01 8.136412140901827517e-01
5.502252805673685243e-01 8.064187667118852820e-01
5.555776222398878250e-01 7.991473485108679942e-01
5.609820290617031358e-01 7.918269593164484199e-01
5.664390074989449353e-01 7.844583149300993208e-01
5.719490689444144405e-01 7.770438314467048579e-01
5.775127297655114900e-01 7.695849356624714366e-01
5.831305113526221717e-01 7.620820682048103922e-01
5.888029401679826247e-01 7.545369748727551729e-01
5.945305477950136863e-01 7.469476564427247611e-01
6.003138709881384871e-01 7.393225025987071319e-01
6.061534517230839914e-01 7.316578004866458596e-01
6.120498372476699256e-01 7.239546252398365578e-01
6.180035801330957534e-01 7.162222856535246374e-01
6.240152383257209223e-01 7.084417221177321533e-01
6.300853751993553686e-01 7.006391378871014153e-01
6.362145596080520660e-01 6.928026330385593790e-01
6.424033659394193796e-01 6.849363416502093349e-01
6.486523741684461219e-01 6.770438041817562480e-01
6.549621699118558515e-01 6.691244982943669317e-01
6.613333444829840868e-01 6.611756531413501836e-01
6.677664949471955325e-01 6.532138142338678177e-01
6.742622241778342129e-01 6.452263506496239698e-01
6.808211409127237213e-01 6.372191929000241561e-01
6.874438598112112553e-01 6.291968448849087903e-01
6.941310015117725385e-01 6.211584182004268317e-01
7.008831926901714082e-01 6.131054895304400842e-01
7.077010661181889484e-01 6.050415917000544486e-01
7.145852607229240538e-01 5.969677266418437211e-01
7.215364216466665370e-01 5.888879733808741745e-01
7.285552003073593186e-01 5.808002017197755329e-01
7.356422544596413760e-01 5.727513689974474964e-01
7.427982482564918776e-01 5.646192320106484530e-01
7.500238523114668432e-01 5.565278622488006866e-01
7.573197437615483141e-01 5.484400785018967994e-01
7.646866063305975958e-01 5.403576887548293683e-01
7.721251303934327792e-01 5.322745367236912939e-01
7.796360130405233235e-01 5.242124485976139558e-01
7.872199581433195759e-01 5.161580837435676417e-01
7.948776764202123424e-01 5.081108770320431622e-01
8.026098855031396084e-01 5.000784587441873263e-01
8.104173100048355227e-01 4.920643760111940157e-01
8.183006815867394090e-01 4.840799445174155946e-01
8.262607390275591435e-01 4.761104402905068089e-01
8.342982282925082149e-01 4.681645863702959542e-01
8.424139026032094746e-01 4.602399778254643858e-01
8.506085225082840040e-01 4.523530796565841117e-01
8.588828559546254349e-01 4.444877529392273208e-01
8.672376783593644944e-01 4.366588661633174495e-01
8.756737726825394308e-01 4.288675170851329321e-01
8.841919295004664336e-01 4.211074433896162539e-01
8.927929470798307010e-01 4.133910748527476198e-01
9.014776314524917122e-01 4.057086687037056438e-01
9.102467964910225806e-01 3.980722606430968646e-01
9.191012639849772681e-01 3.904797802962846620e-01
9.280418637179072006e-01 3.829341061620768483e-01
9.370694335451198453e-01 3.754373792770770990e-01
9.461848194722002336e-01 3.679888486517979840e-01
9.553888757342895444e-01 3.605966944673581476e-01
9.646824648761427312e-01 3.532542869615458159e-01
9.740664578329562007e-01 3.459725670956868560e-01
9.835417340119908536e-01 3.387448507791901431e-01
9.931091813749796104e-01 3.315804120255210763e-01
1.002769696521346621e+00 3.244787015821930520e-01
1.012524184772224167e+00 3.174281102809631272e-01
1.022373560255302127e+00 3.104486360985355686e-01
1.032318745990486564e+00 3.035437885647845335e-01
1.042360673976402197e+00 2.966925917557216019e-01
1.052500285277732761e+00 2.899257934432923345e-01
1.062738530113414459e+00 2.832299607339877068e-01
1.073076367945679621e+00 2.765890270998440092e-01
1.083514767569973225e+00 2.700334879698693680e-01
1.094054707205742494e+00 2.635505549485835930e-01
1.104697174588111785e+00 2.571477411193688889e-01
1.115443167060441221e+00 2.508141852054149301e-01
1.126293691667795249e+00 2.445631033940112720e-01
1.137249765251314271e+00 2.383916834730706868e-01
1.148312414543511073e+00 2.323001044548407279e-01
1.159482676264482759e+00 2.262914656965638316e-01
1.170761597219069250e+00 2.203633373608257784e-01
1.182150234394952371e+00 2.145212412788878587e-01
1.193649655061713055e+00 2.087607623166277404e-01
1.205260936870842681e+00 2.030853020607575887e-01
1.216985167956738056e+00 1.974988030668154704e-01
1.228823447038673411e+00 1.919971292570326615e-01
1.240776883523764251e+00 1.865794861825992301e-01
1.252846597610937529e+00 1.812534782927845978e-01
1.265033720395903893e+00 1.760096254201408139e-01
1.277339393977160009e+00 1.708616632987840223e-01
1.289764771563017165e+00 1.657957829338937705e-01
1.302311017579677488e+00 1.608208966608974388e-01
1.314979307780347773e+00 1.559406281235035108e-01
1.327770829355430449e+00 1.511416590145557293e-01
1.340686781043774811e+00 1.464400764062438465e-01
1.353728373245021821e+00 1.418233617865260476e-01
1.366896828133026487e+00 1.372977873905518453e-01
1.380193379770397355e+00 1.328614365498050343e-01
1.393619274224142002e+00 1.285145130929132573e-01
1.407175769682446731e+00 1.242591052366762566e-01
1.420864136572576708e+00 1.200890316839278438e-01
1.434685657679937831e+00 1.160083860274952472e-01
1.448641628268290127e+00 1.120176936193887918e-01
1.462733356201129986e+00 1.081264053166399314e-01
1.476962162064259898e+00 1.043006105762869229e-01
1.491329379289537682e+00 1.005736559053384271e-01
1.505836354279841416e+00 9.693510769243769698e-02
1.520484446535244283e+00 9.337634039146455733e-02
1.535275028780422657e+00 8.991264101868236269e-02
1.550209487093291205e+00 8.653261183139501767e-02
1.565289221034902312e+00 8.323480551448332598e-02
1.580515643780601165e+00 8.001557968143004074e-02
1.595890182252465817e+00 7.688893071330964168e-02
1.611414277253019778e+00 7.385946701078477394e-02
1.627089383600260675e+00 7.088025696799458986e-02
1.642916970263993193e+00 6.798945283276508489e-02
1.658898520503498064e+00 6.518401947808168118e-02
1.675035532006524441e+00 6.245773508986937617e-02
1.691329517029648732e+00 5.980929170518049787e-02
1.707782002539993016e+00 5.723680897051158789e-02
1.724394530358320354e+00 5.474317003365912482e-02
1.741168657303530987e+00 5.232318395393453087e-02
1.758105955338547632e+00 4.997750382790590307e-02
1.775208011717636092e+00 4.770090960190428997e-02
1.792476429135148930e+00 4.550400130797772891e-02
1.809912825875727105e+00 4.337409773453396178e-02
1.827518835965944666e+00 4.131358523223544604e-02
1.845296109327445366e+00 3.932275019029797536e-02
1.863246311931559873e+00 3.739784455102410782e-02
1.881371125955437096e+00 3.554017965488966146e-02
1.899672249939675650e+00 3.374678488869035237e-02
1.918151398947507635e+00 3.201770769509226094e-02
1.936810304725519849e+00 3.035105598461574836e-02
1.955650715865949074e+00 2.874609902854082660e-02
1.974674397970537454e+00 2.720088944160629907e-02
1.993883133816001019e+00 2.571645682493695073e-02
2.013278723521096492e+00 2.428764344382123436e-02
2.032862984715323673e+00 2.291468641505845991e-02
2.052637752709252084e+00 2.159688939568147129e-02
2.072604880666519822e+00 2.033490001993405738e-02
2.092766239777499759e+00 1.912517185646967280e-02
2.113123719434652603e+00 1.796591971693638212e-02
2.133679227409597701e+00 1.685818824621541229e-02
2.154434690031884259e+00 1.579837705256049649e-02
2.175392052369522489e+00 1.478695370085028951e-02
2.196553278411258248e+00 1.382087504730264947e-02
2.217920351250634692e+00 1.289983446526803655e-02
2.239495273271823184e+00 1.202388500591538428e-02
2.261280066337279404e+00 1.119050218823598036e-02
2.283276771977218012e+00 1.039864581236389814e-02
2.305487451580938707e+00 9.645796616277867164e-03
2.327914186589993051e+00 8.932876993366275706e-03
2.350559078693253756e+00 8.257653184925758949e-03
2.373424250023866033e+00 7.619098536715876967e-03
2.396511843358130278e+00 7.015743643693539075e-03
2.419824022316292567e+00 6.447358973869631027e-03
2.443362971565319341e+00 5.911351953704269656e-03
2.467130897023623426e+00 5.407552535642300845e-03
2.491130026067788439e+00 4.934504152896861985e-03
2.515362607741312928e+00 4.491266974570364348e-03
2.539830912965362675e+00 4.076321141281637368e-03
2.564537234751594674e+00 3.689288382303633831e-03
2.589483888417040802e+00 3.328476253787772832e-03
2.614673211801092023e+00 2.992982665683726392e-03
2.640107565484572927e+00 2.681717328427356620e-03
2.665789333010967876e+00 2.393759534442177657e-03
2.691720921109787668e+00 2.127952097216730121e-03
2.717904759922122881e+00 1.883347251296225424e-03
2.744343303228365283e+00 1.658902109530175370e-03
2.771039028678170535e+00 1.453694994322566290e-03
2.797994438022641805e+00 1.266698141041613631e-03
2.825212057348790218e+00 1.097000407307415111e-03
2.852694437316245057e+00 9.436460227702474094e-04
2.880444153396297668e+00 8.057185421451022213e-04
2.908463806113254169e+00 6.823158201385978380e-04
2.936756021288137397e+00 5.725275408753999987e-04
2.965323450284773621e+00 4.755002932202867126e-04
2.994168770258243573e+00 3.903679490237770694e-04
3.023294684405779531e+00 3.162820873697267201e-04
3.052703922220086241e+00 2.524079608010611729e-04
3.082399239745143404e+00 1.979380840380384244e-04
3.112383419834465759e+00 1.520690362139171295e-04
3.142659272411905569e+00 1.140127271257696347e-04
3.173229634734976212e+00 8.299608024833307379e-05
3.204097371660752813e+00 5.826460514279207376e-05
3.235265375914330388e+00 3.906886459666936390e-05
3.266736568359921655e+00 2.468082010570484710e-05
3.298513898274578082e+00 1.438229468631975147e-05
3.330600343624588788e+00 7.467593623717811859e-06
3.362998911344535991e+00 3.245036427628112579e-06
3.395712637619100693e+00 1.034880735748377464e-06
3.428744588167585317e+00 1.690672535769727766e-07
3.462097858531227423e+00 0.000000000000000000e+00
