1.000000000000000021e-02 1.526209642503897346e+00
1.009727545900835841e-02 1.526205869093251177e+00
1.019549716950923779e-02 1.526201294568921396e+00
1.029467433620748044e-02 1.526196008899779910e+00
1.039481625334708927e-02 1.526191239592159743e+00
1.049593230558227772e-02 1.526186461284735341e+00
1.059803196885688789e-02 1.526181485691201711e+00
1.070112481129246833e-02 1.526176417905773741e+00
1.080522049408488318e-02 1.526171246777439761e+00
1.091032877240974419e-02 1.526164594682094977e+00
1.101645949633656314e-02 1.526159437020972121e+00
1.112362261175187626e-02 1.526153926490087631e+00
1.123182816129126085e-02 1.526149568631905540e+00
1.134108628528052165e-02 1.526143945399027313e+00
1.145140722268592030e-02 1.526138197562409538e+00
1.156280131207376022e-02 1.526132360579454117e+00
1.167527899257919492e-02 1.526126396957864673e+00
1.178885080488457221e-02 1.526119550254677160e+00
1.190352739220719262e-02 1.526113310937417200e+00
1.201931950129673729e-02 1.526106942289460644e+00
1.213623798344241195e-02 1.526100448635886231e+00
1.225429379548980714e-02 1.526092718364047363e+00
1.237349800086776086e-02 1.526085970280756099e+00
1.249386177062509519e-02 1.526079115710694323e+00
1.261539638447754796e-02 1.526072160523290533e+00
1.273811323186478488e-02 1.526065058883800951e+00
1.286202381301779218e-02 1.526058445317258538e+00
1.298713974003655978e-02 1.526051159193226869e+00
1.311347273797833224e-02 1.526043533015281506e+00
1.324103464595636874e-02 1.526035622037730466e+00
1.336983741824946531e-02 1.526028011911146010e+00
1.349989312542219239e-02 1.526020017890414637e+00
1.363121395545611320e-02 1.526011882842124079e+00
1.376381221489191876e-02 1.526003952426161048e+00
1.389770032998276401e-02 1.525995125412167752e+00
1.403289084785873213e-02 1.525986471431095559e+00
1.416939643770268736e-02 1.525977170337498245e+00
1.430722989193757184e-02 1.525968144304556962e+00
1.444640412742520530e-02 1.525958787422849960e+00
1.458693218667675602e-02 1.525949392156146001e+00
1.472882723907502529e-02 1.525940322896500279e+00
1.487210258210860774e-02 1.525934390805085084e+00
1.501677164261799868e-02 1.525961011400809975e+00
1.516284797805393485e-02 1.525949994925173581e+00
1.531034527774784160e-02 1.525900265998846095e+00
1.545927736419477720e-02 1.525889715083458276e+00
1.560965819434872483e-02 1.525878921695046353e+00
1.576150186093060873e-02 1.525867945749414645e+00
1.591482259374891323e-02 1.525856531627482138e+00
1.606963476103326349e-02 1.525845235277620837e+00
1.622595287078087284e-02 1.525833649540563997e+00
1.638379157211618947e-02 1.525822052827801700e+00
1.654316565666366645e-02 1.525809816756151793e+00
1.670409005993399310e-02 1.525797450627987439e+00
1.686657986272368723e-02 1.525784806759380441e+00
1.703065029252844378e-02 1.525771921366910533e+00
1.719631672497009753e-02 1.525758767333093679e+00
1.736359468523754335e-02 1.525744937807376633e+00
1.753249984954170088e-02 1.525730382659976403e+00
1.770304804658450262e-02 1.525716752130318765e+00
1.787525525904235316e-02 1.525702662111321883e+00
1.804913762506383731e-02 1.525688284080648716e+00
1.822471143978214581e-02 1.525674184572784142e+00
1.840199315684210371e-02 1.525659169792960235e+00
1.858099938994215231e-02 1.525643060812955198e+00
1.876174691439120440e-02 1.525627817528286245e+00
1.894425266868081034e-02 1.525611734805264907e+00
1.912853375607242307e-02 1.525596657002730172e+00
1.931460744620030340e-02 1.525580226838680220e+00
1.950249117668984011e-02 1.525563583921057509e+00
1.969220255479172538e-02 1.525546358908994371e+00
1.988375935903200636e-02 1.525527763778393942e+00
2.007717954087816226e-02 1.525510630998271333e+00
2.027248122642137662e-02 1.525491944691723889e+00
2.046968271807520987e-02 1.525473981958712422e+00
2.066880249629082095e-02 1.525455033022684814e+00
2.086985922128879734e-02 1.525435068804968486e+00
2.107287173480786382e-02 1.525415352687387482e+00
2.127785906187062287e-02 1.525395779400852359e+00
2.148484041256648255e-02 1.525375214768564858e+00
2.169383518385184506e-02 1.525354224755609778e+00
2.190486296136792688e-02 1.525332718436503976e+00
2.211794352127614133e-02 1.525310972338874249e+00
2.233309683211144592e-02 1.525288770049102016e+00
2.255034305665360936e-02 1.525265882239748017e+00
2.276970255381680075e-02 1.525242644816420245e+00
2.299119588055741764e-02 1.525220239804863542e+00
2.321484379380064564e-02 1.525195192761258589e+00
2.344066725238556220e-02 1.525171590902532959e+00
2.366868741902936057e-02 1.525146547071218439e+00
2.389892566231050300e-02 1.525121113546980878e+00
2.413140355867127856e-02 1.525095092854821477e+00
2.436614289443983158e-02 1.525068639906104861e+00
2.460316566787181664e-02 1.525041666432998433e+00
2.484249409121190577e-02 1.525013588967671252e+00
2.508415059277539771e-02 1.524985766435760004e+00
2.532815781905008515e-02 1.524956825187935738e+00
2.557453863681850847e-02 1.524928049807615205e+00
2.582331613530085626e-02 1.524898675933516801e+00
2.607451362831877603e-02 1.524869017289825823e+00
2.632815465648021339e-02 1.524838221555306017e+00
2.658426298938541474e-02 1.524806902610780668e+00
2.684286262785454819e-02 1.524774643339738889e+00
2.710397780617682106e-02 1.524741838589013909e+00
2.736763299438163891e-02 1.524708202674823099e+00
2.763385290053169824e-02 1.524673490875278370e+00
2.790266247303856487e-02 1.524639524144022040e+00
2.817408690300057458e-02 1.524604089961040021e+00
2.844815162656363222e-02 1.524567755150106452e+00
2.872488232730495070e-02 1.524532106601936388e+00
2.900430493863991738e-02 1.524494726534908251e+00
2.928644564625237229e-02 1.524457198981412631e+00
2.957133089054861039e-02 1.524418963038824737e+00
2.985898736913520854e-02 1.524377681241068538e+00
3.014944203932094433e-02 1.524337690822594737e+00
3.044272212064302874e-02 1.524296989644965183e+00
3.073885509741795460e-02 1.524254947431079144e+00
3.103786872131722788e-02 1.524211963044801887e+00
3.133979101396793671e-02 1.524168134362341442e+00
3.164465026957891114e-02 1.524123512175844297e+00
3.195247505759213347e-02 1.524078636044140955e+00
3.226329422536015901e-02 1.524032399150304418e+00
3.257713690084949876e-02 1.523985040870311281e+00
3.289403249537032475e-02 1.523936932459142524e+00
3.321401070633261954e-02 1.523887950732693675e+00
3.353710152002930406e-02 1.523837858969484094e+00
3.386333521444636480e-02 1.523787641375568880e+00
3.419274236210027851e-02 1.523735644166551717e+00
3.452535383290306070e-02 1.523682729807001257e+00
3.486120079705520153e-02 1.523628679251290308e+00
3.520031472796678745e-02 1.523573523535108887e+00
3.554272740520694751e-02 1.523517347884724815e+00
3.588847091748199186e-02 1.523460000030072425e+00
3.623757766564258964e-02 1.523401497160626006e+00
3.659008036572020811e-02 1.523342264226752896e+00
3.694601205199302130e-02 1.523281306781109068e+00
3.730540608008161424e-02 1.523218983199239096e+00
3.766829613007490613e-02 1.523155751235585331e+00
3.803471620968648659e-02 1.523091213695555224e+00
3.840470065744145539e-02 1.523025565737185394e+00
3.877828414589457040e-02 1.522958515579010630e+00
3.915550168487941241e-02 1.522890172946748333e+00
3.953638862478930927e-02 1.522820496651473121e+00
3.992098065989020672e-02 1.522749798265837340e+00
4.030931383166566628e-02 1.522677648769829029e+00
4.070142453219438572e-02 1.522604404767233799e+00
4.109734950756069316e-02 1.522529528998292525e+00
4.149712586129815362e-02 1.522452841274167579e+00
4.190079105786669034e-02 1.522375115368822529e+00
4.230838292616342228e-02 1.522295754318831795e+00
4.271993966306778662e-02 1.522214546109029509e+00
4.313549983702118923e-02 1.522132528350811587e+00
4.355510239164130798e-02 1.522048424336260641e+00
4.397878664937160398e-02 1.521961527482110998e+00
4.440659231516640160e-02 1.521872170518264733e+00
4.483855948021186338e-02 1.521785973238531930e+00
4.527472862568297785e-02 1.521694850618581896e+00
4.571514062653719151e-02 1.521602374307641004e+00
4.615983675534499064e-02 1.521507444916084584e+00
4.660885868615767536e-02 1.521411161956845337e+00
4.706224849841281199e-02 1.521312604395249624e+00
4.752004868087766204e-02 1.521212657750859343e+00
4.798230213563085128e-02 1.521110035620539147e+00
4.844905218208294534e-02 1.521005672833600775e+00
4.892034256103611894e-02 1.520899290607869103e+00
4.939621743878321036e-02 1.520791076281176268e+00
4.987672141124663283e-02 1.520682440289718329e+00
5.036189950815770505e-02 1.520568723057227567e+00
5.085179719727656034e-02 1.520453954389349382e+00
5.134646038865306461e-02 1.520337316860871812e+00
5.184593543892913187e-02 1.520217956562539330e+00
5.235026915568305461e-02 1.520095948621310589e+00
5.285950880181603667e-02 1.519973117439809451e+00
5.337370209998133774e-02 1.519846649059441557e+00
5.389289723705643909e-02 1.519717009196795532e+00
5.441714286865893119e-02 1.519586089558323527e+00
5.494648812370611646e-02 1.519452056407484264e+00
5.548098260901916656e-02 1.519317433992978694e+00
5.602067641397187603e-02 1.519176941508832090e+00
5.656562011518465050e-02 1.519036136363653755e+00
5.711586478126431943e-02 1.518891666160820275e+00
5.767146197758996756e-02 1.518743619439589798e+00
5.823246377114527778e-02 1.518593506987258701e+00
5.879892273539785025e-02 1.518441452903606326e+00
5.937089195522609469e-02 1.518285296897328385e+00
5.994842503189409116e-02 1.518127106677376492e+00
6.053157608807464840e-02 1.517965548904218531e+00
6.112039977292132997e-02 1.517800599233522396e+00
6.171495126718981594e-02 1.517630825173182707e+00
6.231528628840921763e-02 1.517459450517489206e+00
6.292146109610344262e-02 1.517283510730244478e+00
6.353353249706343575e-02 1.517106142903982269e+00
6.415155785067082339e-02 1.516923365295188342e+00
6.477559507427335661e-02 1.516736995003039823e+00
6.540570264861225724e-02 1.516547893926781798e+00
6.604193962330305590e-02 1.516355573092116771e+00
6.668436562236895737e-02 1.516159537342471442e+00
6.733304084982863480e-02 1.515959781314966115e+00
6.798802609533814711e-02 1.515756608203091549e+00
6.864938273988777095e-02 1.515549057659193233e+00
6.931717276155408003e-02 1.515337523234305594e+00
6.999145874130821565e-02 1.515121330592815507e+00
7.067230386888070925e-02 1.514901535665993171e+00
7.135977194868306506e-02 1.514677977290298294e+00
7.205392740578704658e-02 1.514448626836823131e+00
7.275483529196229149e-02 1.514215158229081037e+00
7.346256129177256011e-02 1.513977302657463886e+00
7.417717172873124210e-02 1.513734968624915744e+00
7.489873357151664857e-02 1.513487472207894369e+00
7.562731444024800576e-02 1.513235054412673808e+00
7.636298261282241373e-02 1.512978008774500172e+00
7.710580703131336699e-02 1.512715674719398384e+00
7.785585730843146146e-02 1.512449265565735113e+00
7.861320373404813433e-02 1.512176400295238698e+00
7.937791728178281159e-02 1.511899764888697595e+00
8.015006961565404597e-02 1.511617744363970450e+00
8.092973309679550586e-02 1.511330731606227218e+00
8.171698079023696770e-02 1.511036841013226883e+00
8.251188647175167201e-02 1.510736981354107389e+00
8.331452463477014014e-02 1.510433259066062295e+00
8.412497049736118726e-02 1.510122789872098803e+00
8.494330000928071445e-02 1.509805589862391439e+00
8.576958985908941790e-02 1.509484005160520947e+00
8.660391748133952627e-02 1.509154883590951179e+00
8.744636106383144036e-02 1.508810568561593790e+00
8.829699955494091368e-02 1.508478104590861513e+00
8.915591267101763417e-02 1.508129731071648605e+00
9.002318090385581784e-02 1.507774988222288837e+00
9.089888552823731371e-02 1.507412586623763762e+00
9.178310860954806694e-02 1.507042404196634600e+00
9.267593301146882789e-02 1.506668017172595908e+00
9.357744240374062106e-02 1.506286112927624377e+00
9.448772127000577836e-02 1.505895656179834896e+00
9.540685491572513388e-02 1.505498573529746142e+00
9.633492947617222635e-02 1.505093264719496116e+00
9.727203192450542546e-02 1.504680378236245675e+00
9.821825007991856482e-02 1.504259611514241701e+00
9.917367261587073379e-02 1.503829542726976998e+00
1.001383890683960748e-01 1.503393235718527343e+00
1.011124898444945991e-01 1.502948090633235756e+00
1.020960662306047012e-01 1.502493261796270518e+00
1.030892104011576216e-01 1.502032903356068649e+00
1.040920154272158005e-01 1.501558387353471691e+00
1.051045752851944987e-01 1.501112223473173080e+00
1.061269848656690717e-01 1.500613322349034773e+00
1.071593399822671072e-01 1.500090108291611601e+00
1.082017373806478805e-01 1.499582343081057978e+00
1.092542747475682557e-01 1.499064216502350888e+00
1.103170507200377515e-01 1.498537450789640069e+00
1.113901648945616746e-01 1.497998520859382232e+00
1.124737178364751955e-01 1.497449231853378526e+00
1.135678110893671017e-01 1.496890345642048814e+00
1.146725471845963656e-01 1.496320853101379189e+00
1.157880296509002094e-01 1.495740765631810687e+00
1.169143630240966764e-01 1.495149670886140703e+00
1.180516528568804902e-01 1.494548908450040736e+00
1.192000057287153220e-01 1.493935816170198327e+00
1.203595292558212876e-01 1.493309669920117821e+00
1.215303321012602134e-01 1.492673833098742131e+00
1.227125239851190319e-01 1.492024602382787002e+00
1.239062156947916271e-01 1.491361998689405111e+00
1.251115190953615564e-01 1.490692617731804726e+00
1.263285471400849291e-01 1.490003064460067916e+00
1.275574138809759950e-01 1.489303550925855868e+00
1.287982344794950385e-01 1.488590832585481971e+00
1.300511252173409127e-01 1.487865769140244376e+00
1.313162035073478784e-01 1.487127125404094308e+00
1.325935879044890797e-01 1.486373114541663210e+00
1.338833981169864351e-01 1.485605903028554442e+00
1.351857550175293021e-01 1.484824387216512553e+00
1.365007806546013891e-01 1.484058192280787836e+00
1.378285982639189389e-01 1.483216679916341763e+00
1.391693322799789911e-01 1.482389488686806978e+00
1.405231083477211373e-01 1.481547335895877504e+00
1.418900533343016301e-01 1.480689646613137178e+00
1.432702953409830948e-01 1.479814361946439227e+00
1.446639637151387880e-01 1.478926365385557773e+00
1.460711890623745679e-01 1.478020913518712343e+00
1.474921032587684921e-01 1.477097574141955194e+00
1.489268394632288772e-01 1.476157908447921274e+00
1.503755321299738434e-01 1.475200646199169130e+00
1.518383170211306810e-01 1.474224238816538968e+00
1.533153312194593942e-01 1.473229967734040802e+00
1.548067131411984265e-01 1.472216825219894609e+00
1.563126025490369497e-01 1.471191832998303806e+00
1.578331405652117214e-01 1.470137948108404036e+00
1.593684696847328941e-01 1.469069036211320567e+00
1.609187337887370006e-01 1.467980529754011165e+00
1.624840781579713067e-01 1.466872200650396474e+00
1.640646494864078653e-01 1.465742804262596843e+00
1.656605958949914359e-01 1.464592806805528724e+00
1.672720669455196874e-01 1.463422382207580474e+00
1.688992136546599021e-01 1.462230334827828715e+00
1.705421885081006561e-01 1.461022487440778006e+00
1.722011454748421100e-01 1.459780578757400971e+00
1.738762400216251336e-01 1.458522965292351037e+00
1.755676291275001522e-01 1.457240911862848876e+00
1.772754712985387948e-01 1.455936872071874832e+00
1.789999265826875408e-01 1.454607747513137150e+00
1.807411565847668600e-01 1.453256448734290274e+00
1.824993244816152382e-01 1.451881480505398336e+00
1.842745950373816666e-01 1.450476817194031876e+00
1.860671346189656239e-01 1.449050284254831400e+00
1.878771112116086051e-01 1.447598098942906475e+00
1.897046944346358344e-01 1.446118329471036468e+00
1.915500555573527997e-01 1.444614000920438013e+00
1.934133675150944698e-01 1.443081647029075043e+00
1.952948049254327745e-01 1.441521289314720899e+00
1.971945441045395986e-01 1.439935597768027487e+00
1.991127630837108697e-01 1.438319068441543003e+00
2.010496416260497965e-01 1.436675797599919147e+00
2.030053612433137811e-01 1.435002500635382594e+00
2.049801052129238688e-01 1.433297897698965206e+00
2.069740585951406198e-01 1.431565651227405533e+00
2.089874082504071251e-01 1.429802072765065990e+00
2.110203428568595552e-01 1.428007356882497358e+00
2.130730529280097374e-01 1.426181845902442014e+00
2.151457308305980698e-01 1.424322631473451395e+00
2.172385708026215445e-01 1.422430542678891019e+00
2.193517689715359098e-01 1.420507063295612271e+00
2.214855233726360506e-01 1.418550234063808757e+00
2.236400339676138660e-01 1.416559462254417090e+00
2.258155026632983065e-01 1.414533969841544891e+00
2.280121333305757114e-01 1.412472129360744066e+00
2.302301318234963867e-01 1.410376266074908402e+00
2.324697059985647851e-01 1.408244722459222276e+00
2.347310657342196183e-01 1.406075910174150678e+00
2.370144229505012079e-01 1.403869471260471569e+00
2.393199916289123208e-01 1.401625833113697706e+00
2.416479878324700736e-01 1.399342618197489507e+00
2.439986297259550130e-01 1.397057903184712124e+00
2.463721375963552895e-01 1.394664203910235933e+00
2.487687338735107279e-01 1.392263195993891145e+00
2.511886431509580686e-01 1.389822380940282986e+00
2.536320922069775774e-01 1.387341859028132340e+00
2.560993100258459609e-01 1.384819668986569718e+00
2.585905278192945911e-01 1.382255311401514586e+00
2.611059790481781162e-01 1.379652870833646405e+00
2.636458994443517945e-01 1.376997134154777536e+00
2.662105270327638773e-01 1.374302408568922607e+00
2.688001021537606006e-01 1.371564140230101758e+00
2.714148674856106669e-01 1.368779980513784800e+00
2.740550680672460548e-01 1.365950993134625424e+00
2.767209513212268712e-01 1.363075190635739231e+00
2.794127670769268601e-01 1.360154574829520069e+00
2.821307675939472293e-01 1.357185697680411529e+00
2.848752075857552413e-01 1.354169089245374158e+00
2.876463442435557849e-01 1.351102557548536698e+00
2.904444372603925406e-01 1.347989071154796603e+00
2.932697488554852905e-01 1.344825487739020442e+00
2.961225437988035947e-01 1.341611404209382075e+00
2.990030894358785551e-01 1.338346540809811858e+00
3.019116557128577738e-01 1.335030629256734880e+00
3.048485152018017286e-01 1.331663183080903146e+00
3.078139431262288950e-01 1.328242964805631310e+00
3.108082173869063936e-01 1.324770347153177763e+00
3.138316185878944342e-01 1.321242338012739825e+00
3.168844300628416155e-01 1.317662880464257169e+00
3.199669379015380732e-01 1.314026172186798513e+00
3.230794309767249795e-01 1.310335156552162150e+00
3.262222009711669979e-01 1.306587630075487061e+00
3.293955424049855307e-01 1.302784041718598740e+00
3.325997526632606949e-01 1.298923888691190687e+00
3.358351320238990301e-01 1.295005522340882509e+00
3.391019836857747105e-01 1.291032758278006343e+00
3.424006137971423724e-01 1.286997819215400130e+00
3.457313314843284413e-01 1.282910857743040145e+00
3.490944488806992929e-01 1.278750258996217415e+00
3.524902811559130766e-01 1.274538091951018304e+00
3.559191465454557002e-01 1.270264379760550622e+00
3.593813663804627523e-01 1.265929630624588187e+00
3.628772651178337472e-01 1.261534440437329208e+00
3.664071703706370808e-01 1.257077119005442167e+00
3.699714129388128048e-01 1.252555697320131056e+00
3.735703268401719401e-01 1.247973132963464682e+00
3.772042493416999376e-01 1.243302770415738223e+00
3.808735209911614517e-01 1.238614685220401634e+00
3.845784856490158665e-01 1.233839958842570583e+00
3.883194905206404091e-01 1.229001606739768437e+00
3.920968861888690649e-01 1.224096669941244331e+00
3.959110266468458539e-01 1.219128166332593688e+00
3.997622693312000708e-01 1.214093751032972346e+00
4.036509751555413805e-01 1.208993615266823918e+00
4.075775085442840395e-01 1.203828791900607875e+00
4.115422374667966343e-01 1.198593064005465392e+00
4.155455334718875515e-01 1.193292903579149300e+00
4.195877717226225712e-01 1.187925193690089865e+00
4.236693310314835759e-01 1.182491373534803047e+00
4.277905938958687093e-01 1.176989732766766661e+00
4.319519465339363706e-01 1.171421296289227421e+00
4.361537789208005944e-01 1.165783945722482562e+00
4.403964848250754294e-01 1.160079343993645429e+00
4.446804618457780300e-01 1.154305208229098545e+00
4.490061114495874639e-01 1.148465213690200271e+00
4.533738390084691150e-01 1.142556495092192925e+00
4.577840538376618529e-01 1.136577835820701265e+00
4.622371692340384031e-01 1.130533023967490891e+00
4.667336025148346446e-01 1.124412509850820863e+00
4.712737750567601580e-01 1.118237440474964428e+00
4.758581123354846953e-01 1.111987370710197931e+00
4.804870439655131720e-01 1.105669802652174960e+00
4.851610037404442966e-01 1.099285593499398583e+00
4.898804296736250508e-01 1.092831006579047415e+00
4.946457640391963562e-01 1.086311956212106411e+00
4.994574534135413635e-01 1.079723546905074327e+00
5.043159487171361421e-01 1.073068078715865958e+00
5.092217052568053237e-01 1.066348018669153186e+00
5.141751827683928022e-01 1.059562032452551206e+00
5.191768454598426619e-01 1.052708002809790599e+00
5.242271620547044320e-01 1.045785388707039187e+00
5.293266058360561743e-01 1.038806462169383771e+00
5.344756546908600026e-01 1.031759794138767283e+00
5.396747911547442600e-01 1.024648418399966010e+00
5.449245024572260121e-01 1.017473912630914912e+00
5.502252805673685243e-01 1.010235934390749879e+00
5.555776222398878250e-01 1.002936383903430873e+00
5.609820290617031358e-01 9.955729904807862907e-01
5.664390074989449353e-01 9.881523272796062241e-01
5.719490689444144405e-01 9.806706354335404940e-01
5.775127297655114900e-01 9.731316891912504818e-01
5.831305113526221717e-01 9.655305533250179151e-01
5.888029401679826247e-01 9.578749675505210393e-01
5.945305477950136863e-01 9.501620220811256567e-01
6.003138709881384871e-01 9.423932108806647445e-01
6.061534517230839914e-01 9.345717520652300214e-01
6.120498372476699256e-01 9.266944714279927720e-01
6.180035801330957534e-01 9.187667156002761182e-01
6.240152383257209223e-01 9.107864083706995739e-01
6.300853751993553686e-01 9.027558154601108553e-01
6.362145596080520660e-01 8.946790699033092542e-01
6.424033659394193796e-01 8.865509747239617155e-01
6.486523741684461219e-01 8.783795563811914731e-01
6.549621699118558515e-01 8.701633327600034606e-01
6.613333444829840868e-01 8.619023328183008648e-01
6.677664949471955325e-01 8.536003677857059158e-01
6.742622241778342129e-01 8.452567433406981134e-01
6.808211409127237213e-01 8.368735459424213596e-01
6.874438598112112553e-01 8.284555627462545369e-01
6.941310015117725385e-01 8.199991025681072632e-01
7.008831926901714082e-01 8.115087550931614491e-01
7.077010661181889484e-01 8.029848638252109483e-01
7.145852607229240538e-01 7.944301907876746283e-01
7.215364216466665370e-01 7.858469484782524273e-01
7.285552003073593186e-01 7.772350959539019444e-01
7.356422544596413760e-01 7.685982182087034431e-01
7.427982482564918776e-01 7.599364602035679761e-01
7.500238523114668432e-01 7.512308774996090399e-01
7.573197437615483141e-01 7.425512860186993525e-01
7.646866063305975958e-01 7.338241616793287347e-01
7.721251303934327792e-01 7.250896534868596088e-01
7.796360130405233235e-01 7.163363484798787040e-01
7.872199581433195759e-01 7.075700291241822093e-01
7.948776764202123424e-01 6.987947258559101815e-01
8.026098855031396084e-01 6.900054807712605598e-01
8.104173100048355227e-01 6.812172323155329945e-01
8.183006815867394090e-01 6.724213454181047211e-01
8.262607390275591435e-01 6.636223891234405148e-01
8.342982282925082149e-01 6.547430130950021576e-01
8.424139026032094746e-01 6.460261248719230132e-01
8.506085225082840040e-01 6.372323009048374010e-01
8.588828559546254349e-01 6.284445695825461309e-01
8.672376783593644944e-01 6.196646544105549603e-01
8.756737726825394308e-01 6.109064808331485796e-01
8.841919295004664336e-01 6.021382127085598279e-01
8.927929470798307010e-01 5.933783481133887427e-01
9.014776314524917122e-01 5.846687035430688795e-01
9.102467964910225806e-01 5.759610340723917421e-01
9.191012639849772681e-01 5.672735737160284897e-01
9.280418637179072006e-01 5.586106988508796611e-01
9.370694335451198453e-01 5.499725530600679813e-01
9.461848194722002336e-01 5.413601956586708841e-01
9.553888757342895444e-01 5.327777296668587681e-01
9.646824648761427312e-01 5.242261841434966430e-01
9.740664578329562007e-01 5.157096044755606901e-01
9.835417340119908536e-01 5.072231586688582539e-01
9.931091813749796104e-01 4.987619036516282023e-01
1.002769696521346621e+00 4.903778479118395262e-01
1.012524184772224167e+00 4.820129338297649002e-01
1.022373560255302127e+00 4.736933016834541932e-01
1.032318745990486564e+00 4.654182703624721862e-01
1.042360673976402197e+00 4.571883264487849319e-01
1.052500285277732761e+00 4.490130986152576775e-01
1.062738530113414459e+00 4.408873390024370953e-01
1.073076367945679621e+00 4.328116994750179081e-01
1.083514767569973225e+00 4.247880385474760989e-01
1.094054707205742494e+00 4.168218914528571406e-01
1.104697174588111785e+00 4.089254118759263479e-01
1.115443167060441221e+00 4.010812117636586849e-01
1.126293691667795249e+00 3.932976932518458812e-01
1.137249765251314271e+00 3.855783247230713529e-01
1.148312414543511073e+00 3.779189071083328133e-01
1.159482676264482759e+00 3.703300710775346838e-01
1.170761597219069250e+00 3.628092222673966472e-01
1.182150234394952371e+00 3.553635059457689316e-01
1.193649655061713055e+00 3.479861129168222988e-01
1.205260936870842681e+00 3.406754504351878210e-01
1.216985167956738056e+00 3.334372324021640521e-01
1.228823447038673411e+00 3.262766740283321587e-01
1.240776883523764251e+00 3.191832554184714787e-01
1.252846597610937529e+00 3.121829528308662782e-01
1.265033720395903893e+00 3.052529277579221767e-01
1.277339393977160009e+00 2.984018569134694876e-01
1.289764771563017165e+00 2.916313975669180270e-01
1.302311017579677488e+00 2.849393402871203684e-01
1.314979307780347773e+00 2.783337537384216742e-01
1.327770829355430449e+00 2.718071866471095110e-01
1.340686781043774811e+00 2.653686584214481892e-01
1.353728373245021821e+00 2.589959337452303889e-01
1.366896828133026487e+00 2.527348976180874840e-01
1.380193379770397355e+00 2.465457786106441118e-01
1.393619274224142002e+00 2.404537292449033803e-01
1.407175769682446731e+00 2.344410873544917062e-01
1.420864136572576708e+00 2.285157612062542198e-01
1.434685657679937831e+00 2.226856011088058918e-01
1.448641628268290127e+00 2.169257216285898626e-01
1.462733356201129986e+00 2.112682002619536425e-01
1.476962162064259898e+00 2.056962968882234399e-01
1.491329379289537682e+00 2.002172696983979816e-01
1.505836354279841416e+00 1.948197963469531502e-01
1.520484446535244283e+00 1.895155267399388777e-01
1.535275028780422657e+00 1.843007736987734568e-01
1.550209487093291205e+00 1.791748494311725948e-01
1.565289221034902312e+00 1.741395545593922012e-01
1.580515643780601165e+00 1.691922059823401936e-01
1.595890182252465817e+00 1.643360118190915764e-01
1.611414277253019778e+00 1.595670461347414582e-01
1.627089383600260675e+00 1.548892328428970178e-01
1.642916970263993193e+00 1.502983686733579960e-01
1.658898520503498064e+00 1.457969843667480669e-01
1.675035532006524441e+00 1.413811781386175859e-01
1.691329517029648732e+00 1.370570952395572251e-01
1.707782002539993016e+00 1.328147140184643971e-01
1.724394530358320354e+00 1.286662223881068212e-01
1.741168657303530987e+00 1.245984305384335161e-01
1.758105955338547632e+00 1.206246565943633609e-01
1.775208011717636092e+00 1.167283262950454120e-01
1.792476429135148930e+00 1.129154129881549257e-01
1.809912825875727105e+00 1.091945319296375033e-01
1.827518835965944666e+00 1.055526770689520916e-01
1.845296109327445366e+00 1.019946962421286601e-01
1.863246311931559873e+00 9.851860610028656540e-02
1.881371125955437096e+00 9.512384783656252507e-02
1.899672249939675650e+00 9.181000332459104962e-02
1.918151398947507635e+00 8.857559735146990076e-02
1.936810304725519849e+00 8.541936732986174508e-02
1.955650715865949074e+00 8.234221803749881829e-02
1.974674397970537454e+00 7.934844607491185753e-02
1.993883133816001019e+00 7.641891405415708605e-02
2.013278723521096492e+00 7.357103928079908317e-02
2.032862984715323673e+00 7.079890805250527164e-02
2.052637752709252084e+00 6.809475908195061766e-02
2.072604880666519822e+00 6.547121931080350510e-02
2.092766239777499759e+00 6.291777259779531006e-02
2.113123719434652603e+00 6.043311555730663392e-02
2.133679227409597701e+00 5.801394161527020227e-02
2.154434690031884259e+00 5.566462267599165542e-02
2.175392052369522489e+00 5.340662570146825772e-02
2.196553278411258248e+00 5.118484439547269643e-02
2.217920351250634692e+00 4.903434036161135462e-02
2.239495273271823184e+00 4.695264222137256194e-02
2.261280066337279404e+00 4.493446235610715905e-02
2.283276771977218012e+00 4.297841186152367987e-02
2.305487451580938707e+00 4.108273301916520737e-02
2.327914186589993051e+00 3.924929652825237536e-02
2.350559078693253756e+00 3.747380202560924439e-02
2.373424250023866033e+00 3.575647685024380823e-02
2.396511843358130278e+00 3.409718454140223121e-02
2.419824022316292567e+00 3.249127101320167105e-02
2.443362971565319341e+00 3.094128028278370773e-02
2.467130897023623426e+00 2.944424576025215026e-02
2.491130026067788439e+00 2.800136478247639699e-02
2.515362607741312928e+00 2.660828048055196432e-02
2.539830912965362675e+00 2.526628188023579552e-02
2.564537234751594674e+00 2.397290528721489691e-02
2.589483888417040802e+00 2.272798984055912283e-02
2.614673211801092023e+00 2.153043878037685932e-02
2.640107565484572927e+00 2.037800703822245652e-02
2.665789333010967876e+00 1.927063482833919761e-02
2.691720921109787668e+00 1.820838607379163948e-02
2.717904759922122881e+00 1.718640071861475202e-02
2.744343303228365283e+00 1.620750637072728914e-02
2.771039028678170535e+00 1.526827202716339420e-02
2.797994438022641805e+00 1.436995978421489947e-02
2.825212057348790218e+00 1.350987747742794613e-02
2.852694437316245057e+00 1.268659482013464838e-02
2.880444153396297668e+00 1.190077140684268724e-02
2.908463806113254169e+00 1.114945535072286997e-02
2.936756021288137397e+00 1.043366033166708180e-02
2.965323450284773621e+00 9.750351682014900268e-03
2.994168770258243573e+00 9.099461748843724537e-03
3.023294684405779531e+00 8.480954821307304034e-03
3.052703922220086241e+00 7.892958627625887291e-03
3.082399239745143404e+00 7.334471918928945483e-03
3.112383419834465759e+00 6.804212596531968374e-03
3.142659272411905569e+00 6.302187010710548661e-03
3.173229634734976212e+00 5.826973575175043059e-03
3.204097371660752813e+00 5.377779703533968995e-03
3.235265375914330388e+00 4.953471235672257840e-03
3.266736568359921655e+00 4.553983669352625573e-03
3.298513898274578082e+00 4.177350405908103817e-03
3.330600343624588788e+00 3.823402889639625907e-03
3.362998911344535991e+00 3.491117630318271714e-03
3.395712637619100693e+00 3.179792224982962243e-03
3.428744588167585317e+00 2.888340218120004788e-03
3.462097858531227423e+00 2.616469819251438563e-03
3.495775574363275240e+00 2.362976519140615617e-03
3.529780891721914671e+00 2.127205785162703151e-03
3.564116997366032269e+00 1.908415098194589290e-03
3.598787109053855460e+00 1.705863970483829104e-03
3.633794475844513094e+00 1.518808701081272644e-03
3.669142378402494131e+00 1.346553273169993252e-03
3.704834129305105694e+00 1.188370075778919172e-03
3.740873073352900313e+00 1.043591490560030061e-03
3.777262587883141176e+00 9.115161899826589639e-04
3.814006083086284082e+00 7.914984312306556392e-04
3.851107002325572903e+00 6.828733465602737163e-04
3.888568822459721019e+00 5.850028300041416364e-04
3.926395054168756449e+00 4.972603449724777953e-04
3.964589242282997805e+00 4.190153599056566677e-04
4.003154966115265445e+00 3.496773204756297641e-04
4.042095839796306045e+00 2.886486138250613821e-04
4.081415512613501662e+00 2.353429850402253697e-04
4.121117669352832635e+00 1.891938810451686682e-04
4.161206030644208020e+00 1.496394045217605388e-04
4.201684353310133346e+00 1.161322409881320567e-04
4.242556430717777438e+00 8.813265605639967895e-05
4.283826093134470270e+00 6.511421865625656696e-05
4.325497208086633627e+00 4.656010092809495065e-05
4.367573680722233398e+00 3.196217117270445907e-05
4.410059454176736615e+00 2.082445782561022631e-05
4.452958509942654963e+00 1.266023344595988020e-05
4.496274868242640110e+00 6.989461114228799618e-06
4.540012588406244554e+00 3.345259477099874755e-06
4.584175769250333765e+00 1.266880028818776850e-06
4.628768549463215365e+00 3.033078695495010107e-07
4.673795107992464004e+00 0.000000000000000000e+00
