1.000000000000000021e-02 1.580231791921994811e+00
1.009727545900835841e-02 1.580227493915387527e+00
1.019549716950923779e-02 1.580223033507626162e+00
1.029467433620748044e-02 1.580219209950273873e+00
1.039481625334708927e-02 1.580214421570019567e+00
1.049593230558227772e-02 1.580209288764846454e+00
1.059803196885688789e-02 1.580204444254972751e+00
1.070112481129246833e-02 1.580199897742182502e+00
1.080522049408488318e-02 1.580194953421145243e+00
1.091032877240974419e-02 1.580189820797911482e+00
1.101645949633656314e-02 1.580184450842457844e+00
1.112362261175187626e-02 1.580179095062615779e+00
1.123182816129126085e-02 1.580173643600345512e+00
1.134108628528052165e-02 1.580169096829652675e+00
1.145140722268592030e-02 1.580162132719439283e+00
1.156280131207376022e-02 1.580156885936858213e+00
1.167527899257919492e-02 1.580151008747203489e+00
1.178885080488457221e-02 1.580145010114225590e+00
1.190352739220719262e-02 1.580138963508855410e+00
1.201931950129673729e-02 1.580157197171302874e+00
1.213623798344241195e-02 1.580144950731093401e+00
1.225429379548980714e-02 1.580118786062313596e+00
1.237349800086776086e-02 1.580112155841831623e+00
1.249386177062509519e-02 1.580105397649182342e+00
1.261539638447754796e-02 1.580099764477133295e+00
1.273811323186478488e-02 1.580092827377823195e+00
1.286202381301779218e-02 1.580085754435231582e+00
1.298713974003655978e-02 1.580078527401188149e+00
1.311347273797833224e-02 1.580070528697770982e+00
1.324103464595636874e-02 1.580062973210809130e+00
1.336983741824946531e-02 1.580055267223613003e+00
1.349989312542219239e-02 1.580046186990236690e+00
1.363121395545611320e-02 1.580038157299777257e+00
1.376381221489191876e-02 1.580029959851046328e+00
1.389770032998276401e-02 1.580021634279174636e+00
1.403289084785873213e-02 1.580013183006967470e+00
1.416939643770268736e-02 1.580004606161355296e+00
1.430722989193757184e-02 1.579995865295513058e+00
1.444640412742520530e-02 1.579987584730269123e+00
1.458693218667675602e-02 1.579978465673869348e+00
1.472882723907502529e-02 1.579969055160175939e+00
1.487210258210860774e-02 1.579959567436581391e+00
1.501677164261799868e-02 1.579949904729313070e+00
1.516284797805393485e-02 1.579940050995372491e+00
1.531034527774784160e-02 1.579930005546006599e+00
1.545927736419477720e-02 1.579920207634740059e+00
1.560965819434872483e-02 1.579909425778815546e+00
1.576150186093060873e-02 1.579898717303720890e+00
1.591482259374891323e-02 1.579887455053432754e+00
1.606963476103326349e-02 1.579876563147656787e+00
1.622595287078087284e-02 1.579864894125384334e+00
1.638379157211618947e-02 1.579853768949357473e+00
1.654316565666366645e-02 1.579841978733715679e+00
1.670409005993399310e-02 1.579829921495105483e+00
1.686657986272368723e-02 1.579821643327750325e+00
1.703065029252844378e-02 1.579805286047692992e+00
1.719631672497009753e-02 1.579792634736448154e+00
1.736359468523754335e-02 1.579781407732332665e+00
1.753249984954170088e-02 1.579766337170017909e+00
1.770304804658450262e-02 1.579752842154378945e+00
1.787525525904235316e-02 1.579739084614465439e+00
1.804913762506383731e-02 1.579724714200297475e+00
1.822471143978214581e-02 1.579710396780191761e+00
1.840199315684210371e-02 1.579695794196884551e+00
1.858099938994215231e-02 1.579681312582759789e+00
1.876174691439120440e-02 1.579665955649851350e+00
1.894425266868081034e-02 1.579650470366655179e+00
1.912853375607242307e-02 1.579634531224703986e+00
1.931460744620030340e-02 1.579618349294471091e+00
1.950249117668984011e-02 1.579601787392741041e+00
1.969220255479172538e-02 1.579583821199474825e+00
1.988375935903200636e-02 1.579566785251514061e+00
2.007717954087816226e-02 1.579549443957523280e+00
2.027248122642137662e-02 1.579531753884744205e+00
2.046968271807520987e-02 1.579514393091122182e+00
2.066880249629082095e-02 1.579495922742592873e+00
2.086985922128879734e-02 1.579476808859782588e+00
2.107287173480786382e-02 1.579457325501189002e+00
2.127785906187062287e-02 1.579437687299549919e+00
2.148484041256648255e-02 1.579419142709989732e+00
2.169383518385184506e-02 1.579398833790924161e+00
2.190486296136792688e-02 1.579377982342134112e+00
2.211794352127614133e-02 1.579355709285991560e+00
2.233309683211144592e-02 1.579334215118359808e+00
2.255034305665360936e-02 1.579312933793756146e+00
2.276970255381680075e-02 1.579290077452214947e+00
2.299119588055741764e-02 1.579267185057126710e+00
2.321484379380064564e-02 1.579243875191814528e+00
2.344066725238556220e-02 1.579220096654125438e+00
2.366868741902936057e-02 1.579195826602809660e+00
2.389892566231050300e-02 1.579171073606645992e+00
2.413140355867127856e-02 1.579146437478968990e+00
2.436614289443983158e-02 1.579120231286035292e+00
2.460316566787181664e-02 1.579094054014751114e+00
2.484249409121190577e-02 1.579067410706528118e+00
2.508415059277539771e-02 1.579039988417073825e+00
2.532815781905008515e-02 1.579011874317782338e+00
2.557453863681850847e-02 1.578983278655458955e+00
2.582331613530085626e-02 1.578955616248725047e+00
2.607451362831877603e-02 1.578925826201039939e+00
2.632815465648021339e-02 1.578896531951936799e+00
2.658426298938541474e-02 1.578865401525446632e+00
2.684286262785454819e-02 1.578834079554910730e+00
2.710397780617682106e-02 1.578802114722943850e+00
2.736763299438163891e-02 1.578769581519563259e+00
2.763385290053169824e-02 1.578733629747447464e+00
2.790266247303856487e-02 1.578702628687627119e+00
2.817408690300057458e-02 1.578667725691927481e+00
2.844815162656363222e-02 1.578632009411745862e+00
2.872488232730495070e-02 1.578596659021717974e+00
2.900430493863991738e-02 1.578560388719845609e+00
2.928644564625237229e-02 1.578523856345505072e+00
2.957133089054861039e-02 1.578485883431846037e+00
2.985898736913520854e-02 1.578447449517270007e+00
3.014944203932094433e-02 1.578406321344073771e+00
3.044272212064302874e-02 1.578367466668742614e+00
3.073885509741795460e-02 1.578326162729758009e+00
3.103786872131722788e-02 1.578284089043731075e+00
3.133979101396793671e-02 1.578241560375134078e+00
3.164465026957891114e-02 1.578198257536551852e+00
3.195247505759213347e-02 1.578154214052694737e+00
3.226329422536015901e-02 1.578108557017512181e+00
3.257713690084949876e-02 1.578063902535010055e+00
3.289403249537032475e-02 1.578017726710708502e+00
3.321401070633261954e-02 1.577969848282535281e+00
3.353710152002930406e-02 1.577920552344778571e+00
3.386333521444636480e-02 1.577870849370998974e+00
3.419274236210027851e-02 1.577820632391543132e+00
3.452535383290306070e-02 1.577768911481838732e+00
3.486120079705520153e-02 1.577716028728856523e+00
3.520031472796678745e-02 1.577662154729781996e+00
3.554272740520694751e-02 1.577607338268737225e+00
3.588847091748199186e-02 1.577551883966816559e+00
3.623757766564258964e-02 1.577495500601416190e+00
3.659008036572020811e-02 1.577437363006790605e+00
3.694601205199302130e-02 1.577378212595444751e+00
3.730540608008161424e-02 1.577317978929080322e+00
3.766829613007490613e-02 1.577256438114814641e+00
3.803471620968648659e-02 1.577193810611737357e+00
3.840470065744145539e-02 1.577130702834832032e+00
3.877828414589457040e-02 1.577065378014019359e+00
3.915550168487941241e-02 1.576999277289623969e+00
3.953638862478930927e-02 1.576931486442981312e+00
3.992098065989020672e-02 1.576862424422899922e+00
4.030931383166566628e-02 1.576791970821303179e+00
4.070142453219438572e-02 1.576720444431825019e+00
4.109734950756069316e-02 1.576647248381103150e+00
4.149712586129815362e-02 1.576572114224795929e+00
4.190079105786669034e-02 1.576495991288333842e+00
4.230838292616342228e-02 1.576418310020863078e+00
4.271993966306778662e-02 1.576338627660115899e+00
4.313549983702118923e-02 1.576258462088305112e+00
4.355510239164130798e-02 1.576175991066850690e+00
4.397878664937160398e-02 1.576092126484134992e+00
4.440659231516640160e-02 1.576006539105589521e+00
4.483855948021186338e-02 1.575919364370638398e+00
4.527472862568297785e-02 1.575830900845644367e+00
4.571514062653719151e-02 1.575740830777434320e+00
4.615983675534499064e-02 1.575648609582917192e+00
4.660885868615767536e-02 1.575554765834438653e+00
4.706224849841281199e-02 1.575459882660236399e+00
4.752004868087766204e-02 1.575362079236920509e+00
4.798230213563085128e-02 1.575262538487031128e+00
4.844905218208294534e-02 1.575161318579233249e+00
4.892034256103611894e-02 1.575057666262736245e+00
4.939621743878321036e-02 1.574950141693266747e+00
4.987672141124663283e-02 1.574844246229325728e+00
5.036189950815770505e-02 1.574734900274643357e+00
5.085179719727656034e-02 1.574623947973680771e+00
5.134646038865306461e-02 1.574509981287131710e+00
5.184593543892913187e-02 1.574394027495624071e+00
5.235026915568305461e-02 1.574275195613036971e+00
5.285950880181603667e-02 1.574154454498795319e+00
5.337370209998133774e-02 1.574031463871575998e+00
5.389289723705643909e-02 1.573905525411171125e+00
5.441714286865893119e-02 1.573777068980169336e+00
5.494648812370611646e-02 1.573646766808997066e+00
5.548098260901916656e-02 1.573514732717551379e+00
5.602067641397187603e-02 1.573380235126827786e+00
5.656562011518465050e-02 1.573241084673779877e+00
5.711586478126431943e-02 1.573099976451227899e+00
5.767146197758996756e-02 1.572956450408661278e+00
5.823246377114527778e-02 1.572810400788463570e+00
5.879892273539785025e-02 1.572660670514144821e+00
5.937089195522609469e-02 1.572509551454877252e+00
5.994842503189409116e-02 1.572354485200474494e+00
6.053157608807464840e-02 1.572195189635083423e+00
6.112039977292132997e-02 1.572034610725641546e+00
6.171495126718981594e-02 1.571870216949524446e+00
6.231528628840921763e-02 1.571703287269337945e+00
6.292146109610344262e-02 1.571533994159658665e+00
6.353353249706343575e-02 1.571359106536821981e+00
6.415155785067082339e-02 1.571182098915237635e+00
6.477559507427335661e-02 1.571001214528647827e+00
6.540570264861225724e-02 1.570816294322776363e+00
6.604193962330305590e-02 1.570628815118596977e+00
6.668436562236895737e-02 1.570437999578567778e+00
6.733304084982863480e-02 1.570243628471077235e+00
6.798802609533814711e-02 1.570045583058060190e+00
6.864938273988777095e-02 1.569841705856849901e+00
6.931717276155408003e-02 1.569634796906037799e+00
6.999145874130821565e-02 1.569423697512175142e+00
7.067230386888070925e-02 1.569208808988139081e+00
7.135977194868306506e-02 1.568990548520627915e+00
7.205392740578704658e-02 1.568767863981753719e+00
7.275483529196229149e-02 1.568538162517694845e+00
7.346256129177256011e-02 1.568306117952062761e+00
7.417717172873124210e-02 1.568070124074885552e+00
7.489873357151664857e-02 1.567829636821132855e+00
7.562731444024800576e-02 1.567584733421338639e+00
7.636298261282241373e-02 1.567335405160756423e+00
7.710580703131336699e-02 1.567080851942482589e+00
7.785585730843146146e-02 1.566821115058062652e+00
7.861320373404813433e-02 1.566556347169976826e+00
7.937791728178281159e-02 1.566286621161185000e+00
8.015006961565404597e-02 1.566011151801144585e+00
8.092973309679550586e-02 1.565731170783920989e+00
8.171698079023696770e-02 1.565444970444539008e+00
8.251188647175167201e-02 1.565153319239784180e+00
8.331452463477014014e-02 1.564856208737979371e+00
8.412497049736118726e-02 1.564553324388077371e+00
8.494330000928071445e-02 1.564243587076851849e+00
8.576958985908941790e-02 1.563928503747469057e+00
8.660391748133952627e-02 1.563607096075504854e+00
8.744636106383144036e-02 1.563280177939424309e+00
8.829699955494091368e-02 1.562946129212926083e+00
8.915591267101763417e-02 1.562607078004378591e+00
9.002318090385581784e-02 1.562261404986035052e+00
9.089888552823731371e-02 1.561909021628957950e+00
9.178310860954806694e-02 1.561549804309677381e+00
9.267593301146882789e-02 1.561182586139017170e+00
9.357744240374062106e-02 1.560810299119926636e+00
9.448772127000577836e-02 1.560429927312021459e+00
9.540685491572513388e-02 1.560041522355282595e+00
9.633492947617222635e-02 1.559647436909341156e+00
9.727203192450542546e-02 1.559244425171679271e+00
9.821825007991856482e-02 1.558834611397049041e+00
9.917367261587073379e-02 1.558415844894416091e+00
1.001383890683960748e-01 1.557989431271564751e+00
1.011124898444945991e-01 1.557554741496564255e+00
1.020960662306047012e-01 1.557110589963416336e+00
1.030892104011576216e-01 1.556658183867505540e+00
1.040920154272158005e-01 1.556199598057563804e+00
1.051045752851944987e-01 1.555731609146954186e+00
1.061269848656690717e-01 1.555253813130960783e+00
1.071593399822671072e-01 1.554768479974291129e+00
1.082017373806478805e-01 1.554272320717966060e+00
1.092542747475682557e-01 1.553767268569687721e+00
1.103170507200377515e-01 1.553252359134996041e+00
1.113901648945616746e-01 1.552726817752963617e+00
1.124737178364751955e-01 1.552193136649138605e+00
1.135678110893671017e-01 1.551648137751591605e+00
1.146725471845963656e-01 1.551091968714326530e+00
1.157880296509002094e-01 1.550525816652100319e+00
1.169143630240966764e-01 1.549948845695416244e+00
1.180516528568804902e-01 1.549397624355048020e+00
1.192000057287153220e-01 1.548762628511029416e+00
1.203595292558212876e-01 1.548153905383160778e+00
1.215303321012602134e-01 1.547533226736019563e+00
1.227125239851190319e-01 1.546900244742405395e+00
1.239062156947916271e-01 1.546256233325323581e+00
1.251115190953615564e-01 1.545598045117611674e+00
1.263285471400849291e-01 1.544926869389490642e+00
1.275574138809759950e-01 1.544243989154189922e+00
1.287982344794950385e-01 1.543548578177848851e+00
1.300511252173409127e-01 1.542841073622407411e+00
1.313162035073478784e-01 1.542118708445607167e+00
1.325935879044890797e-01 1.541384896197936616e+00
1.338833981169864351e-01 1.540637312534764991e+00
1.351857550175293021e-01 1.539872591262179347e+00
1.365007806546013891e-01 1.539095202774879656e+00
1.378285982639189389e-01 1.538304203107667023e+00
1.391693322799789911e-01 1.537496061068795772e+00
1.405231083477211373e-01 1.536674718886498203e+00
1.418900533343016301e-01 1.535838459137019774e+00
1.432702953409830948e-01 1.534985308439498208e+00
1.446639637151387880e-01 1.534116081356486916e+00
1.460711890623745679e-01 1.533232495030676157e+00
1.474921032587684921e-01 1.532332039819511937e+00
1.489268394632288772e-01 1.531412805744189365e+00
1.503755321299738434e-01 1.530478334357836978e+00
1.518383170211306810e-01 1.529525746987490997e+00
1.533153312194593942e-01 1.528554941016698976e+00
1.548067131411984265e-01 1.527567936850549035e+00
1.563126025490369497e-01 1.526561118153380914e+00
1.578331405652117214e-01 1.525535600877476972e+00
1.593684696847328941e-01 1.524492193471162160e+00
1.609187337887370006e-01 1.523428384753753972e+00
1.624840781579713067e-01 1.522345829486693836e+00
1.640646494864078653e-01 1.521244315455936302e+00
1.656605958949914359e-01 1.520121143317354928e+00
1.672720669455196874e-01 1.518978854818217483e+00
1.688992136546599021e-01 1.517814598937884618e+00
1.705421885081006561e-01 1.516627800143508953e+00
1.722011454748421100e-01 1.515419710203662396e+00
1.738762400216251336e-01 1.514189171173516035e+00
1.755676291275001522e-01 1.512942016163106640e+00
1.772754712985387948e-01 1.511663770240313287e+00
1.789999265826875408e-01 1.510366313146555672e+00
1.807411565847668600e-01 1.509044623651674355e+00
1.824993244816152382e-01 1.507699493129047719e+00
1.842745950373816666e-01 1.506329532193620979e+00
1.860671346189656239e-01 1.504934467203874915e+00
1.878771112116086051e-01 1.503515205302307756e+00
1.897046944346358344e-01 1.502068840585567777e+00
1.915500555573527997e-01 1.500598034937026704e+00
1.934133675150944698e-01 1.499101005750066440e+00
1.952948049254327745e-01 1.497577441334065451e+00
1.971945441045395986e-01 1.496025528017987716e+00
1.991127630837108697e-01 1.494446083417981352e+00
2.010496416260497965e-01 1.492837379969326861e+00
2.030053612433137811e-01 1.491201394395903712e+00
2.049801052129238688e-01 1.489538354433484368e+00
2.069740585951406198e-01 1.487840201288829212e+00
2.089874082504071251e-01 1.486115864488114724e+00
2.110203428568595552e-01 1.484360402490301656e+00
2.130730529280097374e-01 1.482573273132453018e+00
2.151457308305980698e-01 1.480756929193818072e+00
2.172385708026215445e-01 1.478906306211682065e+00
2.193517689715359098e-01 1.477023161645256044e+00
2.214855233726360506e-01 1.475109849201788892e+00
2.236400339676138660e-01 1.473160220269840170e+00
2.258155026632983065e-01 1.471178715744526411e+00
2.280121333305757114e-01 1.469162013907584052e+00
2.302301318234963867e-01 1.467108478155372930e+00
2.324697059985647851e-01 1.465022120239379610e+00
2.347310657342196183e-01 1.462898869643259436e+00
2.370144229505012079e-01 1.460739567106275061e+00
2.393199916289123208e-01 1.458543850366986527e+00
2.416479878324700736e-01 1.456307564198226157e+00
2.439986297259550130e-01 1.454033094536789639e+00
2.463721375963552895e-01 1.451722791699683768e+00
2.487687338735107279e-01 1.449372938884676776e+00
2.511886431509580686e-01 1.446982031059960372e+00
2.536320922069775774e-01 1.444552278741443319e+00
2.560993100258459609e-01 1.442079585637832784e+00
2.585905278192945911e-01 1.439570784554490057e+00
2.611059790481781162e-01 1.437012462431751958e+00
2.636458994443517945e-01 1.434414994399994647e+00
2.662105270327638773e-01 1.431774024802555001e+00
2.688001021537606006e-01 1.429088069136797312e+00
2.714148674856106669e-01 1.426358402291706629e+00
2.740550680672460548e-01 1.423609108397970724e+00
2.767209513212268712e-01 1.420767574859498783e+00
2.794127670769268601e-01 1.417900537714052556e+00
2.821307675939472293e-01 1.414987759855505844e+00
2.848752075857552413e-01 1.412028188549813379e+00
2.876463442435557849e-01 1.409021628530764847e+00
2.904444372603925406e-01 1.405966007280622154e+00
2.932697488554852905e-01 1.402861049483511424e+00
2.961225437988035947e-01 1.399706183569692453e+00
2.990030894358785551e-01 1.396500979267992326e+00
3.019116557128577738e-01 1.393245712229123301e+00
3.048485152018017286e-01 1.389938184235731233e+00
3.078139431262288950e-01 1.386579281817617249e+00
3.108082173869063936e-01 1.383167092955873256e+00
3.138316185878944342e-01 1.379703588964836136e+00
3.168844300628416155e-01 1.376185370473872016e+00
3.199669379015380732e-01 1.372613250971622678e+00
3.230794309767249795e-01 1.368983992508543857e+00
3.262222009711669979e-01 1.365301737207436084e+00
3.293955424049855307e-01 1.361562746944023461e+00
3.325997526632606949e-01 1.357767396572820973e+00
3.358351320238990301e-01 1.353913775813295972e+00
3.391019836857747105e-01 1.350002986930703086e+00
3.424006137971423724e-01 1.346034954253985783e+00
3.457313314843284413e-01 1.342007385633356309e+00
3.490944488806992929e-01 1.337920860805434042e+00
3.524902811559130766e-01 1.333772915081697041e+00
3.559191465454557002e-01 1.329566855869759312e+00
3.593813663804627523e-01 1.325297997406713391e+00
3.628772651178337472e-01 1.320968904559516988e+00
3.664071703706370808e-01 1.316576811617766962e+00
3.699714129388128048e-01 1.312122907280947715e+00
3.735703268401719401e-01 1.307606048316952041e+00
3.772042493416999376e-01 1.303025077071194859e+00
3.808735209911614517e-01 1.298384763893297711e+00
3.845784856490158665e-01 1.293675688370524934e+00
3.883194905206404091e-01 1.288902016037238196e+00
3.920968861888690649e-01 1.284064067857815239e+00
3.959110266468458539e-01 1.279161909336316238e+00
3.997622693312000708e-01 1.274192824699286630e+00
4.036509751555413805e-01 1.269157346739193004e+00
4.075775085442840395e-01 1.264056733384781639e+00
4.115422374667966343e-01 1.258887837810468424e+00
4.155455334718875515e-01 1.253655627227556524e+00
4.195877717226225712e-01 1.248350293979428871e+00
4.236693310314835759e-01 1.242976469913452897e+00
4.277905938958687093e-01 1.237539003448901109e+00
4.319519465339363706e-01 1.232031010094010615e+00
4.361537789208005944e-01 1.226456207712973479e+00
4.403964848250754294e-01 1.220810692276129261e+00
4.446804618457780300e-01 1.215098375319775936e+00
4.490061114495874639e-01 1.209316556741354853e+00
4.533738390084691150e-01 1.203465620243469703e+00
4.577840538376618529e-01 1.197545730931782071e+00
4.622371692340384031e-01 1.191555370723508478e+00
4.667336025148346446e-01 1.185496411602105615e+00
4.712737750567601580e-01 1.179368822102689451e+00
4.758581123354846953e-01 1.173170261286806015e+00
4.804870439655131720e-01 1.166903634566879067e+00
4.851610037404442966e-01 1.160568684920146421e+00
4.898804296736250508e-01 1.154162768100636116e+00
4.946457640391963562e-01 1.147689114054802451e+00
4.994574534135413635e-01 1.141145671159139008e+00
5.043159487171361421e-01 1.134535127376198549e+00
5.092217052568053237e-01 1.127856121629431829e+00
5.141751827683928022e-01 1.121106868137606627e+00
5.191768454598426619e-01 1.114292557430237585e+00
5.242271620547044320e-01 1.107399175622414189e+00
5.293266058360561743e-01 1.100458718027200522e+00
5.344756546908600026e-01 1.093442148971800698e+00
5.396747911547442600e-01 1.086358599038332429e+00
5.449245024572260121e-01 1.079211186605315342e+00
5.502252805673685243e-01 1.071995215918447153e+00
5.555776222398878250e-01 1.064718083812289828e+00
5.609820290617031358e-01 1.057373859334782562e+00
5.664390074989449353e-01 1.049966693578685550e+00
5.719490689444144405e-01 1.042498426819126411e+00
5.775127297655114900e-01 1.034968639082081143e+00
5.831305113526221717e-01 1.027374288981816930e+00
5.888029401679826247e-01 1.019723081238172124e+00
5.945305477950136863e-01 1.012008616058094335e+00
6.003138709881384871e-01 1.004237803430694465e+00
6.061534517230839914e-01 9.964089199710024491e-01
6.120498372476699256e-01 9.885227958628624023e-01
6.180035801330957534e-01 9.805795209166739967e-01
6.240152383257209223e-01 9.725828204181883319e-01
6.300853751993553686e-01 9.645293895303027609e-01
6.362145596080520660e-01 9.564264605865575586e-01
6.424033659394193796e-01 9.482706788135665255e-01
6.486523741684461219e-01 9.400666070810091979e-01
6.549621699118558515e-01 9.318095588941048835e-01
6.613333444829840868e-01 9.235085503426079256e-01
6.677664949471955325e-01 9.151580860669206174e-01
6.742622241778342129e-01 9.067628672375580567e-01
6.808211409127237213e-01 8.983263095186669878e-01
6.874438598112112553e-01 8.898443534814088896e-01
6.941310015117725385e-01 8.813226009367244318e-01
7.008831926901714082e-01 8.727620719684805461e-01
7.077010661181889484e-01 8.641621333266067406e-01
7.145852607229240538e-01 8.555293429920854953e-01
7.215364216466665370e-01 8.468576220504283603e-01
7.285552003073593186e-01 8.381558938093290889e-01
7.356422544596413760e-01 8.294232520433021394e-01
7.427982482564918776e-01 8.206585824627901093e-01
7.500238523114668432e-01 8.118695444799916006e-01
7.573197437615483141e-01 8.030522421439612035e-01
7.646866063305975958e-01 7.942153184564866297e-01
7.721251303934327792e-01 7.853486586191805729e-01
7.796360130405233235e-01 7.764650942893167596e-01
7.872199581433195759e-01 7.675626625248658241e-01
7.948776764202123424e-01 7.586430341325340887e-01
8.026098855031396084e-01 7.497093883745904463e-01
8.104173100048355227e-01 7.407631998600892054e-01
8.183006815867394090e-01 7.318003370265148133e-01
8.262607390275591435e-01 7.228402299172603795e-01
8.342982282925082149e-01 7.138674292550483136e-01
8.424139026032094746e-01 7.048920830295144491e-01
8.506085225082840040e-01 6.959132000824717057e-01
8.588828559546254349e-01 6.869268831453484436e-01
8.672376783593644944e-01 6.779539814068781256e-01
8.756737726825394308e-01 6.689664114950317764e-01
8.841919295004664336e-01 6.600046340710363779e-01
8.927929470798307010e-01 6.510500750440855189e-01
9.014776314524917122e-01 6.420981667302185780e-01
9.102467964910225806e-01 6.331596222280546638e-01
9.191012639849772681e-01 6.242349187738065464e-01
9.280418637179072006e-01 6.153269156010917618e-01
9.370694335451198453e-01 6.063588072311923982e-01
9.461848194722002336e-01 5.975601400516913353e-01
9.553888757342895444e-01 5.887223989068444130e-01
9.646824648761427312e-01 5.798993791216080496e-01
9.740664578329562007e-01 5.711044050945285333e-01
9.835417340119908536e-01 5.623392405217996215e-01
9.931091813749796104e-01 5.536032733016720275e-01
1.002769696521346621e+00 5.449031236477669404e-01
1.012524184772224167e+00 5.362338142438952682e-01
1.022373560255302127e+00 5.276036804389262480e-01
1.032318745990486564e+00 5.190123135844922908e-01
1.042360673976402197e+00 5.104622245536006853e-01
1.052500285277732761e+00 5.019570729680027377e-01
1.062738530113414459e+00 4.934943527978747357e-01
1.073076367945679621e+00 4.850790433113947309e-01
1.083514767569973225e+00 4.767120037266481258e-01
1.094054707205742494e+00 4.683967938562625943e-01
1.104697174588111785e+00 4.601291926359620810e-01
1.115443167060441221e+00 4.519019447546255286e-01
1.126293691667795249e+00 4.437696492406282833e-01
1.137249765251314271e+00 4.356717570699794040e-01
1.148312414543511073e+00 4.276348737424383040e-01
1.159482676264482759e+00 4.196579466375257583e-01
1.170761597219069250e+00 4.117432275324891533e-01
1.182150234394952371e+00 4.038936870955098235e-01
1.193649655061713055e+00 3.961092972973730419e-01
1.205260936870842681e+00 3.883901312083577473e-01
1.216985167956738056e+00 3.807363336689917332e-01
1.228823447038673411e+00 3.731526157782454889e-01
1.240776883523764251e+00 3.656515536029894542e-01
1.252846597610937529e+00 3.582154518995747661e-01
1.265033720395903893e+00 3.508449033696606212e-01
1.277339393977160009e+00 3.435735399291993120e-01
1.289764771563017165e+00 3.363441704695616652e-01
1.302311017579677488e+00 3.292152119096311003e-01
1.314979307780347773e+00 3.221526966157859939e-01
1.327770829355430449e+00 3.151799306607199203e-01
1.340686781043774811e+00 3.082796666603903057e-01
1.353728373245021821e+00 3.014648681906560990e-01
1.366896828133026487e+00 2.947261305982347701e-01
1.380193379770397355e+00 2.880724777685330640e-01
1.393619274224142002e+00 2.814497314935953676e-01
1.407175769682446731e+00 2.750150311013309645e-01
1.420864136572576708e+00 2.686135717058207861e-01
1.434685657679937831e+00 2.622967007315420429e-01
1.448641628268290127e+00 2.560660087667071538e-01
1.462733356201129986e+00 2.499189822529722937e-01
1.476962162064259898e+00 2.438627972486836493e-01
1.491329379289537682e+00 2.378899925789359493e-01
1.505836354279841416e+00 2.320090290645524245e-01
1.520484446535244283e+00 2.261974452668673308e-01
1.535275028780422657e+00 2.204997942116510568e-01
1.550209487093291205e+00 2.148761901330866753e-01
1.565289221034902312e+00 2.093521745188998140e-01
1.580515643780601165e+00 2.039089627920806502e-01
1.595890182252465817e+00 1.985541784299728607e-01
1.611414277253019778e+00 1.932878385832687562e-01
1.627089383600260675e+00 1.881065149861320951e-01
1.642916970263993193e+00 1.830205964301487576e-01
1.658898520503498064e+00 1.780194710071605624e-01
1.675035532006524441e+00 1.731064209031177858e-01
1.691329517029648732e+00 1.682813426821792857e-01
1.707782002539993016e+00 1.635439222584990082e-01
1.724394530358320354e+00 1.588939657356575330e-01
1.741168657303530987e+00 1.543304943772363658e-01
1.758105955338547632e+00 1.498547661083717009e-01
1.775208011717636092e+00 1.454641479022640571e-01
1.792476429135148930e+00 1.411610560954858207e-01
1.809912825875727105e+00 1.369417169950332691e-01
1.827518835965944666e+00 1.328087215760865580e-01
1.845296109327445366e+00 1.287596132879188782e-01
1.863246311931559873e+00 1.247947698815841111e-01
1.881371125955437096e+00 1.209109006455184182e-01
1.899672249939675650e+00 1.171132960194186945e-01
1.918151398947507635e+00 1.133925572538586057e-01
1.936810304725519849e+00 1.097594080723353627e-01
1.955650715865949074e+00 1.062017676073010730e-01
1.974674397970537454e+00 1.027313781787883434e-01
1.993883133816001019e+00 9.933286302321604755e-02
2.013278723521096492e+00 9.601122064369652098e-02
2.032862984715323673e+00 9.277481809489993014e-02
2.052637752709252084e+00 8.961084957365264558e-02
2.072604880666519822e+00 8.652366081545916077e-02
2.092766239777499759e+00 8.351122187320333956e-02
2.113123719434652603e+00 8.057313404129805290e-02
2.133679227409597701e+00 7.770839420639240325e-02
2.154434690031884259e+00 7.491580652032646392e-02
2.175392052369522489e+00 7.219389611612889168e-02
2.196553278411258248e+00 6.954328503531664873e-02
2.217920351250634692e+00 6.696755757497052652e-02
2.239495273271823184e+00 6.444975348054991782e-02
2.261280066337279404e+00 6.200496368036969436e-02
2.283276771977218012e+00 5.962783268537214659e-02
2.305487451580938707e+00 5.731130180836566113e-02
2.327914186589993051e+00 5.506655990780404825e-02
2.350559078693253756e+00 5.288395457258374815e-02
2.373424250023866033e+00 5.076231039761719410e-02
2.396511843358130278e+00 4.869861615984787118e-02
2.419824022316292567e+00 4.669648994568527389e-02
2.443362971565319341e+00 4.477445770723127022e-02
2.467130897023623426e+00 4.288468502128681137e-02
2.491130026067788439e+00 4.105729864707158283e-02
2.515362607741312928e+00 3.929011973302953820e-02
2.539830912965362675e+00 3.758177365307394796e-02
2.564537234751594674e+00 3.592095838683608683e-02
2.589483888417040802e+00 3.431605328188219034e-02
2.614673211801092023e+00 3.276522928496451714e-02
2.640107565484572927e+00 3.126469948583317227e-02
2.665789333010967876e+00 2.981456919382421966e-02
2.691720921109787668e+00 2.841464079628717651e-02
2.717904759922122881e+00 2.706079968606876773e-02
2.744343303228365283e+00 2.575519251400807882e-02
2.771039028678170535e+00 2.449492911471118015e-02
2.797994438022641805e+00 2.328175280898926378e-02
2.825212057348790218e+00 2.211105357916046121e-02
2.852694437316245057e+00 2.098416034578480180e-02
2.880444153396297668e+00 1.989890719804465746e-02
2.908463806113254169e+00 1.885509441981036288e-02
2.936756021288137397e+00 1.785172515043680075e-02
2.965323450284773621e+00 1.688684505649463985e-02
2.994168770258243573e+00 1.596054080762863286e-02
3.023294684405779531e+00 1.507225468650583676e-02
3.052703922220086241e+00 1.421837717269190671e-02
3.082399239745143404e+00 1.340106620578878846e-02
3.112383419834465759e+00 1.261739808398221023e-02
3.142659272411905569e+00 1.186838600223803254e-02
3.173229634734976212e+00 1.115172092497082948e-02
3.204097371660752813e+00 1.046616909061851355e-02
3.235265375914330388e+00 9.812235936789336088e-03
3.266736568359921655e+00 9.187415317924132324e-03
3.298513898274578082e+00 8.592523953194319830e-03
3.330600343624588788e+00 8.024994357149617744e-03
3.362998911344535991e+00 7.484727499537497351e-03
3.395712637619100693e+00 6.971677796371652559e-03
3.428744588167585317e+00 6.484244626706529672e-03
3.462097858531227423e+00 6.021569801948897967e-03
3.495775574363275240e+00 5.582545376767453563e-03
3.529780891721914671e+00 5.167180644942151284e-03
3.564116997366032269e+00 4.774247772355584563e-03
3.598787109053855460e+00 4.403072268890811589e-03
3.633794475844513094e+00 4.052684476360683512e-03
3.669142378402494131e+00 3.723024462069945799e-03
3.704834129305105694e+00 3.412429758864826690e-03
3.740873073352900313e+00 3.120745266952345068e-03
3.777262587883141176e+00 2.847105259858363942e-03
3.814006083086284082e+00 2.590911974730853318e-03
3.851107002325572903e+00 2.351262727099892244e-03
3.888568822459721019e+00 2.127862481116731420e-03
3.926395054168756449e+00 1.919741602095755830e-03
3.964589242282997805e+00 1.726329127449990420e-03
4.003154966115265445e+00 1.547000157402349816e-03
4.042095839796306045e+00 1.381130645296972485e-03
4.081415512613501662e+00 1.228094584137165608e-03
4.121117669352832635e+00 1.087307249502427429e-03
4.161206030644208020e+00 9.581573078914418966e-04
4.201684353310133346e+00 8.400836869913246539e-04
4.242556430717777438e+00 7.325012232351417289e-04
4.283826093134470270e+00 6.348606276140897169e-04
4.325497208086633627e+00 5.466116807062434491e-04
4.367573680722233398e+00 4.672229884134475992e-04
4.410059454176736615e+00 3.961696944199316942e-04
4.452958509942654963e+00 3.329125012571214088e-04
4.496274868242640110e+00 2.769724124001360713e-04
4.540012588406244554e+00 2.278459695634644112e-04
4.584175769250333765e+00 1.850467842704304079e-04
4.628768549463215365e+00 1.480968485234270720e-04
4.673795107992464004e+00 1.165264779675329184e-04
4.719259664436561863e+00 8.988681904222596802e-05
4.765166479440326341e+00 6.772445114756009638e-05
4.811519855094205766e+00 4.960232401929162607e-05
4.858324135337417360e+00 3.508887113786508431e-05
4.905583706365050922e+00 2.376190544079627843e-05
4.953302997039108924e+00 1.521046528791076314e-05
5.001486479303548727e+00 9.026671566375229553e-06
5.050138668603383785e+00 4.814743998772586775e-06
5.099264124307808288e+00 2.184343803955546088e-06
5.148867450137498025e+00 7.535703144386718699e-07
5.198953294596024399e+00 1.472759886660933268e-07
5.249526351405507718e+00 0.000000000000000000e+00
