1.000000000000000021e-02 1.994451262932394275e+00
1.009727545900835841e-02 1.994447341936172791e+00
1.019549716950923779e-02 1.994443333622707648e+00
1.029467433620748044e-02 1.994439331020710915e+00
1.039481625334708927e-02 1.994435403888854763e+00
1.049593230558227772e-02 1.994431405290694181e+00
1.059803196885688789e-02 1.994427300354557619e+00
1.070112481129246833e-02 1.994423105646836447e+00
1.080522049408488318e-02 1.994418839740137006e+00
1.091032877240974419e-02 1.994414487290031790e+00
1.101645949633656314e-02 1.994410036117605589e+00
1.112362261175187626e-02 1.994405471369863569e+00
1.123182816129126085e-02 1.994400793506754699e+00
1.134108628528052165e-02 1.994396002944669677e+00
1.145140722268592030e-02 1.994391098595312384e+00
1.156280131207376022e-02 1.994386077390291945e+00
1.167527899257919492e-02 1.994380944180184967e+00
1.178885080488457221e-02 1.994375770547169413e+00
1.190352739220719262e-02 1.994370494479066558e+00
1.201931950129673729e-02 1.994365122401030810e+00
1.213623798344241195e-02 1.994359660100966325e+00
1.225429379548980714e-02 1.994354103656500010e+00
1.237349800086776086e-02 1.994348419210959733e+00
1.249386177062509519e-02 1.994342643014356931e+00
1.261539638447754796e-02 1.994336709605105673e+00
1.273811323186478488e-02 1.994330764595255490e+00
1.286202381301779218e-02 1.994324712079303064e+00
1.298713974003655978e-02 1.994318526163902261e+00
1.311347273797833224e-02 1.994312203189595234e+00
1.324103464595636874e-02 1.994305796711281165e+00
1.336983741824946531e-02 1.994299339980120767e+00
1.349989312542219239e-02 1.994292746617839951e+00
1.363121395545611320e-02 1.994286021196652214e+00
1.376381221489191876e-02 1.994279151567557307e+00
1.389770032998276401e-02 1.994272111432210171e+00
1.403289084785873213e-02 1.994264906817739602e+00
1.416939643770268736e-02 1.994257564755854251e+00
1.430722989193757184e-02 1.994250049796455038e+00
1.444640412742520530e-02 1.994242332281103591e+00
1.458693218667675602e-02 1.994234402971982956e+00
1.472882723907502529e-02 1.994226291439542775e+00
1.487210258210860774e-02 1.994217982907530606e+00
1.501677164261799868e-02 1.994209472963330176e+00
1.516284797805393485e-02 1.994200782700076946e+00
1.531034527774784160e-02 1.994191912536613875e+00
1.545927736419477720e-02 1.994182832739541889e+00
1.560965819434872483e-02 1.994173531804033228e+00
1.576150186093060873e-02 1.994164022850751561e+00
1.591482259374891323e-02 1.994154301730052481e+00
1.606963476103326349e-02 1.994144391753927881e+00
1.622595287078087284e-02 1.994134303702120192e+00
1.638379157211618947e-02 1.994123982461647016e+00
1.654316565666366645e-02 1.994113453884112541e+00
1.670409005993399310e-02 1.994102705296232125e+00
1.686657986272368723e-02 1.994091723260605908e+00
1.703065029252844378e-02 1.994080495542622344e+00
1.719631672497009753e-02 1.994069010307629730e+00
1.736359468523754335e-02 1.994057251801288011e+00
1.753249984954170088e-02 1.994045277906808078e+00
1.770304804658450262e-02 1.994033064578693226e+00
1.787525525904235316e-02 1.994020701746257673e+00
1.804913762506383731e-02 1.994008095059925489e+00
1.822471143978214581e-02 1.993995196414246607e+00
1.840199315684210371e-02 1.993982000687939182e+00
1.858099938994215231e-02 1.993968556121884728e+00
1.876174691439120440e-02 1.993954835321008368e+00
1.894425266868081034e-02 1.993940748673255214e+00
1.912853375607242307e-02 1.993926433441986390e+00
1.931460744620030340e-02 1.993911910521535047e+00
1.950249117668984011e-02 1.993897063619664012e+00
1.969220255479172538e-02 1.993881882856624044e+00
1.988375935903200636e-02 1.993866376443294897e+00
2.007717954087816226e-02 1.993850670727620233e+00
2.027248122642137662e-02 1.993834634727337685e+00
2.046968271807520987e-02 1.993818240167719580e+00
2.066880249629082095e-02 1.993801436140689054e+00
2.086985922128879734e-02 1.993784491526310765e+00
2.107287173480786382e-02 1.993767336251152100e+00
2.127785906187062287e-02 1.993749871334003831e+00
2.148484041256648255e-02 1.993732033955848637e+00
2.169383518385184506e-02 1.993713892164887369e+00
2.190486296136792688e-02 1.993695298469521093e+00
2.211794352127614133e-02 1.993676277947472153e+00
2.233309683211144592e-02 1.993656807962926436e+00
2.255034305665360936e-02 1.993636874566630413e+00
2.276970255381680075e-02 1.993616594283477372e+00
2.299119588055741764e-02 1.993596109163005003e+00
2.321484379380064564e-02 1.993575157918910712e+00
2.344066725238556220e-02 1.993553779044142438e+00
2.366868741902936057e-02 1.993531985586384891e+00
2.389892566231050300e-02 1.993509882443824210e+00
2.413140355867127856e-02 1.993487411087397243e+00
2.436614289443983158e-02 1.993464459338695649e+00
2.460316566787181664e-02 1.993441700144590767e+00
2.484249409121190577e-02 1.993417984020450673e+00
2.508415059277539771e-02 1.993393725050460308e+00
2.532815781905008515e-02 1.993368901406369131e+00
2.557453863681850847e-02 1.993343636172782318e+00
2.582331613530085626e-02 1.993317842770468751e+00
2.607451362831877603e-02 1.993291451487144039e+00
2.632815465648021339e-02 1.993263988162507827e+00
2.658426298938541474e-02 1.993236555104998198e+00
2.684286262785454819e-02 1.993208682228224449e+00
2.710397780617682106e-02 1.993180510058738752e+00
2.736763299438163891e-02 1.993151796073831639e+00
2.763385290053169824e-02 1.993122431160409436e+00
2.790266247303856487e-02 1.993092624731207740e+00
2.817408690300057458e-02 1.993062427104380196e+00
2.844815162656363222e-02 1.993031754945281397e+00
2.872488232730495070e-02 1.993000429367149717e+00
2.900430493863991738e-02 1.992968372548214573e+00
2.928644564625237229e-02 1.992935557851817530e+00
2.957133089054861039e-02 1.992902018829450173e+00
2.985898736913520854e-02 1.992867724103082105e+00
3.014944203932094433e-02 1.992832830598900262e+00
3.044272212064302874e-02 1.992797086664235273e+00
3.073885509741795460e-02 1.992760427759125319e+00
3.103786872131722788e-02 1.992722920423016575e+00
3.133979101396793671e-02 1.992684587524090167e+00
3.164465026957891114e-02 1.992646162450680158e+00
3.195247505759213347e-02 1.992606375239743599e+00
3.226329422536015901e-02 1.992566038502919135e+00
3.257713690084949876e-02 1.992524994907938662e+00
3.289403249537032475e-02 1.992483127639500529e+00
3.321401070633261954e-02 1.992440658946906584e+00
3.353710152002930406e-02 1.992397509346512718e+00
3.386333521444636480e-02 1.992353802278030939e+00
3.419274236210027851e-02 1.992309293722502872e+00
3.452535383290306070e-02 1.992263879623214828e+00
3.486120079705520153e-02 1.992217621708800346e+00
3.520031472796678745e-02 1.992170464476886282e+00
3.554272740520694751e-02 1.992122407411185181e+00
3.588847091748199186e-02 1.992073316004054684e+00
3.623757766564258964e-02 1.992023141467122338e+00
3.659008036572020811e-02 1.991972060816542767e+00
3.694601205199302130e-02 1.991920054298417231e+00
3.730540608008161424e-02 1.991866964947703211e+00
3.766829613007490613e-02 1.991812633554087553e+00
3.803471620968648659e-02 1.991757059499396965e+00
3.840470065744145539e-02 1.991700521271294599e+00
3.877828414589457040e-02 1.991642989311677825e+00
3.915550168487941241e-02 1.991584239240846932e+00
3.953638862478930927e-02 1.991524219775919313e+00
3.992098065989020672e-02 1.991462745919315935e+00
4.030931383166566628e-02 1.991400070038661596e+00
4.070142453219438572e-02 1.991336217362794425e+00
4.109734950756069316e-02 1.991271447457584998e+00
4.149712586129815362e-02 1.991205140818194774e+00
4.190079105786669034e-02 1.991137398082655219e+00
4.230838292616342228e-02 1.991068119232244804e+00
4.271993966306778662e-02 1.990997561394384441e+00
4.313549983702118923e-02 1.990925604457191911e+00
4.355510239164130798e-02 1.990852283445376569e+00
4.397878664937160398e-02 1.990777603670141227e+00
4.440659231516640160e-02 1.990702262091094576e+00
4.483855948021186338e-02 1.990622997365419256e+00
4.527472862568297785e-02 1.990543256260915994e+00
4.571514062653719151e-02 1.990462212587037261e+00
4.615983675534499064e-02 1.990380342075282805e+00
4.660885868615767536e-02 1.990296694489224860e+00
4.706224849841281199e-02 1.990211527945489500e+00
4.752004868087766204e-02 1.990125257638423184e+00
4.798230213563085128e-02 1.990037246599720477e+00
4.844905218208294534e-02 1.989947187474389034e+00
4.892034256103611894e-02 1.989853822375035275e+00
4.939621743878321036e-02 1.989760783545674538e+00
4.987672141124663283e-02 1.989667962350418096e+00
5.036189950815770505e-02 1.989570919771320945e+00
5.085179719727656034e-02 1.989471869516751701e+00
5.134646038865306461e-02 1.989370615496858896e+00
5.184593543892913187e-02 1.989267195398874088e+00
5.235026915568305461e-02 1.989161523638979245e+00
5.285950880181603667e-02 1.989053363037249333e+00
5.337370209998133774e-02 1.988942918240202307e+00
5.389289723705643909e-02 1.988832742544943244e+00
5.441714286865893119e-02 1.988718273939774850e+00
5.494648812370611646e-02 1.988601711279032846e+00
5.548098260901916656e-02 1.988483502777067757e+00
5.602067641397187603e-02 1.988363196815619238e+00
5.656562011518465050e-02 1.988240685626613047e+00
5.711586478126431943e-02 1.988116193286483702e+00
5.767146197758996756e-02 1.987989520437950963e+00
5.823246377114527778e-02 1.987860156409966494e+00
5.879892273539785025e-02 1.987728068316552577e+00
5.937089195522609469e-02 1.987593363386900513e+00
5.994842503189409116e-02 1.987455837340168063e+00
6.053157608807464840e-02 1.987315414421265913e+00
6.112039977292132997e-02 1.987171818699743797e+00
6.171495126718981594e-02 1.987025704715283947e+00
6.231528628840921763e-02 1.986876896737114206e+00
6.292146109610344262e-02 1.986724687197700900e+00
6.353353249706343575e-02 1.986569355940851267e+00
6.415155785067082339e-02 1.986411061667934241e+00
6.477559507427335661e-02 1.986250911290737164e+00
6.540570264861225724e-02 1.986088084162465295e+00
6.604193962330305590e-02 1.985924286539754613e+00
6.668436562236895737e-02 1.985754118727863560e+00
6.733304084982863480e-02 1.985580770018468888e+00
6.798802609533814711e-02 1.985403569377460986e+00
6.864938273988777095e-02 1.985220806484365497e+00
6.931717276155408003e-02 1.985036725165217009e+00
6.999145874130821565e-02 1.984849030208735376e+00
7.067230386888070925e-02 1.984657275148520750e+00
7.135977194868306506e-02 1.984462092245606879e+00
7.205392740578704658e-02 1.984262549839772571e+00
7.275483529196229149e-02 1.984059430993748485e+00
7.346256129177256011e-02 1.983853108076967464e+00
7.417717172873124210e-02 1.983643258693249978e+00
7.489873357151664857e-02 1.983429534423761353e+00
7.562731444024800576e-02 1.983213050993736681e+00
7.636298261282241373e-02 1.982991327434698858e+00
7.710580703131336699e-02 1.982765093257310207e+00
7.785585730843146146e-02 1.982533761263973293e+00
7.861320373404813433e-02 1.982297431257101561e+00
7.937791728178281159e-02 1.982056953368829921e+00
8.015006961565404597e-02 1.981811360272352163e+00
8.092973309679550586e-02 1.981560040798084676e+00
8.171698079023696770e-02 1.981305153727765500e+00
8.251188647175167201e-02 1.981045408731542556e+00
8.331452463477014014e-02 1.980781013954258540e+00
8.412497049736118726e-02 1.980511045885128052e+00
8.494330000928071445e-02 1.980236296201414170e+00
8.576958985908941790e-02 1.979956819251735833e+00
8.660391748133952627e-02 1.979672382004343811e+00
8.744636106383144036e-02 1.979382776975962432e+00
8.829699955494091368e-02 1.979087355058434028e+00
8.915591267101763417e-02 1.978786075151168555e+00
9.002318090385581784e-02 1.978478742125455714e+00
9.089888552823731371e-02 1.978165460833207101e+00
9.178310860954806694e-02 1.977845917884050175e+00
9.267593301146882789e-02 1.977520278851281121e+00
9.357744240374062106e-02 1.977187920214266148e+00
9.448772127000577836e-02 1.976848750735952898e+00
9.540685491572513388e-02 1.976501865875248010e+00
9.633492947617222635e-02 1.976149109100731716e+00
9.727203192450542546e-02 1.975789180644235810e+00
9.821825007991856482e-02 1.975421980930280652e+00
9.917367261587073379e-02 1.975047180304819738e+00
1.001383890683960748e-01 1.974666898218653266e+00
1.011124898444945991e-01 1.974280439315255320e+00
1.020960662306047012e-01 1.973886795021971396e+00
1.030892104011576216e-01 1.973485072029863785e+00
1.040920154272158005e-01 1.973076343131488830e+00
1.051045752851944987e-01 1.972660776408016403e+00
1.061269848656690717e-01 1.972235975613136461e+00
1.071593399822671072e-01 1.971802773846656809e+00
1.082017373806478805e-01 1.971361448475059452e+00
1.092542747475682557e-01 1.970911796908384694e+00
1.103170507200377515e-01 1.970454262923779787e+00
1.113901648945616746e-01 1.969986513986888843e+00
1.124737178364751955e-01 1.969509050937062300e+00
1.135678110893671017e-01 1.969021267229136951e+00
1.146725471845963656e-01 1.968524282600715436e+00
1.157880296509002094e-01 1.968018035081495087e+00
1.169143630240966764e-01 1.967502957649039486e+00
1.180516528568804902e-01 1.966977945324853039e+00
1.192000057287153220e-01 1.966444079872444739e+00
1.203595292558212876e-01 1.965901424408251996e+00
1.215303321012602134e-01 1.965349973266055761e+00
1.227125239851190319e-01 1.964786357679096485e+00
1.239062156947916271e-01 1.964210558349305025e+00
1.251115190953615564e-01 1.963624071958729012e+00
1.263285471400849291e-01 1.963027924428151216e+00
1.275574138809759950e-01 1.962419085807656449e+00
1.287982344794950385e-01 1.961798604065694951e+00
1.300511252173409127e-01 1.961165187050654790e+00
1.313162035073478784e-01 1.960520560431201265e+00
1.325935879044890797e-01 1.959863853883587304e+00
1.338833981169864351e-01 1.959194971701856636e+00
1.351857550175293021e-01 1.958512408115235859e+00
1.365007806546013891e-01 1.957817193853677917e+00
1.378285982639189389e-01 1.957110246317604885e+00
1.391693322799789911e-01 1.956390198660660218e+00
1.405231083477211373e-01 1.955656755860203599e+00
1.418900533343016301e-01 1.954910671143792911e+00
1.432702953409830948e-01 1.954149248778981773e+00
1.446639637151387880e-01 1.953373992939193116e+00
1.460711890623745679e-01 1.952583632571768257e+00
1.474921032587684921e-01 1.951778089402051997e+00
1.489268394632288772e-01 1.950956807890748657e+00
1.503755321299738434e-01 1.950119175216033174e+00
1.518383170211306810e-01 1.949265568481281630e+00
1.533153312194593942e-01 1.948398264406769220e+00
1.548067131411984265e-01 1.947514268137239490e+00
1.563126025490369497e-01 1.946614362734377490e+00
1.578331405652117214e-01 1.945697979917153653e+00
1.593684696847328941e-01 1.944764426314589789e+00
1.609187337887370006e-01 1.943814070155976292e+00
1.624840781579713067e-01 1.942844686908440144e+00
1.640646494864078653e-01 1.941857064426447677e+00
1.656605958949914359e-01 1.940851144243769699e+00
1.672720669455196874e-01 1.939828031177885048e+00
1.688992136546599021e-01 1.938786412561881445e+00
1.705421885081006561e-01 1.937722780087890895e+00
1.722011454748421100e-01 1.936640569885366370e+00
1.738762400216251336e-01 1.935538040709591678e+00
1.755676291275001522e-01 1.934414981725035787e+00
1.772754712985387948e-01 1.933272158947127783e+00
1.789999265826875408e-01 1.932109554757893921e+00
1.807411565847668600e-01 1.930923842199484985e+00
1.824993244816152382e-01 1.929716301038544968e+00
1.842745950373816666e-01 1.928485984422496857e+00
1.860671346189656239e-01 1.927234104431262862e+00
1.878771112116086051e-01 1.925960308608773541e+00
1.897046944346358344e-01 1.924663256698419200e+00
1.915500555573527997e-01 1.923342570105522897e+00
1.934133675150944698e-01 1.922000357270296611e+00
1.952948049254327745e-01 1.920633486495356923e+00
1.971945441045395986e-01 1.919238408690462805e+00
1.991127630837108697e-01 1.917818017394119723e+00
2.010496416260497965e-01 1.916373317002955767e+00
2.030053612433137811e-01 1.914902781719476144e+00
2.049801052129238688e-01 1.913404979943144735e+00
2.069740585951406198e-01 1.911878436038501494e+00
2.089874082504071251e-01 1.910324283383225463e+00
2.110203428568595552e-01 1.908743691583101532e+00
2.130730529280097374e-01 1.907137180062643766e+00
2.151457308305980698e-01 1.905501015661644093e+00
2.172385708026215445e-01 1.903834652583676679e+00
2.193517689715359098e-01 1.902138384461565801e+00
2.214855233726360506e-01 1.900412384899816898e+00
2.236400339676138660e-01 1.898655082130408900e+00
2.258155026632983065e-01 1.896868138183565033e+00
2.280121333305757114e-01 1.895050262714252920e+00
2.302301318234963867e-01 1.893201204861993281e+00
2.324697059985647851e-01 1.891318948524763233e+00
2.347310657342196183e-01 1.889402182673645125e+00
2.370144229505012079e-01 1.887451555928129965e+00
2.393199916289123208e-01 1.885463864882947815e+00
2.416479878324700736e-01 1.883443756489607823e+00
2.439986297259550130e-01 1.881391483412055310e+00
2.463721375963552895e-01 1.879302388197214624e+00
2.487687338735107279e-01 1.877175470377857591e+00
2.511886431509580686e-01 1.875011056277565702e+00
2.536320922069775774e-01 1.872809967628962680e+00
2.560993100258459609e-01 1.870571116460973515e+00
2.585905278192945911e-01 1.868296740984712212e+00
2.611059790481781162e-01 1.865985880349979364e+00
2.636458994443517945e-01 1.863631463812123412e+00
2.662105270327638773e-01 1.861231653481321802e+00
2.688001021537606006e-01 1.858793862436158406e+00
2.714148674856106669e-01 1.856319811852478630e+00
2.740550680672460548e-01 1.853804848937328886e+00
2.767209513212268712e-01 1.851242031876336958e+00
2.794127670769268601e-01 1.848635210429548925e+00
2.821307675939472293e-01 1.845992570339201500e+00
2.848752075857552413e-01 1.843299771049307978e+00
2.876463442435557849e-01 1.840560838320586035e+00
2.904444372603925406e-01 1.837774938136565117e+00
2.932697488554852905e-01 1.834949921173342435e+00
2.961225437988035947e-01 1.832077776790455914e+00
2.990030894358785551e-01 1.829157468144078758e+00
3.019116557128577738e-01 1.826187103595495520e+00
3.048485152018017286e-01 1.823170341291153740e+00
3.078139431262288950e-01 1.820104507282793271e+00
3.108082173869063936e-01 1.816987604357310992e+00
3.138316185878944342e-01 1.813821012662504728e+00
3.168844300628416155e-01 1.810602944307399431e+00
3.199669379015380732e-01 1.807334203935410111e+00
3.230794309767249795e-01 1.804010498863564571e+00
3.262222009711669979e-01 1.800640760763339232e+00
3.293955424049855307e-01 1.797217856934676172e+00
3.325997526632606949e-01 1.793734903290328253e+00
3.358351320238990301e-01 1.790198066863995408e+00
3.391019836857747105e-01 1.786607143505678286e+00
3.424006137971423724e-01 1.782962807955404516e+00
3.457313314843284413e-01 1.779262295734983734e+00
3.490944488806992929e-01 1.775503653861702835e+00
3.524902811559130766e-01 1.771686178160754244e+00
3.559191465454557002e-01 1.767810162152948283e+00
3.593813663804627523e-01 1.763876883956155384e+00
3.628772651178337472e-01 1.759883117149618759e+00
3.664071703706370808e-01 1.755833170370893370e+00
3.699714129388128048e-01 1.751718819818773865e+00
3.735703268401719401e-01 1.747545666396919550e+00
3.772042493416999376e-01 1.743309222506831846e+00
3.808735209911614517e-01 1.739013173983929184e+00
3.845784856490158665e-01 1.734650361259708617e+00
3.883194905206404091e-01 1.730224484624729220e+00
3.920968861888690649e-01 1.725739342777155683e+00
3.959110266468458539e-01 1.721187268655054670e+00
3.997622693312000708e-01 1.716572376657999888e+00
4.036509751555413805e-01 1.711889003314966740e+00
4.075775085442840395e-01 1.707139734900929184e+00
4.115422374667966343e-01 1.702326731537826321e+00
4.155455334718875515e-01 1.697445145621154783e+00
4.195877717226225712e-01 1.692499052864641307e+00
4.236693310314835759e-01 1.687484179915710536e+00
4.277905938958687093e-01 1.682398771903832690e+00
4.319519465339363706e-01 1.677243675302176440e+00
4.361537789208005944e-01 1.672024347491218865e+00
4.403964848250754294e-01 1.666736057315997721e+00
4.446804618457780300e-01 1.661373358005493683e+00
4.490061114495874639e-01 1.655944155930324957e+00
4.533738390084691150e-01 1.650443543607136077e+00
4.577840538376618529e-01 1.644872600709239796e+00
4.622371692340384031e-01 1.639229391511975331e+00
4.667336025148346446e-01 1.633514308660171999e+00
4.712737750567601580e-01 1.627733423450804739e+00
4.758581123354846953e-01 1.621871209467625752e+00
4.804870439655131720e-01 1.615947140860967801e+00
4.851610037404442966e-01 1.609947060457975532e+00
4.898804296736250508e-01 1.603871087826310937e+00
4.946457640391963562e-01 1.597727767227706597e+00
4.994574534135413635e-01 1.591508525605500379e+00
5.043159487171361421e-01 1.585218857454146590e+00
5.092217052568053237e-01 1.578854114928058383e+00
5.141751827683928022e-01 1.572421955156132700e+00
5.191768454598426619e-01 1.565912461825985424e+00
5.242271620547044320e-01 1.559325367562569564e+00
5.293266058360561743e-01 1.552675519813380589e+00
5.344756546908600026e-01 1.545949971917515597e+00
5.396747911547442600e-01 1.539155272794159535e+00
5.449245024572260121e-01 1.532278279141663591e+00
5.502252805673685243e-01 1.525332755844940325e+00
5.555776222398878250e-01 1.518322382639587520e+00
5.609820290617031358e-01 1.511234995102294532e+00
5.664390074989449353e-01 1.504072693929797477e+00
5.719490689444144405e-01 1.496844486303302135e+00
5.775127297655114900e-01 1.489545336479216608e+00
5.831305113526221717e-01 1.482175433544722587e+00
5.888029401679826247e-01 1.474732629485927093e+00
5.945305477950136863e-01 1.467222829771469339e+00
6.003138709881384871e-01 1.459642324311114736e+00
6.061534517230839914e-01 1.451996619878669792e+00
6.120498372476699256e-01 1.444278418521085738e+00
6.180035801330957534e-01 1.436496560859518379e+00
6.240152383257209223e-01 1.428645303792975829e+00
6.300853751993553686e-01 1.420728286277860297e+00
6.362145596080520660e-01 1.412748250428139674e+00
6.424033659394193796e-01 1.404697617831212719e+00
6.486523741684461219e-01 1.396596026092722820e+00
6.549621699118558515e-01 1.388414299547745756e+00
6.613333444829840868e-01 1.380180238747402477e+00
6.677664949471955325e-01 1.371884752707119626e+00
6.742622241778342129e-01 1.363526758418477813e+00
6.808211409127237213e-01 1.355111655771764845e+00
6.874438598112112553e-01 1.346632348630385501e+00
6.941310015117725385e-01 1.338103421520026259e+00
7.008831926901714082e-01 1.329511632188748571e+00
7.077010661181889484e-01 1.320868714770302432e+00
7.145852607229240538e-01 1.312172597941367203e+00
7.215364216466665370e-01 1.303419477231086976e+00
7.285552003073593186e-01 1.294618163866432026e+00
7.356422544596413760e-01 1.285765695212592208e+00
7.427982482564918776e-01 1.276863273401060761e+00
7.500238523114668432e-01 1.267914390956808024e+00
7.573197437615483141e-01 1.258919406318480538e+00
7.646866063305975958e-01 1.249875798303603069e+00
7.721251303934327792e-01 1.240796399223235813e+00
7.796360130405233235e-01 1.231669361354820635e+00
7.872199581433195759e-01 1.222503273209060382e+00
7.948776764202123424e-01 1.213298668918164402e+00
8.026098855031396084e-01 1.204055916993577391e+00
8.104173100048355227e-01 1.194778826197615107e+00
8.183006815867394090e-01 1.185465953299118969e+00
8.262607390275591435e-01 1.176123004623335744e+00
8.342982282925082149e-01 1.166747031958307090e+00
8.424139026032094746e-01 1.157341047137458112e+00
8.506085225082840040e-01 1.147908301766459971e+00
8.588828559546254349e-01 1.138453561394066504e+00
8.672376783593644944e-01 1.128972724911719183e+00
8.756737726825394308e-01 1.119467590562660764e+00
8.841919295004664336e-01 1.109942783095732244e+00
8.927929470798307010e-01 1.100405476007682237e+00
9.014776314524917122e-01 1.090846266339255077e+00
9.102467964910225806e-01 1.081272301422268933e+00
9.191012639849772681e-01 1.071686069706844657e+00
9.280418637179072006e-01 1.062089051703485110e+00
9.370694335451198453e-01 1.052483303496287936e+00
9.461848194722002336e-01 1.042871419601030025e+00
9.553888757342895444e-01 1.033255022235956000e+00
9.646824648761427312e-01 1.023631190559099569e+00
9.740664578329562007e-01 1.014005850997168334e+00
9.835417340119908536e-01 1.004385750343964601e+00
9.931091813749796104e-01 9.947653582112372384e-01
1.002769696521346621e+00 9.851499635492600992e-01
1.012524184772224167e+00 9.755392035905801063e-01
1.022373560255302127e+00 9.659380051640940046e-01
1.032318745990486564e+00 9.563446234935162327e-01
1.042360673976402197e+00 9.467662849471336628e-01
1.052500285277732761e+00 9.372021913839239105e-01
1.062738530113414459e+00 9.276507750982719847e-01
1.073076367945679621e+00 9.181191849754116729e-01
1.083514767569973225e+00 9.086035904527229867e-01
1.094054707205742494e+00 8.991132329547719682e-01
1.104697174588111785e+00 8.896449270206540083e-01
1.115443167060441221e+00 8.802006880614713369e-01
1.126293691667795249e+00 8.707815927809698930e-01
1.137249765251314271e+00 8.613952952896730686e-01
1.148312414543511073e+00 8.520346164847635295e-01
1.159482676264482759e+00 8.427102461030241409e-01
1.170761597219069250e+00 8.334156887208687969e-01
1.182150234394952371e+00 8.241582889519067923e-01
1.193649655061713055e+00 8.149369653625262444e-01
1.205260936870842681e+00 8.057536913028044978e-01
1.216985167956738056e+00 7.966125717625441860e-01
1.228823447038673411e+00 7.875117859930862441e-01
1.240776883523764251e+00 7.784531921271827803e-01
1.252846597610937529e+00 7.694410330024521461e-01
1.265033720395903893e+00 7.604740726481180602e-01
1.277339393977160009e+00 7.515547846110102181e-01
1.289764771563017165e+00 7.426891008507939818e-01
1.302311017579677488e+00 7.338611938982121385e-01
1.314979307780347773e+00 7.250979951842126958e-01
1.327770829355430449e+00 7.163835782806416974e-01
1.340686781043774811e+00 7.077210576715315948e-01
1.353728373245021821e+00 6.991161658949466284e-01
1.366896828133026487e+00 6.905657242429726894e-01
1.380193379770397355e+00 6.820756669225888080e-01
1.393619274224142002e+00 6.736426508578435834e-01
1.407175769682446731e+00 6.652691935954453406e-01
1.420864136572576708e+00 6.569592553724337147e-01
1.434685657679937831e+00 6.487063797735241888e-01
1.448641628268290127e+00 6.405195412991434578e-01
1.462733356201129986e+00 6.323980954517572917e-01
1.476962162064259898e+00 6.243369210498678212e-01
1.491329379289537682e+00 6.163433885422462399e-01
1.505836354279841416e+00 6.084148470357380045e-01
1.520484446535244283e+00 6.005524687481920143e-01
1.535275028780422657e+00 5.927623138514025447e-01
1.550209487093291205e+00 5.850347925739712851e-01
1.565289221034902312e+00 5.773772007889583779e-01
1.580515643780601165e+00 5.697898947962529714e-01
1.595890182252465817e+00 5.622718630026055653e-01
1.611414277253019778e+00 5.548249017636236458e-01
1.627089383600260675e+00 5.474477050802003530e-01
1.642916970263993193e+00 5.401423616589384746e-01
1.658898520503498064e+00 5.329067600549561856e-01
1.675035532006524441e+00 5.257438565291174815e-01
1.691329517029648732e+00 5.186534325345349972e-01
1.707782002539993016e+00 5.116380381909373387e-01
1.724394530358320354e+00 5.046920201757876256e-01
1.741168657303530987e+00 4.978172149510273203e-01
1.758105955338547632e+00 4.910170309947976541e-01
1.775208011717636092e+00 4.842932216134296364e-01
1.792476429135148930e+00 4.776397751358695820e-01
1.809912825875727105e+00 4.710584437115168388e-01
1.827518835965944666e+00 4.645509845290727302e-01
1.845296109327445366e+00 4.581160898851523444e-01
1.863246311931559873e+00 4.517563149672321754e-01
1.881371125955437096e+00 4.454690262977294979e-01
1.899672249939675650e+00 4.392553592337453683e-01
1.918151398947507635e+00 4.331122542806504216e-01
1.936810304725519849e+00 4.270412000873205494e-01
1.955650715865949074e+00 4.210461333067479495e-01
1.974674397970537454e+00 4.151219184622308433e-01
1.993883133816001019e+00 4.092697891165608670e-01
2.013278723521096492e+00 4.034876781645475585e-01
2.032862984715323673e+00 3.977783118445971655e-01
2.052637752709252084e+00 3.921405793378670568e-01
2.072604880666519822e+00 3.865740267339261016e-01
2.092766239777499759e+00 3.810775417350207306e-01
2.113123719434652603e+00 3.756497193098689014e-01
2.133679227409597701e+00 3.702941261484911650e-01
2.154434690031884259e+00 3.650058438248627857e-01
2.175392052369522489e+00 3.597870397526629627e-01
2.196553278411258248e+00 3.546375119729621717e-01
2.217920351250634692e+00 3.495551503689459105e-01
2.239495273271823184e+00 3.445399479206071591e-01
2.261280066337279404e+00 3.395925040765880309e-01
2.283276771977218012e+00 3.347109806390292652e-01
2.305487451580938707e+00 3.298966842690870260e-01
2.327914186589993051e+00 3.251465016906590066e-01
2.350559078693253756e+00 3.204618538052825816e-01
2.373424250023866033e+00 3.158409493500765053e-01
2.396511843358130278e+00 3.112847942366291365e-01
2.419824022316292567e+00 3.067915987720283844e-01
2.443362971565319341e+00 3.023605578669324445e-01
2.467130897023623426e+00 2.979921533295111225e-01
2.491130026067788439e+00 2.936844193084233168e-01
2.515362607741312928e+00 2.894384226636391721e-01
2.539830912965362675e+00 2.852528220497456135e-01
2.564537234751594674e+00 2.811271671557116214e-01
2.589483888417040802e+00 2.770573294156959965e-01
2.614673211801092023e+00 2.730494702679433505e-01
2.640107565484572927e+00 2.690981486584971827e-01
2.665789333010967876e+00 2.652033198770774036e-01
2.691720921109787668e+00 2.613661878082505496e-01
2.717904759922122881e+00 2.575828740911675352e-01
2.744343303228365283e+00 2.538573644625053971e-01
2.771039028678170535e+00 2.501843215730747971e-01
2.797994438022641805e+00 2.465666196437661661e-01
2.825212057348790218e+00 2.430016945095032632e-01
2.852694437316245057e+00 2.394872675462304257e-01
2.880444153396297668e+00 2.360281254262744932e-01
2.908463806113254169e+00 2.326188308890390077e-01
2.936756021288137397e+00 2.292597607972277629e-01
2.965323450284773621e+00 2.259504673061170643e-01
2.994168770258243573e+00 2.226911456985406212e-01
3.023294684405779531e+00 2.194807006034220631e-01
3.052703922220086241e+00 2.163184323510058127e-01
3.082399239745143404e+00 2.132028346992108081e-01
3.112383419834465759e+00 2.101341278248896605e-01
3.142659272411905569e+00 2.071121638979820379e-01
3.173229634734976212e+00 2.041355504974471935e-01
3.204097371660752813e+00 2.012034731596419324e-01
3.235265375914330388e+00 1.983164705442034270e-01
3.266736568359921655e+00 1.954720481292938905e-01
3.298513898274578082e+00 1.926709696113319825e-01
3.330600343624588788e+00 1.899118181449589160e-01
3.362998911344535991e+00 1.871966415381119964e-01
3.395712637619100693e+00 1.845214032242481761e-01
3.428744588167585317e+00 1.818854208640751646e-01
3.462097858531227423e+00 1.792905697729611225e-01
3.495775574363275240e+00 1.767352271843823930e-01
3.529780891721914671e+00 1.742198732087470170e-01
3.564116997366032269e+00 1.717412425292462463e-01
3.598787109053855460e+00 1.693005534068699747e-01
3.633794475844513094e+00 1.668967499438866187e-01
3.669142378402494131e+00 1.645301979577652451e-01
3.704834129305105694e+00 1.622002891188938367e-01
3.740873073352900313e+00 1.599047935898841588e-01
3.777262587883141176e+00 1.576446810566654866e-01
3.814006083086284082e+00 1.554182599004114984e-01
3.851107002325572903e+00 1.532261414179855452e-01
3.888568822459721019e+00 1.510682325515948499e-01
3.926395054168756449e+00 1.489426886821140217e-01
3.964589242282997805e+00 1.468489493336453677e-01
4.003154966115265445e+00 1.447869259390934249e-01
4.042095839796306045e+00 1.427569265952503830e-01
4.081415512613501662e+00 1.407577907006104523e-01
4.121117669352832635e+00 1.387886426131885453e-01
4.161206030644208020e+00 1.368492832820600025e-01
4.201684353310133346e+00 1.349394302686540426e-01
4.242556430717777438e+00 1.330587023878411213e-01
4.283826093134470270e+00 1.312061537698586411e-01
4.325497208086633627e+00 1.293815674291085849e-01
4.367573680722233398e+00 1.275848451687711660e-01
4.410059454176736615e+00 1.258151530726964451e-01
4.452958509942654963e+00 1.240720684152174097e-01
4.496274868242640110e+00 1.223550167213338230e-01
4.540012588406244554e+00 1.206643611252014858e-01
4.584175769250333765e+00 1.189986442040588538e-01
4.628768549463215365e+00 1.173582420678358079e-01
4.673795107992464004e+00 1.157420301179385436e-01
4.719259664436561863e+00 1.141502732051002389e-01
4.765166479440326341e+00 1.125824099670798412e-01
4.811519855094205766e+00 1.110376877356929887e-01
4.858324135337417360e+00 1.095162097477947322e-01
4.905583706365050922e+00 1.080172020999383420e-01
4.953302997039108924e+00 1.065403809443617594e-01
5.001486479303548727e+00 1.050860710473138643e-01
5.050138668603383785e+00 1.036531277400245948e-01
5.099264124307808288e+00 1.022405476881032838e-01
5.148867450137498025e+00 1.008498308646066516e-01
5.198953294596024399e+00 9.947917439049325239e-02
5.249526351405507718e+00 9.812887544439712062e-02
5.300591359946452030e+00 9.679807390678903112e-02
5.352153105701904501e+00 9.548697867458212640e-02
5.404216420705915347e+00 9.419561093355946491e-02
5.456786183996381823e+00 9.292235374058768760e-02
5.509867322072253160e+00 9.166827694381890490e-02
5.563464809355226137e+00 9.043202233167976778e-02
5.617583668655908191e+00 8.921362372303325017e-02
5.672228971644543094e+00 8.801373121464352300e-02
5.727405839326266346e+00 8.683039457913788173e-02
5.783119442521027054e+00 8.566456134435132541e-02
5.839375002348160315e+00 8.451528885453793438e-02
5.896177790715694478e+00 8.338262711280737538e-02
5.953533130814370189e+00 8.226658229944450174e-02
6.011446397616513337e+00 8.116622822730311382e-02
6.069923018379741464e+00 8.008144876061455697e-02
6.128968473155564034e+00 7.901238041813178625e-02
6.188588295302960063e+00 7.795866320915134651e-02
6.248788072006894012e+00 7.691968228921859663e-02
6.309573444801936049e+00 7.589569170136759024e-02
6.370950110100935149e+00 7.488612391405968793e-02
6.432923819728876502e+00 7.389045102066857384e-02
6.495500381461869033e+00 7.290907139376776036e-02
6.558685659571435345e+00 7.194165135349803175e-02
6.622485575374063238e+00 7.098795697766857593e-02
6.686906107786136921e+00 7.004715978568676338e-02
6.751953293884205287e+00 6.911949227751625069e-02
6.817633229470763112e+00 6.820501054396101159e-02
6.883952069645496330e+00 6.730351925420360870e-02
6.950916029382126382e+00 6.641407021534688482e-02
7.018531384110795912e+00 6.553703122016832361e-02
7.086804470306189430e+00 6.467203320361140928e-02
7.155741686081340980e+00 6.381900369834693498e-02
7.225349491787214085e+00 6.297804140793596128e-02
7.295634410618154320e+00 6.214827752617067130e-02
7.366603029223159460e+00 6.133000549662156325e-02
7.438261998323163482e+00 6.052256897609255282e-02
7.510618033334286459e+00 5.972641876259379701e-02
7.583677914997190683e+00 5.894131429574852449e-02
7.657448490012479958e+00 5.816072148641830697e-02
7.731936671682362316e+00 5.740231985638825224e-02
7.807149440558499798e+00 5.664833770587426182e-02
7.883093845096216690e+00 5.590462864906053236e-02
7.959777002314985417e+00 5.517098515372687029e-02
8.037206098465421888e+00 5.444706300878893873e-02
8.115388389702712146e+00 5.373283408296657127e-02
8.194331202766655053e+00 5.302813273711862174e-02
8.274041935668218883e+00 5.233271625595359994e-02
8.354528058382872047e+00 5.164671478023467183e-02
8.435797113550611570e+00 5.096968912921648331e-02
8.517856717182803905e+00 5.030175331120807780e-02
8.600714559375941093e+00 4.964235258690646857e-02
8.684378405032257220e+00 4.899189728490939422e-02
8.768856094587436090e+00 4.834975925818635334e-02
8.854155544745349715e+00 4.771630482970177362e-02
8.940284749219998162e+00 4.709086885166819531e-02
9.027251779484577909e+00 4.647377437501116343e-02
9.115064785527916769e+00 4.586459481289700824e-02
9.203731996618220279e+00 4.526346805941029727e-02
9.293261722074316111e+00 4.466996012655170128e-02
9.383662352044273902e+00 4.408316658495310680e-02
9.474942358291729150e+00 4.350594571896350404e-02
9.567110294989774388e+00 4.293527753032325839e-02
9.660174799522645017e+00 4.237184139246311793e-02
9.754144593295098531e+00 4.181570576139674589e-02
9.849028482549766039e+00 4.126642002424415340e-02
9.944835359192397917e+00 4.072440503090900277e-02
1.004157420162519543e+01 4.018924304651866342e-02
1.013925407558815373e+01 3.966080296938838401e-02
1.023788413500867378e+01 3.913919872484110385e-02
1.033747362285940774e+01 3.862397520774977361e-02
1.043803187202444072e+01 3.811557819819369475e-02
1.053956830617394580e+01 3.761328318884839955e-02
1.064209244064724658e+01 3.711756816127451120e-02
1.074561388334458023e+01 3.662791319854757227e-02
1.085014233562746178e+01 3.614433017291880657e-02
1.095568759322787855e+01 3.566711631915048253e-02
1.106225954716621906e+01 3.519555294693560432e-02
1.116986818467823817e+01 3.472997698263918798e-02
1.127852359015096795e+01 3.427013299071639263e-02
1.138823594606782130e+01 3.381598520100456001e-02
1.149901553396274245e+01 3.336764983708764148e-02
1.161087273538378994e+01 3.292478326481768081e-02
1.172381803286598512e+01 3.248722378795348281e-02
1.183786201091373513e+01 3.205520338017782411e-02
1.195301535699265827e+01 3.162852856859680456e-02
1.206928886253119870e+01 3.120705716384190517e-02
1.218669342393191712e+01 3.079073722696738444e-02
1.230524004359261525e+01 3.037959172863380353e-02
1.242493983093746479e+01 2.997333037595697330e-02
1.254580400345803248e+01 2.957215910781381060e-02
1.266784388776455827e+01 2.917597139813677895e-02
1.279107092064739781e+01 2.878444117115276993e-02
1.291549665014884063e+01 2.839761978279701365e-02
1.304113273664525430e+01 2.801551672430334025e-02
1.316799095393986185e+01 2.763824994002374302e-02
1.329608319036608854e+01 2.726534672925269923e-02
1.342542144990170527e+01 2.689709402817473671e-02
1.355601785329368880e+01 2.653316319978373319e-02
1.368788463919415221e+01 2.617377065560802171e-02
1.382103416530724438e+01 2.581866730115413983e-02
1.395547890954729020e+01 2.546780546686252047e-02
1.409123147120805619e+01 2.512116244571821130e-02
1.422830457214353395e+01 2.477866839407419364e-02
1.436671105796013137e+01 2.444031449777514867e-02
1.450646389922046886e+01 2.410602136723805772e-02
1.464757619265895272e+01 2.377576968293768425e-02
1.479006116240903168e+01 2.344934780906263866e-02
1.493393216124253264e+01 2.312692062515529778e-02
1.507920267182097263e+01 2.280836786092221499e-02
1.522588630795911513e+01 2.249358838933889979e-02
1.537399681590069456e+01 2.218258410446390799e-02
1.552354807560667105e+01 2.187522623288293624e-02
1.567455410205595001e+01 2.157159662644693096e-02
1.582702904655883280e+01 2.127163684807356625e-02
1.598098719808309376e+01 2.097513054059866114e-02
1.613644298459311699e+01 2.068223351334265436e-02
1.629341097440194730e+01 2.039273317554006135e-02
1.645190587753662470e+01 2.010674607797406296e-02
1.661194254711659113e+01 1.982415025533055750e-02
1.677353598074571295e+01 1.954491213045100526e-02
1.693670132191772026e+01 1.926897344690495228e-02
1.710145386143542012e+01 1.899633706783889972e-02
1.726780903884355922e+01 1.872693743689444676e-02
1.743578244387577669e+01 1.846073668241205237e-02
1.760538981791556523e+01 1.819766534763514118e-02
1.777664705547142532e+01 1.793776923885729777e-02
1.794957020566648254e+01 1.768090772191399998e-02
1.812417547374237614e+01 1.742712261009565430e-02
1.830047922257800863e+01 1.717639664578191061e-02
1.847849797422290763e+01 1.692858674793898399e-02
1.865824841144566193e+01 1.668374320190979879e-02
1.883974737929719367e+01 1.644178481394961006e-02
1.902301188668945642e+01 1.620275557357206409e-02
1.920805910798935301e+01 1.596653749281781720e-02
1.939490638462828542e+01 1.573311987096025558e-02
1.958357122672716955e+01 1.550256331994700337e-02
1.977407131473744428e+01 1.527466986588255776e-02
1.996642450109793288e+01 1.504956826873681507e-02
2.016064881190793656e+01 1.482704674402659205e-02
2.035676244861640072e+01 1.460719917213131221e-02
2.055478378972772546e+01 1.439005492655020223e-02
2.075473139252405730e+01 1.417547675754471902e-02
2.095662399480432825e+01 1.396346825397171663e-02
2.116048051664034446e+01 1.375399592686934493e-02
2.136632006214970403e+01 1.354703978560958810e-02
2.157416192128621546e+01 1.334258951444743449e-02
2.178402557164756459e+01 1.314052475911498853e-02
2.199593068030074861e+01 1.294095247736701780e-02
2.220989710562497521e+01 1.274377718109285032e-02
2.242594489917278011e+01 1.254897964560305022e-02
2.264409430754907504e+01 1.235653175886987712e-02
2.286436577430861306e+01 1.216640788595289499e-02
2.308677994187169702e+01 1.197837138996366013e-02
2.331135765345874944e+01 1.179305338625038363e-02
2.353811995504354471e+01 1.160982217045222059e-02
2.376708809732560823e+01 1.142875400326428918e-02
2.399828353772154799e+01 1.124991338349195028e-02
2.423172794237600769e+01 1.107325972359359152e-02
2.446744318819203201e+01 1.089876377203947456e-02
2.470545136488123816e+01 1.072642705556699043e-02
2.494577477703398571e+01 1.055618421121854930e-02
2.518843594620949489e+01 1.038804782534451764e-02
2.543345761304651020e+01 1.022200751776297135e-02
2.568086273939435316e+01 1.005798260369691714e-02
2.593067451046487548e+01 9.896005438874984350e-03
2.618291633700505372e+01 9.736043074443043524e-03
2.643761185749101372e+01 9.578072782550864361e-03
2.669478494034320804e+01 9.422055979513167118e-03
2.695445968616333587e+01 9.268036854604998209e-03
2.721666042999271795e+01 9.115876753555782197e-03
2.748141174359293259e+01 8.965679068890385420e-03
2.774873843774846804e+01 8.817364284502762772e-03
2.801866556459195223e+01 8.671007640135869332e-03
2.829121841995168651e+01 8.526338804922520623e-03
2.856642254572233952e+01 8.383588334414627044e-03
2.884430373225852051e+01 8.242663808097764819e-03
2.912488802079168337e+01 8.103523315282747455e-03
2.940820170587063842e+01 7.966170614220806009e-03
2.969427133782552986e+01 7.830615457585723624e-03
2.998312372525609959e+01 7.696751791859243914e-03
3.027478593754393543e+01 7.564535694794082346e-03
3.056928530738937155e+01 7.434246928378821125e-03
3.086664943337274636e+01 7.305550490091274919e-03
3.116690618254088463e+01 7.178524753318061939e-03
3.147008369301855879e+01 7.053175091706665768e-03
3.177621037664554038e+01 6.929483155310652530e-03
3.208531492163897525e+01 6.807395596213383290e-03
3.239742629528198847e+01 6.686947003802604442e-03
3.271257374663825601e+01 6.568083133423117774e-03
3.303078680929315425e+01 6.450827436137877673e-03
3.335209530412127066e+01 6.335074472397743753e-03
3.367652934208116022e+01 6.220921223417919498e-03
3.400411932703705986e+01 6.108318459911501845e-03
3.433489595860830690e+01 5.997231305166557391e-03
3.466889023504609213e+01 5.887639028582318870e-03
3.500613345613854221e+01 5.779560601738863157e-03
3.534665722614391115e+01 5.672941773018947385e-03
3.569049345675229290e+01 5.567803319361826556e-03
3.603767437007633134e+01 5.464076380861266138e-03
3.638823250167062184e+01 5.361839353090796373e-03
3.674220070358090595e+01 5.261026444423833048e-03
3.709961214742267543e+01 5.161570058882286073e-03
3.746050032748993175e+01 5.063542821466283754e-03
3.782489906389385936e+01 4.966901865424503022e-03
3.819284250573236505e+01 4.871613992107524937e-03
3.856436513429023449e+01 4.777771360336731041e-03
3.893950176627063087e+01 4.685105635874948354e-03
3.931828755705770106e+01 4.593845049721438818e-03
3.970075800401124155e+01 4.503909727894778690e-03
4.008694894979318946e+01 4.415252900533298691e-03
4.047689658572676308e+01 4.327955078778735788e-03
4.087063745518780422e+01 4.241857691034129144e-03
4.126820845702955864e+01 4.157034742447434685e-03
4.166964684904057492e+01 4.073482027986692622e-03
4.207499025143619065e+01 3.991155998324182573e-03
4.248427665038425260e+01 3.910066745073658388e-03
4.289754440156466586e+01 3.830197733787091881e-03
4.331483223376402947e+01 3.751518828628540476e-03
4.373617925250492533e+01 3.674056944822845592e-03
4.416162494371084790e+01 3.597732668515001789e-03
4.459120917740628443e+01 3.522619036701267730e-03
4.502497221145327444e+01 3.448643115656149522e-03
4.546295469532399380e+01 3.375813539541760739e-03
4.590519767391037220e+01 3.304118502331070389e-03
4.635174259137027519e+01 3.233499933691123904e-03
4.680263129501155817e+01 3.164054475825064591e-03
4.725790603921362276e+01 3.095687248455691962e-03
4.771760948938745628e+01 3.028404285598986900e-03
4.818178472597362827e+01 2.962194465182498015e-03
4.865047524847972937e+01 2.897047017920364662e-03
4.912372497955678341e+01 2.832951322446110830e-03
4.960157826911540724e+01 2.769901472278529179e-03
5.008407989848212338e+01 2.707878055689621685e-03
5.057127508459573306e+01 2.646877495993448740e-03
5.106320948424492911e+01 2.586889506859626521e-03
5.155992919834686461e+01 2.527896332123631511e-03
5.206148077626762216e+01 2.469888881101422670e-03
5.256791122018424289e+01 2.412867217632056870e-03
5.307926798948964375e+01 2.356805093750873829e-03
5.359559900524011766e+01 2.301691604070522142e-03
5.411695265464637572e+01 2.247544024686119659e-03
5.464337779560780461e+01 2.194307361367713906e-03
5.517492376129128928e+01 2.142012715239471812e-03
5.571164036475430237e+01 2.090637386690932104e-03
5.625357790361330501e+01 2.040163454865034313e-03
5.680078716475694733e+01 1.990560477607291549e-03
5.735331942910571712e+01 1.941875308720898913e-03
5.791122647641758192e+01 1.894045480100187921e-03
5.847456059014062646e+01 1.847066711051683968e-03
5.904337456231242243e+01 1.800977545355250155e-03
5.961772169850755887e+01 1.755704586378055779e-03
6.019765582283304184e+01 1.711296501876349244e-03
6.078323128297230227e+01 1.667732824152244392e-03
6.137450295527852973e+01 1.624881970879551345e-03
6.197152624991698389e+01 1.582885873222237378e-03
6.257435711605789663e+01 1.541694953777153097e-03
6.318305204711957401e+01 1.501300495394328758e-03
6.379766808606282069e+01 1.461671359913047172e-03
6.441826283073628190e+01 1.422799283282344613e-03
6.504489443927437264e+01 1.384711934510658151e-03
6.567762163554736787e+01 1.347350309719827239e-03
6.631650371466487570e+01 1.310726366147380332e-03
6.696160054853221766e+01 1.274844957731081961e-03
6.761297259146149941e+01 1.239675203693863404e-03
6.827068088583682481e+01 1.205214142809728477e-03
6.893478706783510290e+01 1.171464989450514025e-03
6.960535337320180815e+01 1.138400168993867643e-03
7.028244264308352740e+01 1.106018542944095561e-03
7.096611832991698066e+01 1.074311785060703397e-03
7.165644450337531168e+01 1.043270246345666960e-03
7.235348585637258623e+01 1.012888013552566821e-03
7.305730771112592947e+01 9.831557865107663340e-04
7.376797602527737752e+01 9.540542102568422885e-04
7.448555739807494547e+01 9.255852824582897582e-04
7.521011907661404905e+01 8.977393225236444474e-04
7.594172896213913759e+01 8.705038102657688785e-04
7.668045561640717267e+01 8.438725759692200859e-04
7.742636826811269657e+01 8.178431490376389564e-04
7.817953681937576960e+01 7.923957297180472641e-04
7.894003185229233566e+01 7.675272083279750411e-04
7.970792463554894880e+01 7.432278099774240580e-04
8.048328713110151966e+01 7.194839143946986674e-04
8.126619200091946027e+01 6.963014740724832825e-04
8.205671261379453085e+01 6.736663125989150258e-04
8.285492305221690401e+01 6.515633585215819656e-04
8.366089811931756515e+01 6.299862543005268394e-04
8.447471334587828551e+01 6.089328421762923169e-04
8.529644499741024788e+01 5.883940014716894200e-04
8.612617008130067120e+01 5.683553150107059854e-04
8.696396635402970787e+01 5.488135627392297725e-04
8.780991232845718741e+01 5.297598132538487931e-04
8.866408728118061333e+01 5.111872276211157189e-04
8.952657125996400111e+01 4.930884470701836410e-04
9.039744509123974581e+01 4.754498929496233902e-04
9.127679038768296493e+01 4.582716110272465446e-04
9.216468955586012157e+01 4.415477735207427173e-04
9.306122580395103228e+01 4.252579726678556125e-04
9.396648314954700254e+01 4.094067428546657099e-04
9.488054642752423717e+01 3.939792011503589326e-04
9.580350129799435877e+01 3.789720304499044146e-04
9.673543425433136633e+01 3.643768979785451151e-04
9.767643263127766318e+01 3.501879301251429894e-04
9.862658461312820180e+01 3.363906843402471726e-04
9.958597924199507645e+01 3.229894696825810567e-04
1.005547064261513555e+02 3.099676360533208208e-04
1.015328569484565975e+02 2.973211825291260046e-04
1.025205224748657002e+02 2.850428693465772013e-04
1.035177955630176285e+02 2.731281460794778644e-04
1.045247696709102172e+02 2.615669513181091634e-04
1.055415391656582784e+02 2.503546631388628278e-04
1.065681993323370733e+02 2.394805548142500749e-04
1.076048463829117878e+02 2.289438711913394260e-04
1.086515774652539505e+02 2.187336485881212337e-04
1.097084906722451905e+02 2.088386392945510892e-04
1.107756850509708642e+02 1.992735013438927253e-04
1.118532606120007102e+02 1.899948027138313018e-04
1.129413183387621018e+02 1.810243415725172123e-04
1.140399601970033103e+02 1.723475843540449922e-04
1.151492891443491402e+02 1.639599502685345220e-04
1.162694091399494027e+02 1.558530482309881460e-04
1.174004251542213098e+02 1.480193054884491194e-04
1.185424431786863977e+02 1.404597811338931148e-04
1.196955702359042846e+02 1.331607748383570019e-04
1.208599143895007444e+02 1.261148916715907633e-04
1.220355847542956980e+02 1.193185591083273969e-04
1.232226915065284345e+02 1.127669774680803509e-04
1.244213458941827213e+02 1.064519433810451852e-04
1.256316602474121424e+02 1.003733022642837888e-04
1.268537479890670454e+02 9.451660575603848405e-05
1.280877236453237629e+02 8.887947638752801837e-05
1.293337028564169486e+02 8.345585535002192378e-05
1.305918023874777987e+02 7.824039614238569593e-05
1.318621401394748602e+02 7.322396998036112797e-05
1.331448351602640230e+02 6.840311249843171503e-05
1.344400076557447221e+02 6.376991627088137154e-05
1.357477790011246839e+02 5.932055596837595258e-05
1.370682717522946348e+02 5.504584931752791324e-05
1.384016096573132870e+02 5.094021557019275603e-05
1.397479176680040780e+02 4.699595014343043884e-05
1.411073219516657957e+02 4.320673523407795810e-05
1.424799499028946457e+02 3.956358214618566153e-05
1.438659301555238414e+02 3.605846200388272091e-05
1.452653925946781328e+02 3.268131740910134317e-05
1.466784683689457722e+02 2.942030961388280677e-05
1.481052899026690000e+02 2.626226493473414819e-05
1.495459909083537866e+02 2.318945765820280594e-05
1.510007063992007659e+02 2.017802865306966533e-05
1.524695727017573006e+02 1.719275403201304099e-05
1.539527274686944622e+02 1.417549187601536922e-05
1.554503096917050300e+02 1.101258751409854767e-05
1.569624597145302403e+02 7.404571453375465042e-06
1.584893192461114211e+02 0.000000000000000000e+00
