1.000000000000000021e-02 1.871977001003320540e+00
1.009727545900835841e-02 1.871973078818673031e+00
1.019549716950923779e-02 1.871969076738588145e+00
1.029467433620748044e-02 1.871964003627866191e+00
1.039481625334708927e-02 1.871959733892361033e+00
1.049593230558227772e-02 1.871955414884261204e+00
1.059803196885688789e-02 1.871951014567705407e+00
1.070112481129246833e-02 1.871946516839419816e+00
1.080522049408488318e-02 1.871941951066586451e+00
1.091032877240974419e-02 1.871937318702672215e+00
1.101645949633656314e-02 1.871933606362515379e+00
1.112362261175187626e-02 1.871928806510694931e+00
1.123182816129126085e-02 1.871923917533029558e+00
1.134108628528052165e-02 1.871919894639778148e+00
1.145140722268592030e-02 1.871914817569058531e+00
1.156280131207376022e-02 1.871908621329076761e+00
1.167527899257919492e-02 1.871903290494431937e+00
1.178885080488457221e-02 1.871897825764662571e+00
1.190352739220719262e-02 1.871891094232913666e+00
1.201931950129673729e-02 1.871885588767635111e+00
1.213623798344241195e-02 1.871879784332251440e+00
1.225429379548980714e-02 1.871873929202790166e+00
1.237349800086776086e-02 1.871868187064749334e+00
1.249386177062509519e-02 1.871862650682342588e+00
1.261539638447754796e-02 1.871856205044652777e+00
1.273811323186478488e-02 1.871849526138963604e+00
1.286202381301779218e-02 1.871843889243359982e+00
1.298713974003655978e-02 1.871837404449006037e+00
1.311347273797833224e-02 1.871830858026556577e+00
1.324103464595636874e-02 1.871824018381131660e+00
1.336983741824946531e-02 1.871817015181741928e+00
1.349989312542219239e-02 1.871809323884998877e+00
1.363121395545611320e-02 1.871802009117321530e+00
1.376381221489191876e-02 1.871794518343606661e+00
1.389770032998276401e-02 1.871786877817637640e+00
1.403289084785873213e-02 1.871779086979899143e+00
1.416939643770268736e-02 1.871771160432654124e+00
1.430722989193757184e-02 1.871763102593909656e+00
1.444640412742520530e-02 1.871754932873989308e+00
1.458693218667675602e-02 1.871758520090790023e+00
1.472882723907502529e-02 1.871738273932052721e+00
1.487210258210860774e-02 1.871730004623997745e+00
1.501677164261799868e-02 1.871721251963077259e+00
1.516284797805393485e-02 1.871712202974401329e+00
1.531034527774784160e-02 1.871703171254859743e+00
1.545927736419477720e-02 1.871693936753324738e+00
1.560965819434872483e-02 1.871684540320669443e+00
1.576150186093060873e-02 1.871674819551546909e+00
1.591482259374891323e-02 1.871665009925835621e+00
1.606963476103326349e-02 1.871655143082044948e+00
1.622595287078087284e-02 1.871644950301221355e+00
1.638379157211618947e-02 1.871634596669306871e+00
1.654316565666366645e-02 1.871624078477847508e+00
1.670409005993399310e-02 1.871613270177142185e+00
1.686657986272368723e-02 1.871602609431328279e+00
1.703065029252844378e-02 1.871591467500781647e+00
1.719631672497009753e-02 1.871579646019546406e+00
1.736359468523754335e-02 1.871568064842920931e+00
1.753249984954170088e-02 1.871556645667112218e+00
1.770304804658450262e-02 1.871544398745569548e+00
1.787525525904235316e-02 1.871531858656382497e+00
1.804913762506383731e-02 1.871519070337824386e+00
1.822471143978214581e-02 1.871506532951782820e+00
1.840199315684210371e-02 1.871493331363854873e+00
1.858099938994215231e-02 1.871479837063770857e+00
1.876174691439120440e-02 1.871466020171628664e+00
1.894425266868081034e-02 1.871451973964399107e+00
1.912853375607242307e-02 1.871437612304231113e+00
1.931460744620030340e-02 1.871422983029228382e+00
1.950249117668984011e-02 1.871408062052962729e+00
1.969220255479172538e-02 1.871392840200689633e+00
1.988375935903200636e-02 1.871377234782223509e+00
2.007717954087816226e-02 1.871359039089814491e+00
2.027248122642137662e-02 1.871342583387588521e+00
2.046968271807520987e-02 1.871326494496647674e+00
2.066880249629082095e-02 1.871309579781444521e+00
2.086985922128879734e-02 1.871292320052115876e+00
2.107287173480786382e-02 1.871273920669016766e+00
2.127785906187062287e-02 1.871255954386589426e+00
2.148484041256648255e-02 1.871240822674272275e+00
2.169383518385184506e-02 1.871222354441129276e+00
2.190486296136792688e-02 1.871204581052291482e+00
2.211794352127614133e-02 1.871185490345200320e+00
2.233309683211144592e-02 1.871165893555720938e+00
2.255034305665360936e-02 1.871146025327636631e+00
2.276970255381680075e-02 1.871125706910622855e+00
2.299119588055741764e-02 1.871104925869752744e+00
2.321484379380064564e-02 1.871083675544664704e+00
2.344066725238556220e-02 1.871061983165418940e+00
2.366868741902936057e-02 1.871039968831141653e+00
2.389892566231050300e-02 1.871018965094432218e+00
2.413140355867127856e-02 1.870995120018489555e+00
2.436614289443983158e-02 1.870971810665021939e+00
2.460316566787181664e-02 1.870946500699414816e+00
2.484249409121190577e-02 1.870922978259018432e+00
2.508415059277539771e-02 1.870898918397219779e+00
2.532815781905008515e-02 1.870874050766303087e+00
2.557453863681850847e-02 1.870848422779268327e+00
2.582331613530085626e-02 1.870822319871001671e+00
2.607451362831877603e-02 1.870795727042617429e+00
2.632815465648021339e-02 1.870768640265253024e+00
2.658426298938541474e-02 1.870743152118941266e+00
2.684286262785454819e-02 1.870715021847400461e+00
2.710397780617682106e-02 1.870686642170921399e+00
2.736763299438163891e-02 1.870657610996298015e+00
2.763385290053169824e-02 1.870627871157735767e+00
2.790266247303856487e-02 1.870597217300281834e+00
2.817408690300057458e-02 1.870566129602225125e+00
2.844815162656363222e-02 1.870534511054827043e+00
2.872488232730495070e-02 1.870502243356249483e+00
2.900430493863991738e-02 1.870469311963313119e+00
2.928644564625237229e-02 1.870435756456457099e+00
2.957133089054861039e-02 1.870401302540932287e+00
2.985898736913520854e-02 1.870366257742188898e+00
3.014944203932094433e-02 1.870330504983055420e+00
3.044272212064302874e-02 1.870293941602468202e+00
3.073885509741795460e-02 1.870256507305696925e+00
3.103786872131722788e-02 1.870218213107565752e+00
3.133979101396793671e-02 1.870177874502122917e+00
3.164465026957891114e-02 1.870138424072189220e+00
3.195247505759213347e-02 1.870098681083873116e+00
3.226329422536015901e-02 1.870058013277059450e+00
3.257713690084949876e-02 1.870016630433677829e+00
3.289403249537032475e-02 1.869973814244818344e+00
3.321401070633261954e-02 1.869930251337977634e+00
3.353710152002930406e-02 1.869886011647353685e+00
3.386333521444636480e-02 1.869840783109987248e+00
3.419274236210027851e-02 1.869794599353307163e+00
3.452535383290306070e-02 1.869746026068712652e+00
3.486120079705520153e-02 1.869697997022162994e+00
3.520031472796678745e-02 1.869649093816207142e+00
3.554272740520694751e-02 1.869599396505675637e+00
3.588847091748199186e-02 1.869548889430636684e+00
3.623757766564258964e-02 1.869498440104317760e+00
3.659008036572020811e-02 1.869446316010050957e+00
3.694601205199302130e-02 1.869393277217969995e+00
3.730540608008161424e-02 1.869338611108880999e+00
3.766829613007490613e-02 1.869285905433359263e+00
3.803471620968648659e-02 1.869229535255658492e+00
3.840470065744145539e-02 1.869171918772346563e+00
3.877828414589457040e-02 1.869112573859553095e+00
3.915550168487941241e-02 1.869052836227232284e+00
3.953638862478930927e-02 1.868991570468598873e+00
3.992098065989020672e-02 1.868929354465839410e+00
4.030931383166566628e-02 1.868865709321035906e+00
4.070142453219438572e-02 1.868800772660902387e+00
4.109734950756069316e-02 1.868734225806220062e+00
4.149712586129815362e-02 1.868666717900613561e+00
4.190079105786669034e-02 1.868596404292043323e+00
4.230838292616342228e-02 1.868531078761196840e+00
4.271993966306778662e-02 1.868458470911710245e+00
4.313549983702118923e-02 1.868386662765373796e+00
4.355510239164130798e-02 1.868311610070864992e+00
4.397878664937160398e-02 1.868234317489696927e+00
4.440659231516640160e-02 1.868156722298171646e+00
4.483855948021186338e-02 1.868077624517840096e+00
4.527472862568297785e-02 1.867998743935703754e+00
4.571514062653719151e-02 1.867915830512056452e+00
4.615983675534499064e-02 1.867832845227574090e+00
4.660885868615767536e-02 1.867747999065482167e+00
4.706224849841281199e-02 1.867661368986650361e+00
4.752004868087766204e-02 1.867573726298940473e+00
4.798230213563085128e-02 1.867483917663091075e+00
4.844905218208294534e-02 1.867393107127951701e+00
4.892034256103611894e-02 1.867300358675006544e+00
4.939621743878321036e-02 1.867203423234611970e+00
4.987672141124663283e-02 1.867105974578699090e+00
5.036189950815770505e-02 1.867006386230112058e+00
5.085179719727656034e-02 1.866905075698382710e+00
5.134646038865306461e-02 1.866804447546691392e+00
5.184593543892913187e-02 1.866698431722142448e+00
5.235026915568305461e-02 1.866590496332509286e+00
5.285950880181603667e-02 1.866480503202593066e+00
5.337370209998133774e-02 1.866368325232554470e+00
5.389289723705643909e-02 1.866255656547884723e+00
5.441714286865893119e-02 1.866139138658427843e+00
5.494648812370611646e-02 1.866021558293827987e+00
5.548098260901916656e-02 1.865901848376886774e+00
5.602067641397187603e-02 1.865779136906432933e+00
5.656562011518465050e-02 1.865654334300778761e+00
5.711586478126431943e-02 1.865528393932387674e+00
5.767146197758996756e-02 1.865397662205613871e+00
5.823246377114527778e-02 1.865265919228451308e+00
5.879892273539785025e-02 1.865131305314493115e+00
5.937089195522609469e-02 1.864994022601392132e+00
5.994842503189409116e-02 1.864853766930945289e+00
6.053157608807464840e-02 1.864710439335923287e+00
6.112039977292132997e-02 1.864564948698799629e+00
6.171495126718981594e-02 1.864416070600138475e+00
6.231528628840921763e-02 1.864264765342051433e+00
6.292146109610344262e-02 1.864110138206125811e+00
6.353353249706343575e-02 1.863952326817027938e+00
6.415155785067082339e-02 1.863791738888229910e+00
6.477559507427335661e-02 1.863628278273314010e+00
6.540570264861225724e-02 1.863460433698904906e+00
6.604193962330305590e-02 1.863291344264133675e+00
6.668436562236895737e-02 1.863119926172616569e+00
6.733304084982863480e-02 1.862943484405868988e+00
6.798802609533814711e-02 1.862763878096946879e+00
6.864938273988777095e-02 1.862581042147876342e+00
6.931717276155408003e-02 1.862393980806248850e+00
6.999145874130821565e-02 1.862202749941941793e+00
7.067230386888070925e-02 1.862008426550264995e+00
7.135977194868306506e-02 1.861811697740033633e+00
7.205392740578704658e-02 1.861608631545524917e+00
7.275483529196229149e-02 1.861402655770386660e+00
7.346256129177256011e-02 1.861194095411814242e+00
7.417717172873124210e-02 1.860978401899247681e+00
7.489873357151664857e-02 1.860760954875694928e+00
7.562731444024800576e-02 1.860538397435986591e+00
7.636298261282241373e-02 1.860311447277176455e+00
7.710580703131336699e-02 1.860080221340242090e+00
7.785585730843146146e-02 1.859844320966624442e+00
7.861320373404813433e-02 1.859603617399679942e+00
7.937791728178281159e-02 1.859359097157407437e+00
8.015006961565404597e-02 1.859109767868597274e+00
8.092973309679550586e-02 1.858858550285364064e+00
8.171698079023696770e-02 1.858597671760922720e+00
8.251188647175167201e-02 1.858334516807118142e+00
8.331452463477014014e-02 1.858065706354161462e+00
8.412497049736118726e-02 1.857791435352075249e+00
8.494330000928071445e-02 1.857512532647838333e+00
8.576958985908941790e-02 1.857228103820595333e+00
8.660391748133952627e-02 1.856935888805090196e+00
8.744636106383144036e-02 1.856637683476688006e+00
8.829699955494091368e-02 1.856340004403391308e+00
8.915591267101763417e-02 1.856032683147700313e+00
9.002318090385581784e-02 1.855720232975446971e+00
9.089888552823731371e-02 1.855400764646360390e+00
9.178310860954806694e-02 1.855073960419126200e+00
9.267593301146882789e-02 1.854742188128235325e+00
9.357744240374062106e-02 1.854402270053147506e+00
9.448772127000577836e-02 1.854058894848187089e+00
9.540685491572513388e-02 1.853706892688378627e+00
9.633492947617222635e-02 1.853348473971469845e+00
9.727203192450542546e-02 1.852983763560891672e+00
9.821825007991856482e-02 1.852612169187417779e+00
9.917367261587073379e-02 1.852232760479137097e+00
1.001383890683960748e-01 1.851846143790465637e+00
1.011124898444945991e-01 1.851452589647926583e+00
1.020960662306047012e-01 1.851051098816131057e+00
1.030892104011576216e-01 1.850641302642133112e+00
1.040920154272158005e-01 1.850224260977127333e+00
1.051045752851944987e-01 1.849800318113741016e+00
1.061269848656690717e-01 1.849367094214166007e+00
1.071593399822671072e-01 1.848927816456430451e+00
1.082017373806478805e-01 1.848478657330143493e+00
1.092542747475682557e-01 1.848019155601710484e+00
1.103170507200377515e-01 1.847551496652162450e+00
1.113901648945616746e-01 1.847076615766064522e+00
1.124737178364751955e-01 1.846592256447156633e+00
1.135678110893671017e-01 1.846098404282273675e+00
1.146725471845963656e-01 1.845594824697091685e+00
1.157880296509002094e-01 1.845080860138240686e+00
1.169143630240966764e-01 1.844558721978854843e+00
1.180516528568804902e-01 1.844026504062966643e+00
1.192000057287153220e-01 1.843483478459476022e+00
1.203595292558212876e-01 1.842930070988181068e+00
1.215303321012602134e-01 1.842364776185893671e+00
1.227125239851190319e-01 1.841788983860799478e+00
1.239062156947916271e-01 1.841202049934570928e+00
1.251115190953615564e-01 1.840604839623486422e+00
1.263285471400849291e-01 1.839997651585956628e+00
1.275574138809759950e-01 1.839379441111778979e+00
1.287982344794950385e-01 1.838749798741388108e+00
1.300511252173409127e-01 1.838105583583306446e+00
1.313162035073478784e-01 1.837452348871449814e+00
1.325935879044890797e-01 1.836784530560864770e+00
1.338833981169864351e-01 1.836106155590118583e+00
1.351857550175293021e-01 1.835412935972565940e+00
1.365007806546013891e-01 1.834707172415539489e+00
1.378285982639189389e-01 1.833987524331363028e+00
1.391693322799789911e-01 1.833253693439740317e+00
1.405231083477211373e-01 1.832507023801667856e+00
1.418900533343016301e-01 1.831745490078504179e+00
1.432702953409830948e-01 1.830970800832521395e+00
1.446639637151387880e-01 1.830180734080862903e+00
1.460711890623745679e-01 1.829376174714080427e+00
1.474921032587684921e-01 1.828555584263548583e+00
1.489268394632288772e-01 1.827720753284752808e+00
1.503755321299738434e-01 1.826873321882393153e+00
1.518383170211306810e-01 1.826008438246375487e+00
1.533153312194593942e-01 1.825125172484850955e+00
1.548067131411984265e-01 1.824226896289204536e+00
1.563126025490369497e-01 1.823311009612159639e+00
1.578331405652117214e-01 1.822377541191807504e+00
1.593684696847328941e-01 1.821428327779443856e+00
1.609187337887370006e-01 1.820461271207300502e+00
1.624840781579713067e-01 1.819475487209792908e+00
1.640646494864078653e-01 1.818472080242704347e+00
1.656605958949914359e-01 1.817450176437725329e+00
1.672720669455196874e-01 1.816405862749946198e+00
1.688992136546599021e-01 1.815347060931632672e+00
1.705421885081006561e-01 1.814265873744738577e+00
1.722011454748421100e-01 1.813166388392111639e+00
1.738762400216251336e-01 1.812047025372782505e+00
1.755676291275001522e-01 1.810907681890382204e+00
1.772754712985387948e-01 1.809744804572229526e+00
1.789999265826875408e-01 1.808562008867449222e+00
1.807411565847668600e-01 1.807357349876438368e+00
1.824993244816152382e-01 1.806129586147477317e+00
1.842745950373816666e-01 1.804882183836163945e+00
1.860671346189656239e-01 1.803610409196573450e+00
1.878771112116086051e-01 1.802314891669067443e+00
1.897046944346358344e-01 1.800993818072500918e+00
1.915500555573527997e-01 1.799650688450035840e+00
1.934133675150944698e-01 1.798284160865754489e+00
1.952948049254327745e-01 1.796892504591017348e+00
1.971945441045395986e-01 1.795476703309978106e+00
1.991127630837108697e-01 1.794033593687343053e+00
2.010496416260497965e-01 1.792565013640063931e+00
2.030053612433137811e-01 1.791071195738316524e+00
2.049801052129238688e-01 1.789547917229294516e+00
2.069740585951406198e-01 1.787998191407467186e+00
2.089874082504071251e-01 1.786419506675903435e+00
2.110203428568595552e-01 1.784812022838538237e+00
2.130730529280097374e-01 1.783177937103832766e+00
2.151457308305980698e-01 1.781517370705189451e+00
2.172385708026215445e-01 1.779881597790099024e+00
2.193517689715359098e-01 1.778163806305579353e+00
2.214855233726360506e-01 1.776370326729999949e+00
2.236400339676138660e-01 1.774564449357185270e+00
2.258155026632983065e-01 1.772746957053213279e+00
2.280121333305757114e-01 1.770899143983514445e+00
2.302301318234963867e-01 1.769021829445495575e+00
2.324697059985647851e-01 1.767105468416538150e+00
2.347310657342196183e-01 1.765155408248092916e+00
2.370144229505012079e-01 1.763175556322453374e+00
2.393199916289123208e-01 1.761160127658603525e+00
2.416479878324700736e-01 1.759107990203344185e+00
2.439986297259550130e-01 1.757020553786744044e+00
2.463721375963552895e-01 1.754901511661822289e+00
2.487687338735107279e-01 1.752744298403320578e+00
2.511886431509580686e-01 1.750546468355698382e+00
2.536320922069775774e-01 1.748307485646371839e+00
2.560993100258459609e-01 1.746033519604022421e+00
2.585905278192945911e-01 1.743726444560161237e+00
2.611059790481781162e-01 1.741373751913191992e+00
2.636458994443517945e-01 1.738983167132253982e+00
2.662105270327638773e-01 1.736551014327228470e+00
2.688001021537606006e-01 1.734078088018806918e+00
2.714148674856106669e-01 1.731563683264725428e+00
2.740550680672460548e-01 1.729006327815185928e+00
2.767209513212268712e-01 1.726407674311386531e+00
2.794127670769268601e-01 1.723761194396021157e+00
2.821307675939472293e-01 1.721075465027109841e+00
2.848752075857552413e-01 1.718342616501880471e+00
2.876463442435557849e-01 1.715565012866161032e+00
2.904444372603925406e-01 1.712745183163427054e+00
2.932697488554852905e-01 1.709873025099289956e+00
2.961225437988035947e-01 1.706954524879256807e+00
2.990030894358785551e-01 1.703989050200577671e+00
3.019116557128577738e-01 1.700977447194758296e+00
3.048485152018017286e-01 1.697915530789536387e+00
3.078139431262288950e-01 1.694803128371578094e+00
3.108082173869063936e-01 1.691642042981079452e+00
3.138316185878944342e-01 1.688428665945371554e+00
3.168844300628416155e-01 1.685165930693931946e+00
3.199669379015380732e-01 1.681850721188250519e+00
3.230794309767249795e-01 1.678481421866421019e+00
3.262222009711669979e-01 1.675059301383316601e+00
3.293955424049855307e-01 1.671585223237197493e+00
3.325997526632606949e-01 1.668055826918579454e+00
3.358351320238990301e-01 1.664469107839068318e+00
3.391019836857747105e-01 1.660829938619118318e+00
3.424006137971423724e-01 1.657132259771850746e+00
3.457313314843284413e-01 1.653376690892352840e+00
3.490944488806992929e-01 1.649567825662195286e+00
3.524902811559130766e-01 1.645697065652558244e+00
3.559191465454557002e-01 1.641768984452386615e+00
3.593813663804627523e-01 1.637782404408142600e+00
3.628772651178337472e-01 1.633735318649967017e+00
3.664071703706370808e-01 1.629626695726170915e+00
3.699714129388128048e-01 1.625460009483547186e+00
3.735703268401719401e-01 1.621230055664767411e+00
3.772042493416999376e-01 1.616938747046095193e+00
3.808735209911614517e-01 1.612585190250015676e+00
3.845784856490158665e-01 1.608166003333857175e+00
3.883194905206404091e-01 1.603683510381583410e+00
3.920968861888690649e-01 1.599140245491786905e+00
3.959110266468458539e-01 1.594528241267107127e+00
3.997622693312000708e-01 1.589852641998663385e+00
4.036509751555413805e-01 1.585136036826202854e+00
4.075775085442840395e-01 1.580302630560333821e+00
4.115422374667966343e-01 1.575427295151119234e+00
4.155455334718875515e-01 1.570486986894327863e+00
4.195877717226225712e-01 1.565516494589370700e+00
4.236693310314835759e-01 1.560403022566478226e+00
4.277905938958687093e-01 1.555255923914172556e+00
4.319519465339363706e-01 1.550040929266815359e+00
4.361537789208005944e-01 1.544756879550621687e+00
4.403964848250754294e-01 1.539404096676540323e+00
4.446804618457780300e-01 1.533982276107509257e+00
4.490061114495874639e-01 1.528488664872970082e+00
4.533738390084691150e-01 1.522923263659032855e+00
4.577840538376618529e-01 1.517288599144297478e+00
4.622371692340384031e-01 1.511584768918309729e+00
4.667336025148346446e-01 1.505807554832992112e+00
4.712737750567601580e-01 1.499956794942019389e+00
4.758581123354846953e-01 1.494053086457433732e+00
4.804870439655131720e-01 1.488044307110252706e+00
4.851610037404442966e-01 1.481981191341011028e+00
4.898804296736250508e-01 1.475839785885892042e+00
4.946457640391963562e-01 1.469629787331882653e+00
4.994574534135413635e-01 1.463349090383614381e+00
5.043159487171361421e-01 1.456995502475206594e+00
5.092217052568053237e-01 1.450567124239528383e+00
5.141751827683928022e-01 1.444068257912491271e+00
5.191768454598426619e-01 1.437494520196815451e+00
5.242271620547044320e-01 1.430854246364820170e+00
5.293266058360561743e-01 1.424133050254095423e+00
5.344756546908600026e-01 1.417355562410318459e+00
5.396747911547442600e-01 1.410479966643517269e+00
5.449245024572260121e-01 1.403547728575969433e+00
5.502252805673685243e-01 1.396541683296351977e+00
5.555776222398878250e-01 1.389463065065515979e+00
5.609820290617031358e-01 1.382313374486871860e+00
5.664390074989449353e-01 1.375092318756689025e+00
5.719490689444144405e-01 1.367809066220380787e+00
5.775127297655114900e-01 1.360444315847167074e+00
5.831305113526221717e-01 1.353014723537909081e+00
5.888029401679826247e-01 1.345515101342334541e+00
5.945305477950136863e-01 1.337944607467694613e+00
6.003138709881384871e-01 1.330309673298735174e+00
6.061534517230839914e-01 1.322603354232335215e+00
6.120498372476699256e-01 1.314835324393877070e+00
6.180035801330957534e-01 1.306992777342088852e+00
6.240152383257209223e-01 1.299091102349691385e+00
6.300853751993553686e-01 1.291122333256479404e+00
6.362145596080520660e-01 1.283085515749686101e+00
6.424033659394193796e-01 1.274990242176026189e+00
6.486523741684461219e-01 1.266827536871489857e+00
6.549621699118558515e-01 1.258608120511867767e+00
6.613333444829840868e-01 1.250323909839172298e+00
6.677664949471955325e-01 1.241979422716036341e+00
6.742622241778342129e-01 1.233579576004048217e+00
6.808211409127237213e-01 1.225117977529655899e+00
6.874438598112112553e-01 1.216599195677928291e+00
6.941310015117725385e-01 1.208028130595334870e+00
7.008831926901714082e-01 1.199400467710916462e+00
7.077010661181889484e-01 1.190715103520084250e+00
7.145852607229240538e-01 1.181984878730838018e+00
7.215364216466665370e-01 1.173199312416949081e+00
7.285552003073593186e-01 1.164363124618066792e+00
7.356422544596413760e-01 1.155417956126826740e+00
7.427982482564918776e-01 1.146550580623142412e+00
7.500238523114668432e-01 1.137575239218938661e+00
7.573197437615483141e-01 1.128554252539984315e+00
7.646866063305975958e-01 1.119491263838714890e+00
7.721251303934327792e-01 1.110385232898472241e+00
7.796360130405233235e-01 1.101245026748867151e+00
7.872199581433195759e-01 1.092059899686601554e+00
7.948776764202123424e-01 1.082839901316507980e+00
8.026098855031396084e-01 1.073587231887217497e+00
8.104173100048355227e-01 1.064298884086033681e+00
8.183006815867394090e-01 1.054942697889514669e+00
8.262607390275591435e-01 1.045629862260902598e+00
8.342982282925082149e-01 1.036254705786979535e+00
8.424139026032094746e-01 1.026848197483003267e+00
8.506085225082840040e-01 1.017420706362407890e+00
8.588828559546254349e-01 1.007971751035605434e+00
8.672376783593644944e-01 9.984996703019718423e-01
8.756737726825394308e-01 9.889247684519081316e-01
8.841919295004664336e-01 9.794967041535004304e-01
8.927929470798307010e-01 9.699095364823047127e-01
9.014776314524917122e-01 9.604348644242040045e-01
9.102467964910225806e-01 9.508847865682961142e-01
9.191012639849772681e-01 9.412855799987536187e-01
9.280418637179072006e-01 9.317559948502304179e-01
9.370694335451198453e-01 9.221830593796402908e-01
9.461848194722002336e-01 9.126065715616646923e-01
9.553888757342895444e-01 9.030250256972695011e-01
9.646824648761427312e-01 8.934460739233488491e-01
9.740664578329562007e-01 8.838802392679251385e-01
9.835417340119908536e-01 8.742954980810848653e-01
9.931091813749796104e-01 8.647243099263504096e-01
1.002769696521346621e+00 8.551571374156016203e-01
1.012524184772224167e+00 8.456132224571826228e-01
1.022373560255302127e+00 8.360760359008738707e-01
1.032318745990486564e+00 8.265484575181942795e-01
1.042360673976402197e+00 8.170411595919444547e-01
1.052500285277732761e+00 8.075472542624746453e-01
1.062738530113414459e+00 7.980392770101841782e-01
1.073076367945679621e+00 7.886195121239154560e-01
1.083514767569973225e+00 7.791927567412321176e-01
1.094054707205742494e+00 7.697879714190072331e-01
1.104697174588111785e+00 7.604124202300264201e-01
1.115443167060441221e+00 7.510613626760813677e-01
1.126293691667795249e+00 7.417437976551158885e-01
1.137249765251314271e+00 7.324588157830893564e-01
1.148312414543511073e+00 7.232047342697575099e-01
1.159482676264482759e+00 7.139885255586144730e-01
1.170761597219069250e+00 7.048086424330141098e-01
1.182150234394952371e+00 6.956731201232982942e-01
1.193649655061713055e+00 6.865724436929981911e-01
1.205260936870842681e+00 6.775182606156561205e-01
1.216985167956738056e+00 6.685058445522200632e-01
1.228823447038673411e+00 6.595365469627330057e-01
1.240776883523764251e+00 6.506198287727986695e-01
1.252846597610937529e+00 6.417479289637904039e-01
1.265033720395903893e+00 6.329266999032286956e-01
1.277339393977160009e+00 6.241589503095495983e-01
1.289764771563017165e+00 6.154416895766918749e-01
1.302311017579677488e+00 6.067825457676208067e-01
1.314979307780347773e+00 5.981767457626440132e-01
1.327770829355430449e+00 5.896196326508890140e-01
1.340686781043774811e+00 5.811365776673909078e-01
1.353728373245021821e+00 5.727013712094782827e-01
1.366896828133026487e+00 5.643355888924472819e-01
1.380193379770397355e+00 5.560272123925464882e-01
1.393619274224142002e+00 5.477814868250140412e-01
1.407175769682446731e+00 5.395965945687738463e-01
1.420864136572576708e+00 5.314291613350583532e-01
1.434685657679937831e+00 5.234323243902773148e-01
1.448641628268290127e+00 5.154457040259168288e-01
1.462733356201129986e+00 5.075273611538679841e-01
1.476962162064259898e+00 4.996778546714590874e-01
1.491329379289537682e+00 4.919015432941164501e-01
1.505836354279841416e+00 4.841919751492005375e-01
1.520484446535244283e+00 4.765540915723905369e-01
1.535275028780422657e+00 4.689857174312874744e-01
1.550209487093291205e+00 4.614905795157497881e-01
1.565289221034902312e+00 4.540705271585828151e-01
1.580515643780601165e+00 4.467215965059372351e-01
1.595890182252465817e+00 4.394464533061196998e-01
1.611414277253019778e+00 4.322437064536546192e-01
1.627089383600260675e+00 4.251180815725081330e-01
1.642916970263993193e+00 4.180678926402902063e-01
1.658898520503498064e+00 4.110930548131146445e-01
1.675035532006524441e+00 4.041910925116919406e-01
1.691329517029648732e+00 3.973673058357876653e-01
1.707782002539993016e+00 3.906199398071301121e-01
1.724394530358320354e+00 3.839486642721487430e-01
1.741168657303530987e+00 3.773544475374288609e-01
1.758105955338547632e+00 3.708353028834133758e-01
1.775208011717636092e+00 3.643953229355413326e-01
1.792476429135148930e+00 3.579931889304596715e-01
1.809912825875727105e+00 3.517433335663769922e-01
1.827518835965944666e+00 3.455339092770394194e-01
1.845296109327445366e+00 3.393987821909303371e-01
1.863246311931559873e+00 3.333424222716547813e-01
1.881371125955437096e+00 3.273630133737906456e-01
1.899672249939675650e+00 3.214595682152664446e-01
1.918151398947507635e+00 3.156292141891284819e-01
1.936810304725519849e+00 3.098820367521156749e-01
1.955650715865949074e+00 3.042078319365936201e-01
1.974674397970537454e+00 2.986092527200214231e-01
1.993883133816001019e+00 2.930856401841107628e-01
2.013278723521096492e+00 2.876381640406839857e-01
2.032862984715323673e+00 2.822650408540031131e-01
2.052637752709252084e+00 2.769674236499007902e-01
2.072604880666519822e+00 2.717438139692928134e-01
2.092766239777499759e+00 2.665940880953984737e-01
2.113123719434652603e+00 2.615179731064196100e-01
2.133679227409597701e+00 2.565085059037265358e-01
2.154434690031884259e+00 2.515835272352194285e-01
2.175392052369522489e+00 2.467270356324287872e-01
2.196553278411258248e+00 2.419381249466618089e-01
2.217920351250634692e+00 2.372240769309919284e-01
2.239495273271823184e+00 2.325786052093669065e-01
2.261280066337279404e+00 2.280054287366354848e-01
2.283276771977218012e+00 2.234965993646872429e-01
2.305487451580938707e+00 2.190631828422586191e-01
2.327914186589993051e+00 2.146971850381504399e-01
2.350559078693253756e+00 2.103975721355857975e-01
2.373424250023866033e+00 2.061681349554193854e-01
2.396511843358130278e+00 2.020097129893403953e-01
2.419824022316292567e+00 1.978886946370361499e-01
2.443362971565319341e+00 1.938720248177467076e-01
2.467130897023623426e+00 1.899035887895111907e-01
2.491130026067788439e+00 1.860004259432489204e-01
2.515362607741312928e+00 1.821527333623886580e-01
2.539830912965362675e+00 1.783840571855015711e-01
2.564537234751594674e+00 1.746704875015309966e-01
2.589483888417040802e+00 1.710183835638913186e-01
2.614673211801092023e+00 1.674240525332601759e-01
2.640107565484572927e+00 1.638988052278365359e-01
2.665789333010967876e+00 1.604265188951452537e-01
2.691720921109787668e+00 1.570140209440266665e-01
2.717904759922122881e+00 1.536608260850766683e-01
2.744343303228365283e+00 1.503655686981352768e-01
2.771039028678170535e+00 1.471236336253029242e-01
2.797994438022641805e+00 1.439419901352996245e-01
2.825212057348790218e+00 1.408190050481841760e-01
2.852694437316245057e+00 1.377473901797921785e-01
2.880444153396297668e+00 1.347158184818749715e-01
2.908463806113254169e+00 1.317680951963202118e-01
2.936756021288137397e+00 1.288580799765297324e-01
2.965323450284773621e+00 1.259997171481771761e-01
2.994168770258243573e+00 1.231846041942718795e-01
3.023294684405779531e+00 1.204389565978192383e-01
3.052703922220086241e+00 1.177340770223802152e-01
3.082399239745143404e+00 1.150769028575111680e-01
3.112383419834465759e+00 1.124672439032394222e-01
3.142659272411905569e+00 1.099143622850187046e-01
3.173229634734976212e+00 1.074036658803224631e-01
3.204097371660752813e+00 1.049401289963488859e-01
3.235265375914330388e+00 1.025308652570222634e-01
3.266736568359921655e+00 1.001510181293184393e-01
3.298513898274578082e+00 9.782428742561852242e-02
3.330600343624588788e+00 9.554173208426151864e-02
3.362998911344535991e+00 9.330342510813303958e-02
3.395712637619100693e+00 9.110712419237285142e-02
3.428744588167585317e+00 8.895476093799539741e-02
3.462097858531227423e+00 8.684204600877136471e-02
3.495775574363275240e+00 8.477232315237730187e-02
3.529780891721914671e+00 8.274135218534657554e-02
3.564116997366032269e+00 8.075125550342004965e-02
3.598787109053855460e+00 7.880052621058822315e-02
3.633794475844513094e+00 7.688819911965279197e-02
3.669142378402494131e+00 7.501401421480932696e-02
3.704834129305105694e+00 7.317731810123064007e-02
3.740873073352900313e+00 7.137763461169333024e-02
3.777262587883141176e+00 6.961407254726911797e-02
3.814006083086284082e+00 6.788541337128917164e-02
3.851107002325572903e+00 6.619357192893109143e-02
3.888568822459721019e+00 6.453869978079995740e-02
3.926395054168756449e+00 6.291153279290133404e-02
3.964589242282997805e+00 6.132095513083992561e-02
4.003154966115265445e+00 5.976378447288462764e-02
4.042095839796306045e+00 5.823813243264966411e-02
4.081415512613501662e+00 5.674432554453542193e-02
4.121117669352832635e+00 5.528264710389212827e-02
4.161206030644208020e+00 5.385007065699762979e-02
4.201684353310133346e+00 5.245040214305489445e-02
4.242556430717777438e+00 5.107916339114065840e-02
4.283826093134470270e+00 4.973735843591987199e-02
4.325497208086633627e+00 4.842396846423793755e-02
4.367573680722233398e+00 4.714113156403840904e-02
4.410059454176736615e+00 4.588206242812709751e-02
4.452958509942654963e+00 4.465221493261293390e-02
4.496274868242640110e+00 4.344812571368157628e-02
4.540012588406244554e+00 4.227258646909213408e-02
4.584175769250333765e+00 4.112253729659685886e-02
4.628768549463215365e+00 3.999684344658499535e-02
4.673795107992464004e+00 3.889655190895850018e-02
4.719259664436561863e+00 3.782072471352060372e-02
4.765166479440326341e+00 3.676743840812933539e-02
4.811519855094205766e+00 3.574123199083996394e-02
4.858324135337417360e+00 3.473666819337783290e-02
4.905583706365050922e+00 3.375486961268753250e-02
4.953302997039108924e+00 3.279565008313114344e-02
5.001486479303548727e+00 3.185820326819909648e-02
5.050138668603383785e+00 3.094171795772645769e-02
5.099264124307808288e+00 3.004799199380060390e-02
5.148867450137498025e+00 2.917506395976321096e-02
5.198953294596024399e+00 2.832237924889609293e-02
5.249526351405507718e+00 2.748905675739965818e-02
5.300591359946452030e+00 2.667519397719014806e-02
5.352153105701904501e+00 2.588227944350551119e-02
5.404216420705915347e+00 2.510623385402222657e-02
5.456786183996381823e+00 2.434985829354944023e-02
5.509867322072253160e+00 2.361300841423160865e-02
5.563464809355226137e+00 2.289146091284316800e-02
5.617583668655908191e+00 2.218879576143346910e-02
5.672228971644543094e+00 2.150339477324474460e-02
5.727405839326266346e+00 2.083492487676972746e-02
5.783119442521027054e+00 2.018296357290245285e-02
5.839375002348160315e+00 1.954729369251039309e-02
5.896177790715694478e+00 1.892757944729907271e-02
5.953533130814370189e+00 1.832340641984383026e-02
6.011446397616513337e+00 1.773483072160228144e-02
6.069923018379741464e+00 1.716089024449311135e-02
6.128968473155564034e+00 1.660194481281964882e-02
6.188588295302960063e+00 1.605647773856268626e-02
6.248788072006894012e+00 1.552695566280862076e-02
6.309573444801936049e+00 1.501027794130538329e-02
6.370950110100935149e+00 1.450731800900902438e-02
6.432923819728876502e+00 1.401748711393348799e-02
6.495500381461869033e+00 1.354091388892020298e-02
6.558685659571435345e+00 1.307707071853819215e-02
6.622485575374063238e+00 1.262548950755549085e-02
6.686906107786136921e+00 1.218649994512238481e-02
6.751953293884205287e+00 1.175919546966862177e-02
6.817633229470763112e+00 1.134387051635059492e-02
6.883952069645496330e+00 1.093990953716161840e-02
6.950916029382126382e+00 1.054729837164892874e-02
7.018531384110795912e+00 1.016603665717981386e-02
7.086804470306189430e+00 9.794918667638943810e-03
7.155741686081340980e+00 9.434485457063457661e-03
7.225349491787214085e+00 9.084588485428205656e-03
7.295634410618154320e+00 8.744730904838949465e-03
7.366603029223159460e+00 8.414605077479399980e-03
7.438261998323163482e+00 8.094404479470525271e-03
7.510618033334286459e+00 7.783676268614815076e-03
7.583677914997190683e+00 7.481890985181886312e-03
7.657448490012479958e+00 7.189420057561692577e-03
7.731936671682362316e+00 6.905722751860556008e-03
7.807149440558499798e+00 6.630493062610780600e-03
7.883093845096216690e+00 6.363597327631773624e-03
7.959777002314985417e+00 6.105721139595350622e-03
8.037206098465421888e+00 5.855679957241836930e-03
8.115388389702712146e+00 5.613231881386401140e-03
8.194331202766655053e+00 5.378385488854491893e-03
8.274041935668218883e+00 5.151245757982711795e-03
8.354528058382872047e+00 4.932931221554532307e-03
8.435797113550611570e+00 4.719252003793641785e-03
8.517856717182803905e+00 4.513391079143843666e-03
8.600714559375941093e+00 4.314395286579601578e-03
8.684378405032257220e+00 4.122282757071515404e-03
8.768856094587436090e+00 3.936613454760478671e-03
8.854155544745349715e+00 3.757484484805677979e-03
8.940284749219998162e+00 3.584423813927331559e-03
9.027251779484577909e+00 3.417423018489035985e-03
9.115064785527916769e+00 3.256332602467161899e-03
9.203731996618220279e+00 3.101329774062462456e-03
9.293261722074316111e+00 2.951237422644321668e-03
9.383662352044273902e+00 2.806951760389358921e-03
9.474942358291729150e+00 2.667976971184787827e-03
9.567110294989774388e+00 2.534247290096558643e-03
9.660174799522645017e+00 2.405479550948480712e-03
9.754144593295098531e+00 2.281628058538535085e-03
9.849028482549766039e+00 2.162572627398649285e-03
9.944835359192397917e+00 2.048194754641752876e-03
1.004157420162519543e+01 1.938319027710682469e-03
1.013925407558815373e+01 1.832865459412766872e-03
1.023788413500867378e+01 1.731613832871153457e-03
1.033747362285940774e+01 1.634753518684381977e-03
1.043803187202444072e+01 1.541714368247503039e-03
1.053956830617394580e+01 1.452678201568464392e-03
1.064209244064724658e+01 1.367472529504831910e-03
1.074561388334458023e+01 1.285938902114127031e-03
1.085014233562746178e+01 1.208046481520648604e-03
1.095568759322787855e+01 1.133635391278765055e-03
1.106225954716621906e+01 1.062608527963374233e-03
1.116986818467823817e+01 9.948664203670040760e-04
1.127852359015096795e+01 9.303069718235740812e-04
1.138823594606782130e+01 8.688360095553273417e-04
1.149901553396274245e+01 8.103447919087714739e-04
1.161087273538378994e+01 7.547359974634348500e-04
1.172381803286598512e+01 7.019508786322970319e-04
1.183786201091373513e+01 6.518601517323285074e-04
1.195301535699265827e+01 6.043861765180093531e-04
1.206928886253119870e+01 5.594353416147267947e-04
1.218669342393191712e+01 5.169304175412181524e-04
1.230524004359261525e+01 4.767827484871059300e-04
1.242493983093746479e+01 4.389008116840147490e-04
1.254580400345803248e+01 4.032119871642716037e-04
1.266784388776455827e+01 3.696332247308724912e-04
1.279107092064739781e+01 3.380855409161503716e-04
1.291549665014884063e+01 3.084920570920196429e-04
1.304113273664525430e+01 2.807729441160641782e-04
1.316799095393986185e+01 2.548514286692865941e-04
1.329608319036608854e+01 2.306788143181173886e-04
1.342542144990170527e+01 2.081555728598554335e-04
1.355601785329368880e+01 1.872210357074113136e-04
1.368788463919415221e+01 1.678063822740596012e-04
1.382103416530724438e+01 1.498448210315296797e-04
1.395547890954729020e+01 1.332690403894860409e-04
1.409123147120805619e+01 1.180099187136363634e-04
1.422830457214353395e+01 1.040195500287690938e-04
1.436671105796013137e+01 9.122179754253461779e-05
1.450646389922046886e+01 7.955433004259467164e-05
1.464757619265895272e+01 6.896477754703866274e-05
1.479006116240903168e+01 5.939355096428798570e-05
1.493393216124253264e+01 5.077240590200557082e-05
1.507920267182097263e+01 4.305782776159587823e-05
1.522588630795911513e+01 3.618843108152502937e-05
1.537399681590069456e+01 3.011160524560626818e-05
1.552354807560667105e+01 2.477208866939647393e-05
1.567455410205595001e+01 2.012026343815197636e-05
1.582702904655883280e+01 1.610214272266815582e-05
1.598098719808309376e+01 1.266984731161918321e-05
1.613644298459311699e+01 9.771642528099944668e-06
1.629341097440194730e+01 7.361461136602892007e-06
1.645190587753662470e+01 5.390617000445623552e-06
1.661194254711659113e+01 3.810693100744576432e-06
1.677353598074571295e+01 2.578753726836725664e-06
1.693670132191772026e+01 1.648821895117262297e-06
1.710145386143542012e+01 9.769178862845594447e-07
1.726780903884355922e+01 5.197228429137901918e-07
1.743578244387577669e+01 2.347972363539791885e-07
1.760538981791556523e+01 7.954429649687810555e-08
1.777664705547142532e+01 1.525778124275900712e-08
1.794957020566648254e+01 0.000000000000000000e+00
