1.000000000000000021e-02 1.938411401581902060e+00
1.009727545900835841e-02 1.938407681094274304e+00
1.019549716950923779e-02 1.938403869398453105e+00
1.029467433620748044e-02 1.938399971641017183e+00
1.039481625334708927e-02 1.938395984500646874e+00
1.049593230558227772e-02 1.938391920464698215e+00
1.059803196885688789e-02 1.938387773423945637e+00
1.070112481129246833e-02 1.938383520281167005e+00
1.080522049408488318e-02 1.938379136535635983e+00
1.091032877240974419e-02 1.938374594143417839e+00
1.101645949633656314e-02 1.938370063889985451e+00
1.112362261175187626e-02 1.938365432263595922e+00
1.123182816129126085e-02 1.938360689159134065e+00
1.134108628528052165e-02 1.938355834896071439e+00
1.145140722268592030e-02 1.938350607530628267e+00
1.156280131207376022e-02 1.938345495132711260e+00
1.167527899257919492e-02 1.938340266894260866e+00
1.178885080488457221e-02 1.938334908325492378e+00
1.190352739220719262e-02 1.938329429213101252e+00
1.201931950129673729e-02 1.938323904863985980e+00
1.213623798344241195e-02 1.938318338739895896e+00
1.225429379548980714e-02 1.938312641042113205e+00
1.237349800086776086e-02 1.938306826462972143e+00
1.249386177062509519e-02 1.938300886928820743e+00
1.261539638447754796e-02 1.938295414479925372e+00
1.273811323186478488e-02 1.938289386323285068e+00
1.286202381301779218e-02 1.938283033590973092e+00
1.298713974003655978e-02 1.938276539782251673e+00
1.311347273797833224e-02 1.938269973291904869e+00
1.324103464595636874e-02 1.938263235774587701e+00
1.336983741824946531e-02 1.938256338932697220e+00
1.349989312542219239e-02 1.938249267307895485e+00
1.363121395545611320e-02 1.938241662619984762e+00
1.376381221489191876e-02 1.938232728423537887e+00
1.389770032998276401e-02 1.938223372797130972e+00
1.403289084785873213e-02 1.938215668817668380e+00
1.416939643770268736e-02 1.938207894066090731e+00
1.430722989193757184e-02 1.938203544403469758e+00
1.444640412742520530e-02 1.938195440402360914e+00
1.458693218667675602e-02 1.938187161933259794e+00
1.472882723907502529e-02 1.938178712625795663e+00
1.487210258210860774e-02 1.938170086178029328e+00
1.501677164261799868e-02 1.938161255052670562e+00
1.516284797805393485e-02 1.938152221469782388e+00
1.531034527774784160e-02 1.938143008674818812e+00
1.545927736419477720e-02 1.938133552893054556e+00
1.560965819434872483e-02 1.938123869409466904e+00
1.576150186093060873e-02 1.938114006247741772e+00
1.591482259374891323e-02 1.938103978406519268e+00
1.606963476103326349e-02 1.938093749751763184e+00
1.622595287078087284e-02 1.938083281523995893e+00
1.638379157211618947e-02 1.938072647767291379e+00
1.654316565666366645e-02 1.938061835202847583e+00
1.670409005993399310e-02 1.938050795727717102e+00
1.686657986272368723e-02 1.938039636916501829e+00
1.703065029252844378e-02 1.938028239406333286e+00
1.719631672497009753e-02 1.938016567357514042e+00
1.736359468523754335e-02 1.938004660192482964e+00
1.753249984954170088e-02 1.937992524831988028e+00
1.770304804658450262e-02 1.937980124550166661e+00
1.787525525904235316e-02 1.937967421578572269e+00
1.804913762506383731e-02 1.937954556989089694e+00
1.822471143978214581e-02 1.937941473549579019e+00
1.840199315684210371e-02 1.937928182255171494e+00
1.858099938994215231e-02 1.937914828595018957e+00
1.876174691439120440e-02 1.937901142631437423e+00
1.894425266868081034e-02 1.937887319834203925e+00
1.912853375607242307e-02 1.937873149473936962e+00
1.931460744620030340e-02 1.937858655616426784e+00
1.950249117668984011e-02 1.937843784655177481e+00
1.969220255479172538e-02 1.937828837209782717e+00
1.988375935903200636e-02 1.937813600119263846e+00
2.007717954087816226e-02 1.937798098981257544e+00
2.027248122642137662e-02 1.937782359503283702e+00
2.046968271807520987e-02 1.937769501600920208e+00
2.066880249629082095e-02 1.937749733790879114e+00
2.086985922128879734e-02 1.937732845562381678e+00
2.107287173480786382e-02 1.937715716373480834e+00
2.127785906187062287e-02 1.937698380216059002e+00
2.148484041256648255e-02 1.937680818545514772e+00
2.169383518385184506e-02 1.937662870270547844e+00
2.190486296136792688e-02 1.937644511479672094e+00
2.211794352127614133e-02 1.937625881907626857e+00
2.233309683211144592e-02 1.937606894213977249e+00
2.255034305665360936e-02 1.937587250882955026e+00
2.276970255381680075e-02 1.937567322995346952e+00
2.299119588055741764e-02 1.937547107439253846e+00
2.321484379380064564e-02 1.937527408890415304e+00
2.344066725238556220e-02 1.937506465455586246e+00
2.366868741902936057e-02 1.937485218800265363e+00
2.389892566231050300e-02 1.937463471350816091e+00
2.413140355867127856e-02 1.937439454887601054e+00
2.436614289443983158e-02 1.937418001730551342e+00
2.460316566787181664e-02 1.937393605990465062e+00
2.484249409121190577e-02 1.937369580953061776e+00
2.508415059277539771e-02 1.937345326195898387e+00
2.532815781905008515e-02 1.937320536255882075e+00
2.557453863681850847e-02 1.937295180126027638e+00
2.582331613530085626e-02 1.937269307259567253e+00
2.607451362831877603e-02 1.937242967733016741e+00
2.632815465648021339e-02 1.937216164231988280e+00
2.658426298938541474e-02 1.937188788141754436e+00
2.684286262785454819e-02 1.937160826192131591e+00
2.710397780617682106e-02 1.937133172647228285e+00
2.736763299438163891e-02 1.937104189095277373e+00
2.763385290053169824e-02 1.937073768019358599e+00
2.790266247303856487e-02 1.937043707757478694e+00
2.817408690300057458e-02 1.937013349002769447e+00
2.844815162656363222e-02 1.936981688337310992e+00
2.872488232730495070e-02 1.936949003364781818e+00
2.900430493863991738e-02 1.936917065392024684e+00
2.928644564625237229e-02 1.936883866868009285e+00
2.957133089054861039e-02 1.936850005046938383e+00
2.985898736913520854e-02 1.936815438837168113e+00
3.014944203932094433e-02 1.936780292624018296e+00
3.044272212064302874e-02 1.936744408008813645e+00
3.073885509741795460e-02 1.936707741300117247e+00
3.103786872131722788e-02 1.936670638906957675e+00
3.133979101396793671e-02 1.936632689302916877e+00
3.164465026957891114e-02 1.936593447572365623e+00
3.195247505759213347e-02 1.936554417433752562e+00
3.226329422536015901e-02 1.936514195824241336e+00
3.257713690084949876e-02 1.936473023098892909e+00
3.289403249537032475e-02 1.936431313990568892e+00
3.321401070633261954e-02 1.936388742799968643e+00
3.353710152002930406e-02 1.936345268190126090e+00
3.386333521444636480e-02 1.936309030847538359e+00
3.419274236210027851e-02 1.936253523228936180e+00
3.452535383290306070e-02 1.936207052899692638e+00
3.486120079705520153e-02 1.936159610749961457e+00
3.520031472796678745e-02 1.936111548961223505e+00
3.554272740520694751e-02 1.936062447622668214e+00
3.588847091748199186e-02 1.936016284539974430e+00
3.623757766564258964e-02 1.935965456583167654e+00
3.659008036572020811e-02 1.935909403037187726e+00
3.694601205199302130e-02 1.935856651662911432e+00
3.730540608008161424e-02 1.935803041035428995e+00
3.766829613007490613e-02 1.935748717892723514e+00
3.803471620968648659e-02 1.935693339233570676e+00
3.840470065744145539e-02 1.935636840615337473e+00
3.877828414589457040e-02 1.935579180084237905e+00
3.915550168487941241e-02 1.935520422495493387e+00
3.953638862478930927e-02 1.935460520066293988e+00
3.992098065989020672e-02 1.935399492875701899e+00
4.030931383166566628e-02 1.935337104135601338e+00
4.070142453219438572e-02 1.935273523297648346e+00
4.109734950756069316e-02 1.935208609213896258e+00
4.149712586129815362e-02 1.935142375445463081e+00
4.190079105786669034e-02 1.935075050566472665e+00
4.230838292616342228e-02 1.935006388907547725e+00
4.271993966306778662e-02 1.934935938825830926e+00
4.313549983702118923e-02 1.934864061188894091e+00
4.355510239164130798e-02 1.934790776021615866e+00
4.397878664937160398e-02 1.934715811627285120e+00
4.440659231516640160e-02 1.934639678661763895e+00
4.483855948021186338e-02 1.934562094927883225e+00
4.527472862568297785e-02 1.934482746788029894e+00
4.571514062653719151e-02 1.934401893523112870e+00
4.615983675534499064e-02 1.934319435132679343e+00
4.660885868615767536e-02 1.934235229749156515e+00
4.706224849841281199e-02 1.934149544946345944e+00
4.752004868087766204e-02 1.934062278368998689e+00
4.798230213563085128e-02 1.933973020334991411e+00
4.844905218208294534e-02 1.933881819543151748e+00
4.892034256103611894e-02 1.933788630364676076e+00
4.939621743878321036e-02 1.933693303837932032e+00
4.987672141124663283e-02 1.933595067690087266e+00
5.036189950815770505e-02 1.933497719233896461e+00
5.085179719727656034e-02 1.933395545145207839e+00
5.134646038865306461e-02 1.933293965230590716e+00
5.184593543892913187e-02 1.933190662700272844e+00
5.235026915568305461e-02 1.933086858102849970e+00
5.285950880181603667e-02 1.932979973728222278e+00
5.337370209998133774e-02 1.932870949485275380e+00
5.389289723705643909e-02 1.932759961554826988e+00
5.441714286865893119e-02 1.932646887292351456e+00
5.494648812370611646e-02 1.932531239149476443e+00
5.548098260901916656e-02 1.932412892871914645e+00
5.602067641397187603e-02 1.932290565900079748e+00
5.656562011518465050e-02 1.932166942737714610e+00
5.711586478126431943e-02 1.932040626434839314e+00
5.767146197758996756e-02 1.931911722249688879e+00
5.823246377114527778e-02 1.931780322285228557e+00
5.879892273539785025e-02 1.931646558104895162e+00
5.937089195522609469e-02 1.931509518060906538e+00
5.994842503189409116e-02 1.931368513870908910e+00
6.053157608807464840e-02 1.931227063854324300e+00
6.112039977292132997e-02 1.931084524390469737e+00
6.171495126718981594e-02 1.930938098300204686e+00
6.231528628840921763e-02 1.930789143910577099e+00
6.292146109610344262e-02 1.930637920298497789e+00
6.353353249706343575e-02 1.930483199933053839e+00
6.415155785067082339e-02 1.930325657364244663e+00
6.477559507427335661e-02 1.930164664894298054e+00
6.540570264861225724e-02 1.930000232038370456e+00
6.604193962330305590e-02 1.929833212059117731e+00
6.668436562236895737e-02 1.929661667977432771e+00
6.733304084982863480e-02 1.929486835247550935e+00
6.798802609533814711e-02 1.929308696869347806e+00
6.864938273988777095e-02 1.929127499283612490e+00
6.931717276155408003e-02 1.928942204968339569e+00
6.999145874130821565e-02 1.928752701758230881e+00
7.067230386888070925e-02 1.928560417328262000e+00
7.135977194868306506e-02 1.928365531667685984e+00
7.205392740578704658e-02 1.928167135722832937e+00
7.275483529196229149e-02 1.927961532298654967e+00
7.346256129177256011e-02 1.927754687545658374e+00
7.417717172873124210e-02 1.927543676778206150e+00
7.489873357151664857e-02 1.927328147599052022e+00
7.562731444024800576e-02 1.927108659398061086e+00
7.636298261282241373e-02 1.926884863213359722e+00
7.710580703131336699e-02 1.926657071337574134e+00
7.785585730843146146e-02 1.926424716724292940e+00
7.861320373404813433e-02 1.926187457105949852e+00
7.937791728178281159e-02 1.925945340821610285e+00
8.015006961565404597e-02 1.925697953639864179e+00
8.092973309679550586e-02 1.925445785278231403e+00
8.171698079023696770e-02 1.925188361954293770e+00
8.251188647175167201e-02 1.924928058571983236e+00
8.331452463477014014e-02 1.924663768208701553e+00
8.412497049736118726e-02 1.924392178102878770e+00
8.494330000928071445e-02 1.924115869103091958e+00
8.576958985908941790e-02 1.923835504176123479e+00
8.660391748133952627e-02 1.923547832725158058e+00
8.744636106383144036e-02 1.923255010224187433e+00
8.829699955494091368e-02 1.922954818456621640e+00
8.915591267101763417e-02 1.922651217270373136e+00
9.002318090385581784e-02 1.922342250789495610e+00
9.089888552823731371e-02 1.922026510642601993e+00
9.178310860954806694e-02 1.921707194532886964e+00
9.267593301146882789e-02 1.921380091540119128e+00
9.357744240374062106e-02 1.921045900190331279e+00
9.448772127000577836e-02 1.920704577943427305e+00
9.540685491572513388e-02 1.920358141031020205e+00
9.633492947617222635e-02 1.920001822043894135e+00
9.727203192450542546e-02 1.919642003596780278e+00
9.821825007991856482e-02 1.919274938743808168e+00
9.917367261587073379e-02 1.918901251817147546e+00
1.001383890683960748e-01 1.918518795143892008e+00
1.011124898444945991e-01 1.918128154069275615e+00
1.020960662306047012e-01 1.917731107890826570e+00
1.030892104011576216e-01 1.917330414769785163e+00
1.040920154272158005e-01 1.916916227026544295e+00
1.051045752851944987e-01 1.916499912134134176e+00
1.061269848656690717e-01 1.916070904929558116e+00
1.071593399822671072e-01 1.915633234949167596e+00
1.082017373806478805e-01 1.915187631249304578e+00
1.092542747475682557e-01 1.914733127629494325e+00
1.103170507200377515e-01 1.914273279855699395e+00
1.113901648945616746e-01 1.913802378309978014e+00
1.124737178364751955e-01 1.913324510148590507e+00
1.135678110893671017e-01 1.912836060024919016e+00
1.146725471845963656e-01 1.912338680939609015e+00
1.157880296509002094e-01 1.911832083562347462e+00
1.169143630240966764e-01 1.911315455073256508e+00
1.180516528568804902e-01 1.910789174930731527e+00
1.192000057287153220e-01 1.910250455045931384e+00
1.203595292558212876e-01 1.909704936841721379e+00
1.215303321012602134e-01 1.909148569762105119e+00
1.227125239851190319e-01 1.908577202584943455e+00
1.239062156947916271e-01 1.908000296000670781e+00
1.251115190953615564e-01 1.907411386688879773e+00
1.263285471400849291e-01 1.906810951992607972e+00
1.275574138809759950e-01 1.906198022839398432e+00
1.287982344794950385e-01 1.905573473736235313e+00
1.300511252173409127e-01 1.904937289588032767e+00
1.313162035073478784e-01 1.904289472935607463e+00
1.325935879044890797e-01 1.903629610081005064e+00
1.338833981169864351e-01 1.902956515824667072e+00
1.351857550175293021e-01 1.902272184436347713e+00
1.365007806546013891e-01 1.901574866698184207e+00
1.378285982639189389e-01 1.900863291730787941e+00
1.391693322799789911e-01 1.900139360384418330e+00
1.405231083477211373e-01 1.899400996651879669e+00
1.418900533343016301e-01 1.898649298998077883e+00
1.432702953409830948e-01 1.897884301031983023e+00
1.446639637151387880e-01 1.897102435883518678e+00
1.460711890623745679e-01 1.896307055157913091e+00
1.474921032587684921e-01 1.895498277827667888e+00
1.489268394632288772e-01 1.894673629314601815e+00
1.503755321299738434e-01 1.893833357914091575e+00
1.518383170211306810e-01 1.892975640264307646e+00
1.533153312194593942e-01 1.892105317682848842e+00
1.548067131411984265e-01 1.891215082727245589e+00
1.563126025490369497e-01 1.890308704234637371e+00
1.578331405652117214e-01 1.889385358648576485e+00
1.593684696847328941e-01 1.888446323320484233e+00
1.609187337887370006e-01 1.887490434191977817e+00
1.624840781579713067e-01 1.886517058745920794e+00
1.640646494864078653e-01 1.885526431839819050e+00
1.656605958949914359e-01 1.884516175553968331e+00
1.672720669455196874e-01 1.883486550406439308e+00
1.688992136546599021e-01 1.882438071988444594e+00
1.705421885081006561e-01 1.881370068138994656e+00
1.722011454748421100e-01 1.880283767657463967e+00
1.738762400216251336e-01 1.879171799588087666e+00
1.755676291275001522e-01 1.878046628919693539e+00
1.772754712985387948e-01 1.876898565313390943e+00
1.789999265826875408e-01 1.875729902447928588e+00
1.807411565847668600e-01 1.874537684682465732e+00
1.824993244816152382e-01 1.873323666088013262e+00
1.842745950373816666e-01 1.872087215976087293e+00
1.860671346189656239e-01 1.870829445180577810e+00
1.878771112116086051e-01 1.869550405738741317e+00
1.897046944346358344e-01 1.868246092384833190e+00
1.915500555573527997e-01 1.866917799448992943e+00
1.934133675150944698e-01 1.865565172932202032e+00
1.952948049254327745e-01 1.864187720384088198e+00
1.971945441045395986e-01 1.862786189097908274e+00
1.991127630837108697e-01 1.861360317868159697e+00
2.010496416260497965e-01 1.859908402171112529e+00
2.030053612433137811e-01 1.858429637227186237e+00
2.049801052129238688e-01 1.856924070167462970e+00
2.069740585951406198e-01 1.855390950291737173e+00
2.089874082504071251e-01 1.853829367840614806e+00
2.110203428568595552e-01 1.852242484795711075e+00
2.130730529280097374e-01 1.850624382645505328e+00
2.151457308305980698e-01 1.848980729888937358e+00
2.172385708026215445e-01 1.847309090382905028e+00
2.193517689715359098e-01 1.845605029955794452e+00
2.214855233726360506e-01 1.843867736595146800e+00
2.236400339676138660e-01 1.842100907960498857e+00
2.258155026632983065e-01 1.840304174431243833e+00
2.280121333305757114e-01 1.838477674674403595e+00
2.302301318234963867e-01 1.836620271191098608e+00
2.324697059985647851e-01 1.834725272074610114e+00
2.347310657342196183e-01 1.832796336065669829e+00
2.370144229505012079e-01 1.830834148354118396e+00
2.393199916289123208e-01 1.828842166298970007e+00
2.416479878324700736e-01 1.826814801311559044e+00
2.439986297259550130e-01 1.824750068349905829e+00
2.463721375963552895e-01 1.822648175958897943e+00
2.487687338735107279e-01 1.820512758763316086e+00
2.511886431509580686e-01 1.818337458554315500e+00
2.536320922069775774e-01 1.816124769336341149e+00
2.560993100258459609e-01 1.813877933882960036e+00
2.585905278192945911e-01 1.811589794324453218e+00
2.611059790481781162e-01 1.809262299548087150e+00
2.636458994443517945e-01 1.806898563553292814e+00
2.662105270327638773e-01 1.804492542350885076e+00
2.688001021537606006e-01 1.802042239523155454e+00
2.714148674856106669e-01 1.799552286710062177e+00
2.740550680672460548e-01 1.797022008848125907e+00
2.767209513212268712e-01 1.794450285130757550e+00
2.794127670769268601e-01 1.791833445878489472e+00
2.821307675939472293e-01 1.789174647678442698e+00
2.848752075857552413e-01 1.786467868810269533e+00
2.876463442435557849e-01 1.783715413751361778e+00
2.904444372603925406e-01 1.780921817394434559e+00
2.932697488554852905e-01 1.778084816285293357e+00
2.961225437988035947e-01 1.775198070167503861e+00
2.990030894358785551e-01 1.772257531553443011e+00
3.019116557128577738e-01 1.769271416009613018e+00
3.048485152018017286e-01 1.766245347191085058e+00
3.078139431262288950e-01 1.763166412769017422e+00
3.108082173869063936e-01 1.760031929590762489e+00
3.138316185878944342e-01 1.756846817040075948e+00
3.168844300628416155e-01 1.753619771631417912e+00
3.199669379015380732e-01 1.750334984843491704e+00
3.230794309767249795e-01 1.746996845481926686e+00
3.262222009711669979e-01 1.743609014930216805e+00
3.293955424049855307e-01 1.740167212415487885e+00
3.325997526632606949e-01 1.736671753250156991e+00
3.358351320238990301e-01 1.733120191602889992e+00
3.391019836857747105e-01 1.729513589704172238e+00
3.424006137971423724e-01 1.725851391373759647e+00
3.457313314843284413e-01 1.722131021510626692e+00
3.490944488806992929e-01 1.718355536496343650e+00
3.524902811559130766e-01 1.714522037359062834e+00
3.559191465454557002e-01 1.710631209022632326e+00
3.593813663804627523e-01 1.706681511315204292e+00
3.628772651178337472e-01 1.702664906000210143e+00
3.664071703706370808e-01 1.698596399355506659e+00
3.699714129388128048e-01 1.694469593620658632e+00
3.735703268401719401e-01 1.690276866735002770e+00
3.772042493416999376e-01 1.686021286051936574e+00
3.808735209911614517e-01 1.681705605929821434e+00
3.845784856490158665e-01 1.677325795327341496e+00
3.883194905206404091e-01 1.672883613753412213e+00
3.920968861888690649e-01 1.668376751035086869e+00
3.959110266468458539e-01 1.663805656680535927e+00
3.997622693312000708e-01 1.659169286726572823e+00
4.036509751555413805e-01 1.654467425913773049e+00
4.075775085442840395e-01 1.649701097458230681e+00
4.115422374667966343e-01 1.644867143827259515e+00
4.155455334718875515e-01 1.639965617351170746e+00
4.195877717226225712e-01 1.634997886127006694e+00
4.236693310314835759e-01 1.629958793813290896e+00
4.277905938958687093e-01 1.624858922604430322e+00
4.319519465339363706e-01 1.619685383843164184e+00
4.361537789208005944e-01 1.614442077750859017e+00
4.403964848250754294e-01 1.609131735928135631e+00
4.446804618457780300e-01 1.603749764411288803e+00
4.490061114495874639e-01 1.598301178132207179e+00
4.533738390084691150e-01 1.592778458967750277e+00
4.577840538376618529e-01 1.587185933999208043e+00
4.622371692340384031e-01 1.581523838637500345e+00
4.667336025148346446e-01 1.575787080240897975e+00
4.712737750567601580e-01 1.569978377306460393e+00
4.758581123354846953e-01 1.564111361721492344e+00
4.804870439655131720e-01 1.558153771244523034e+00
4.851610037404442966e-01 1.552129900387856587e+00
4.898804296736250508e-01 1.546034381498009536e+00
4.946457640391963562e-01 1.539869739301265916e+00
4.994574534135413635e-01 1.533626915539882951e+00
5.043159487171361421e-01 1.527316395154422191e+00
5.092217052568053237e-01 1.520931565429587629e+00
5.141751827683928022e-01 1.514475471959683128e+00
5.191768454598426619e-01 1.507942901426258864e+00
5.242271620547044320e-01 1.501338376042457901e+00
5.293266058360561743e-01 1.494666654931566585e+00
5.344756546908600026e-01 1.487917047562997919e+00
5.396747911547442600e-01 1.481095006962075411e+00
5.449245024572260121e-01 1.474203394755069896e+00
5.502252805673685243e-01 1.467236483411776815e+00
5.555776222398878250e-01 1.460200172174995537e+00
5.609820290617031358e-01 1.453091465688128414e+00
5.664390074989449353e-01 1.445913989707428460e+00
5.719490689444144405e-01 1.438659629408748142e+00
5.775127297655114900e-01 1.431338376748267027e+00
5.831305113526221717e-01 1.423947219062478675e+00
5.888029401679826247e-01 1.416485303613004954e+00
5.945305477950136863e-01 1.408954522739092274e+00
6.003138709881384871e-01 1.401350251459903440e+00
6.061534517230839914e-01 1.393684882753651877e+00
6.120498372476699256e-01 1.385951689881802729e+00
6.180035801330957534e-01 1.378146111132867002e+00
6.240152383257209223e-01 1.370272913037266393e+00
6.300853751993553686e-01 1.362338382954955796e+00
6.362145596080520660e-01 1.354337978151946675e+00
6.424033659394193796e-01 1.346273022826049104e+00
6.486523741684461219e-01 1.338141659740326617e+00
6.549621699118558515e-01 1.329950197051358085e+00
6.613333444829840868e-01 1.321695726996387377e+00
6.677664949471955325e-01 1.313381150864131763e+00
6.742622241778342129e-01 1.305005324689649804e+00
6.808211409127237213e-01 1.296572600611284543e+00
6.874438598112112553e-01 1.288078912020737210e+00
6.941310015117725385e-01 1.279529049392305717e+00
7.008831926901714082e-01 1.270926165586109047e+00
7.077010661181889484e-01 1.262261912181540158e+00
7.145852607229240538e-01 1.253557683536342671e+00
7.215364216466665370e-01 1.244784126655407608e+00
7.285552003073593186e-01 1.235969380990547206e+00
7.356422544596413760e-01 1.227104129463720605e+00
7.427982482564918776e-01 1.218187124453904202e+00
7.500238523114668432e-01 1.209227288327497263e+00
7.573197437615483141e-01 1.200214339800233176e+00
7.646866063305975958e-01 1.191167269473528245e+00
7.721251303934327792e-01 1.182068417426373363e+00
7.796360130405233235e-01 1.172934118402929604e+00
7.872199581433195759e-01 1.163758715793292264e+00
7.948776764202123424e-01 1.154538932540871921e+00
8.026098855031396084e-01 1.145291806169372428e+00
8.104173100048355227e-01 1.136005358120528497e+00
8.183006815867394090e-01 1.126685992853286855e+00
8.262607390275591435e-01 1.117331118584751426e+00
8.342982282925082149e-01 1.107950612149136482e+00
8.424139026032094746e-01 1.098541341045548014e+00
8.506085225082840040e-01 1.089104440397727469e+00
8.588828559546254349e-01 1.079643750573718419e+00
8.672376783593644944e-01 1.070157857977252824e+00
8.756737726825394308e-01 1.060652778845430522e+00
8.841919295004664336e-01 1.051128823165984327e+00
8.927929470798307010e-01 1.041584648768284049e+00
9.014776314524917122e-01 1.032025772935137198e+00
9.102467964910225806e-01 1.022453508044684822e+00
9.191012639849772681e-01 1.012869454969505645e+00
9.280418637179072006e-01 1.003271756533880454e+00
9.370694335451198453e-01 9.936738915615582757e-01
9.461848194722002336e-01 9.840655119280368179e-01
9.553888757342895444e-01 9.744470793623493110e-01
9.646824648761427312e-01 9.648296567593738216e-01
9.740664578329562007e-01 9.552141296871119458e-01
9.835417340119908536e-01 9.456039860568017374e-01
9.931091813749796104e-01 9.359899805415210494e-01
1.002769696521346621e+00 9.263823206847479064e-01
1.012524184772224167e+00 9.167823051725899619e-01
1.022373560255302127e+00 9.071918197695260089e-01
1.032318745990486564e+00 8.976161533137985149e-01
1.042360673976402197e+00 8.880477154445375332e-01
1.052500285277732761e+00 8.784973881594422274e-01
1.062738530113414459e+00 8.689602412430135203e-01
1.073076367945679621e+00 8.594434132210605481e-01
1.083514767569973225e+00 8.499501371107109904e-01
1.094054707205742494e+00 8.404787094502254030e-01
1.104697174588111785e+00 8.310269400641663307e-01
1.115443167060441221e+00 8.216026172905028790e-01
1.126293691667795249e+00 8.122072503772816976e-01
1.137249765251314271e+00 8.028405653780804618e-01
1.148312414543511073e+00 7.935078856234316635e-01
1.159482676264482759e+00 7.842055326456460751e-01
1.170761597219069250e+00 7.749385516451350320e-01
1.182150234394952371e+00 7.657088817740040909e-01
1.193649655061713055e+00 7.565156359698740340e-01
1.205260936870842681e+00 7.473627329132471742e-01
1.216985167956738056e+00 7.382509151539077275e-01
1.228823447038673411e+00 7.291812306301068691e-01
1.240776883523764251e+00 7.201573360436996918e-01
1.252846597610937529e+00 7.111770256350892216e-01
1.265033720395903893e+00 7.022475750077069589e-01
1.277339393977160009e+00 6.933637843927376032e-01
1.289764771563017165e+00 6.845322816417152012e-01
1.302311017579677488e+00 6.757501615985981314e-01
1.314979307780347773e+00 6.670220004546915105e-01
1.327770829355430449e+00 6.583483809069528014e-01
1.340686781043774811e+00 6.497286578059071616e-01
1.353728373245021821e+00 6.411678134946235952e-01
1.366896828133026487e+00 6.326623234266612883e-01
1.380193379770397355e+00 6.242155347395941245e-01
1.393619274224142002e+00 6.158321077447680425e-01
1.407175769682446731e+00 6.075095854706958898e-01
1.420864136572576708e+00 5.992421887850413187e-01
1.434685657679937831e+00 5.910455045256164386e-01
1.448641628268290127e+00 5.829090368785927456e-01
1.462733356201129986e+00 5.748374016065974645e-01
1.476962162064259898e+00 5.668016215027713578e-01
1.491329379289537682e+00 5.588925517958636124e-01
1.505836354279841416e+00 5.510245069368959747e-01
1.520484446535244283e+00 5.432185774821614022e-01
1.535275028780422657e+00 5.354863211910370069e-01
1.550209487093291205e+00 5.278199482804208920e-01
1.565289221034902312e+00 5.202214446829516170e-01
1.580515643780601165e+00 5.127004541765796120e-01
1.595890182252465817e+00 5.052442146028799375e-01
1.611414277253019778e+00 4.978621282262252756e-01
1.627089383600260675e+00 4.905511425698144690e-01
1.642916970263993193e+00 4.833118634645793832e-01
1.658898520503498064e+00 4.761485082640867228e-01
1.675035532006524441e+00 4.690552681240737209e-01
1.691329517029648732e+00 4.620347911065275093e-01
1.707782002539993016e+00 4.550893063213154455e-01
1.724394530358320354e+00 4.482182055328191583e-01
1.741168657303530987e+00 4.414192061501038267e-01
1.758105955338547632e+00 4.346963645023741440e-01
1.775208011717636092e+00 4.280473033182047304e-01
1.792476429135148930e+00 4.214703911851602758e-01
1.809912825875727105e+00 4.149694663903819025e-01
1.827518835965944666e+00 4.085437924866858195e-01
1.845296109327445366e+00 4.021934639926907362e-01
1.863246311931559873e+00 3.959146488497790051e-01
1.881371125955437096e+00 3.897098097614246637e-01
1.899672249939675650e+00 3.835806519786142399e-01
1.918151398947507635e+00 3.775277713525867496e-01
1.936810304725519849e+00 3.715449886761129084e-01
1.955650715865949074e+00 3.656370855850143431e-01
1.974674397970537454e+00 3.598019745635301914e-01
1.993883133816001019e+00 3.540407536133478583e-01
2.013278723521096492e+00 3.483388273687125225e-01
2.032862984715323673e+00 3.427382349533369399e-01
2.052637752709252084e+00 3.371950314111741842e-01
2.072604880666519822e+00 3.317227234630738542e-01
2.092766239777499759e+00 3.263230334025618018e-01
2.113123719434652603e+00 3.209962471197318479e-01
2.133679227409597701e+00 3.156993135311773058e-01
2.154434690031884259e+00 3.105518217757813892e-01
2.175392052369522489e+00 3.054343589400673187e-01
2.196553278411258248e+00 3.003858379599513295e-01
2.217920351250634692e+00 2.954099259909531705e-01
2.239495273271823184e+00 2.905009352816159685e-01
2.261280066337279404e+00 2.856242548005852866e-01
2.283276771977218012e+00 2.808862572303807426e-01
2.305487451580938707e+00 2.761794690027516985e-01
2.327914186589993051e+00 2.715399632183133072e-01
2.350559078693253756e+00 2.669661516310963267e-01
2.373424250023866033e+00 2.624586917901557404e-01
2.396511843358130278e+00 2.580145875471887007e-01
2.419824022316292567e+00 2.536357498426430324e-01
2.443362971565319341e+00 2.493209926472308158e-01
2.467130897023623426e+00 2.450309021339844018e-01
2.491130026067788439e+00 2.408793983860152699e-01
2.515362607741312928e+00 2.367524822804706885e-01
2.539830912965362675e+00 2.326858551150507992e-01
2.564537234751594674e+00 2.286816397371577159e-01
2.589483888417040802e+00 2.247361159965441391e-01
2.614673211801092023e+00 2.208505161806885997e-01
2.640107565484572927e+00 2.170229088764357994e-01
2.665789333010967876e+00 2.132549938656811694e-01
2.691720921109787668e+00 2.095439748084295950e-01
2.717904759922122881e+00 2.058902866550519073e-01
2.744343303228365283e+00 2.022913528762257107e-01
2.771039028678170535e+00 1.987493799484652546e-01
2.797994438022641805e+00 1.952623660152376373e-01
2.825212057348790218e+00 1.918287511057397976e-01
2.852694437316245057e+00 1.884492455555655532e-01
2.880444153396297668e+00 1.851227468718949776e-01
2.908463806113254169e+00 1.818495818912391204e-01
2.936756021288137397e+00 1.786263836439224151e-01
2.965323450284773621e+00 1.754560993024780191e-01
2.994168770258243573e+00 1.723349003754261199e-01
3.023294684405779531e+00 1.692628053491176121e-01
3.052703922220086241e+00 1.662416715858969773e-01
3.082399239745143404e+00 1.632683105600651885e-01
3.112383419834465759e+00 1.603421537088037530e-01
3.142659272411905569e+00 1.574632812791130210e-01
3.173229634734976212e+00 1.546310041077438024e-01
3.204097371660752813e+00 1.518454811999183918e-01
3.235265375914330388e+00 1.491046056255456997e-01
3.266736568359921655e+00 1.464081172840638323e-01
3.298513898274578082e+00 1.437559512904164893e-01
3.330600343624588788e+00 1.411471923455759059e-01
3.362998911344535991e+00 1.385814605750674278e-01
3.395712637619100693e+00 1.360579161434663786e-01
3.428744588167585317e+00 1.335757588724843237e-01
3.462097858531227423e+00 1.311337466186928147e-01
3.495775574363275240e+00 1.287331890150798797e-01
3.529780891721914671e+00 1.263734182945162599e-01
3.564116997366032269e+00 1.240500313426065593e-01
3.598787109053855460e+00 1.217676973598766643e-01
3.633794475844513094e+00 1.195223964240527126e-01
3.669142378402494131e+00 1.173158696951416974e-01
3.704834129305105694e+00 1.151453909844117468e-01
3.740873073352900313e+00 1.130112824452152720e-01
3.777262587883141176e+00 1.109125074915039283e-01
3.814006083086284082e+00 1.088497668433334176e-01
3.851107002325572903e+00 1.068219269324647697e-01
3.888568822459721019e+00 1.048283764424296910e-01
3.926395054168756449e+00 1.028682351141459589e-01
3.964589242282997805e+00 1.009406573856436173e-01
4.003154966115265445e+00 9.904670447187215176e-02
4.042095839796306045e+00 9.718497981981918943e-02
4.081415512613501662e+00 9.535482758332877729e-02
4.121117669352832635e+00 9.355526014913355393e-02
4.161206030644208020e+00 9.178689540657718193e-02
4.201684353310133346e+00 9.004877266183655693e-02
4.242556430717777438e+00 8.832622177371501904e-02
4.283826093134470270e+00 8.666128935433621561e-02
4.325497208086633627e+00 8.501068285249005485e-02
4.367573680722233398e+00 8.338874925904977975e-02
4.410059454176736615e+00 8.179487778355194749e-02
4.452958509942654963e+00 8.022814591315122201e-02
4.496274868242640110e+00 7.868872268651146140e-02
4.540012588406244554e+00 7.717539727922408110e-02
4.584175769250333765e+00 7.568860848134678632e-02
4.628768549463215365e+00 7.421688900332443217e-02
4.673795107992464004e+00 7.278707254756046352e-02
4.719259664436561863e+00 7.138387344063533424e-02
4.765166479440326341e+00 6.999469750886828934e-02
4.811519855094205766e+00 6.863258061292216994e-02
4.858324135337417360e+00 6.729410478735589618e-02
4.905583706365050922e+00 6.597891485858767280e-02
4.953302997039108924e+00 6.468681579409099602e-02
5.001486479303548727e+00 6.341734784739154474e-02
5.050138668603383785e+00 6.217006531780704809e-02
5.099264124307808288e+00 6.094459828013290559e-02
5.148867450137498025e+00 5.974078353234088534e-02
5.198953294596024399e+00 5.855808236561349522e-02
5.249526351405507718e+00 5.739463233985349355e-02
5.300591359946452030e+00 5.625448637036522398e-02
5.352153105701904501e+00 5.513260690942715231e-02
5.404216420705915347e+00 5.403152456175029650e-02
5.456786183996381823e+00 5.294973819231094808e-02
5.509867322072253160e+00 5.188664221579924324e-02
5.563464809355226137e+00 5.084274735411316998e-02
5.617583668655908191e+00 4.981634592748086787e-02
5.672228971644543094e+00 4.880979928872815343e-02
5.727405839326266346e+00 4.782036080875980144e-02
5.783119442521027054e+00 4.684893598168181350e-02
5.839375002348160315e+00 4.589425460887163605e-02
5.896177790715694478e+00 4.495690879327685074e-02
5.953533130814370189e+00 4.403375252324899514e-02
6.011446397616513337e+00 4.313228997132192294e-02
6.069923018379741464e+00 4.224434157577949822e-02
6.128968473155564034e+00 4.137248925347444817e-02
6.188588295302960063e+00 4.051515930078156830e-02
6.248788072006894012e+00 3.967542700161694191e-02
6.309573444801936049e+00 3.884990705407867506e-02
6.370950110100935149e+00 3.803926420385574797e-02
6.432923819728876502e+00 3.724270610161673628e-02
6.495500381461869033e+00 3.646201101434517339e-02
6.558685659571435345e+00 3.569444568430191200e-02
6.622485575374063238e+00 3.494084803339451983e-02
6.686906107786136921e+00 3.420115855898711588e-02
6.751953293884205287e+00 3.347501325283119139e-02
6.817633229470763112e+00 3.276205798693442722e-02
6.883952069645496330e+00 3.206150753647955126e-02
6.950916029382126382e+00 3.137521082840823150e-02
7.018531384110795912e+00 3.070072617290954889e-02
7.086804470306189430e+00 3.003639907007339682e-02
7.155741686081340980e+00 2.938912740994083922e-02
7.225349491787214085e+00 2.875139132701062458e-02
7.295634410618154320e+00 2.812527320151433918e-02
7.366603029223159460e+00 2.750901059988247396e-02
7.438261998323163482e+00 2.690819863545883955e-02
7.510618033334286459e+00 2.631656560115025120e-02
7.583677914997190683e+00 2.573551969064657996e-02
7.657448490012479958e+00 2.516611404854620510e-02
7.731936671682362316e+00 2.460708327406231979e-02
7.807149440558499798e+00 2.405863063386679684e-02
7.883093845096216690e+00 2.352021636543451255e-02
7.959777002314985417e+00 2.299209635174602126e-02
8.037206098465421888e+00 2.247400087887647946e-02
8.115388389702712146e+00 2.196569843773409081e-02
8.194331202766655053e+00 2.146706572684668052e-02
8.274041935668218883e+00 2.097812813338134283e-02
8.354528058382872047e+00 2.049814266179973005e-02
8.435797113550611570e+00 2.002763180718359834e-02
8.517856717182803905e+00 1.956592684411596894e-02
8.600714559375941093e+00 1.911323323095141455e-02
8.684378405032257220e+00 1.866922973836723440e-02
8.768856094587436090e+00 1.823386010325845144e-02
8.854155544745349715e+00 1.780694943981922865e-02
8.940284749219998162e+00 1.738827358454202859e-02
9.027251779484577909e+00 1.697779251455580271e-02
9.115064785527916769e+00 1.657530656993588120e-02
9.203731996618220279e+00 1.618083361087518587e-02
9.293261722074316111e+00 1.579398020842380512e-02
9.383662352044273902e+00 1.541481452743547267e-02
9.474942358291729150e+00 1.504332612214566781e-02
9.567110294989774388e+00 1.467884685374829835e-02
9.660174799522645017e+00 1.432178479118995269e-02
9.754144593295098531e+00 1.397191025243742397e-02
9.849028482549766039e+00 1.362897214134524242e-02
9.944835359192397917e+00 1.329296122573414042e-02
1.004157420162519543e+01 1.296363667764978411e-02
1.013925407558815373e+01 1.264114761791906676e-02
1.023788413500867378e+01 1.232524813151107505e-02
1.033747362285940774e+01 1.201554634114677944e-02
1.043803187202444072e+01 1.171229729251132418e-02
1.053956830617394580e+01 1.141529721387320867e-02
1.064209244064724658e+01 1.112434357001616803e-02
1.074561388334458023e+01 1.083992845724200335e-02
1.085014233562746178e+01 1.056048528269750222e-02
1.095568759322787855e+01 1.028730416026406649e-02
1.106225954716621906e+01 1.001987445501766744e-02
1.116986818467823817e+01 9.757965453371417186e-03
1.127852359015096795e+01 9.501771507996737559e-03
1.138823594606782130e+01 9.250762834272778512e-03
1.149901553396274245e+01 9.005143608790740217e-03
1.161087273538378994e+01 8.764812935825844198e-03
1.172381803286598512e+01 8.529222552710866156e-03
1.183786201091373513e+01 8.299455208132078265e-03
1.195301535699265827e+01 8.074300015202866276e-03
1.206928886253119870e+01 7.853651706092179205e-03
1.218669342393191712e+01 7.638558070546254755e-03
1.230524004359261525e+01 7.427855113809196143e-03
1.242493983093746479e+01 7.221411365697889134e-03
1.254580400345803248e+01 7.020036281701644981e-03
1.266784388776455827e+01 6.823083343370728304e-03
1.279107092064739781e+01 6.630305047394174922e-03
1.291549665014884063e+01 6.442043986269635134e-03
1.304113273664525430e+01 6.257794642223404348e-03
1.316799095393986185e+01 6.077977781646860984e-03
1.329608319036608854e+01 5.901974310721543049e-03
1.342542144990170527e+01 5.730123632693642430e-03
1.355601785329368880e+01 5.562542423531929327e-03
1.368788463919415221e+01 5.398197828938512861e-03
1.382103416530724438e+01 5.237976576711434774e-03
1.395547890954729020e+01 5.081514181753096597e-03
1.409123147120805619e+01 4.928920597553154356e-03
1.422830457214353395e+01 4.779485628662103261e-03
1.436671105796013137e+01 4.633877930160330491e-03
1.450646389922046886e+01 4.491709172465876629e-03
1.464757619265895272e+01 4.352926200088665272e-03
1.479006116240903168e+01 4.217565885249438366e-03
1.493393216124253264e+01 4.085386750941152889e-03
1.507920267182097263e+01 3.956628944796286573e-03
1.522588630795911513e+01 3.830796240502462157e-03
1.537399681590069456e+01 3.708282007191571802e-03
1.552354807560667105e+01 3.588651160714059676e-03
1.567455410205595001e+01 3.472100037981537286e-03
1.582702904655883280e+01 3.358444727129321957e-03
1.598098719808309376e+01 3.247737303742264953e-03
1.613644298459311699e+01 3.139831473084286201e-03
1.629341097440194730e+01 3.034706044520467470e-03
1.645190587753662470e+01 2.932160260819546577e-03
1.661194254711659113e+01 2.832492433568639147e-03
1.677353598074571295e+01 2.735433470844940516e-03
1.693670132191772026e+01 2.640796889324933516e-03
1.710145386143542012e+01 2.548786768922902280e-03
1.726780903884355922e+01 2.458928636005302225e-03
1.743578244387577669e+01 2.372025729760128890e-03
1.760538981791556523e+01 2.287152089213067251e-03
1.777664705547142532e+01 2.204765392901226768e-03
1.794957020566648254e+01 2.124572940064020036e-03
1.812417547374237614e+01 2.046623148473918942e-03
1.830047922257800863e+01 1.970828648695423756e-03
1.847849797422290763e+01 1.897122788278867963e-03
1.865824841144566193e+01 1.825661278882479950e-03
1.883974737929719367e+01 1.756177222049834724e-03
1.902301188668945642e+01 1.688755285273540584e-03
1.920805910798935301e+01 1.623232401212899769e-03
1.939490638462828542e+01 1.559618658581669480e-03
1.958357122672716955e+01 1.497975995866695446e-03
1.977407131473744428e+01 1.438188900527830657e-03
1.996642450109793288e+01 1.380149854893774914e-03
2.016064881190793656e+01 1.323861797740544591e-03
2.035676244861640072e+01 1.269367151833838882e-03
2.055478378972772546e+01 1.216534598970183583e-03
2.075473139252405730e+01 1.165478721420178543e-03
2.095662399480432825e+01 1.115827302098431131e-03
2.116048051664034446e+01 1.067865207620531968e-03
2.136632006214970403e+01 1.021451725271045954e-03
2.157416192128621546e+01 9.765627496319537800e-04
2.178402557164756459e+01 9.331473360056588996e-04
2.199593068030074861e+01 8.911819773656106487e-04
2.220989710562497521e+01 8.506173548402032455e-04
2.242594489917278011e+01 8.114565734736582138e-04
2.264409430754907504e+01 7.736206695076238565e-04
2.286436577430861306e+01 7.371054314946410679e-04
2.308677994187169702e+01 7.018786952284664484e-04
2.331135765345874944e+01 6.678986238928140331e-04
2.353811995504354471e+01 6.351503559489269247e-04
2.376708809732560823e+01 6.035925879039156713e-04
2.399828353772154799e+01 5.731990455435492229e-04
2.423172794237600769e+01 5.439397523712394310e-04
2.446744318819203201e+01 5.157852726355105716e-04
2.470545136488123816e+01 4.887115949388865302e-04
2.494577477703398571e+01 4.626910443732517014e-04
2.518843594620949489e+01 4.376869407008377659e-04
2.543345761304651020e+01 4.136770865093653080e-04
2.568086273939435316e+01 3.906439834088784526e-04
2.593067451046487548e+01 3.685482863460310971e-04
2.618291633700505372e+01 3.473780459691558028e-04
2.643761185749101372e+01 3.270963781310455456e-04
2.669478494034320804e+01 3.076816262312048289e-04
2.695445968616333587e+01 2.891178981471988424e-04
2.721666042999271795e+01 2.713693068680729818e-04
2.748141174359293259e+01 2.544199042462250214e-04
2.774873843774846804e+01 2.382440659706773847e-04
2.801866556459195223e+01 2.228164604535708094e-04
2.829121841995168651e+01 2.081178043169315658e-04
2.856642254572233952e+01 1.941228467089312082e-04
2.884430373225852051e+01 1.808175213594430039e-04
2.912488802079168337e+01 1.681736461469171442e-04
2.940820170587063842e+01 1.561727966402769066e-04
2.969427133782552986e+01 1.447872544959924847e-04
2.998312372525609959e+01 1.340092326520562409e-04
3.027478593754393543e+01 1.238140987986915628e-04
3.056928530738937155e+01 1.141734143448765306e-04
3.086664943337274636e+01 1.050860024632558530e-04
3.116690618254088463e+01 9.650839528757601917e-05
3.147008369301855879e+01 8.844165668561501377e-05
3.177621037664554038e+01 8.085827107280304290e-05
3.208531492163897525e+01 7.374859182282490419e-05
3.239742629528198847e+01 6.708114711600181171e-05
3.271257374663825601e+01 6.085262622816047949e-05
3.303078680929315425e+01 5.504198941528944160e-05
3.335209530412127066e+01 4.962106569662730842e-05
3.367652934208116022e+01 4.459972547509477732e-05
3.400411932703705986e+01 3.993007001586051274e-05
3.433489595860830690e+01 3.561562903560046034e-05
3.466889023504609213e+01 3.163349810497926022e-05
3.500613345613854221e+01 2.797384825011239794e-05
3.534665722614391115e+01 2.461578810002295576e-05
3.569049345675229290e+01 2.154716419168583701e-05
3.603767437007633134e+01 1.875338885086218625e-05
3.638823250167062184e+01 1.622108786771500903e-05
3.674220070358090595e+01 1.393210563729411355e-05
3.709961214742267543e+01 1.187570146697683279e-05
3.746050032748993175e+01 1.003673115643646668e-05
3.782489906389385936e+01 8.404529510018393600e-06
3.819284250573236505e+01 6.963072117465844249e-06
3.856436513429023449e+01 5.699932881603168352e-06
3.893950176627063087e+01 4.602425435231129262e-06
3.931828755705770106e+01 3.658796027435337778e-06
3.970075800401124155e+01 2.855748679991141744e-06
4.008694894979318946e+01 2.181863708710319588e-06
4.047689658572676308e+01 1.624898701081377365e-06
4.087063745518780422e+01 1.172769086928050489e-06
4.126820845702955864e+01 8.145275855368112626e-07
4.166964684904057492e+01 5.386341060594807364e-07
4.207499025143619065e+01 3.339467688363960379e-07
4.248427665038425260e+01 1.894895962250156011e-07
4.289754440156466586e+01 9.352507207832648178e-08
4.331483223376402947e+01 3.756884090362786298e-08
4.373617925250492533e+01 1.029013592860950738e-08
4.416162494371084790e+01 0.000000000000000000e+00
