1.000000000000000021e-02 1.923065560913948424e+00
1.009727545900835841e-02 1.923061641112517428e+00
1.019549716950923779e-02 1.923057626869374204e+00
1.029467433620748044e-02 1.923053514915745499e+00
1.039481625334708927e-02 1.923051136834392105e+00
1.049593230558227772e-02 1.923046289472344572e+00
1.059803196885688789e-02 1.923040083015706392e+00
1.070112481129246833e-02 1.923035586542572561e+00
1.080522049408488318e-02 1.923030993745933337e+00
1.091032877240974419e-02 1.923026861437358015e+00
1.101645949633656314e-02 1.923022088692154741e+00
1.112362261175187626e-02 1.923017219688094803e+00
1.123182816129126085e-02 1.923012247165268862e+00
1.134108628528052165e-02 1.923007171365249013e+00
1.145140722268592030e-02 1.923001978108572985e+00
1.156280131207376022e-02 1.922996655546428624e+00
1.167527899257919492e-02 1.922991235735445503e+00
1.178885080488457221e-02 1.922985678082692163e+00
1.190352739220719262e-02 1.922979988141520380e+00
1.201931950129673729e-02 1.922974191858242143e+00
1.213623798344241195e-02 1.922968287820768341e+00
1.225429379548980714e-02 1.922962273791271937e+00
1.237349800086776086e-02 1.922956123978461607e+00
1.249386177062509519e-02 1.922949864994495828e+00
1.261539638447754796e-02 1.922943483093023875e+00
1.273811323186478488e-02 1.922936969662491391e+00
1.286202381301779218e-02 1.922930439639718214e+00
1.298713974003655978e-02 1.922923788624412156e+00
1.311347273797833224e-02 1.922916971131543029e+00
1.324103464595636874e-02 1.922910012155055304e+00
1.336983741824946531e-02 1.922902935107402511e+00
1.349989312542219239e-02 1.922895695383180170e+00
1.363121395545611320e-02 1.922888281982149561e+00
1.376381221489191876e-02 1.922880763044496844e+00
1.389770032998276401e-02 1.922873100201301533e+00
1.403289084785873213e-02 1.922865333014056821e+00
1.416939643770268736e-02 1.922857589170833270e+00
1.430722989193757184e-02 1.922849615166872805e+00
1.444640412742520530e-02 1.922841568187108940e+00
1.458693218667675602e-02 1.922833321862792211e+00
1.472882723907502529e-02 1.922824891494155697e+00
1.487210258210860774e-02 1.922816195751664514e+00
1.501677164261799868e-02 1.922807536118305904e+00
1.516284797805393485e-02 1.922798713090563272e+00
1.531034527774784160e-02 1.922793859314259279e+00
1.545927736419477720e-02 1.922780679121490310e+00
1.560965819434872483e-02 1.922771368371423595e+00
1.576150186093060873e-02 1.922761861998659505e+00
1.591482259374891323e-02 1.922752120157548150e+00
1.606963476103326349e-02 1.922742224856483384e+00
1.622595287078087284e-02 1.922732217084085038e+00
1.638379157211618947e-02 1.922722105470040965e+00
1.654316565666366645e-02 1.922711774955146113e+00
1.670409005993399310e-02 1.922701213355606953e+00
1.686657986272368723e-02 1.922690434502200674e+00
1.703065029252844378e-02 1.922679469938047614e+00
1.719631672497009753e-02 1.922668376303881654e+00
1.736359468523754335e-02 1.922656951088376864e+00
1.753249984954170088e-02 1.922644834620048426e+00
1.770304804658450262e-02 1.922633383399242835e+00
1.787525525904235316e-02 1.922621231548337750e+00
1.804913762506383731e-02 1.922608872994338913e+00
1.822471143978214581e-02 1.922596389319484178e+00
1.840199315684210371e-02 1.922583376719004811e+00
1.858099938994215231e-02 1.922570145597638280e+00
1.876174691439120440e-02 1.922556830910599368e+00
1.894425266868081034e-02 1.922541206424930982e+00
1.912853375607242307e-02 1.922527039457621045e+00
1.931460744620030340e-02 1.922512549662376946e+00
1.950249117668984011e-02 1.922497742810650001e+00
1.969220255479172538e-02 1.922482542845284303e+00
1.988375935903200636e-02 1.922467176783475340e+00
2.007717954087816226e-02 1.922451530585508772e+00
2.027248122642137662e-02 1.922435682694721537e+00
2.046968271807520987e-02 1.922420222685399027e+00
2.066880249629082095e-02 1.922403602824316327e+00
2.086985922128879734e-02 1.922386771033940400e+00
2.107287173480786382e-02 1.922369675326805361e+00
2.127785906187062287e-02 1.922350972330330032e+00
2.148484041256648255e-02 1.922333659815392393e+00
2.169383518385184506e-02 1.922314643260167433e+00
2.190486296136792688e-02 1.922295961600596126e+00
2.211794352127614133e-02 1.922276883130408009e+00
2.233309683211144592e-02 1.922257713129004619e+00
2.255034305665360936e-02 1.922238032733774471e+00
2.276970255381680075e-02 1.922217998675034956e+00
2.299119588055741764e-02 1.922197590341476747e+00
2.321484379380064564e-02 1.922176701724572556e+00
2.344066725238556220e-02 1.922155861453180181e+00
2.366868741902936057e-02 1.922134052987228614e+00
2.389892566231050300e-02 1.922112004911223915e+00
2.413140355867127856e-02 1.922089590155027672e+00
2.436614289443983158e-02 1.922066335270609105e+00
2.460316566787181664e-02 1.922051755776181814e+00
2.484249409121190577e-02 1.921935181417795846e+00
2.508415059277539771e-02 1.921999273133134567e+00
2.532815781905008515e-02 1.921970056928017145e+00
2.557453863681850847e-02 1.921944647876822510e+00
2.582331613530085626e-02 1.921918754696939846e+00
2.607451362831877603e-02 1.921890127306326468e+00
2.632815465648021339e-02 1.921863122418029368e+00
2.658426298938541474e-02 1.921835379851962733e+00
2.684286262785454819e-02 1.921806418971473196e+00
2.710397780617682106e-02 1.921778288257509848e+00
2.736763299438163891e-02 1.921752655075575245e+00
2.763385290053169824e-02 1.921723026213662644e+00
2.790266247303856487e-02 1.921689296872621355e+00
2.817408690300057458e-02 1.921658569180339837e+00
2.844815162656363222e-02 1.921627413581264987e+00
2.872488232730495070e-02 1.921595902256313826e+00
2.900430493863991738e-02 1.921563720140170739e+00
2.928644564625237229e-02 1.921530884112685023e+00
2.957133089054861039e-02 1.921497333316091183e+00
2.985898736913520854e-02 1.921463115751105732e+00
3.014944203932094433e-02 1.921428373348925023e+00
3.044272212064302874e-02 1.921392931584262831e+00
3.073885509741795460e-02 1.921356724385936410e+00
3.103786872131722788e-02 1.921319912547288622e+00
3.133979101396793671e-02 1.921282233948103046e+00
3.164465026957891114e-02 1.921243791585842020e+00
3.195247505759213347e-02 1.921204708737543454e+00
3.226329422536015901e-02 1.921164593004649257e+00
3.257713690084949876e-02 1.921123702398772171e+00
3.289403249537032475e-02 1.921082138553761087e+00
3.321401070633261954e-02 1.921039486258484752e+00
3.353710152002930406e-02 1.920996014570564459e+00
3.386333521444636480e-02 1.920951557056676640e+00
3.419274236210027851e-02 1.920906160633385484e+00
3.452535383290306070e-02 1.920859719784380637e+00
3.486120079705520153e-02 1.920812420233551698e+00
3.520031472796678745e-02 1.920764215887676540e+00
3.554272740520694751e-02 1.920714960479640743e+00
3.588847091748199186e-02 1.920664948673417305e+00
3.623757766564258964e-02 1.920613988811264328e+00
3.659008036572020811e-02 1.920561762076292256e+00
3.694601205199302130e-02 1.920508660100275433e+00
3.730540608008161424e-02 1.920454201852232590e+00
3.766829613007490613e-02 1.920398493409328555e+00
3.803471620968648659e-02 1.920339670959701817e+00
3.840470065744145539e-02 1.920282170920463827e+00
3.877828414589457040e-02 1.920223127692628040e+00
3.915550168487941241e-02 1.920165150939475485e+00
3.953638862478930927e-02 1.920101741803687201e+00
3.992098065989020672e-02 1.920042078449998746e+00
4.030931383166566628e-02 1.919979282285847466e+00
4.070142453219438572e-02 1.919916050686982345e+00
4.109734950756069316e-02 1.919851447421499602e+00
4.149712586129815362e-02 1.919785471978699087e+00
4.190079105786669034e-02 1.919718031982265760e+00
4.230838292616342228e-02 1.919650242902368076e+00
4.271993966306778662e-02 1.919578520471443062e+00
4.313549983702118923e-02 1.919506903362043548e+00
4.355510239164130798e-02 1.919432523664456269e+00
4.397878664937160398e-02 1.919357409715882756e+00
4.440659231516640160e-02 1.919280157166642686e+00
4.483855948021186338e-02 1.919201505699867916e+00
4.527472862568297785e-02 1.919121493374243759e+00
4.571514062653719151e-02 1.919040321497047730e+00
4.615983675534499064e-02 1.918956665327803623e+00
4.660885868615767536e-02 1.918873185572956608e+00
4.706224849841281199e-02 1.918788257236603956e+00
4.752004868087766204e-02 1.918701359654293670e+00
4.798230213563085128e-02 1.918613112721225145e+00
4.844905218208294534e-02 1.918522585030738359e+00
4.892034256103611894e-02 1.918430348747004466e+00
4.939621743878321036e-02 1.918336126047667456e+00
4.987672141124663283e-02 1.918240022225237373e+00
5.036189950815770505e-02 1.918143389743037774e+00
5.085179719727656034e-02 1.918043371435678601e+00
5.134646038865306461e-02 1.917941287706186326e+00
5.184593543892913187e-02 1.917837130102270304e+00
5.235026915568305461e-02 1.917731259041880909e+00
5.285950880181603667e-02 1.917623104729032857e+00
5.337370209998133774e-02 1.917512467455918745e+00
5.389289723705643909e-02 1.917400030701148061e+00
5.441714286865893119e-02 1.917285945885228937e+00
5.494648812370611646e-02 1.917169690590608155e+00
5.548098260901916656e-02 1.917050591249125135e+00
5.602067641397187603e-02 1.916929229154223702e+00
5.656562011518465050e-02 1.916805516233938134e+00
5.711586478126431943e-02 1.916678952093632260e+00
5.767146197758996756e-02 1.916549845075777636e+00
5.823246377114527778e-02 1.916417936033968372e+00
5.879892273539785025e-02 1.916283767667443794e+00
5.937089195522609469e-02 1.916147601832838276e+00
5.994842503189409116e-02 1.916008787414577919e+00
6.053157608807464840e-02 1.915867106972185541e+00
6.112039977292132997e-02 1.915720243076512563e+00
6.171495126718981594e-02 1.915573215559188469e+00
6.231528628840921763e-02 1.915423278905693971e+00
6.292146109610344262e-02 1.915270614909928337e+00
6.353353249706343575e-02 1.915115651439824873e+00
6.415155785067082339e-02 1.914955450805176040e+00
6.477559507427335661e-02 1.914793181271242872e+00
6.540570264861225724e-02 1.914629764632330700e+00
6.604193962330305590e-02 1.914461113979565532e+00
6.668436562236895737e-02 1.914289469259151222e+00
6.733304084982863480e-02 1.914111888363600134e+00
6.798802609533814711e-02 1.913934132044424974e+00
6.864938273988777095e-02 1.913753063916931785e+00
6.931717276155408003e-02 1.913567900078892769e+00
6.999145874130821565e-02 1.913382672229923642e+00
7.067230386888070925e-02 1.913190900428917374e+00
7.135977194868306506e-02 1.912994931190024506e+00
7.205392740578704658e-02 1.912794442078651347e+00
7.275483529196229149e-02 1.912591072591406371e+00
7.346256129177256011e-02 1.912380719058100809e+00
7.417717172873124210e-02 1.912169724005428950e+00
7.489873357151664857e-02 1.911954581903836603e+00
7.562731444024800576e-02 1.911734379050679999e+00
7.636298261282241373e-02 1.911509459544692424e+00
7.710580703131336699e-02 1.911280262826901666e+00
7.785585730843146146e-02 1.911049698292518473e+00
7.861320373404813433e-02 1.910808339122149535e+00
7.937791728178281159e-02 1.910568102352442788e+00
8.015006961565404597e-02 1.910324309625079486e+00
8.092973309679550586e-02 1.910071689421859675e+00
8.171698079023696770e-02 1.909813970311375675e+00
8.251188647175167201e-02 1.909551192191138114e+00
8.331452463477014014e-02 1.909283103941104454e+00
8.412497049736118726e-02 1.909009611079364177e+00
8.494330000928071445e-02 1.908736811767833164e+00
8.576958985908941790e-02 1.908454870137529014e+00
8.660391748133952627e-02 1.908167127877222535e+00
8.744636106383144036e-02 1.907874279769178560e+00
8.829699955494091368e-02 1.907576053484349110e+00
8.915591267101763417e-02 1.907271594430316908e+00
9.002318090385581784e-02 1.906961275502223607e+00
9.089888552823731371e-02 1.906646069113213438e+00
9.178310860954806694e-02 1.906322969461097250e+00
9.267593301146882789e-02 1.905994617944735792e+00
9.357744240374062106e-02 1.905660083784176617e+00
9.448772127000577836e-02 1.905314634415008257e+00
9.540685491572513388e-02 1.904966958983262071e+00
9.633492947617222635e-02 1.904614811632730165e+00
9.727203192450542546e-02 1.904252282282300035e+00
9.821825007991856482e-02 1.903883557220867662e+00
9.917367261587073379e-02 1.903507327852751008e+00
1.001383890683960748e-01 1.903124325874543832e+00
1.011124898444945991e-01 1.902734215578543386e+00
1.020960662306047012e-01 1.902336249962438774e+00
1.030892104011576216e-01 1.901930915009095724e+00
1.040920154272158005e-01 1.901519489485924863e+00
1.051045752851944987e-01 1.901097697197766223e+00
1.061269848656690717e-01 1.900667897154542318e+00
1.071593399822671072e-01 1.900232059171557797e+00
1.082017373806478805e-01 1.899786798665419552e+00
1.092542747475682557e-01 1.899334134449068179e+00
1.103170507200377515e-01 1.898870631299906853e+00
1.113901648945616746e-01 1.898399794825760933e+00
1.124737178364751955e-01 1.897920183822256357e+00
1.135678110893671017e-01 1.897431350073473189e+00
1.146725471845963656e-01 1.896932781559661718e+00
1.157880296509002094e-01 1.896423324871945759e+00
1.169143630240966764e-01 1.895905097904366343e+00
1.180516528568804902e-01 1.895376133273689812e+00
1.192000057287153220e-01 1.894837062798219618e+00
1.203595292558212876e-01 1.894288421493404373e+00
1.215303321012602134e-01 1.893729225414304107e+00
1.227125239851190319e-01 1.893159622954370347e+00
1.239062156947916271e-01 1.892580830390367064e+00
1.251115190953615564e-01 1.891992023006248136e+00
1.263285471400849291e-01 1.891391686587846843e+00
1.275574138809759950e-01 1.890777172428348862e+00
1.287982344794950385e-01 1.890152060640424736e+00
1.300511252173409127e-01 1.889515332155480287e+00
1.313162035073478784e-01 1.888867047392492227e+00
1.325935879044890797e-01 1.888201797600531640e+00
1.338833981169864351e-01 1.887530866597794121e+00
1.351857550175293021e-01 1.886844719939559045e+00
1.365007806546013891e-01 1.886145883475933926e+00
1.378285982639189389e-01 1.885432006679724770e+00
1.391693322799789911e-01 1.884706021965673939e+00
1.405231083477211373e-01 1.883966127060081375e+00
1.418900533343016301e-01 1.883212304887159849e+00
1.432702953409830948e-01 1.882445120768955427e+00
1.446639637151387880e-01 1.881662545026103528e+00
1.460711890623745679e-01 1.880866047493751303e+00
1.474921032587684921e-01 1.880053620723404428e+00
1.489268394632288772e-01 1.879226819134009574e+00
1.503755321299738434e-01 1.878383943820515434e+00
1.518383170211306810e-01 1.877526232445350551e+00
1.533153312194593942e-01 1.876652492153411345e+00
1.548067131411984265e-01 1.875762395910165026e+00
1.563126025490369497e-01 1.874855119097696532e+00
1.578331405652117214e-01 1.873930516100881905e+00
1.593684696847328941e-01 1.872987843952088394e+00
1.609187337887370006e-01 1.872030677918702146e+00
1.624840781579713067e-01 1.871052614538965875e+00
1.640646494864078653e-01 1.870059516877893513e+00
1.656605958949914359e-01 1.869048765837531656e+00
1.672720669455196874e-01 1.868017669645195111e+00
1.688992136546599021e-01 1.866964642785212014e+00
1.705421885081006561e-01 1.865894228977234892e+00
1.722011454748421100e-01 1.864803410433235831e+00
1.738762400216251336e-01 1.863694524840294520e+00
1.755676291275001522e-01 1.862565006014080371e+00
1.772754712985387948e-01 1.861414057734896099e+00
1.789999265826875408e-01 1.860239501569024290e+00
1.807411565847668600e-01 1.859044092000436077e+00
1.824993244816152382e-01 1.857830179645244550e+00
1.842745950373816666e-01 1.856593731782562262e+00
1.860671346189656239e-01 1.855333190807392008e+00
1.878771112116086051e-01 1.854048483218442955e+00
1.897046944346358344e-01 1.852742193646427449e+00
1.915500555573527997e-01 1.851409988715110089e+00
1.934133675150944698e-01 1.850053671208931716e+00
1.952948049254327745e-01 1.848676668072454232e+00
1.971945441045395986e-01 1.847270495576737837e+00
1.991127630837108697e-01 1.845840954701569947e+00
2.010496416260497965e-01 1.844386841568463886e+00
2.030053612433137811e-01 1.842905786592050399e+00
2.049801052129238688e-01 1.841393764847630843e+00
2.069740585951406198e-01 1.839858078212809556e+00
2.089874082504071251e-01 1.838295448770995044e+00
2.110203428568595552e-01 1.836705640311734333e+00
2.130730529280097374e-01 1.835086168510742910e+00
2.151457308305980698e-01 1.833438228121968772e+00
2.172385708026215445e-01 1.831757527258516260e+00
2.193517689715359098e-01 1.830048619316213987e+00
2.214855233726360506e-01 1.828311967666994331e+00
2.236400339676138660e-01 1.826545704297186878e+00
2.258155026632983065e-01 1.824746426283317291e+00
2.280121333305757114e-01 1.822909756500096901e+00
2.302301318234963867e-01 1.821043293989037526e+00
2.324697059985647851e-01 1.819150177050859352e+00
2.347310657342196183e-01 1.817221534496196833e+00
2.370144229505012079e-01 1.815254705743532870e+00
2.393199916289123208e-01 1.813252787807059008e+00
2.416479878324700736e-01 1.811223276458327369e+00
2.439986297259550130e-01 1.809154648729014658e+00
2.463721375963552895e-01 1.807049507672253252e+00
2.487687338735107279e-01 1.804908464535225132e+00
2.511886431509580686e-01 1.802730064032859403e+00
2.536320922069775774e-01 1.800515026477808700e+00
2.560993100258459609e-01 1.798261309684174414e+00
2.585905278192945911e-01 1.795969372677501896e+00
2.611059790481781162e-01 1.793636988532376852e+00
2.636458994443517945e-01 1.791265116814312330e+00
2.662105270327638773e-01 1.788853437700051563e+00
2.688001021537606006e-01 1.786401497310904807e+00
2.714148674856106669e-01 1.783908876188097459e+00
2.740550680672460548e-01 1.781372461075433122e+00
2.767209513212268712e-01 1.778790141160910387e+00
2.794127670769268601e-01 1.776168693165685930e+00
2.821307675939472293e-01 1.773507323461346319e+00
2.848752075857552413e-01 1.770797519486472016e+00
2.876463442435557849e-01 1.768041424386635141e+00
2.904444372603925406e-01 1.765241278164926486e+00
2.932697488554852905e-01 1.762393344960897723e+00
2.961225437988035947e-01 1.759500913831263391e+00
2.990030894358785551e-01 1.756559307433608774e+00
3.019116557128577738e-01 1.753570275772167175e+00
3.048485152018017286e-01 1.750532409489285124e+00
3.078139431262288950e-01 1.747446484758241381e+00
3.108082173869063936e-01 1.744309449543978374e+00
3.138316185878944342e-01 1.741120460238902545e+00
3.168844300628416155e-01 1.737882918651611375e+00
3.199669379015380732e-01 1.734593081194011788e+00
3.230794309767249795e-01 1.731248589058171250e+00
3.262222009711669979e-01 1.727856467868276180e+00
3.293955424049855307e-01 1.724407075464820416e+00
3.325997526632606949e-01 1.720903532182689766e+00
3.358351320238990301e-01 1.717346371354580903e+00
3.391019836857747105e-01 1.713734382371572051e+00
3.424006137971423724e-01 1.710063593908241808e+00
3.457313314843284413e-01 1.706339432660157973e+00
3.490944488806992929e-01 1.702557041172748642e+00
3.524902811559130766e-01 1.698717353873933522e+00
3.559191465454557002e-01 1.694816454292453090e+00
3.593813663804627523e-01 1.690856425761840587e+00
3.628772651178337472e-01 1.686840736728051127e+00
3.664071703706370808e-01 1.682763376161321212e+00
3.699714129388128048e-01 1.678623840075988305e+00
3.735703268401719401e-01 1.674425270123059972e+00
3.772042493416999376e-01 1.670165198590031430e+00
3.808735209911614517e-01 1.665838849000165434e+00
3.845784856490158665e-01 1.661456843835577679e+00
3.883194905206404091e-01 1.657005001485942319e+00
3.920968861888690649e-01 1.652491086606257431e+00
3.959110266468458539e-01 1.647907257896677802e+00
3.997622693312000708e-01 1.643293481734844574e+00
4.036509751555413805e-01 1.638559161456020652e+00
4.075775085442840395e-01 1.633783384439918107e+00
4.115422374667966343e-01 1.629001206749067343e+00
4.155455334718875515e-01 1.624032391745025450e+00
4.195877717226225712e-01 1.619054926375023795e+00
4.236693310314835759e-01 1.614010879474062854e+00
4.277905938958687093e-01 1.608900180421756865e+00
4.319519465339363706e-01 1.603720449865011499e+00
4.361537789208005944e-01 1.598467118831077283e+00
4.403964848250754294e-01 1.593148029037582791e+00
4.446804618457780300e-01 1.587759787678636236e+00
4.490061114495874639e-01 1.582299654863472682e+00
4.533738390084691150e-01 1.576769242561921081e+00
4.577840538376618529e-01 1.571164633222410290e+00
4.622371692340384031e-01 1.565496908639065765e+00
4.667336025148346446e-01 1.559757423208840477e+00
4.712737750567601580e-01 1.553940291264625406e+00
4.758581123354846953e-01 1.548050052781297037e+00
4.804870439655131720e-01 1.542092000974036869e+00
4.851610037404442966e-01 1.536064073940204500e+00
4.898804296736250508e-01 1.529960583022133225e+00
4.946457640391963562e-01 1.523783435359489014e+00
4.994574534135413635e-01 1.517535530197200666e+00
5.043159487171361421e-01 1.511213894329454410e+00
5.092217052568053237e-01 1.504821384870552947e+00
5.141751827683928022e-01 1.498354262954062710e+00
5.191768454598426619e-01 1.491817671885770524e+00
5.242271620547044320e-01 1.485203473533812435e+00
5.293266058360561743e-01 1.478520043120883143e+00
5.344756546908600026e-01 1.471764476155965173e+00
5.396747911547442600e-01 1.464931405074579862e+00
5.449245024572260121e-01 1.458037389615955304e+00
5.502252805673685243e-01 1.451058621162961471e+00
5.555776222398878250e-01 1.444014892572541120e+00
5.609820290617031358e-01 1.436899081679155810e+00
5.664390074989449353e-01 1.429709774582787363e+00
5.719490689444144405e-01 1.422452301497006966e+00
5.775127297655114900e-01 1.415118112698132036e+00
5.831305113526221717e-01 1.407722697411187163e+00
5.888029401679826247e-01 1.400249807336425123e+00
5.945305477950136863e-01 1.392712836595257686e+00
6.003138709881384871e-01 1.385106210876264621e+00
6.061534517230839914e-01 1.377425740014982303e+00
6.120498372476699256e-01 1.369684301287386274e+00
6.180035801330957534e-01 1.361873931078000588e+00
6.240152383257209223e-01 1.353997406064569420e+00
6.300853751993553686e-01 1.346051645964680077e+00
6.362145596080520660e-01 1.338044930805857735e+00
6.424033659394193796e-01 1.329971661972007890e+00
6.486523741684461219e-01 1.321834103277505834e+00
6.549621699118558515e-01 1.313637905178609566e+00
6.613333444829840868e-01 1.305375830680367777e+00
6.677664949471955325e-01 1.297054151461693783e+00
6.742622241778342129e-01 1.288673477135042766e+00
6.808211409127237213e-01 1.280234033485643685e+00
6.874438598112112553e-01 1.271735379943831790e+00
6.941310015117725385e-01 1.263181300821591302e+00
7.008831926901714082e-01 1.254571499803180945e+00
7.077010661181889484e-01 1.245903801128095845e+00
7.145852607229240538e-01 1.237189918249185450e+00
7.215364216466665370e-01 1.228419768165982529e+00
7.285552003073593186e-01 1.219593775739808539e+00
7.356422544596413760e-01 1.210725704469223007e+00
7.427982482564918776e-01 1.201803757260477612e+00
7.500238523114668432e-01 1.192840782426450197e+00
7.573197437615483141e-01 1.183827917718444755e+00
7.646866063305975958e-01 1.174771606385722533e+00
7.721251303934327792e-01 1.165673341507764915e+00
7.796360130405233235e-01 1.156533577207845553e+00
7.872199581433195759e-01 1.147358434541071448e+00
7.948776764202123424e-01 1.138139772781849413e+00
8.026098855031396084e-01 1.128886898569468222e+00
8.104173100048355227e-01 1.119597433726723379e+00
8.183006815867394090e-01 1.110275601539623347e+00
8.262607390275591435e-01 1.100924828299212566e+00
8.342982282925082149e-01 1.091544135152969774e+00
8.424139026032094746e-01 1.082132028778965083e+00
8.506085225082840040e-01 1.072694751807834690e+00
8.588828559546254349e-01 1.063233535313952371e+00
8.672376783593644944e-01 1.053749527233549976e+00
8.756737726825394308e-01 1.044246372593687910e+00
8.841919295004664336e-01 1.034722029245077168e+00
8.927929470798307010e-01 1.025179840742044268e+00
9.014776314524917122e-01 1.015626048149594896e+00
9.102467964910225806e-01 1.006055443826174400e+00
9.191012639849772681e-01 9.964714795420421822e-01
9.280418637179072006e-01 9.868821200275326166e-01
9.370694335451198453e-01 9.772823163741570784e-01
9.461848194722002336e-01 9.676784140300553894e-01
9.553888757342895444e-01 9.580677575349575426e-01
9.646824648761427312e-01 9.484590892552963171e-01
9.740664578329562007e-01 9.388464923781029148e-01
9.835417340119908536e-01 9.292393137069188125e-01
9.931091813749796104e-01 9.196322395208941236e-01
1.002769696521346621e+00 9.100324138933494345e-01
1.012524184772224167e+00 9.004406013983725643e-01
1.022373560255302127e+00 8.908572070434334078e-01
1.032318745990486564e+00 8.812878787292172111e-01
1.042360673976402197e+00 8.717287520558381075e-01
1.052500285277732761e+00 8.621850154993562221e-01
1.062738530113414459e+00 8.526593986206145726e-01
1.073076367945679621e+00 8.431591882787402570e-01
1.083514767569973225e+00 8.336679380205329615e-01
1.094054707205742494e+00 8.242086926215587139e-01
1.104697174588111785e+00 8.147699269551781365e-01
1.115443167060441221e+00 8.053572939932885921e-01
1.126293691667795249e+00 7.959760939421327564e-01
1.137249765251314271e+00 7.866198482474876519e-01
1.148312414543511073e+00 7.773030039393064028e-01
1.159482676264482759e+00 7.680118180954712548e-01
1.170761597219069250e+00 7.587616957153047181e-01
1.182150234394952371e+00 7.495455178933799756e-01
1.193649655061713055e+00 7.403647289608421556e-01
1.205260936870842681e+00 7.312326381081871718e-01
1.216985167956738056e+00 7.221344404813171414e-01
1.228823447038673411e+00 7.130834626066672177e-01
1.240776883523764251e+00 7.040761922590663691e-01
1.252846597610937529e+00 6.951142943731939416e-01
1.265033720395903893e+00 6.862037297153377180e-01
1.277339393977160009e+00 6.773397453189543560e-01
1.289764771563017165e+00 6.685252326154533797e-01
1.302311017579677488e+00 6.597647693062637098e-01
1.314979307780347773e+00 6.510581583671810613e-01
1.327770829355430449e+00 6.424035905789758916e-01
1.340686781043774811e+00 6.338079559480082059e-01
1.353728373245021821e+00 6.252685346334011518e-01
1.366896828133026487e+00 6.167850654314863679e-01
1.380193379770397355e+00 6.083625059946721203e-01
1.393619274224142002e+00 6.000016631365571174e-01
1.407175769682446731e+00 5.917030763037702812e-01
1.420864136572576708e+00 5.834644989861643705e-01
1.434685657679937831e+00 5.755789070965144916e-01
1.448641628268290127e+00 5.671793869803172239e-01
1.462733356201129986e+00 5.591381993237621861e-01
1.476962162064259898e+00 5.511585735754331861e-01
1.491329379289537682e+00 5.432473459699159735e-01
1.505836354279841416e+00 5.354160899371719351e-01
1.520484446535244283e+00 5.276275320013410486e-01
1.535275028780422657e+00 5.199029622535789041e-01
1.550209487093291205e+00 5.122878397170145259e-01
1.565289221034902312e+00 5.047232070281458816e-01
1.580515643780601165e+00 4.972267426973648874e-01
1.595890182252465817e+00 4.898036558631246873e-01
1.611414277253019778e+00 4.824546285241210208e-01
1.627089383600260675e+00 4.751773992619113818e-01
1.642916970263993193e+00 4.679702619923297169e-01
1.658898520503498064e+00 4.608371464273448015e-01
1.675035532006524441e+00 4.537891098718472294e-01
1.691329517029648732e+00 4.467944495334819077e-01
1.707782002539993016e+00 4.398840940778075970e-01
1.724394530358320354e+00 4.330012484839603770e-01
1.741168657303530987e+00 4.262855732851472679e-01
1.758105955338547632e+00 4.195973025710911242e-01
1.775208011717636092e+00 4.129853894445756901e-01
1.792476429135148930e+00 4.064473140746039936e-01
1.809912825875727105e+00 3.999856017627563265e-01
1.827518835965944666e+00 3.935966256532288932e-01
1.845296109327445366e+00 3.872840552624143284e-01
1.863246311931559873e+00 3.810454382862647482e-01
1.881371125955437096e+00 3.748526759247303164e-01
1.899672249939675650e+00 3.687924658866381655e-01
1.918151398947507635e+00 3.627789093190291192e-01
1.936810304725519849e+00 3.568378603943430094e-01
1.955650715865949074e+00 3.509736233368279112e-01
1.974674397970537454e+00 3.451811199941094976e-01
1.993883133816001019e+00 3.394626511162824878e-01
2.013278723521096492e+00 3.338170688717195245e-01
2.032862984715323673e+00 3.282465333435826693e-01
2.052637752709252084e+00 3.227477638225906276e-01
2.072604880666519822e+00 3.173222127252410818e-01
2.092766239777499759e+00 3.119663578116688707e-01
2.113123719434652603e+00 3.066845344225674341e-01
2.133679227409597701e+00 3.014739736284535176e-01
2.154434690031884259e+00 2.963329235750777890e-01
2.175392052369522489e+00 2.912631496136637854e-01
2.196553278411258248e+00 2.862634097860585203e-01
2.217920351250634692e+00 2.813348288854523038e-01
2.239495273271823184e+00 2.764726571577311165e-01
2.261280066337279404e+00 2.716819742324946829e-01
2.283276771977218012e+00 2.669574444635180455e-01
2.305487451580938707e+00 2.622994511217472402e-01
2.327914186589993051e+00 2.577109599565161058e-01
2.350559078693253756e+00 2.531887519285848653e-01
2.373424250023866033e+00 2.487304876213302096e-01
2.396511843358130278e+00 2.443390579282264385e-01
2.419824022316292567e+00 2.400118063167353544e-01
2.443362971565319341e+00 2.357500810252176338e-01
2.467130897023623426e+00 2.315509830931525015e-01
2.491130026067788439e+00 2.274144860857478245e-01
2.515362607741312928e+00 2.233407721739191498e-01
2.539830912965362675e+00 2.193261877657373127e-01
2.564537234751594674e+00 2.153783158390725483e-01
2.589483888417040802e+00 2.114878261414863958e-01
2.614673211801092023e+00 2.076578604621577284e-01
2.640107565484572927e+00 2.038853050689971580e-01
2.665789333010967876e+00 2.001398657496029632e-01
2.691720921109787668e+00 1.965200452355872485e-01
2.717904759922122881e+00 1.929200281664207595e-01
2.744343303228365283e+00 1.893803002653131617e-01
2.771039028678170535e+00 1.858949374374060659e-01
2.797994438022641805e+00 1.824668489255865389e-01
2.825212057348790218e+00 1.790919361429853252e-01
2.852694437316245057e+00 1.757713129892143067e-01
2.880444153396297668e+00 1.725027610428407632e-01
2.908463806113254169e+00 1.692882400105829022e-01
2.936756021288137397e+00 1.661259085282822123e-01
2.965323450284773621e+00 1.630150311053940038e-01
2.994168770258243573e+00 1.599544038895621134e-01
3.023294684405779531e+00 1.569428501951685428e-01
3.052703922220086241e+00 1.539821775791016811e-01
3.082399239745143404e+00 1.510703427085771655e-01
3.112383419834465759e+00 1.482066313690821591e-01
3.142659272411905569e+00 1.453891439098086436e-01
3.173229634734976212e+00 1.426155017351156962e-01
3.204097371660752813e+00 1.398959544923383536e-01
3.235265375914330388e+00 1.371960326313333423e-01
3.266736568359921655e+00 1.345851156851736730e-01
3.298513898274578082e+00 1.319959728413142852e-01
3.330600343624588788e+00 1.294509936204165657e-01
3.362998911344535991e+00 1.269335805416015595e-01
3.395712637619100693e+00 1.244898246641426565e-01
3.428744588167585317e+00 1.220724854878153104e-01
3.462097858531227423e+00 1.196956404316926875e-01
3.495775574363275240e+00 1.173600542461372132e-01
3.529780891721914671e+00 1.150646688421913533e-01
3.564116997366032269e+00 1.128010883362562528e-01
3.598787109053855460e+00 1.105964314252834285e-01
3.633794475844513094e+00 1.084124154135667206e-01
3.669142378402494131e+00 1.062714291679127676e-01
3.704834129305105694e+00 1.041674771525329807e-01
3.740873073352900313e+00 1.021000732673139205e-01
3.777262587883141176e+00 1.000689724899100075e-01
3.814006083086284082e+00 9.807334689079923173e-02
3.851107002325572903e+00 9.611268235381290048e-02
3.888568822459721019e+00 9.418644427306238631e-02
3.926395054168756449e+00 9.229432581879232211e-02
3.964589242282997805e+00 9.043553779582258478e-02
4.003154966115265445e+00 8.860718257178167023e-02
4.042095839796306045e+00 8.681565481024476616e-02
4.081415512613501662e+00 8.505297954166983476e-02
4.121117669352832635e+00 8.332337570362893797e-02
4.161206030644208020e+00 8.162428169068913775e-02
4.201684353310133346e+00 7.995483971009398338e-02
4.242556430717777438e+00 7.831601567294314836e-02
4.283826093134470270e+00 7.670466798767179573e-02
4.325497208086633627e+00 7.512463074283863562e-02
4.367573680722233398e+00 7.357255958217163994e-02
4.410059454176736615e+00 7.204870482634602447e-02
4.452958509942654963e+00 7.054951703804152041e-02
4.496274868242640110e+00 6.908039585554306972e-02
4.540012588406244554e+00 6.763503127976788765e-02
4.584175769250333765e+00 6.622251447732979690e-02
4.628768549463215365e+00 6.483163429201389827e-02
4.673795107992464004e+00 6.346634364528301597e-02
4.719259664436561863e+00 6.212411113696633680e-02
4.765166479440326341e+00 6.081018181341652645e-02
4.811519855094205766e+00 5.951879328846094996e-02
4.858324135337417360e+00 5.825113062688159343e-02
4.905583706365050922e+00 5.700593911441924344e-02
4.953302997039108924e+00 5.578595955611379692e-02
5.001486479303548727e+00 5.458711903280524802e-02
5.050138668603383785e+00 5.341045967973154229e-02
5.099264124307808288e+00 5.225599818222373405e-02
5.148867450137498025e+00 5.112314832190358732e-02
5.198953294596024399e+00 5.001133849512990476e-02
5.249526351405507718e+00 4.891933094699188467e-02
5.300591359946452030e+00 4.785004376096502199e-02
5.352153105701904501e+00 4.679961110662561596e-02
5.404216420705915347e+00 4.576539566792891395e-02
5.456786183996381823e+00 4.475833259112736023e-02
5.509867322072253160e+00 4.376649830923196732e-02
5.563464809355226137e+00 4.279319057027681367e-02
5.617583668655908191e+00 4.183562875032635631e-02
5.672228971644543094e+00 4.090259675472482370e-02
5.727405839326266346e+00 3.998423066483583477e-02
5.783119442521027054e+00 3.908275168793665100e-02
5.839375002348160315e+00 3.819788231915900723e-02
5.896177790715694478e+00 3.733331020531314992e-02
5.953533130814370189e+00 3.648346537761733982e-02
6.011446397616513337e+00 3.565003600145689316e-02
6.069923018379741464e+00 3.483528996989228299e-02
6.128968473155564034e+00 3.403140032239344859e-02
6.188588295302960063e+00 3.324561654646913250e-02
6.248788072006894012e+00 3.247518609224864933e-02
6.309573444801936049e+00 3.172000097843096639e-02
6.370950110100935149e+00 3.097892340870200475e-02
6.432923819728876502e+00 3.025352581594548118e-02
6.495500381461869033e+00 2.954168821217675184e-02
6.558685659571435345e+00 2.884441874995676350e-02
6.622485575374063238e+00 2.816034853520011164e-02
6.686906107786136921e+00 2.749022729286393699e-02
6.751953293884205287e+00 2.683349636433456434e-02
6.817633229470763112e+00 2.618980464770006428e-02
6.883952069645496330e+00 2.555904740416455392e-02
6.950916029382126382e+00 2.494092988354515081e-02
7.018531384110795912e+00 2.433546609811477676e-02
7.086804470306189430e+00 2.374203942367172568e-02
7.155741686081340980e+00 2.316042766931328614e-02
7.225349491787214085e+00 2.259120265310148729e-02
7.295634410618154320e+00 2.203337054867526151e-02
7.366603029223159460e+00 2.148688490060569195e-02
7.438261998323163482e+00 2.095172277648704381e-02
7.510618033334286459e+00 2.042746992112086032e-02
7.583677914997190683e+00 1.991410276562908394e-02
7.657448490012479958e+00 1.941123397512569196e-02
7.731936671682362316e+00 1.891910961388305196e-02
7.807149440558499798e+00 1.843669348952721790e-02
7.883093845096216690e+00 1.796554912554357633e-02
7.959777002314985417e+00 1.750327174004121661e-02
8.037206098465421888e+00 1.705109174334943148e-02
8.115388389702712146e+00 1.660838241886683497e-02
8.194331202766655053e+00 1.617585733197852982e-02
8.274041935668218883e+00 1.575116961855629188e-02
8.354528058382872047e+00 1.533622624894330141e-02
8.435797113550611570e+00 1.492979154652541995e-02
8.517856717182803905e+00 1.453291994357510872e-02
8.600714559375941093e+00 1.414392245224352189e-02
8.684378405032257220e+00 1.376402833618420481e-02
8.768856094587436090e+00 1.339210748921437245e-02
8.854155544745349715e+00 1.302835154443528903e-02
8.940284749219998162e+00 1.267196863887710967e-02
9.027251779484577909e+00 1.232461575312994960e-02
9.115064785527916769e+00 1.198442798399656020e-02
9.203731996618220279e+00 1.165228214980363469e-02
9.293261722074316111e+00 1.132663978039474481e-02
9.383662352044273902e+00 1.100884040812200558e-02
9.474942358291729150e+00 1.069779545614326678e-02
9.567110294989774388e+00 1.039429548774165393e-02
9.660174799522645017e+00 1.009776836251670938e-02
9.754144593295098531e+00 9.808126049382697928e-03
9.849028482549766039e+00 9.523691392233562397e-03
9.944835359192397917e+00 9.247653673966982693e-03
1.004157420162519543e+01 8.977358676378971447e-03
1.013925407558815373e+01 8.713336118052722457e-03
1.023788413500867378e+01 8.455516098506169961e-03
1.033747362285940774e+01 8.204235701951846302e-03
1.043803187202444072e+01 7.957948975581273163e-03
1.053956830617394580e+01 7.718008474645144529e-03
1.064209244064724658e+01 7.483776975887055337e-03
1.074561388334458023e+01 7.255220552986652721e-03
1.085014233562746178e+01 7.032153795349111412e-03
1.095568759322787855e+01 6.814520225598259817e-03
1.106225954716621906e+01 6.602209365185185419e-03
1.116986818467823817e+01 6.395089519269662494e-03
1.127852359015096795e+01 6.193155831301999127e-03
1.138823594606782130e+01 5.996103632510726977e-03
1.149901553396274245e+01 5.804023886950749125e-03
1.161087273538378994e+01 5.616954098115529113e-03
1.172381803286598512e+01 5.434518068609567841e-03
1.183786201091373513e+01 5.256641237293629455e-03
1.195301535699265827e+01 5.083391380371869890e-03
1.206928886253119870e+01 4.914541056418403504e-03
1.218669342393191712e+01 4.750163000359313228e-03
1.230524004359261525e+01 4.590041408421161040e-03
1.242493983093746479e+01 4.434048330456266847e-03
1.254580400345803248e+01 4.282289274468139076e-03
1.266784388776455827e+01 4.134473937474093634e-03
1.279107092064739781e+01 3.990771289853736227e-03
1.291549665014884063e+01 3.850751042328211596e-03
1.304113273664525430e+01 3.714531129412038026e-03
1.316799095393986185e+01 3.582937899891927482e-03
1.329608319036608854e+01 3.453496020429488739e-03
1.342542144990170527e+01 3.328299454435647373e-03
1.355601785329368880e+01 3.206645464642559826e-03
1.368788463919415221e+01 3.088404302127113581e-03
1.382103416530724438e+01 2.973514823942700544e-03
1.395547890954729020e+01 2.861875106903140689e-03
1.409123147120805619e+01 2.753486309202710178e-03
1.422830457214353395e+01 2.648473663420509213e-03
1.436671105796013137e+01 2.546080819291014850e-03
1.450646389922046886e+01 2.446938038308368261e-03
1.464757619265895272e+01 2.350760979673235246e-03
1.479006116240903168e+01 2.257264383773909498e-03
1.493393216124253264e+01 2.166960091148150552e-03
1.507920267182097263e+01 2.079306770356177236e-03
1.522588630795911513e+01 1.994313453057701326e-03
1.537399681590069456e+01 1.911835437246174347e-03
1.552354807560667105e+01 1.832079326697279385e-03
1.567455410205595001e+01 1.754824131893700052e-03
1.582702904655883280e+01 1.680174201985032640e-03
1.598098719808309376e+01 1.607631150113843005e-03
1.613644298459311699e+01 1.537598938139844284e-03
1.629341097440194730e+01 1.469877077704684126e-03
1.645190587753662470e+01 1.404386264258574530e-03
1.661194254711659113e+01 1.341137314749740435e-03
1.677353598074571295e+01 1.280013887842966882e-03
1.693670132191772026e+01 1.220966138765380241e-03
1.710145386143542012e+01 1.163984718109030642e-03
1.726780903884355922e+01 1.108988788758060806e-03
1.743578244387577669e+01 1.055939438199144167e-03
1.760538981791556523e+01 1.004788766457905772e-03
1.777664705547142532e+01 9.554835487705552830e-04
1.794957020566648254e+01 9.080092701712340038e-04
1.812417547374237614e+01 8.622347822892215997e-04
1.830047922257800863e+01 8.182443892868652025e-04
1.847849797422290763e+01 7.759018652834652778e-04
1.865824841144566193e+01 7.351789253918215080e-04
1.883974737929719367e+01 6.960447819682255696e-04
1.902301188668945642e+01 6.584556210862605027e-04
1.920805910798935301e+01 6.223786839466060932e-04
1.939490638462828542e+01 5.877507235654659545e-04
1.958357122672716955e+01 5.545548733999024942e-04
1.977407131473744428e+01 5.227329427645196992e-04
1.996642450109793288e+01 4.922649705635231748e-04
2.016064881190793656e+01 4.631019473065824035e-04
2.035676244861640072e+01 4.352040261844314297e-04
2.055478378972772546e+01 4.085512477081489134e-04
2.075473139252405730e+01 3.830901177481859776e-04
2.095662399480432825e+01 3.587948068121172315e-04
2.116048051664034446e+01 3.356260924683861940e-04
2.136632006214970403e+01 3.135512107060988026e-04
2.157416192128621546e+01 2.925370610128140447e-04
2.178402557164756459e+01 2.725462739950079184e-04
2.199593068030074861e+01 2.535598603409251186e-04
2.220989710562497521e+01 2.355321194769320311e-04
2.242594489917278011e+01 2.184320627280539372e-04
2.264409430754907504e+01 2.022428237435745920e-04
2.286436577430861306e+01 1.869222613922326577e-04
2.308677994187169702e+01 1.724426355102263661e-04
2.331135765345874944e+01 1.587752033254541807e-04
2.353811995504354471e+01 1.458930533886781023e-04
2.376708809732560823e+01 1.337681143142523024e-04
2.399828353772154799e+01 1.223700542244226771e-04
2.423172794237600769e+01 1.116692345751324348e-04
2.446744318819203201e+01 1.016494712645864794e-04
2.470545136488123816e+01 9.227039989435728855e-05
2.494577477703398571e+01 8.351967310272031446e-05
2.518843594620949489e+01 7.536949291738648954e-05
2.543345761304651020e+01 6.779239384469291961e-05
2.568086273939435316e+01 6.075978338770289137e-05
2.593067451046487548e+01 5.424741496605166427e-05
2.618291633700505372e+01 4.824003283145074600e-05
2.643761185749101372e+01 4.270892708857580825e-05
2.669478494034320804e+01 3.763696296560547274e-05
2.695445968616333587e+01 3.299474178387925817e-05
2.721666042999271795e+01 2.876510853890284092e-05
2.748141174359293259e+01 2.492372986427297398e-05
2.774873843774846804e+01 2.145426629395954450e-05
2.801866556459195223e+01 1.832900209707807914e-05
2.829121841995168651e+01 1.553131701349551983e-05
2.856642254572233952e+01 1.304040682150961460e-05
2.884430373225852051e+01 1.084010549014854077e-05
2.912488802079168337e+01 8.907127295353248566e-06
2.940820170587063842e+01 7.223241262236464182e-06
2.969427133782552986e+01 5.770019170989982993e-06
2.998312372525609959e+01 4.530381595075981511e-06
3.027478593754393543e+01 3.484853718754767251e-06
3.056928530738937155e+01 2.616847265159273443e-06
3.086664943337274636e+01 1.908544212629367392e-06
3.116690618254088463e+01 1.342398582305302432e-06
3.147008369301855879e+01 9.024680873638616401e-07
3.177621037664554038e+01 5.719885214519639266e-07
3.208531492163897525e+01 3.347843394362098455e-07
3.239742629528198847e+01 1.749269694294915850e-07
3.271257374663825601e+01 7.592995197466602894e-08
3.303078680929315425e+01 2.440901312431599280e-08
3.335209530412127066e+01 4.193951843188057381e-09
3.367652934208116022e+01 0.000000000000000000e+00
