1.000000000000000021e-02 1.723283158382893587e+00
1.009727545900835841e-02 1.723278923563233755e+00
1.019549716950923779e-02 1.723274760262940797e+00
1.029467433620748044e-02 1.723270517036952443e+00
1.039481625334708927e-02 1.723264457799604132e+00
1.049593230558227772e-02 1.723260128504930488e+00
1.059803196885688789e-02 1.723258348921858918e+00
1.070112481129246833e-02 1.723253687415979396e+00
1.080522049408488318e-02 1.723249053494819716e+00
1.091032877240974419e-02 1.723244160836815198e+00
1.101645949633656314e-02 1.723238416266167361e+00
1.112362261175187626e-02 1.723233445741737979e+00
1.123182816129126085e-02 1.723228357085370144e+00
1.134108628528052165e-02 1.723223155170818588e+00
1.145140722268592030e-02 1.723217843531783977e+00
1.156280131207376022e-02 1.723212428692888487e+00
1.167527899257919492e-02 1.723206896564643653e+00
1.178885080488457221e-02 1.723201258169420047e+00
1.190352739220719262e-02 1.723195471312017446e+00
1.201931950129673729e-02 1.723189576423514113e+00
1.213623798344241195e-02 1.723183577806531419e+00
1.225429379548980714e-02 1.723177455114719647e+00
1.237349800086776086e-02 1.723170797356178729e+00
1.249386177062509519e-02 1.723164404939954819e+00
1.261539638447754796e-02 1.723157867776776264e+00
1.273811323186478488e-02 1.723152448136910042e+00
1.286202381301779218e-02 1.723145566737136258e+00
1.298713974003655978e-02 1.723137945898914891e+00
1.311347273797833224e-02 1.723130900703076174e+00
1.324103464595636874e-02 1.723123732851702172e+00
1.336983741824946531e-02 1.723116406075937190e+00
1.349989312542219239e-02 1.723108921257805903e+00
1.363121395545611320e-02 1.723101281168258891e+00
1.376381221489191876e-02 1.723093704207300014e+00
1.389770032998276401e-02 1.723085570855056758e+00
1.403289084785873213e-02 1.723077482854734832e+00
1.416939643770268736e-02 1.723069219217866044e+00
1.430722989193757184e-02 1.723060783162345899e+00
1.444640412742520530e-02 1.723052173375610341e+00
1.458693218667675602e-02 1.723043575103549108e+00
1.472882723907502529e-02 1.723034432365290192e+00
1.487210258210860774e-02 1.723025286396118849e+00
1.501677164261799868e-02 1.723015936628417011e+00
1.516284797805393485e-02 1.723006932138482439e+00
1.531034527774784160e-02 1.722997250127091373e+00
1.545927736419477720e-02 1.722987142467884869e+00
1.560965819434872483e-02 1.722977544523401461e+00
1.576150186093060873e-02 1.722967404218110010e+00
1.591482259374891323e-02 1.722957022768113911e+00
1.606963476103326349e-02 1.722946632957062851e+00
1.622595287078087284e-02 1.722935898002775135e+00
1.638379157211618947e-02 1.722924972874163574e+00
1.654316565666366645e-02 1.722913661487222026e+00
1.670409005993399310e-02 1.722902111524297286e+00
1.686657986272368723e-02 1.722890614714069901e+00
1.703065029252844378e-02 1.722879237432185295e+00
1.719631672497009753e-02 1.722866714009523736e+00
1.736359468523754335e-02 1.722854546543873822e+00
1.753249984954170088e-02 1.722842021603114393e+00
1.770304804658450262e-02 1.722829217601747898e+00
1.787525525904235316e-02 1.722815875432783583e+00
1.804913762506383731e-02 1.722802331845332935e+00
1.822471143978214581e-02 1.722788739551352366e+00
1.840199315684210371e-02 1.722774900620288596e+00
1.858099938994215231e-02 1.722760712510690739e+00
1.876174691439120440e-02 1.722747052406072177e+00
1.894425266868081034e-02 1.722732417081571432e+00
1.912853375607242307e-02 1.722717519348306192e+00
1.931460744620030340e-02 1.722701855564531037e+00
1.950249117668984011e-02 1.722686821636222110e+00
1.969220255479172538e-02 1.722671147101997979e+00
1.988375935903200636e-02 1.722654321884834694e+00
2.007717954087816226e-02 1.722637826404295414e+00
2.027248122642137662e-02 1.722620935952284826e+00
2.046968271807520987e-02 1.722603843175048111e+00
2.066880249629082095e-02 1.722586396622118654e+00
2.086985922128879734e-02 1.722568203775140194e+00
2.107287173480786382e-02 1.722550551050473056e+00
2.127785906187062287e-02 1.722532135045415247e+00
2.148484041256648255e-02 1.722513327955248252e+00
2.169383518385184506e-02 1.722494129920377315e+00
2.190486296136792688e-02 1.722474569651899268e+00
2.211794352127614133e-02 1.722454487582670168e+00
2.233309683211144592e-02 1.722434473520384035e+00
2.255034305665360936e-02 1.722413698837035323e+00
2.276970255381680075e-02 1.722392819488951954e+00
2.299119588055741764e-02 1.722371212039428112e+00
2.321484379380064564e-02 1.722348642929965035e+00
2.344066725238556220e-02 1.722326268141225691e+00
2.366868741902936057e-02 1.722303877664629113e+00
2.389892566231050300e-02 1.722280698665350718e+00
2.413140355867127856e-02 1.722256858352198661e+00
2.436614289443983158e-02 1.722232506029884425e+00
2.460316566787181664e-02 1.722207288470722242e+00
2.484249409121190577e-02 1.722182432926501416e+00
2.508415059277539771e-02 1.722156702839191977e+00
2.532815781905008515e-02 1.722131180668815542e+00
2.557453863681850847e-02 1.722101132428658365e+00
2.582331613530085626e-02 1.722076865209521079e+00
2.607451362831877603e-02 1.722049032978847816e+00
2.632815465648021339e-02 1.722024331341929448e+00
2.658426298938541474e-02 1.721994752058038758e+00
2.684286262785454819e-02 1.721967457048487304e+00
2.710397780617682106e-02 1.721932566223405736e+00
2.736763299438163891e-02 1.721902048427695675e+00
2.763385290053169824e-02 1.721870896589303035e+00
2.790266247303856487e-02 1.721838968153558413e+00
2.817408690300057458e-02 1.721806223407531311e+00
2.844815162656363222e-02 1.721772674360163569e+00
2.872488232730495070e-02 1.721739869671053746e+00
2.900430493863991738e-02 1.721703954812222825e+00
2.928644564625237229e-02 1.721670494958440045e+00
2.957133089054861039e-02 1.721634480882677565e+00
2.985898736913520854e-02 1.721598131532008580e+00
3.014944203932094433e-02 1.721559837191068087e+00
3.044272212064302874e-02 1.721522199324225344e+00
3.073885509741795460e-02 1.721483601996904866e+00
3.103786872131722788e-02 1.721444048535309301e+00
3.133979101396793671e-02 1.721405181905714121e+00
3.164465026957891114e-02 1.721362990683144245e+00
3.195247505759213347e-02 1.721323811273051341e+00
3.226329422536015901e-02 1.721281614777519176e+00
3.257713690084949876e-02 1.721238305013754744e+00
3.289403249537032475e-02 1.721191279316677258e+00
3.321401070633261954e-02 1.721146979290727019e+00
3.353710152002930406e-02 1.721100424448653188e+00
3.386333521444636480e-02 1.721054141206344257e+00
3.419274236210027851e-02 1.721006231158516364e+00
3.452535383290306070e-02 1.720957534716774928e+00
3.486120079705520153e-02 1.720907856378839140e+00
3.520031472796678745e-02 1.720857075232768763e+00
3.554272740520694751e-02 1.720805321850972902e+00
3.588847091748199186e-02 1.720752431342868816e+00
3.623757766564258964e-02 1.720699336514322608e+00
3.659008036572020811e-02 1.720644664499928700e+00
3.694601205199302130e-02 1.720589001111521688e+00
3.730540608008161424e-02 1.720532376233989247e+00
3.766829613007490613e-02 1.720474252595683540e+00
3.803471620968648659e-02 1.720413041478686678e+00
3.840470065744145539e-02 1.720355495582812200e+00
3.877828414589457040e-02 1.720294447657278791e+00
3.915550168487941241e-02 1.720231705969096136e+00
3.953638862478930927e-02 1.720168334677579791e+00
3.992098065989020672e-02 1.720103763686380294e+00
4.030931383166566628e-02 1.720037379504671282e+00
4.070142453219438572e-02 1.719968910089973546e+00
4.109734950756069316e-02 1.719899889344162380e+00
4.149712586129815362e-02 1.719828300647006536e+00
4.190079105786669034e-02 1.719755478807717619e+00
4.230838292616342228e-02 1.719683400573748910e+00
4.271993966306778662e-02 1.719608541293754955e+00
4.313549983702118923e-02 1.719531722069666202e+00
4.355510239164130798e-02 1.719454674218576118e+00
4.397878664937160398e-02 1.719375411400727582e+00
4.440659231516640160e-02 1.719293910890437482e+00
4.483855948021186338e-02 1.719212261454384327e+00
4.527472862568297785e-02 1.719128719140388561e+00
4.571514062653719151e-02 1.719043497838401491e+00
4.615983675534499064e-02 1.718956214274494965e+00
4.660885868615767536e-02 1.718869676655221168e+00
4.706224849841281199e-02 1.718778534452515716e+00
4.752004868087766204e-02 1.718686696844734740e+00
4.798230213563085128e-02 1.718594208145614255e+00
4.844905218208294534e-02 1.718497995135986223e+00
4.892034256103611894e-02 1.718401102835257932e+00
4.939621743878321036e-02 1.718301236408737109e+00
4.987672141124663283e-02 1.718199348633872914e+00
5.036189950815770505e-02 1.718095713078419351e+00
5.085179719727656034e-02 1.717989734979973537e+00
5.134646038865306461e-02 1.717882569103306611e+00
5.184593543892913187e-02 1.717772327290076673e+00
5.235026915568305461e-02 1.717659355166503587e+00
5.285950880181603667e-02 1.717546963915164371e+00
5.337370209998133774e-02 1.717431345213955574e+00
5.389289723705643909e-02 1.717312117680514394e+00
5.441714286865893119e-02 1.717191262610481051e+00
5.494648812370611646e-02 1.717068269832597638e+00
5.548098260901916656e-02 1.716943319788707623e+00
5.602067641397187603e-02 1.716815750062140822e+00
5.656562011518465050e-02 1.716687058394833265e+00
5.711586478126431943e-02 1.716552465391201432e+00
5.767146197758996756e-02 1.716417611219830608e+00
5.823246377114527778e-02 1.716280857816413929e+00
5.879892273539785025e-02 1.716140126093020912e+00
5.937089195522609469e-02 1.715996163953120712e+00
5.994842503189409116e-02 1.715849990316452578e+00
6.053157608807464840e-02 1.715700623401260172e+00
6.112039977292132997e-02 1.715548031274938712e+00
6.171495126718981594e-02 1.715392059505511657e+00
6.231528628840921763e-02 1.715233722194507981e+00
6.292146109610344262e-02 1.715071697318024890e+00
6.353353249706343575e-02 1.714906999163257950e+00
6.415155785067082339e-02 1.714740052547185201e+00
6.477559507427335661e-02 1.714570008100143816e+00
6.540570264861225724e-02 1.714395978440016455e+00
6.604193962330305590e-02 1.714218715824971762e+00
6.668436562236895737e-02 1.714038134230511101e+00
6.733304084982863480e-02 1.713854091827724302e+00
6.798802609533814711e-02 1.713666176868835489e+00
6.864938273988777095e-02 1.713475963938225322e+00
6.931717276155408003e-02 1.713280496771568684e+00
6.999145874130821565e-02 1.713081605717142075e+00
7.067230386888070925e-02 1.712878716825345649e+00
7.135977194868306506e-02 1.712671866151663114e+00
7.205392740578704658e-02 1.712461547805848916e+00
7.275483529196229149e-02 1.712246171608954537e+00
7.346256129177256011e-02 1.712026592663587587e+00
7.417717172873124210e-02 1.711804236762189513e+00
7.489873357151664857e-02 1.711576855388019736e+00
7.562731444024800576e-02 1.711345830365918586e+00
7.636298261282241373e-02 1.711110512823126317e+00
7.710580703131336699e-02 1.710869379028854276e+00
7.785585730843146146e-02 1.710623425223017469e+00
7.861320373404813433e-02 1.710373795405202513e+00
7.937791728178281159e-02 1.710118185515413058e+00
8.015006961565404597e-02 1.709858100508421463e+00
8.092973309679550586e-02 1.709592732851814345e+00
8.171698079023696770e-02 1.709322530055880751e+00
8.251188647175167201e-02 1.709046934761197845e+00
8.331452463477014014e-02 1.708766006796380355e+00
8.412497049736118726e-02 1.708480775395188500e+00
8.494330000928071445e-02 1.708188243070567713e+00
8.576958985908941790e-02 1.707891243018846428e+00
8.660391748133952627e-02 1.707588333692887206e+00
8.744636106383144036e-02 1.707279262607705350e+00
8.829699955494091368e-02 1.706965094896937041e+00
8.915591267101763417e-02 1.706644180750410023e+00
9.002318090385581784e-02 1.706317043878452289e+00
9.089888552823731371e-02 1.705983839198018437e+00
9.178310860954806694e-02 1.705644310527267837e+00
9.267593301146882789e-02 1.705298067179094268e+00
9.357744240374062106e-02 1.704944895565062124e+00
9.448772127000577836e-02 1.704585101988998819e+00
9.540685491572513388e-02 1.704220232884654074e+00
9.633492947617222635e-02 1.703846880836469957e+00
9.727203192450542546e-02 1.703465914856006735e+00
9.821825007991856482e-02 1.703078582115568507e+00
9.917367261587073379e-02 1.702684271187202558e+00
1.001383890683960748e-01 1.702281877370016128e+00
1.011124898444945991e-01 1.701871470305014400e+00
1.020960662306047012e-01 1.701451535698008444e+00
1.030892104011576216e-01 1.701023932972030694e+00
1.040920154272158005e-01 1.700590084528365464e+00
1.051045752851944987e-01 1.700147587940908922e+00
1.061269848656690717e-01 1.699696636437013186e+00
1.071593399822671072e-01 1.699236700720103688e+00
1.082017373806478805e-01 1.698765782619641174e+00
1.092542747475682557e-01 1.698288946809202393e+00
1.103170507200377515e-01 1.697802679892998601e+00
1.113901648945616746e-01 1.697303939443662202e+00
1.124737178364751955e-01 1.696799538802538532e+00
1.135678110893671017e-01 1.696284791868997832e+00
1.146725471845963656e-01 1.695761350391323807e+00
1.157880296509002094e-01 1.695227171440701897e+00
1.169143630240966764e-01 1.694679029269249071e+00
1.180516528568804902e-01 1.694126344193046085e+00
1.192000057287153220e-01 1.693560206515077216e+00
1.203595292558212876e-01 1.692984310678410820e+00
1.215303321012602134e-01 1.692396437865032910e+00
1.227125239851190319e-01 1.691796928718233506e+00
1.239062156947916271e-01 1.691187586057905756e+00
1.251115190953615564e-01 1.690564645038740821e+00
1.263285471400849291e-01 1.689931023908584073e+00
1.275574138809759950e-01 1.689284797663019200e+00
1.287982344794950385e-01 1.688627155177199857e+00
1.300511252173409127e-01 1.687955199816210117e+00
1.313162035073478784e-01 1.687273785639556101e+00
1.325935879044890797e-01 1.686577596204905438e+00
1.338833981169864351e-01 1.685869550213910495e+00
1.351857550175293021e-01 1.685148180177277411e+00
1.365007806546013891e-01 1.684411973137968976e+00
1.378285982639189389e-01 1.683662717141189979e+00
1.391693322799789911e-01 1.682899758237844212e+00
1.405231083477211373e-01 1.682122176318220141e+00
1.418900533343016301e-01 1.681329965153115502e+00
1.432702953409830948e-01 1.680523645607530980e+00
1.446639637151387880e-01 1.679700277268717512e+00
1.460711890623745679e-01 1.678863606887247339e+00
1.474921032587684921e-01 1.678010570712586969e+00
1.489268394632288772e-01 1.677140900747907448e+00
1.503755321299738434e-01 1.676254736528526079e+00
1.518383170211306810e-01 1.675351670583602681e+00
1.533153312194593942e-01 1.674431920969869703e+00
1.548067131411984265e-01 1.673496519046560937e+00
1.563126025490369497e-01 1.672543573652306881e+00
1.578331405652117214e-01 1.671572719649213612e+00
1.593684696847328941e-01 1.670585264655766622e+00
1.609187337887370006e-01 1.669577885849955479e+00
1.624840781579713067e-01 1.668552174334258176e+00
1.640646494864078653e-01 1.667507337517525556e+00
1.656605958949914359e-01 1.666443731935755457e+00
1.672720669455196874e-01 1.665359282673073649e+00
1.688992136546599021e-01 1.664255924283649435e+00
1.705421885081006561e-01 1.663130253915595214e+00
1.722011454748421100e-01 1.661985686222654968e+00
1.738762400216251336e-01 1.660819090243225826e+00
1.755676291275001522e-01 1.659668374025482729e+00
1.772754712985387948e-01 1.658423642232161432e+00
1.789999265826875408e-01 1.657191835424371540e+00
1.807411565847668600e-01 1.655940075098114583e+00
1.824993244816152382e-01 1.654702695453424743e+00
1.842745950373816666e-01 1.653366189468282288e+00
1.860671346189656239e-01 1.652041605899315480e+00
1.878771112116086051e-01 1.650692574733658935e+00
1.897046944346358344e-01 1.649320289107876869e+00
1.915500555573527997e-01 1.647923666247367747e+00
1.934133675150944698e-01 1.646502834117435254e+00
1.952948049254327745e-01 1.645054396439189270e+00
1.971945441045395986e-01 1.643581379645667973e+00
1.991127630837108697e-01 1.642083145457907234e+00
2.010496416260497965e-01 1.640554987060153236e+00
2.030053612433137811e-01 1.639000426711283875e+00
2.049801052129238688e-01 1.637418521628599022e+00
2.069740585951406198e-01 1.635806746052830718e+00
2.089874082504071251e-01 1.634167796655034754e+00
2.110203428568595552e-01 1.632501126141556069e+00
2.130730529280097374e-01 1.630802000289393705e+00
2.151457308305980698e-01 1.629072217330204797e+00
2.172385708026215445e-01 1.627316041311102746e+00
2.193517689715359098e-01 1.625524426023902347e+00
2.214855233726360506e-01 1.623703774526773502e+00
2.236400339676138660e-01 1.621849212966650855e+00
2.258155026632983065e-01 1.619965274846474790e+00
2.280121333305757114e-01 1.618043993854639817e+00
2.302301318234963867e-01 1.616092447516757957e+00
2.324697059985647851e-01 1.614104345466096824e+00
2.347310657342196183e-01 1.612082909065902125e+00
2.370144229505012079e-01 1.610026100539883931e+00
2.393199916289123208e-01 1.607934036678418277e+00
2.416479878324700736e-01 1.605805166460176236e+00
2.439986297259550130e-01 1.603639950931226466e+00
2.463721375963552895e-01 1.601437531824938088e+00
2.487687338735107279e-01 1.599199707950600180e+00
2.511886431509580686e-01 1.596920771287542173e+00
2.536320922069775774e-01 1.594600973122372700e+00
2.560993100258459609e-01 1.592243909122334156e+00
2.585905278192945911e-01 1.589845176971094842e+00
2.611059790481781162e-01 1.587408535278690858e+00
2.636458994443517945e-01 1.584929816674902403e+00
2.662105270327638773e-01 1.582409858103092981e+00
2.688001021537606006e-01 1.579846395087805666e+00
2.714148674856106669e-01 1.577240221188261682e+00
2.740550680672460548e-01 1.574591164324454784e+00
2.767209513212268712e-01 1.571897359074303946e+00
2.794127670769268601e-01 1.569157715513100015e+00
2.821307675939472293e-01 1.566374152437099987e+00
2.848752075857552413e-01 1.563545216647444391e+00
2.876463442435557849e-01 1.560668819228873128e+00
2.904444372603925406e-01 1.557747071729478128e+00
2.932697488554852905e-01 1.554776939042873396e+00
2.961225437988035947e-01 1.551758119342347753e+00
2.990030894358785551e-01 1.548689248491869064e+00
3.019116557128577738e-01 1.545572345135861614e+00
3.048485152018017286e-01 1.542405563504881005e+00
3.078139431262288950e-01 1.539185349358572763e+00
3.108082173869063936e-01 1.535917953976570605e+00
3.138316185878944342e-01 1.532596316518721746e+00
3.168844300628416155e-01 1.529221245255455219e+00
3.199669379015380732e-01 1.525795693437540734e+00
3.230794309767249795e-01 1.522340185854496264e+00
3.262222009711669979e-01 1.518777361205955856e+00
3.293955424049855307e-01 1.515188933743678801e+00
3.325997526632606949e-01 1.511544087793056601e+00
3.358351320238990301e-01 1.507842297656172947e+00
3.391019836857747105e-01 1.504084868900443572e+00
3.424006137971423724e-01 1.500267932311565522e+00
3.457313314843284413e-01 1.496393516648878430e+00
3.490944488806992929e-01 1.492463117816844154e+00
3.524902811559130766e-01 1.488472459655036717e+00
3.559191465454557002e-01 1.484422231813327775e+00
3.593813663804627523e-01 1.480310073606903476e+00
3.628772651178337472e-01 1.476137177268714407e+00
3.664071703706370808e-01 1.471905405706631198e+00
3.699714129388128048e-01 1.467611128840779156e+00
3.735703268401719401e-01 1.463255291045359563e+00
3.772042493416999376e-01 1.458834677615819864e+00
3.808735209911614517e-01 1.454351370724268788e+00
3.845784856490158665e-01 1.449804817421945780e+00
3.883194905206404091e-01 1.445192684291783491e+00
3.920968861888690649e-01 1.440517415080303065e+00
3.959110266468458539e-01 1.435775093097733324e+00
3.997622693312000708e-01 1.430966376598501233e+00
4.036509751555413805e-01 1.426092088871299568e+00
4.075775085442840395e-01 1.421153242222033652e+00
4.115422374667966343e-01 1.416147422978775161e+00
4.155455334718875515e-01 1.411072954340514496e+00
4.195877717226225712e-01 1.405926107700151695e+00
4.236693310314835759e-01 1.400715344651273897e+00
4.277905938958687093e-01 1.395436794613381437e+00
4.319519465339363706e-01 1.390086195027065985e+00
4.361537789208005944e-01 1.384669398044309885e+00
4.403964848250754294e-01 1.379180355067742614e+00
4.446804618457780300e-01 1.373622678626001514e+00
4.490061114495874639e-01 1.367995310091304040e+00
4.533738390084691150e-01 1.362297841691475053e+00
4.577840538376618529e-01 1.356528579990920358e+00
4.622371692340384031e-01 1.350663404987919369e+00
4.667336025148346446e-01 1.344777120901203382e+00
4.712737750567601580e-01 1.338796655186285101e+00
4.758581123354846953e-01 1.332742650308798016e+00
4.804870439655131720e-01 1.326616986910229556e+00
4.851610037404442966e-01 1.320417436737272299e+00
4.898804296736250508e-01 1.314153789011248463e+00
4.946457640391963562e-01 1.307815929432303070e+00
4.994574534135413635e-01 1.301403264160096329e+00
5.043159487171361421e-01 1.294922050111376288e+00
5.092217052568053237e-01 1.288367273446700656e+00
5.141751827683928022e-01 1.281745117536862599e+00
5.191768454598426619e-01 1.275048206878975909e+00
5.242271620547044320e-01 1.268280566359462291e+00
5.293266058360561743e-01 1.261444322949179853e+00
5.344756546908600026e-01 1.254533945633327763e+00
5.396747911547442600e-01 1.247556829673883039e+00
5.449245024572260121e-01 1.240506046899524817e+00
5.502252805673685243e-01 1.233388960600432904e+00
5.555776222398878250e-01 1.226200468012146327e+00
5.609820290617031358e-01 1.218941456449117000e+00
5.664390074989449353e-01 1.211617959961047930e+00
5.719490689444144405e-01 1.204226105316589246e+00
5.775127297655114900e-01 1.196760625842089976e+00
5.831305113526221717e-01 1.189235267396552054e+00
5.888029401679826247e-01 1.181640889734397293e+00
5.945305477950136863e-01 1.173981913794749810e+00
6.003138709881384871e-01 1.166255872055019571e+00
6.061534517230839914e-01 1.158466868218252177e+00
6.120498372476699256e-01 1.150612329560101399e+00
6.180035801330957534e-01 1.142682176655684501e+00
6.240152383257209223e-01 1.134720147996981066e+00
6.300853751993553686e-01 1.126676166691725101e+00
6.362145596080520660e-01 1.118576680260049638e+00
6.424033659394193796e-01 1.110417279135858637e+00
6.486523741684461219e-01 1.102200157945831593e+00
6.549621699118558515e-01 1.093923731419864431e+00
6.613333444829840868e-01 1.085593111887020790e+00
6.677664949471955325e-01 1.077206258371996572e+00
6.742622241778342129e-01 1.068764051937056481e+00
6.808211409127237213e-01 1.060272482116879633e+00
6.874438598112112553e-01 1.051725692957171221e+00
6.941310015117725385e-01 1.043129508702744790e+00
7.008831926901714082e-01 1.034483481694556284e+00
7.077010661181889484e-01 1.025790138937262785e+00
7.145852607229240538e-01 1.017051283563020991e+00
7.215364216466665370e-01 1.008267787061154719e+00
7.285552003073593186e-01 9.994377145196908785e-01
7.356422544596413760e-01 9.905681832267640985e-01
7.427982482564918776e-01 9.816584074821921302e-01
7.500238523114668432e-01 9.727082063276962787e-01
7.573197437615483141e-01 9.637222247165072586e-01
7.646866063305975958e-01 9.546967432075050830e-01
7.721251303934327792e-01 9.456419989236969359e-01
7.796360130405233235e-01 9.365240361517587209e-01
7.872199581433195759e-01 9.274299900623363957e-01
7.948776764202123424e-01 9.182817631240419720e-01
8.026098855031396084e-01 9.091034946031029129e-01
8.104173100048355227e-01 8.999022147245507863e-01
8.183006815867394090e-01 8.906761747357966330e-01
8.262607390275591435e-01 8.814213687888258209e-01
8.342982282925082149e-01 8.721598132680148385e-01
8.424139026032094746e-01 8.628734594327712726e-01
8.506085225082840040e-01 8.535719477943171096e-01
8.588828559546254349e-01 8.442570823885833242e-01
8.672376783593644944e-01 8.349268547997530376e-01
8.756737726825394308e-01 8.255905019952132218e-01
8.841919295004664336e-01 8.162414757021499989e-01
8.927929470798307010e-01 8.068894602468945632e-01
9.014776314524917122e-01 7.975322577431004367e-01
9.102467964910225806e-01 7.881724546037376378e-01
9.191012639849772681e-01 7.788113911765054409e-01
9.280418637179072006e-01 7.694537663868972199e-01
9.370694335451198453e-01 7.600990383707151299e-01
9.461848194722002336e-01 7.507501716610089915e-01
9.553888757342895444e-01 7.414077687003424177e-01
9.646824648761427312e-01 7.320793910022045381e-01
9.740664578329562007e-01 7.227578779064360859e-01
9.835417340119908536e-01 7.134558977223310894e-01
9.931091813749796104e-01 7.041648242533596891e-01
1.002769696521346621e+00 6.948943965219371854e-01
1.012524184772224167e+00 6.856453061725145126e-01
1.022373560255302127e+00 6.764150067293286384e-01
1.032318745990486564e+00 6.672030414658439712e-01
1.042360673976402197e+00 6.580317196039492389e-01
1.052500285277732761e+00 6.488798266626049083e-01
1.062738530113414459e+00 6.397621717219699189e-01
1.073076367945679621e+00 6.306713559511479827e-01
1.083514767569973225e+00 6.216172821169572149e-01
1.094054707205742494e+00 6.125993749339938566e-01
1.104697174588111785e+00 6.036163952896986817e-01
1.115443167060441221e+00 5.946769896928580934e-01
1.126293691667795249e+00 5.857758621918380815e-01
1.137249765251314271e+00 5.769132597726213119e-01
1.148312414543511073e+00 5.681054109515329964e-01
1.159482676264482759e+00 5.593417849380766249e-01
1.170761597219069250e+00 5.506229130137388905e-01
1.182150234394952371e+00 5.419554477326586905e-01
1.193649655061713055e+00 5.333399640338623016e-01
1.205260936870842681e+00 5.247772865154912703e-01
1.216985167956738056e+00 5.162643323648808957e-01
1.228823447038673411e+00 5.078182843590411943e-01
1.240776883523764251e+00 4.994248534726259403e-01
1.252846597610937529e+00 4.910922671550967955e-01
1.265033720395903893e+00 4.828197426316153673e-01
1.277339393977160009e+00 4.746000808077239785e-01
1.289764771563017165e+00 4.664587631341559626e-01
1.302311017579677488e+00 4.583484261609020449e-01
1.314979307780347773e+00 4.503637358130417323e-01
1.327770829355430449e+00 4.424154537425051270e-01
1.340686781043774811e+00 4.345306947433197897e-01
1.353728373245021821e+00 4.267183308935149633e-01
1.366896828133026487e+00 4.189859051318476912e-01
1.380193379770397355e+00 4.113177705316000687e-01
1.393619274224142002e+00 4.037231070767299257e-01
1.407175769682446731e+00 3.961720687297090038e-01
1.420864136572576708e+00 3.887537611054425191e-01
1.434685657679937831e+00 3.813851113055407027e-01
1.448641628268290127e+00 3.740917857652960588e-01
1.462733356201129986e+00 3.668749955306282451e-01
1.476962162064259898e+00 3.597345142004825247e-01
1.491329379289537682e+00 3.526636330755954507e-01
1.505836354279841416e+00 3.456924925015726346e-01
1.520484446535244283e+00 3.388103373709423494e-01
1.535275028780422657e+00 3.319698203508538725e-01
1.550209487093291205e+00 3.252296406316146360e-01
1.565289221034902312e+00 3.185722149195976405e-01
1.580515643780601165e+00 3.119949182131697696e-01
1.595890182252465817e+00 3.055002912163112816e-01
1.611414277253019778e+00 2.990880127515980202e-01
1.627089383600260675e+00 2.927594000038405975e-01
1.642916970263993193e+00 2.865120537385381638e-01
1.658898520503498064e+00 2.803531395091879985e-01
1.675035532006524441e+00 2.742750814358645983e-01
1.691329517029648732e+00 2.682755919909903253e-01
1.707782002539993016e+00 2.623631883128018649e-01
1.724394530358320354e+00 2.565419406710368611e-01
1.741168657303530987e+00 2.507871886140923823e-01
1.758105955338547632e+00 2.451298070899549375e-01
1.775208011717636092e+00 2.395517248927656051e-01
1.792476429135148930e+00 2.340588893642841506e-01
1.809912825875727105e+00 2.286505961770814166e-01
1.827518835965944666e+00 2.233222706872231567e-01
1.845296109327445366e+00 2.180788019285402612e-01
1.863246311931559873e+00 2.129185914290742110e-01
1.881371125955437096e+00 2.078397278289457473e-01
1.899672249939675650e+00 2.028546936107270826e-01
1.918151398947507635e+00 1.979307600630384745e-01
1.936810304725519849e+00 1.930981369081160581e-01
1.955650715865949074e+00 1.883433430541552878e-01
1.974674397970537454e+00 1.836777780930529680e-01
1.993883133816001019e+00 1.790869713060047608e-01
2.013278723521096492e+00 1.745790677051927697e-01
2.032862984715323673e+00 1.701475688342990178e-01
2.052637752709252084e+00 1.657960837756283778e-01
2.072604880666519822e+00 1.614898880116026891e-01
2.092766239777499759e+00 1.573276820728465586e-01
2.113123719434652603e+00 1.532102229257462089e-01
2.133679227409597701e+00 1.491691696055254812e-01
2.154434690031884259e+00 1.452059497779245589e-01
2.175392052369522489e+00 1.413142211683621474e-01
2.196553278411258248e+00 1.374941925157386335e-01
2.217920351250634692e+00 1.337584932851371144e-01
2.239495273271823184e+00 1.300936637033461574e-01
2.261280066337279404e+00 1.265012045508429606e-01
2.283276771977218012e+00 1.229736636117051418e-01
2.305487451580938707e+00 1.195213647214673491e-01
2.327914186589993051e+00 1.161388518798359831e-01
2.350559078693253756e+00 1.128340679863766016e-01
2.373424250023866033e+00 1.095925755690571324e-01
2.396511843358130278e+00 1.064242370436926793e-01
2.419824022316292567e+00 1.033163500662340473e-01
2.443362971565319341e+00 1.002746508021139377e-01
2.467130897023623426e+00 9.730165631300805029e-02
2.491130026067788439e+00 9.439568461838798719e-02
2.515362607741312928e+00 9.155001714631304244e-02
2.539830912965362675e+00 8.876985092136768785e-02
2.564537234751594674e+00 8.605235561860076487e-02
2.589483888417040802e+00 8.339630665960892641e-02
2.614673211801092023e+00 8.080166448076329944e-02
2.640107565484572927e+00 7.826684747092295391e-02
2.665789333010967876e+00 7.579207854181047033e-02
2.691720921109787668e+00 7.337481672203541305e-02
2.717904759922122881e+00 7.101590222779155526e-02
2.744343303228365283e+00 6.871344047368781183e-02
2.771039028678170535e+00 6.646712781782189439e-02
2.797994438022641805e+00 6.427511013113841598e-02
2.825212057348790218e+00 6.213832612757994728e-02
2.852694437316245057e+00 6.005229179036612047e-02
2.880444153396297668e+00 5.802258479105065758e-02
2.908463806113254169e+00 5.604154037712695546e-02
2.936756021288137397e+00 5.411415282326803577e-02
2.965323450284773621e+00 5.223547616923560066e-02
2.994168770258243573e+00 5.040278927974699980e-02
3.023294684405779531e+00 4.862436466610049052e-02
3.052703922220086241e+00 4.689018069611989442e-02
3.082399239745143404e+00 4.520307227640360526e-02
3.112383419834465759e+00 4.356161936808242152e-02
3.142659272411905569e+00 4.196506334409989131e-02
3.173229634734976212e+00 4.041302628486570514e-02
3.204097371660752813e+00 3.890398900680735322e-02
3.235265375914330388e+00 3.743731282907880598e-02
3.266736568359921655e+00 3.601328880414677441e-02
3.298513898274578082e+00 3.463203428361764230e-02
3.330600343624588788e+00 3.328540678191427987e-02
3.362998911344535991e+00 3.198126109308287168e-02
3.395712637619100693e+00 3.071488399105436543e-02
3.428744588167585317e+00 2.948613704421716719e-02
3.462097858531227423e+00 2.829730981046647137e-02
3.495775574363275240e+00 2.714380679090358864e-02
3.529780891721914671e+00 2.602492727741826176e-02
3.564116997366032269e+00 2.493886951147551712e-02
3.598787109053855460e+00 2.389028008106639303e-02
3.633794475844513094e+00 2.288045310378455585e-02
3.669142378402494131e+00 2.189185567550182634e-02
3.704834129305105694e+00 2.093780120672393552e-02
3.740873073352900313e+00 2.001698088252323871e-02
3.777262587883141176e+00 1.912694448599560129e-02
3.814006083086284082e+00 1.826584487028598200e-02
3.851107002325572903e+00 1.743501588410474937e-02
3.888568822459721019e+00 1.663206868792123025e-02
3.926395054168756449e+00 1.585695923530736767e-02
3.964589242282997805e+00 1.510908985446397616e-02
4.003154966115265445e+00 1.438825473779570610e-02
4.042095839796306045e+00 1.369213899910782899e-02
4.081415512613501662e+00 1.302182624540404975e-02
4.121117669352832635e+00 1.237530760139031981e-02
4.161206030644208020e+00 1.175459520773060318e-02
4.201684353310133346e+00 1.115611665858770585e-02
4.242556430717777438e+00 1.058056104315409016e-02
4.283826093134470270e+00 1.002605971378157587e-02
4.325497208086633627e+00 9.495391101070402642e-03
4.367573680722233398e+00 8.984881679998998200e-03
4.410059454176736615e+00 8.494505085859624383e-03
4.452958509942654963e+00 8.024164818041707586e-03
4.496274868242640110e+00 7.573746486757276970e-03
4.540012588406244554e+00 7.141249245118095647e-03
4.584175769250333765e+00 6.727489821096358999e-03
4.628768549463215365e+00 6.331215684193525033e-03
4.673795107992464004e+00 5.952812427696666311e-03
4.719259664436561863e+00 5.591218014367020823e-03
4.765166479440326341e+00 5.245306290243519250e-03
4.811519855094205766e+00 4.915758121499163268e-03
4.858324135337417360e+00 4.601120273925662744e-03
4.905583706365050922e+00 4.301611534769596117e-03
4.953302997039108924e+00 4.016389738336731581e-03
5.001486479303548727e+00 3.744890356980744295e-03
5.050138668603383785e+00 3.487239253943732846e-03
5.099264124307808288e+00 3.242597506232566557e-03
5.148867450137498025e+00 3.010481208300497258e-03
5.198953294596024399e+00 2.790444879780877487e-03
5.249526351405507718e+00 2.582284898522614180e-03
5.300591359946452030e+00 2.385485490611721077e-03
5.352153105701904501e+00 2.199661514489986962e-03
5.404216420705915347e+00 2.024412101720181930e-03
5.456786183996381823e+00 1.859436976590110547e-03
5.509867322072253160e+00 1.704117668552022988e-03
5.563464809355226137e+00 1.558330913317507475e-03
5.617583668655908191e+00 1.421606705078787411e-03
5.672228971644543094e+00 1.293619713241008547e-03
5.727405839326266346e+00 1.173929997937423657e-03
5.783119442521027054e+00 1.062388254652137749e-03
5.839375002348160315e+00 9.584880473329914375e-04
5.896177790715694478e+00 8.619560175132448543e-04
5.953533130814370189e+00 7.724641331555163939e-04
6.011446397616513337e+00 6.896994068390427043e-04
6.069923018379741464e+00 6.133463703645768627e-04
6.128968473155564034e+00 5.431090281876150639e-04
6.188588295302960063e+00 4.786797053938592387e-04
6.248788072006894012e+00 4.197777007098954104e-04
6.309573444801936049e+00 3.661038254374524405e-04
6.370950110100935149e+00 3.173943889891109186e-04
6.432923819728876502e+00 2.733627463018752546e-04
6.495500381461869033e+00 2.337469643332953538e-04
6.558685659571435345e+00 1.982841999029720114e-04
6.622485575374063238e+00 1.667059129980049542e-04
6.686906107786136921e+00 1.387729513775493376e-04
6.751953293884205287e+00 1.142338614200411761e-04
6.817633229470763112e+00 9.284515794324143536e-05
6.883952069645496330e+00 7.436967640304149331e-05
6.950916029382126382e+00 5.858107711106830414e-05
7.018531384110795912e+00 4.524454733719588008e-05
7.086804470306189430e+00 3.414040640511353667e-05
7.155741686081340980e+00 2.505093964892926881e-05
7.225349491787214085e+00 1.776179315288103843e-05
7.295634410618154320e+00 1.206420789589949562e-05
7.366603029223159460e+00 7.751860320585450017e-06
7.438261998323163482e+00 4.624935831482639828e-06
7.510618033334286459e+00 2.485923812110389330e-06
7.583677914997190683e+00 1.141539164490203353e-06
7.657448490012479958e+00 4.023878807950675069e-07
7.731936671682362316e+00 8.223108487563357448e-08
7.807149440558499798e+00 0.000000000000000000e+00
