1.000000000000000021e-02 1.830118573591106079e+00
1.009727545900835841e-02 1.830114629319331110e+00
1.019549716950923779e-02 1.830110596987497562e+00
1.029467433620748044e-02 1.830106473478652518e+00
1.039481625334708927e-02 1.830102422081890667e+00
1.049593230558227772e-02 1.830100238035796023e+00
1.059803196885688789e-02 1.830093679203670831e+00
1.070112481129246833e-02 1.830089259246413969e+00
1.080522049408488318e-02 1.830085476599584871e+00
1.091032877240974419e-02 1.830080899778814718e+00
1.101645949633656314e-02 1.830075496360171305e+00
1.112362261175187626e-02 1.830070708075724806e+00
1.123182816129126085e-02 1.830065825005114943e+00
1.134108628528052165e-02 1.830060832876916788e+00
1.145140722268592030e-02 1.830055734187943761e+00
1.156280131207376022e-02 1.830050644769494417e+00
1.167527899257919492e-02 1.830045321233008337e+00
1.178885080488457221e-02 1.830039908323313425e+00
1.190352739220719262e-02 1.830034464363549773e+00
1.201931950129673729e-02 1.830028808300258492e+00
1.213623798344241195e-02 1.830023092047757149e+00
1.225429379548980714e-02 1.830017231585342241e+00
1.237349800086776086e-02 1.830011350076022225e+00
1.249386177062509519e-02 1.830004816053797168e+00
1.261539638447754796e-02 1.829998760364343502e+00
1.273811323186478488e-02 1.829992440183986879e+00
1.286202381301779218e-02 1.829986307634359655e+00
1.298713974003655978e-02 1.829979703849786699e+00
1.311347273797833224e-02 1.829973369308447451e+00
1.324103464595636874e-02 1.829966526399631199e+00
1.336983741824946531e-02 1.829959473509245482e+00
1.349989312542219239e-02 1.829952282700215482e+00
1.363121395545611320e-02 1.829944951004688347e+00
1.376381221489191876e-02 1.829936619770283102e+00
1.389770032998276401e-02 1.829928826435449407e+00
1.403289084785873213e-02 1.829920919529586909e+00
1.416939643770268736e-02 1.829912879680233750e+00
1.430722989193757184e-02 1.829904670294280500e+00
1.444640412742520530e-02 1.829896284976199716e+00
1.458693218667675602e-02 1.829887741030239656e+00
1.472882723907502529e-02 1.829879036873666598e+00
1.487210258210860774e-02 1.829870230134342579e+00
1.501677164261799868e-02 1.829861232337496091e+00
1.516284797805393485e-02 1.829852044359827623e+00
1.531034527774784160e-02 1.829842624147211883e+00
1.545927736419477720e-02 1.829833084394903553e+00
1.560965819434872483e-02 1.829825397314870816e+00
1.576150186093060873e-02 1.829815516236712458e+00
1.591482259374891323e-02 1.829805488835998251e+00
1.606963476103326349e-02 1.829795287042421892e+00
1.622595287078087284e-02 1.829785879002823412e+00
1.638379157211618947e-02 1.829772133026792647e+00
1.654316565666366645e-02 1.829764443724701373e+00
1.670409005993399310e-02 1.829753379673110469e+00
1.686657986272368723e-02 1.829742101553368361e+00
1.703065029252844378e-02 1.829728380437182667e+00
1.719631672497009753e-02 1.829716966590878569e+00
1.736359468523754335e-02 1.829705350136541897e+00
1.753249984954170088e-02 1.829693513591450493e+00
1.770304804658450262e-02 1.829681447855328491e+00
1.787525525904235316e-02 1.829669227478097682e+00
1.804913762506383731e-02 1.829656740132179937e+00
1.822471143978214581e-02 1.829643949632341116e+00
1.840199315684210371e-02 1.829630847620744794e+00
1.858099938994215231e-02 1.829616966260510402e+00
1.876174691439120440e-02 1.829604393343635227e+00
1.894425266868081034e-02 1.829590374105783068e+00
1.912853375607242307e-02 1.829575811157223342e+00
1.931460744620030340e-02 1.829561272158230389e+00
1.950249117668984011e-02 1.829546426774538714e+00
1.969220255479172538e-02 1.829531252444278611e+00
1.988375935903200636e-02 1.829515715158052780e+00
2.007717954087816226e-02 1.829499135802861609e+00
2.027248122642137662e-02 1.829482949173091288e+00
2.046968271807520987e-02 1.829466424003144853e+00
2.066880249629082095e-02 1.829449521231583997e+00
2.086985922128879734e-02 1.829432253527962793e+00
2.107287173480786382e-02 1.829414828662484283e+00
2.127785906187062287e-02 1.829396798563750037e+00
2.148484041256648255e-02 1.829378452662526300e+00
2.169383518385184506e-02 1.829359720981013737e+00
2.190486296136792688e-02 1.829340602731962750e+00
2.211794352127614133e-02 1.829321030409638782e+00
2.233309683211144592e-02 1.829301038283061231e+00
2.255034305665360936e-02 1.829280781344953644e+00
2.276970255381680075e-02 1.829259376465378395e+00
2.299119588055741764e-02 1.829238405712245275e+00
2.321484379380064564e-02 1.829217019904022967e+00
2.344066725238556220e-02 1.829195393522248247e+00
2.366868741902936057e-02 1.829172975633958087e+00
2.389892566231050300e-02 1.829150086390105789e+00
2.413140355867127856e-02 1.829126789370564943e+00
2.436614289443983158e-02 1.829103028305155476e+00
2.460316566787181664e-02 1.829077603872203195e+00
2.484249409121190577e-02 1.829052780224411423e+00
2.508415059277539771e-02 1.829027582891570969e+00
2.532815781905008515e-02 1.829002029060458723e+00
2.557453863681850847e-02 1.828976039837947765e+00
2.582331613530085626e-02 1.828950351800562757e+00
2.607451362831877603e-02 1.828923508937210674e+00
2.632815465648021339e-02 1.828896257034545947e+00
2.658426298938541474e-02 1.828868426937331204e+00
2.684286262785454819e-02 1.828840081544349516e+00
2.710397780617682106e-02 1.828811250030195401e+00
2.736763299438163891e-02 1.828781855746700602e+00
2.763385290053169824e-02 1.828754310358674973e+00
2.790266247303856487e-02 1.828722105504299922e+00
2.817408690300057458e-02 1.828690654126193804e+00
2.844815162656363222e-02 1.828658562949072364e+00
2.872488232730495070e-02 1.828625824608430150e+00
2.900430493863991738e-02 1.828592341717235392e+00
2.928644564625237229e-02 1.828558393212874167e+00
2.957133089054861039e-02 1.828523562933729085e+00
2.985898736913520854e-02 1.828487666467711659e+00
3.014944203932094433e-02 1.828452800924565302e+00
3.044272212064302874e-02 1.828417769511040181e+00
3.073885509741795460e-02 1.828380322798754509e+00
3.103786872131722788e-02 1.828342405792420022e+00
3.133979101396793671e-02 1.828302573972119704e+00
3.164465026957891114e-02 1.828262857278391662e+00
3.195247505759213347e-02 1.828221856699837389e+00
3.226329422536015901e-02 1.828180701410366371e+00
3.257713690084949876e-02 1.828138415528296479e+00
3.289403249537032475e-02 1.828095988478864564e+00
3.321401070633261954e-02 1.828052473027035107e+00
3.353710152002930406e-02 1.828008105904513458e+00
3.386333521444636480e-02 1.827962674408934118e+00
3.419274236210027851e-02 1.827916463031370453e+00
3.452535383290306070e-02 1.827869289460463564e+00
3.486120079705520153e-02 1.827821274012110697e+00
3.520031472796678745e-02 1.827772145888625355e+00
3.554272740520694751e-02 1.827722075651574851e+00
3.588847091748199186e-02 1.827670939856266052e+00
3.623757766564258964e-02 1.827618726979799435e+00
3.659008036572020811e-02 1.827565675272986079e+00
3.694601205199302130e-02 1.827513531003891023e+00
3.730540608008161424e-02 1.827458253218865014e+00
3.766829613007490613e-02 1.827401977016879009e+00
3.803471620968648659e-02 1.827343405091469419e+00
3.840470065744145539e-02 1.827285042539147364e+00
3.877828414589457040e-02 1.827225518902737322e+00
3.915550168487941241e-02 1.827164948754415263e+00
3.953638862478930927e-02 1.827103341641191481e+00
3.992098065989020672e-02 1.827040352424266878e+00
4.030931383166566628e-02 1.826976129243154112e+00
4.070142453219438572e-02 1.826910439775718320e+00
4.109734950756069316e-02 1.826844033293210767e+00
4.149712586129815362e-02 1.826773272584414576e+00
4.190079105786669034e-02 1.826706553423240065e+00
4.230838292616342228e-02 1.826635994400708674e+00
4.271993966306778662e-02 1.826564104978485537e+00
4.313549983702118923e-02 1.826490628554606310e+00
4.355510239164130798e-02 1.826415319564002493e+00
4.397878664937160398e-02 1.826338134675379532e+00
4.440659231516640160e-02 1.826260818023814680e+00
4.483855948021186338e-02 1.826181580791963244e+00
4.527472862568297785e-02 1.826100832578640309e+00
4.571514062653719151e-02 1.826018497460703216e+00
4.615983675534499064e-02 1.825934129835186992e+00
4.660885868615767536e-02 1.825849095372520603e+00
4.706224849841281199e-02 1.825760863012253710e+00
4.752004868087766204e-02 1.825671898901377377e+00
4.798230213563085128e-02 1.825581221071403748e+00
4.844905218208294534e-02 1.825489000993537392e+00
4.892034256103611894e-02 1.825394867520792275e+00
4.939621743878321036e-02 1.825297826244579813e+00
4.987672141124663283e-02 1.825199725485247670e+00
5.036189950815770505e-02 1.825099592880695898e+00
5.085179719727656034e-02 1.824998464659940201e+00
5.134646038865306461e-02 1.824893748422305118e+00
5.184593543892913187e-02 1.824788284318032527e+00
5.235026915568305461e-02 1.824678903447385592e+00
5.285950880181603667e-02 1.824570969749713889e+00
5.337370209998133774e-02 1.824456017864634516e+00
5.389289723705643909e-02 1.824341587772501105e+00
5.441714286865893119e-02 1.824224577277518522e+00
5.494648812370611646e-02 1.824105262744303069e+00
5.548098260901916656e-02 1.823985577249477741e+00
5.602067641397187603e-02 1.823861750835648277e+00
5.656562011518465050e-02 1.823735376336299785e+00
5.711586478126431943e-02 1.823606886858070597e+00
5.767146197758996756e-02 1.823475583380042675e+00
5.823246377114527778e-02 1.823341449183798479e+00
5.879892273539785025e-02 1.823204134802325349e+00
5.937089195522609469e-02 1.823065673768834438e+00
5.994842503189409116e-02 1.822924152435181355e+00
6.053157608807464840e-02 1.822780488321766867e+00
6.112039977292132997e-02 1.822633124238648428e+00
6.171495126718981594e-02 1.822483506130539332e+00
6.231528628840921763e-02 1.822330163998851615e+00
6.292146109610344262e-02 1.822172393832345749e+00
6.353353249706343575e-02 1.822017332428927716e+00
6.415155785067082339e-02 1.821854120630028273e+00
6.477559507427335661e-02 1.821689587778028141e+00
6.540570264861225724e-02 1.821522320977470022e+00
6.604193962330305590e-02 1.821350188394547098e+00
6.668436562236895737e-02 1.821173718519631279e+00
6.733304084982863480e-02 1.820996153764682157e+00
6.798802609533814711e-02 1.820813508212668408e+00
6.864938273988777095e-02 1.820628192527675271e+00
6.931717276155408003e-02 1.820438753890764705e+00
6.999145874130821565e-02 1.820246517218828464e+00
7.067230386888070925e-02 1.820050063302239396e+00
7.135977194868306506e-02 1.819849531438211265e+00
7.205392740578704658e-02 1.819645565763523987e+00
7.275483529196229149e-02 1.819435107584036482e+00
7.346256129177256011e-02 1.819225793887428777e+00
7.417717172873124210e-02 1.819009577054306881e+00
7.489873357151664857e-02 1.818789081211757530e+00
7.562731444024800576e-02 1.818566093148058949e+00
7.636298261282241373e-02 1.818337652081234435e+00
7.710580703131336699e-02 1.818105159514198377e+00
7.785585730843146146e-02 1.817867850983510447e+00
7.861320373404813433e-02 1.817625647419922608e+00
7.937791728178281159e-02 1.817378875641081581e+00
8.015006961565404597e-02 1.817126446228506165e+00
8.092973309679550586e-02 1.816870372618472729e+00
8.171698079023696770e-02 1.816608858600071708e+00
8.251188647175167201e-02 1.816342338715136950e+00
8.331452463477014014e-02 1.816070173410713418e+00
8.412497049736118726e-02 1.815793725211458876e+00
8.494330000928071445e-02 1.815511574478627876e+00
8.576958985908941790e-02 1.815223472713332731e+00
8.660391748133952627e-02 1.814928638373365821e+00
8.744636106383144036e-02 1.814629869487398572e+00
8.829699955494091368e-02 1.814324996678955859e+00
8.915591267101763417e-02 1.814012997570333408e+00
9.002318090385581784e-02 1.813696056854532612e+00
9.089888552823731371e-02 1.813373720043552462e+00
9.178310860954806694e-02 1.813046109249387694e+00
9.267593301146882789e-02 1.812711773786638947e+00
9.357744240374062106e-02 1.812370674539141913e+00
9.448772127000577836e-02 1.812023087262930154e+00
9.540685491572513388e-02 1.811669389496840088e+00
9.633492947617222635e-02 1.811308133377160345e+00
9.727203192450542546e-02 1.810939665349136307e+00
9.821825007991856482e-02 1.810564232873306478e+00
9.917367261587073379e-02 1.810180859607005255e+00
1.001383890683960748e-01 1.809789965379203114e+00
1.011124898444945991e-01 1.809391997343458014e+00
1.020960662306047012e-01 1.808985952735780334e+00
1.030892104011576216e-01 1.808572096079086311e+00
1.040920154272158005e-01 1.808149970034489407e+00
1.051045752851944987e-01 1.807720789709915676e+00
1.061269848656690717e-01 1.807283328450296489e+00
1.071593399822671072e-01 1.806838316185390259e+00
1.082017373806478805e-01 1.806385558532023650e+00
1.092542747475682557e-01 1.805923609058353030e+00
1.103170507200377515e-01 1.805452481489465244e+00
1.113901648945616746e-01 1.804972130069161462e+00
1.124737178364751955e-01 1.804482623485439197e+00
1.135678110893671017e-01 1.803983012998828572e+00
1.146725471845963656e-01 1.803474471799951795e+00
1.157880296509002094e-01 1.802956202464028213e+00
1.169143630240966764e-01 1.802428670388498411e+00
1.180516528568804902e-01 1.801890021248966578e+00
1.192000057287153220e-01 1.801342491911131605e+00
1.203595292558212876e-01 1.800780905191520676e+00
1.215303321012602134e-01 1.800211564569845546e+00
1.227125239851190319e-01 1.799631959621100341e+00
1.239062156947916271e-01 1.799041395728327108e+00
1.251115190953615564e-01 1.798439363422149162e+00
1.263285471400849291e-01 1.797826319946644658e+00
1.275574138809759950e-01 1.797201131810926666e+00
1.287982344794950385e-01 1.796563916079893852e+00
1.300511252173409127e-01 1.795915111605269399e+00
1.313162035073478784e-01 1.795252793612542197e+00
1.325935879044890797e-01 1.794579389336190989e+00
1.338833981169864351e-01 1.793893134145368551e+00
1.351857550175293021e-01 1.793192967233841806e+00
1.365007806546013891e-01 1.792478901910898204e+00
1.378285982639189389e-01 1.791752106802556366e+00
1.391693322799789911e-01 1.791012372624318116e+00
1.405231083477211373e-01 1.790258332632479465e+00
1.418900533343016301e-01 1.789491712932971934e+00
1.432702953409830948e-01 1.788710050781299632e+00
1.446639637151387880e-01 1.787913120765217689e+00
1.460711890623745679e-01 1.787098922934731160e+00
1.474921032587684921e-01 1.786273160587190656e+00
1.489268394632288772e-01 1.785430751000173899e+00
1.503755321299738434e-01 1.784571952837772590e+00
1.518383170211306810e-01 1.783695957497656526e+00
1.533153312194593942e-01 1.782825830545137658e+00
1.548067131411984265e-01 1.781899524559493075e+00
1.563126025490369497e-01 1.781005432038688330e+00
1.578331405652117214e-01 1.780035314351260389e+00
1.593684696847328941e-01 1.779112440972167697e+00
1.609187337887370006e-01 1.778099040731064617e+00
1.624840781579713067e-01 1.777103583598033998e+00
1.640646494864078653e-01 1.776092462738771527e+00
1.656605958949914359e-01 1.775061268598147279e+00
1.672720669455196874e-01 1.774007429034925698e+00
1.688992136546599021e-01 1.772936108566230295e+00
1.705421885081006561e-01 1.771845586904710945e+00
1.722011454748421100e-01 1.770735872639391362e+00
1.738762400216251336e-01 1.769613120955437102e+00
1.755676291275001522e-01 1.768453523634901048e+00
1.772754712985387948e-01 1.767283055064513997e+00
1.789999265826875408e-01 1.766089667704408450e+00
1.807411565847668600e-01 1.764873023261892548e+00
1.824993244816152382e-01 1.763632332436343209e+00
1.842745950373816666e-01 1.762369071678832499e+00
1.860671346189656239e-01 1.761088344002553985e+00
1.878771112116086051e-01 1.759779787219194036e+00
1.897046944346358344e-01 1.758450143355106965e+00
1.915500555573527997e-01 1.757095070020917360e+00
1.934133675150944698e-01 1.755715419859345205e+00
1.952948049254327745e-01 1.754310520496723536e+00
1.971945441045395986e-01 1.752880050014726354e+00
1.991127630837108697e-01 1.751425264433460693e+00
2.010496416260497965e-01 1.749942204767783061e+00
2.030053612433137811e-01 1.748432992754185955e+00
2.049801052129238688e-01 1.746896235136961240e+00
2.069740585951406198e-01 1.745333223381488885e+00
2.089874082504071251e-01 1.743741661085457251e+00
2.110203428568595552e-01 1.742121070267830474e+00
2.130730529280097374e-01 1.740471386700585210e+00
2.151457308305980698e-01 1.738791864688276068e+00
2.172385708026215445e-01 1.737084149168069303e+00
2.193517689715359098e-01 1.735346607282491460e+00
2.214855233726360506e-01 1.733576774677917820e+00
2.236400339676138660e-01 1.731775791003303144e+00
2.258155026632983065e-01 1.729943249571806119e+00
2.280121333305757114e-01 1.728078944529480854e+00
2.302301318234963867e-01 1.726181794555703641e+00
2.324697059985647851e-01 1.724250629168996740e+00
2.347310657342196183e-01 1.722285645987573499e+00
2.370144229505012079e-01 1.720288026125280867e+00
2.393199916289123208e-01 1.718252971328636747e+00
2.416479878324700736e-01 1.716185235337721160e+00
2.439986297259550130e-01 1.714080670820899766e+00
2.463721375963552895e-01 1.711938752325608437e+00
2.487687338735107279e-01 1.709758859005273912e+00
2.511886431509580686e-01 1.707544015000599380e+00
2.536320922069775774e-01 1.705288767657477722e+00
2.560993100258459609e-01 1.702996611212376443e+00
2.585905278192945911e-01 1.700663999850048347e+00
2.611059790481781162e-01 1.698293736438384327e+00
2.636458994443517945e-01 1.695883822472559421e+00
2.662105270327638773e-01 1.693430015512130016e+00
2.688001021537606006e-01 1.690935555634226040e+00
2.714148674856106669e-01 1.688400159187085636e+00
2.740550680672460548e-01 1.685822111991954531e+00
2.767209513212268712e-01 1.683197984554109405e+00
2.794127670769268601e-01 1.680533099952895348e+00
2.821307675939472293e-01 1.677823376533636779e+00
2.848752075857552413e-01 1.675068188669733837e+00
2.876463442435557849e-01 1.672266294654089824e+00
2.904444372603925406e-01 1.669456213085879881e+00
2.932697488554852905e-01 1.666525138811118856e+00
2.961225437988035947e-01 1.663583059227198291e+00
2.990030894358785551e-01 1.660594613324209989e+00
3.019116557128577738e-01 1.657559497740004995e+00
3.048485152018017286e-01 1.654473436730990565e+00
3.078139431262288950e-01 1.651334522497719171e+00
3.108082173869063936e-01 1.648146770747419554e+00
3.138316185878944342e-01 1.644908021200916837e+00
3.168844300628416155e-01 1.641618501248102380e+00
3.199669379015380732e-01 1.638276550055281167e+00
3.230794309767249795e-01 1.634882114499344175e+00
3.262222009711669979e-01 1.631433462446926441e+00
3.293955424049855307e-01 1.627931314701414722e+00
3.325997526632606949e-01 1.624373867458772214e+00
3.358351320238990301e-01 1.620761856337825435e+00
3.391019836857747105e-01 1.617091584086449041e+00
3.424006137971423724e-01 1.613396242691155447e+00
3.457313314843284413e-01 1.609584309280232883e+00
3.490944488806992929e-01 1.605746554689737149e+00
3.524902811559130766e-01 1.601844340588882698e+00
3.559191465454557002e-01 1.597886465467470929e+00
3.593813663804627523e-01 1.593873333028115846e+00
3.628772651178337472e-01 1.589795409590605724e+00
3.664071703706370808e-01 1.585657547023806346e+00
3.699714129388128048e-01 1.581458921117355088e+00
3.735703268401719401e-01 1.577198223077274308e+00
3.772042493416999376e-01 1.572901270381328320e+00
3.808735209911614517e-01 1.568490914785029000e+00
3.845784856490158665e-01 1.564041548361374767e+00
3.883194905206404091e-01 1.559528068051348138e+00
3.920968861888690649e-01 1.554951792793234588e+00
3.959110266468458539e-01 1.550308992514198625e+00
3.997622693312000708e-01 1.545600565954956540e+00
4.036509751555413805e-01 1.540828818130364875e+00
4.075775085442840395e-01 1.535985737791895955e+00
4.115422374667966343e-01 1.531083458753419890e+00
4.155455334718875515e-01 1.526107094107173934e+00
4.195877717226225712e-01 1.521064528736939536e+00
4.236693310314835759e-01 1.515956192160998972e+00
4.277905938958687093e-01 1.510774661701986821e+00
4.319519465339363706e-01 1.505528358113803478e+00
4.361537789208005944e-01 1.500211214694636919e+00
4.403964848250754294e-01 1.494827038725950352e+00
4.446804618457780300e-01 1.489368564397759664e+00
4.490061114495874639e-01 1.483842706223298169e+00
4.533738390084691150e-01 1.478245146684765476e+00
4.577840538376618529e-01 1.472576631879536135e+00
4.622371692340384031e-01 1.466836846025002528e+00
4.667336025148346446e-01 1.461025183039867281e+00
4.712737750567601580e-01 1.455144956728581462e+00
4.758581123354846953e-01 1.449190257094806977e+00
4.804870439655131720e-01 1.443163551536862155e+00
4.851610037404442966e-01 1.437067895562485154e+00
4.898804296736250508e-01 1.430895663321536393e+00
4.946457640391963562e-01 1.424651753580787439e+00
4.994574534135413635e-01 1.418338559959927858e+00
5.043159487171361421e-01 1.411951599851240191e+00
5.092217052568053237e-01 1.405489062526055655e+00
5.141751827683928022e-01 1.398960405360249348e+00
5.191768454598426619e-01 1.392353990907469585e+00
5.242271620547044320e-01 1.385687599198033526e+00
5.293266058360561743e-01 1.378927057890095398e+00
5.344756546908600026e-01 1.372088080519921816e+00
5.396747911547442600e-01 1.365212785692348829e+00
5.449245024572260121e-01 1.358248412481241951e+00
5.502252805673685243e-01 1.351213018107474406e+00
5.555776222398878250e-01 1.344105065912862385e+00
5.609820290617031358e-01 1.336929125671564300e+00
5.664390074989449353e-01 1.329677943575020560e+00
5.719490689444144405e-01 1.322358022373510744e+00
5.775127297655114900e-01 1.314971748658867456e+00
5.831305113526221717e-01 1.307513316106826640e+00
5.888029401679826247e-01 1.299981309599136381e+00
5.945305477950136863e-01 1.292390113850507616e+00
6.003138709881384871e-01 1.284729013792867081e+00
6.061534517230839914e-01 1.276998372326682674e+00
6.120498372476699256e-01 1.269201396078927457e+00
6.180035801330957534e-01 1.261341348756338077e+00
6.240152383257209223e-01 1.253417097441021921e+00
6.300853751993553686e-01 1.245421042445501669e+00
6.362145596080520660e-01 1.237357390547158431e+00
6.424033659394193796e-01 1.229208699234861424e+00
6.486523741684461219e-01 1.221068221771422602e+00
6.549621699118558515e-01 1.212827147646863279e+00
6.613333444829840868e-01 1.204466038298708686e+00
6.677664949471955325e-01 1.196163410410917560e+00
6.742622241778342129e-01 1.187746619399748571e+00
6.808211409127237213e-01 1.179272825501107569e+00
6.874438598112112553e-01 1.170738121549739663e+00
6.941310015117725385e-01 1.162153148550871817e+00
7.008831926901714082e-01 1.153514980770727449e+00
7.077010661181889484e-01 1.144823256243604703e+00
7.145852607229240538e-01 1.136077286184317803e+00
7.215364216466665370e-01 1.127286754090718102e+00
7.285552003073593186e-01 1.118442473119063862e+00
7.356422544596413760e-01 1.109556033976958345e+00
7.427982482564918776e-01 1.100620062939013932e+00
7.500238523114668432e-01 1.091643889901402042e+00
7.573197437615483141e-01 1.082621222257359017e+00
7.646866063305975958e-01 1.073524292590901430e+00
7.721251303934327792e-01 1.064453010113482589e+00
7.796360130405233235e-01 1.055314588861377745e+00
7.872199581433195759e-01 1.046135694612635003e+00
7.948776764202123424e-01 1.036924251122043783e+00
8.026098855031396084e-01 1.027676236512000241e+00
8.104173100048355227e-01 1.018398758259509984e+00
8.183006815867394090e-01 1.009092042282156543e+00
8.262607390275591435e-01 9.997530540882325623e-01
8.342982282925082149e-01 9.903905866103968059e-01
8.424139026032094746e-01 9.810017815985664358e-01
8.506085225082840040e-01 9.715962046135514507e-01
8.588828559546254349e-01 9.621626118318559184e-01
8.672376783593644944e-01 9.527137937130270018e-01
8.756737726825394308e-01 9.432462360169626692e-01
8.841919295004664336e-01 9.337591378041155687e-01
8.927929470798307010e-01 9.242654327298729378e-01
9.014776314524917122e-01 9.147550830130064536e-01
9.102467964910225806e-01 9.052382926136350871e-01
9.191012639849772681e-01 8.957129895266043862e-01
9.280418637179072006e-01 8.861786622089454779e-01
9.370694335451198453e-01 8.766457349126397514e-01
9.461848194722002336e-01 8.671089964565472652e-01
9.553888757342895444e-01 8.575697021168651180e-01
9.646824648761427312e-01 8.480355614913837048e-01
9.740664578329562007e-01 8.384727277739902895e-01
9.835417340119908536e-01 8.289804044398147997e-01
9.931091813749796104e-01 8.194635066946917012e-01
1.002769696521346621e+00 8.099570721921688365e-01
1.012524184772224167e+00 8.004595829454024258e-01
1.022373560255302127e+00 7.909772831834210871e-01
1.032318745990486564e+00 7.815174093774835962e-01
1.042360673976402197e+00 7.720669954462676676e-01
1.052500285277732761e+00 7.626392716772992797e-01
1.062738530113414459e+00 7.532318768895956973e-01
1.073076367945679621e+00 7.438521961921131798e-01
1.083514767569973225e+00 7.344945824901172315e-01
1.094054707205742494e+00 7.251663209786295416e-01
1.104697174588111785e+00 7.158644808846241769e-01
1.115443167060441221e+00 7.065947764812916532e-01
1.126293691667795249e+00 6.973611212655390634e-01
1.137249765251314271e+00 6.881593719814560473e-01
1.148312414543511073e+00 6.789944767616536980e-01
1.159482676264482759e+00 6.698660372166881372e-01
1.170761597219069250e+00 6.607796152058593719e-01
1.182150234394952371e+00 6.517357951188180731e-01
1.193649655061713055e+00 6.427353475309950381e-01
1.205260936870842681e+00 6.337760717409947064e-01
1.216985167956738056e+00 6.248636012268996565e-01
1.228823447038673411e+00 6.160049220433554407e-01
1.240776883523764251e+00 6.071926443187123379e-01
1.252846597610937529e+00 5.984324298767058625e-01
1.265033720395903893e+00 5.897219613875426258e-01
1.277339393977160009e+00 5.810697369523047939e-01
1.289764771563017165e+00 5.724275094965530775e-01
1.302311017579677488e+00 5.639274240752727430e-01
1.314979307780347773e+00 5.554456342398090829e-01
1.327770829355430449e+00 5.470188518990313220e-01
1.340686781043774811e+00 5.386556844443900482e-01
1.353728373245021821e+00 5.303544876930514906e-01
1.366896828133026487e+00 5.220993541352978440e-01
1.380193379770397355e+00 5.139092860808445185e-01
1.393619274224142002e+00 5.058313762677052461e-01
1.407175769682446731e+00 4.977887562271466337e-01
1.420864136572576708e+00 4.898132969722096552e-01
1.434685657679937831e+00 4.819049061179500604e-01
1.448641628268290127e+00 4.740682629125844150e-01
1.462733356201129986e+00 4.662984425711014236e-01
1.476962162064259898e+00 4.586022714302790404e-01
1.491329379289537682e+00 4.509767621591905251e-01
1.505836354279841416e+00 4.434235301180112776e-01
1.520484446535244283e+00 4.359426313182725998e-01
1.535275028780422657e+00 4.285364851611125347e-01
1.550209487093291205e+00 4.212043845124788244e-01
1.565289221034902312e+00 4.139527682006339249e-01
1.580515643780601165e+00 4.067650476348244615e-01
1.595890182252465817e+00 3.996615768104399558e-01
1.611414277253019778e+00 3.926312215507325454e-01
1.627089383600260675e+00 3.856804727045097803e-01
1.642916970263993193e+00 3.787993412882871280e-01
1.658898520503498064e+00 3.720055580441359866e-01
1.675035532006524441e+00 3.652862692060550587e-01
1.691329517029648732e+00 3.586436899381404975e-01
1.707782002539993016e+00 3.520736825823480576e-01
1.724394530358320354e+00 3.455947777716215641e-01
1.741168657303530987e+00 3.391897025550218991e-01
1.758105955338547632e+00 3.328640803714536522e-01
1.775208011717636092e+00 3.266140494881318301e-01
1.792476429135148930e+00 3.204447794131902727e-01
1.809912825875727105e+00 3.143426967271867878e-01
1.827518835965944666e+00 3.083412159615572246e-01
1.845296109327445366e+00 3.024086453149539833e-01
1.863246311931559873e+00 2.965542081149035725e-01
1.881371125955437096e+00 2.907807538444014961e-01
1.899672249939675650e+00 2.850802373257058653e-01
1.918151398947507635e+00 2.794620024281523896e-01
1.936810304725519849e+00 2.739191913914720833e-01
1.955650715865949074e+00 2.684556769024916134e-01
1.974674397970537454e+00 2.630697916076263354e-01
1.993883133816001019e+00 2.577556281717082731e-01
2.013278723521096492e+00 2.525238842107425663e-01
2.032862984715323673e+00 2.473726509678240981e-01
2.052637752709252084e+00 2.422932540035942217e-01
2.072604880666519822e+00 2.372905698660658647e-01
2.092766239777499759e+00 2.323627089009387137e-01
2.113123719434652603e+00 2.275098114485138712e-01
2.133679227409597701e+00 2.227294705253914653e-01
2.154434690031884259e+00 2.179873329137740623e-01
2.175392052369522489e+00 2.133960084550722558e-01
2.196553278411258248e+00 2.088383196766588623e-01
2.217920351250634692e+00 2.043498194576715277e-01
2.239495273271823184e+00 1.999328970741868494e-01
2.261280066337279404e+00 1.955982124760470287e-01
2.283276771977218012e+00 1.913270153539705087e-01
2.305487451580938707e+00 1.871266562262783317e-01
2.327914186589993051e+00 1.829906593375368595e-01
2.350559078693253756e+00 1.789249849728996866e-01
2.373424250023866033e+00 1.749410985004591912e-01
2.396511843358130278e+00 1.710156833720738456e-01
2.419824022316292567e+00 1.671595199605356019e-01
2.443362971565319341e+00 1.633661257426282098e-01
2.467130897023623426e+00 1.596423703006336348e-01
2.491130026067788439e+00 1.559804180961023301e-01
2.515362607741312928e+00 1.523910295719420327e-01
2.539830912965362675e+00 1.488529678542416246e-01
2.564537234751594674e+00 1.453846314367689130e-01
2.589483888417040802e+00 1.419790187427450168e-01
2.614673211801092023e+00 1.386346837961363876e-01
2.640107565484572927e+00 1.353517357739034421e-01
2.665789333010967876e+00 1.321292599875786844e-01
2.691720921109787668e+00 1.289667136300844397e-01
2.717904759922122881e+00 1.258629069830306535e-01
2.744343303228365283e+00 1.228159976665214870e-01
2.771039028678170535e+00 1.198296264395409816e-01
2.797994438022641805e+00 1.168985859443574388e-01
2.825212057348790218e+00 1.140238804530054884e-01
2.852694437316245057e+00 1.112044762531089470e-01
2.880444153396297668e+00 1.084380101564869636e-01
2.908463806113254169e+00 1.057293641728103695e-01
2.936756021288137397e+00 1.030713517351325575e-01
2.965323450284773621e+00 1.004672949360446987e-01
2.994168770258243573e+00 9.791526491811866628e-02
3.023294684405779531e+00 9.541259768823495691e-02
3.052703922220086241e+00 9.296122376657868502e-02
3.082399239745143404e+00 9.055979739251159011e-02
3.112383419834465759e+00 8.820680810229210300e-02
3.142659272411905569e+00 8.590629099583294015e-02
3.173229634734976212e+00 8.364589836548477764e-02
3.204097371660752813e+00 8.143588879324721586e-02
3.235265375914330388e+00 7.927025571740410614e-02
3.266736568359921655e+00 7.715202470888277153e-02
3.298513898274578082e+00 7.508172197769831524e-02
3.330600343624588788e+00 7.305214678050207799e-02
3.362998911344535991e+00 7.106564120287910125e-02
3.395712637619100693e+00 6.912231718423329785e-02
3.428744588167585317e+00 6.721824432046669129e-02
3.462097858531227423e+00 6.536153453985922568e-02
3.495775574363275240e+00 6.354286633648398297e-02
3.529780891721914671e+00 6.176415019918445048e-02
3.564116997366032269e+00 6.002499508941153833e-02
3.598787109053855460e+00 5.832498536920430882e-02
3.633794475844513094e+00 5.666029742553764514e-02
3.669142378402494131e+00 5.503708707754172147e-02
3.704834129305105694e+00 5.345039209740932301e-02
3.740873073352900313e+00 5.189967470336616373e-02
3.777262587883141176e+00 5.038332536933360500e-02
3.814006083086284082e+00 4.890169018721186867e-02
3.851107002325572903e+00 4.745272140734647925e-02
3.888568822459721019e+00 4.604295141097821537e-02
3.926395054168756449e+00 4.466382590641458650e-02
3.964589242282997805e+00 4.331955938925504540e-02
4.003154966115265445e+00 4.200415478299858452e-02
4.042095839796306045e+00 4.071983441163733869e-02
4.081415512613501662e+00 3.946811786446136755e-02
4.121117669352832635e+00 3.824716888007374110e-02
4.161206030644208020e+00 3.705496361296314878e-02
4.201684353310133346e+00 3.589262376846436703e-02
4.242556430717777438e+00 3.475906575502719226e-02
4.283826093134470270e+00 3.365376140656225340e-02
4.325497208086633627e+00 3.257621791568236780e-02
4.367573680722233398e+00 3.152547538002267030e-02
4.410059454176736615e+00 3.050183274011215168e-02
4.452958509942654963e+00 2.950276066206948197e-02
4.496274868242640110e+00 2.853229216930361703e-02
4.540012588406244554e+00 2.758535020193073062e-02
4.584175769250333765e+00 2.666331649879871007e-02
4.628768549463215365e+00 2.576514995208034967e-02
4.673795107992464004e+00 2.489111760597295317e-02
4.719259664436561863e+00 2.404028906785312530e-02
4.765166479440326341e+00 2.321175275624583548e-02
4.811519855094205766e+00 2.240536637417247373e-02
4.858324135337417360e+00 2.162202180953610650e-02
4.905583706365050922e+00 2.085957577968965485e-02
4.953302997039108924e+00 2.011653639195035148e-02
5.001486479303548727e+00 1.939712770047924070e-02
5.050138668603383785e+00 1.869700997382449034e-02
5.099264124307808288e+00 1.801544619527106414e-02
5.148867450137498025e+00 1.735343411145593220e-02
5.198953294596024399e+00 1.671062948971453049e-02
5.249526351405507718e+00 1.608639859376009493e-02
5.300591359946452030e+00 1.548020313637384245e-02
5.352153105701904501e+00 1.489153793380393852e-02
5.404216420705915347e+00 1.432064743694481945e-02
5.456786183996381823e+00 1.376603617729172356e-02
5.509867322072253160e+00 1.322857696885724153e-02
5.563464809355226137e+00 1.270720909886331393e-02
5.617583668655908191e+00 1.220365927375836532e-02
5.672228971644543094e+00 1.171094314109982250e-02
5.727405839326266346e+00 1.123688212880553407e-02
5.783119442521027054e+00 1.077718872341542310e-02
5.839375002348160315e+00 1.033167754678663425e-02
5.896177790715694478e+00 9.899998155688845627e-03
5.953533130814370189e+00 9.482485987590244525e-03
6.011446397616513337e+00 9.081155700040137446e-03
6.069923018379741464e+00 8.688419757012328867e-03
6.128968473155564034e+00 8.309627876812306774e-03
6.188588295302960063e+00 7.944222741364352636e-03
6.248788072006894012e+00 7.591123875545271668e-03
6.309573444801936049e+00 7.249793115308382670e-03
6.370950110100935149e+00 6.920521935882502362e-03
6.432923819728876502e+00 6.602408005966000845e-03
6.495500381461869033e+00 6.295433275098344730e-03
6.558685659571435345e+00 5.999322901606653560e-03
6.622485575374063238e+00 5.714428458401153536e-03
6.686906107786136921e+00 5.438510887638314112e-03
6.751953293884205287e+00 5.173291893331221497e-03
6.817633229470763112e+00 4.917942657166099983e-03
6.883952069645496330e+00 4.672009806917621667e-03
6.950916029382126382e+00 4.435323204534836680e-03
7.018531384110795912e+00 4.207690982852830414e-03
7.086804470306189430e+00 3.988099205695574447e-03
7.155741686081340980e+00 3.778555592679633084e-03
7.225349491787214085e+00 3.576575502769484272e-03
7.295634410618154320e+00 3.382734411413056922e-03
7.366603029223159460e+00 3.196587065456541529e-03
7.438261998323163482e+00 3.018499871116231675e-03
7.510618033334286459e+00 2.847478571407239308e-03
7.583677914997190683e+00 2.683768267070963873e-03
7.657448490012479958e+00 2.526915748082116022e-03
7.731936671682362316e+00 2.377126699527800507e-03
7.807149440558499798e+00 2.233881855033272978e-03
7.883093845096216690e+00 2.096963067319300173e-03
7.959777002314985417e+00 1.966405582713103527e-03
8.037206098465421888e+00 1.841677719314622954e-03
8.115388389702712146e+00 1.722974111737146175e-03
8.194331202766655053e+00 1.609844149992134196e-03
8.274041935668218883e+00 1.502187160412162600e-03
8.354528058382872047e+00 1.399833377526428588e-03
8.435797113550611570e+00 1.302665894549350552e-03
8.517856717182803905e+00 1.210392171610537001e-03
8.600714559375941093e+00 1.122938032299106506e-03
8.684378405032257220e+00 1.040115392881311778e-03
8.768856094587436090e+00 9.617863312917284899e-04
8.854155544745349715e+00 8.877401134917093381e-04
8.940284749219998162e+00 8.178722462282361294e-04
9.027251779484577909e+00 7.520181927625286178e-04
9.115064785527916769e+00 6.900404395180869104e-04
9.203731996618220279e+00 6.317649150160702283e-04
9.293261722074316111e+00 5.770792304893153325e-04
9.383662352044273902e+00 5.258313728282203777e-04
9.474942358291729150e+00 4.778688102508117565e-04
9.567110294989774388e+00 4.331169725705209090e-04
9.660174799522645017e+00 3.913859852998376036e-04
9.754144593295098531e+00 3.525664195453690527e-04
9.849028482549766039e+00 3.165329951163319043e-04
9.944835359192397917e+00 2.831631683382282438e-04
1.004157420162519543e+01 2.523341692805228676e-04
1.013925407558815373e+01 2.239179120050562640e-04
1.023788413500867378e+01 1.978342129489085645e-04
1.033747362285940774e+01 1.739362386165553846e-04
1.043803187202444072e+01 1.521141892602514739e-04
1.053956830617394580e+01 1.322703146277763120e-04
1.064209244064724658e+01 1.143034282404354967e-04
1.074561388334458023e+01 9.808180234870884679e-05
1.085014233562746178e+01 8.353082751327244569e-05
1.095568759322787855e+01 7.053931401434966207e-05
1.106225954716621906e+01 5.900327425844222078e-05
1.116986818467823817e+01 4.883466414817296767e-05
1.127852359015096795e+01 3.993826018399604827e-05
1.138823594606782130e+01 3.221633050556688886e-05
1.149901553396274245e+01 2.558553755768729423e-05
1.161087273538378994e+01 1.994872003428372188e-05
1.172381803286598512e+01 1.522387779646379498e-05
1.183786201091373513e+01 1.131687037706379220e-05
1.195301535699265827e+01 8.162954846230954887e-06
1.206928886253119870e+01 5.661437849451007024e-06
1.218669342393191712e+01 3.737694665716760803e-06
1.230524004359261525e+01 2.312443467456440965e-06
1.242493983093746479e+01 1.309267294555245398e-06
1.254580400345803248e+01 6.507421137855030488e-07
1.266784388776455827e+01 2.624702934049937668e-07
1.279107092064739781e+01 7.026132982007863697e-08
1.291549665014884063e+01 0.000000000000000000e+00
