1.000000000000000021e-02 1.894878257971154945e+00
1.009727545900835841e-02 1.894874218660382414e+00
1.019549716950923779e-02 1.894870113027256053e+00
1.029467433620748044e-02 1.894863052040825391e+00
1.039481625334708927e-02 1.894859075176757557e+00
1.049593230558227772e-02 1.894854906922190940e+00
1.059803196885688789e-02 1.894850635616702972e+00
1.070112481129246833e-02 1.894846272735260406e+00
1.080522049408488318e-02 1.894841822691885280e+00
1.091032877240974419e-02 1.894837308185640667e+00
1.101645949633656314e-02 1.894832877786435610e+00
1.112362261175187626e-02 1.894828136351685677e+00
1.123182816129126085e-02 1.894823386709128199e+00
1.134108628528052165e-02 1.894818529100582793e+00
1.145140722268592030e-02 1.894813527859194213e+00
1.156280131207376022e-02 1.894808194998215400e+00
1.167527899257919492e-02 1.894802876386217472e+00
1.178885080488457221e-02 1.894797913827446223e+00
1.190352739220719262e-02 1.894792513595473293e+00
1.201931950129673729e-02 1.894787001740559251e+00
1.213623798344241195e-02 1.894781327225539158e+00
1.225429379548980714e-02 1.894775878701931315e+00
1.237349800086776086e-02 1.894769924845976616e+00
1.249386177062509519e-02 1.894763701263825428e+00
1.261539638447754796e-02 1.894757666232475213e+00
1.273811323186478488e-02 1.894751940968031789e+00
1.286202381301779218e-02 1.894744716923535854e+00
1.298713974003655978e-02 1.894738106390220889e+00
1.311347273797833224e-02 1.894731371585228086e+00
1.324103464595636874e-02 1.894723783786498750e+00
1.336983741824946531e-02 1.894716580580734444e+00
1.349989312542219239e-02 1.894709688417336446e+00
1.363121395545611320e-02 1.894702552583354738e+00
1.376381221489191876e-02 1.894696069783195824e+00
1.389770032998276401e-02 1.894688596102753753e+00
1.403289084785873213e-02 1.894680971256506918e+00
1.416939643770268736e-02 1.894673231910830147e+00
1.430722989193757184e-02 1.894665278468903535e+00
1.444640412742520530e-02 1.894657138199033142e+00
1.458693218667675602e-02 1.894648840325670269e+00
1.472882723907502529e-02 1.894639154193136665e+00
1.487210258210860774e-02 1.894630497704591132e+00
1.501677164261799868e-02 1.894621718900178609e+00
1.516284797805393485e-02 1.894612565758635681e+00
1.531034527774784160e-02 1.894603547113258291e+00
1.545927736419477720e-02 1.894594350675212757e+00
1.560965819434872483e-02 1.894585997083095386e+00
1.576150186093060873e-02 1.894575352901323173e+00
1.591482259374891323e-02 1.894566437013462279e+00
1.606963476103326349e-02 1.894556361296412472e+00
1.622595287078087284e-02 1.894546372790933964e+00
1.638379157211618947e-02 1.894536081570072472e+00
1.654316565666366645e-02 1.894583182180817893e+00
1.670409005993399310e-02 1.894575416275211754e+00
1.686657986272368723e-02 1.894566949107129750e+00
1.703065029252844378e-02 1.894492425165857030e+00
1.719631672497009753e-02 1.894479628272941252e+00
1.736359468523754335e-02 1.894467703500957612e+00
1.753249984954170088e-02 1.894455470738968028e+00
1.770304804658450262e-02 1.894443043893341061e+00
1.787525525904235316e-02 1.894430421439180057e+00
1.804913762506383731e-02 1.894417616645089897e+00
1.822471143978214581e-02 1.894404619505173137e+00
1.840199315684210371e-02 1.894391430486189298e+00
1.858099938994215231e-02 1.894377075053129023e+00
1.876174691439120440e-02 1.894364588143985673e+00
1.894425266868081034e-02 1.894350695875190782e+00
1.912853375607242307e-02 1.894336584920748301e+00
1.931460744620030340e-02 1.894322287585180620e+00
1.950249117668984011e-02 1.894307680323730203e+00
1.969220255479172538e-02 1.894292774428765647e+00
1.988375935903200636e-02 1.894277542911268597e+00
2.007717954087816226e-02 1.894261947657793099e+00
2.027248122642137662e-02 1.894246253600004204e+00
2.046968271807520987e-02 1.894230121416104584e+00
2.066880249629082095e-02 1.894213761416650987e+00
2.086985922128879734e-02 1.894197082437997448e+00
2.107287173480786382e-02 1.894180245332211854e+00
2.127785906187062287e-02 1.894162844801752232e+00
2.148484041256648255e-02 1.894146038065056770e+00
2.169383518385184506e-02 1.894126974633846494e+00
2.190486296136792688e-02 1.894108611251023921e+00
2.211794352127614133e-02 1.894089843613194546e+00
2.233309683211144592e-02 1.894070623280419641e+00
2.255034305665360936e-02 1.894050960217916302e+00
2.276970255381680075e-02 1.894030827090496860e+00
2.299119588055741764e-02 1.894010221568531716e+00
2.321484379380064564e-02 1.893989186166992855e+00
2.344066725238556220e-02 1.893967713235269024e+00
2.366868741902936057e-02 1.893945646038513342e+00
2.389892566231050300e-02 1.893923510273926247e+00
2.413140355867127856e-02 1.893900730306544933e+00
2.436614289443983158e-02 1.893877530241594220e+00
2.460316566787181664e-02 1.893853817797391592e+00
2.484249409121190577e-02 1.893829613976793613e+00
2.508415059277539771e-02 1.893805237407387043e+00
2.532815781905008515e-02 1.893777285572888491e+00
2.557453863681850847e-02 1.893751232541050378e+00
2.582331613530085626e-02 1.893724814584885507e+00
2.607451362831877603e-02 1.893698437281135183e+00
2.632815465648021339e-02 1.893671079983423988e+00
2.658426298938541474e-02 1.893642489211560420e+00
2.684286262785454819e-02 1.893617191463785376e+00
2.710397780617682106e-02 1.893588485948573430e+00
2.736763299438163891e-02 1.893560119738775471e+00
2.763385290053169824e-02 1.893530620206419712e+00
2.790266247303856487e-02 1.893500480661360230e+00
2.817408690300057458e-02 1.893469705056593178e+00
2.844815162656363222e-02 1.893434122231418160e+00
2.872488232730495070e-02 1.893406360054871174e+00
2.900430493863991738e-02 1.893373419880799879e+00
2.928644564625237229e-02 1.893339730271637267e+00
2.957133089054861039e-02 1.893305298922983493e+00
2.985898736913520854e-02 1.893270352067916384e+00
3.014944203932094433e-02 1.893234703726641488e+00
3.044272212064302874e-02 1.893199202366669498e+00
3.073885509741795460e-02 1.893162233483600909e+00
3.103786872131722788e-02 1.893122814365380435e+00
3.133979101396793671e-02 1.893085242382534172e+00
3.164465026957891114e-02 1.893046475415979923e+00
3.195247505759213347e-02 1.893006872046479661e+00
3.226329422536015901e-02 1.892966994595707497e+00
3.257713690084949876e-02 1.892925691797152643e+00
3.289403249537032475e-02 1.892883600286252799e+00
3.321401070633261954e-02 1.892840672184829653e+00
3.353710152002930406e-02 1.892799083814607375e+00
3.386333521444636480e-02 1.892754496894023974e+00
3.419274236210027851e-02 1.892709320468644485e+00
3.452535383290306070e-02 1.892663120591048465e+00
3.486120079705520153e-02 1.892615955182239240e+00
3.520031472796678745e-02 1.892565250622288753e+00
3.554272740520694751e-02 1.892518444770544095e+00
3.588847091748199186e-02 1.892468292955761466e+00
3.623757766564258964e-02 1.892417191924332664e+00
3.659008036572020811e-02 1.892365133966597668e+00
3.694601205199302130e-02 1.892312001053977788e+00
3.730540608008161424e-02 1.892257533156724625e+00
3.766829613007490613e-02 1.892202125247352207e+00
3.803471620968648659e-02 1.892145632938406763e+00
3.840470065744145539e-02 1.892087809018964117e+00
3.877828414589457040e-02 1.892028677121309288e+00
3.915550168487941241e-02 1.891968202463927939e+00
3.953638862478930927e-02 1.891906708828047901e+00
3.992098065989020672e-02 1.891843493361370365e+00
4.030931383166566628e-02 1.891779462774090037e+00
4.070142453219438572e-02 1.891715826844627912e+00
4.109734950756069316e-02 1.891649174690524182e+00
4.149712586129815362e-02 1.891582132440347008e+00
4.190079105786669034e-02 1.891513477534451093e+00
4.230838292616342228e-02 1.891443652312437607e+00
4.271993966306778662e-02 1.891372510846084820e+00
4.313549983702118923e-02 1.891299892279360462e+00
4.355510239164130798e-02 1.891223781875513099e+00
4.397878664937160398e-02 1.891148008099057032e+00
4.440659231516640160e-02 1.891070681019706656e+00
4.483855948021186338e-02 1.890992092763334131e+00
4.527472862568297785e-02 1.890912274694842354e+00
4.571514062653719151e-02 1.890831459338603526e+00
4.615983675534499064e-02 1.890749368395162167e+00
4.660885868615767536e-02 1.890665404942786232e+00
4.706224849841281199e-02 1.890582865289285985e+00
4.752004868087766204e-02 1.890495360720325424e+00
4.798230213563085128e-02 1.890405936585162205e+00
4.844905218208294534e-02 1.890314605060064546e+00
4.892034256103611894e-02 1.890220882801421087e+00
4.939621743878321036e-02 1.890124835554122029e+00
4.987672141124663283e-02 1.890028478758300823e+00
5.036189950815770505e-02 1.889930266400271952e+00
5.085179719727656034e-02 1.889829857411216896e+00
5.134646038865306461e-02 1.889727416559725315e+00
5.184593543892913187e-02 1.889622765740414545e+00
5.235026915568305461e-02 1.889513877533708808e+00
5.285950880181603667e-02 1.889404670645755013e+00
5.337370209998133774e-02 1.889296065015231951e+00
5.389289723705643909e-02 1.889185256880980379e+00
5.441714286865893119e-02 1.889070612028382889e+00
5.494648812370611646e-02 1.888951579364094524e+00
5.548098260901916656e-02 1.888830895944748622e+00
5.602067641397187603e-02 1.888708040742459238e+00
5.656562011518465050e-02 1.888582761106742280e+00
5.711586478126431943e-02 1.888458357365554230e+00
5.767146197758996756e-02 1.888326985854198004e+00
5.823246377114527778e-02 1.888195837844338865e+00
5.879892273539785025e-02 1.888061705597079198e+00
5.937089195522609469e-02 1.887923425380212183e+00
5.994842503189409116e-02 1.887786681996399318e+00
6.053157608807464840e-02 1.887645074089523423e+00
6.112039977292132997e-02 1.887500357818368224e+00
6.171495126718981594e-02 1.887352844218195269e+00
6.231528628840921763e-02 1.887202365691167616e+00
6.292146109610344262e-02 1.887048656373604638e+00
6.353353249706343575e-02 1.886891508077087609e+00
6.415155785067082339e-02 1.886731322939367850e+00
6.477559507427335661e-02 1.886570113921633096e+00
6.540570264861225724e-02 1.886401754862324864e+00
6.604193962330305590e-02 1.886233863573732794e+00
6.668436562236895737e-02 1.886059569226228971e+00
6.733304084982863480e-02 1.885884431751469359e+00
6.798802609533814711e-02 1.885705386560849739e+00
6.864938273988777095e-02 1.885522457225200510e+00
6.931717276155408003e-02 1.885335517278323936e+00
6.999145874130821565e-02 1.885146836017635552e+00
7.067230386888070925e-02 1.884953010393947803e+00
7.135977194868306506e-02 1.884754964696438329e+00
7.205392740578704658e-02 1.884555447878114576e+00
7.275483529196229149e-02 1.884350729670261071e+00
7.346256129177256011e-02 1.884142164798594532e+00
7.417717172873124210e-02 1.883929652332968496e+00
7.489873357151664857e-02 1.883713735344663576e+00
7.562731444024800576e-02 1.883492399080428648e+00
7.636298261282241373e-02 1.883266737832527182e+00
7.710580703131336699e-02 1.883036918628127721e+00
7.785585730843146146e-02 1.882802547925548353e+00
7.861320373404813433e-02 1.882563484387874908e+00
7.937791728178281159e-02 1.882319350808468350e+00
8.015006961565404597e-02 1.882071450932355949e+00
8.092973309679550586e-02 1.881817020688947517e+00
8.171698079023696770e-02 1.881559326426169187e+00
8.251188647175167201e-02 1.881295261696485976e+00
8.331452463477014014e-02 1.881028530668030330e+00
8.412497049736118726e-02 1.880757686497798176e+00
8.494330000928071445e-02 1.880480629235601997e+00
8.576958985908941790e-02 1.880196886718349170e+00
8.660391748133952627e-02 1.879908052263110863e+00
8.744636106383144036e-02 1.879612978792657429e+00
8.829699955494091368e-02 1.879314455416772445e+00
8.915591267101763417e-02 1.879005554292413782e+00
9.002318090385581784e-02 1.878695295405165666e+00
9.089888552823731371e-02 1.878376983693664570e+00
9.178310860954806694e-02 1.878054114306096922e+00
9.267593301146882789e-02 1.877721649271353099e+00
9.357744240374062106e-02 1.877385570245887925e+00
9.448772127000577836e-02 1.877042733894017212e+00
9.540685491572513388e-02 1.876692645062135290e+00
9.633492947617222635e-02 1.876335793097321680e+00
9.727203192450542546e-02 1.875972113418950649e+00
9.821825007991856482e-02 1.875601034516799048e+00
9.917367261587073379e-02 1.875222755924483398e+00
1.001383890683960748e-01 1.874838156785402665e+00
1.011124898444945991e-01 1.874446970450995620e+00
1.020960662306047012e-01 1.874046974135347821e+00
1.030892104011576216e-01 1.873640740910827773e+00
1.040920154272158005e-01 1.873226969169884848e+00
1.051045752851944987e-01 1.872804161882451135e+00
1.061269848656690717e-01 1.872372767185499720e+00
1.071593399822671072e-01 1.871933019261043274e+00
1.082017373806478805e-01 1.871487038452181340e+00
1.092542747475682557e-01 1.871029218884743717e+00
1.103170507200377515e-01 1.870561984629887986e+00
1.113901648945616746e-01 1.870093038482236958e+00
1.124737178364751955e-01 1.869610289993349106e+00
1.135678110893671017e-01 1.869119109025312753e+00
1.146725471845963656e-01 1.868617685879100154e+00
1.157880296509002094e-01 1.868105668898421223e+00
1.169143630240966764e-01 1.867585293074192077e+00
1.180516528568804902e-01 1.867055198853802223e+00
1.192000057287153220e-01 1.866514294871905122e+00
1.203595292558212876e-01 1.865962508751069615e+00
1.215303321012602134e-01 1.865400520237290305e+00
1.227125239851190319e-01 1.864829367119863246e+00
1.239062156947916271e-01 1.864247457288591647e+00
1.251115190953615564e-01 1.863653411723526387e+00
1.263285471400849291e-01 1.863047737439291751e+00
1.275574138809759950e-01 1.862431729554633320e+00
1.287982344794950385e-01 1.861802434862557254e+00
1.300511252173409127e-01 1.861161740584825974e+00
1.313162035073478784e-01 1.860509403898339187e+00
1.325935879044890797e-01 1.859845619898836677e+00
1.338833981169864351e-01 1.859168625412461529e+00
1.351857550175293021e-01 1.858480039376746884e+00
1.365007806546013891e-01 1.857777802910169473e+00
1.378285982639189389e-01 1.857059228946476015e+00
1.391693322799789911e-01 1.856330346310966384e+00
1.405231083477211373e-01 1.855587956854259035e+00
1.418900533343016301e-01 1.854831637417294399e+00
1.432702953409830948e-01 1.854060646250519806e+00
1.446639637151387880e-01 1.853274776411879765e+00
1.460711890623745679e-01 1.852472644755435605e+00
1.474921032587684921e-01 1.851657702960216811e+00
1.489268394632288772e-01 1.850827940099451618e+00
1.503755321299738434e-01 1.849982206024239684e+00
1.518383170211306810e-01 1.849120482598920701e+00
1.533153312194593942e-01 1.848239649828395503e+00
1.548067131411984265e-01 1.847342739065894968e+00
1.563126025490369497e-01 1.846433165785710484e+00
1.578331405652117214e-01 1.845502007610052786e+00
1.593684696847328941e-01 1.844557090884809014e+00
1.609187337887370006e-01 1.843594497051491699e+00
1.624840781579713067e-01 1.842615526027259421e+00
1.640646494864078653e-01 1.841614698873763389e+00
1.656605958949914359e-01 1.840599236485795709e+00
1.672720669455196874e-01 1.839562019706050044e+00
1.688992136546599021e-01 1.838507352938777872e+00
1.705421885081006561e-01 1.837431864688474192e+00
1.722011454748421100e-01 1.836336936453607072e+00
1.738762400216251336e-01 1.835221712540712646e+00
1.755676291275001522e-01 1.834084832254604169e+00
1.772754712985387948e-01 1.832928171802214345e+00
1.789999265826875408e-01 1.831750524941004210e+00
1.807411565847668600e-01 1.830550190091406515e+00
1.824993244816152382e-01 1.829329156197217809e+00
1.842745950373816666e-01 1.828084388792668546e+00
1.860671346189656239e-01 1.826816653671342827e+00
1.878771112116086051e-01 1.825529082729636876e+00
1.897046944346358344e-01 1.824217265909428898e+00
1.915500555573527997e-01 1.822881879107782765e+00
1.934133675150944698e-01 1.821518716117486836e+00
1.952948049254327745e-01 1.820133404177141978e+00
1.971945441045395986e-01 1.818721433121475828e+00
1.991127630837108697e-01 1.817283987371493215e+00
2.010496416260497965e-01 1.815822686606756164e+00
2.030053612433137811e-01 1.814334025777126325e+00
2.049801052129238688e-01 1.812818643640331073e+00
2.069740585951406198e-01 1.811276332714497617e+00
2.089874082504071251e-01 1.809705803447647199e+00
2.110203428568595552e-01 1.808104497943021194e+00
2.130730529280097374e-01 1.806478717876679685e+00
2.151457308305980698e-01 1.804821499159732667e+00
2.172385708026215445e-01 1.803135632742914662e+00
2.193517689715359098e-01 1.801422223161285974e+00
2.214855233726360506e-01 1.799675258535841760e+00
2.236400339676138660e-01 1.797898288967616054e+00
2.258155026632983065e-01 1.796090058482508578e+00
2.280121333305757114e-01 1.794249462739282652e+00
2.302301318234963867e-01 1.792375910867286537e+00
2.324697059985647851e-01 1.790471024342670914e+00
2.347310657342196183e-01 1.788533627225696421e+00
2.370144229505012079e-01 1.786560614832884752e+00
2.393199916289123208e-01 1.784550330962533904e+00
2.416479878324700736e-01 1.782507593003468616e+00
2.439986297259550130e-01 1.780430786650432085e+00
2.463721375963552895e-01 1.778317843816447530e+00
2.487687338735107279e-01 1.776167412098906384e+00
2.511886431509580686e-01 1.773979616304736329e+00
2.536320922069775774e-01 1.771754470992468633e+00
2.560993100258459609e-01 1.769535576581417136e+00
2.585905278192945911e-01 1.767183421650932118e+00
2.611059790481781162e-01 1.764847215989535645e+00
2.636458994443517945e-01 1.762465137011522964e+00
2.662105270327638773e-01 1.760039963747163316e+00
2.688001021537606006e-01 1.757542712699786014e+00
2.714148674856106669e-01 1.755076302411478606e+00
2.740550680672460548e-01 1.752530535434573045e+00
2.767209513212268712e-01 1.750012148544009438e+00
2.794127670769268601e-01 1.747307435356819205e+00
2.821307675939472293e-01 1.744629385948518241e+00
2.848752075857552413e-01 1.741907291057045004e+00
2.876463442435557849e-01 1.739143141635013601e+00
2.904444372603925406e-01 1.736330406829755146e+00
2.932697488554852905e-01 1.733470557596903827e+00
2.961225437988035947e-01 1.730564861483720795e+00
2.990030894358785551e-01 1.727613121924681749e+00
3.019116557128577738e-01 1.724609840539253813e+00
3.048485152018017286e-01 1.721558856339264532e+00
3.078139431262288950e-01 1.718456876739836492e+00
3.108082173869063936e-01 1.715311703411895650e+00
3.138316185878944342e-01 1.712114649132819633e+00
3.168844300628416155e-01 1.708861463619307575e+00
3.199669379015380732e-01 1.705554106329925546e+00
3.230794309767249795e-01 1.702197062147177808e+00
3.262222009711669979e-01 1.698792906006423520e+00
3.293955424049855307e-01 1.695328962829251829e+00
3.325997526632606949e-01 1.691811784395919727e+00
3.358351320238990301e-01 1.688239772894989388e+00
3.391019836857747105e-01 1.684612094798180415e+00
3.424006137971423724e-01 1.680930000802995483e+00
3.457313314843284413e-01 1.677189322738267263e+00
3.490944488806992929e-01 1.673392884099295985e+00
3.524902811559130766e-01 1.669535110041194148e+00
3.559191465454557002e-01 1.665622315454564184e+00
3.593813663804627523e-01 1.661649064219911542e+00
3.628772651178337472e-01 1.657614775547501029e+00
3.664071703706370808e-01 1.653527672437499429e+00
3.699714129388128048e-01 1.649370884955908778e+00
3.735703268401719401e-01 1.645154012762377604e+00
3.772042493416999376e-01 1.640876593944198047e+00
3.808735209911614517e-01 1.636538012670760045e+00
3.845784856490158665e-01 1.632135594155474045e+00
3.883194905206404091e-01 1.627667075485913717e+00
3.920968861888690649e-01 1.623138456418003583e+00
3.959110266468458539e-01 1.618541427016630507e+00
3.997622693312000708e-01 1.613882713842070382e+00
4.036509751555413805e-01 1.609157719529610509e+00
4.075775085442840395e-01 1.604363323516002193e+00
4.115422374667966343e-01 1.599504468961580494e+00
4.155455334718875515e-01 1.594580680691808139e+00
4.195877717226225712e-01 1.589588215891132750e+00
4.236693310314835759e-01 1.584525446101146207e+00
4.277905938958687093e-01 1.579397936473042607e+00
4.319519465339363706e-01 1.574197621058213370e+00
4.361537789208005944e-01 1.568928426482275151e+00
4.403964848250754294e-01 1.563594123947081638e+00
4.446804618457780300e-01 1.558185575733316286e+00
4.490061114495874639e-01 1.552707817833623105e+00
4.533738390084691150e-01 1.547161946570708269e+00
4.577840538376618529e-01 1.541542368691177334e+00
4.622371692340384031e-01 1.535851677224319367e+00
4.667336025148346446e-01 1.530092370084261244e+00
4.712737750567601580e-01 1.524260250674575268e+00
4.758581123354846953e-01 1.518354269060653072e+00
4.804870439655131720e-01 1.512380753447350346e+00
4.851610037404442966e-01 1.506331903105221581e+00
4.898804296736250508e-01 1.500207519406733025e+00
4.946457640391963562e-01 1.494017464366455883e+00
4.994574534135413635e-01 1.487748681357819125e+00
5.043159487171361421e-01 1.481411934716840184e+00
5.092217052568053237e-01 1.475007296142607283e+00
5.141751827683928022e-01 1.468515016713306309e+00
5.191768454598426619e-01 1.461958131145652429e+00
5.242271620547044320e-01 1.455329194042525476e+00
5.293266058360561743e-01 1.448630059066297937e+00
5.344756546908600026e-01 1.441855413948486042e+00
5.396747911547442600e-01 1.435007995128124048e+00
5.449245024572260121e-01 1.428088942121653826e+00
5.502252805673685243e-01 1.421097806169941080e+00
5.555776222398878250e-01 1.414036238192188044e+00
5.609820290617031358e-01 1.406903938420792644e+00
5.664390074989449353e-01 1.399698691832838238e+00
5.719490689444144405e-01 1.392422102534508932e+00
5.775127297655114900e-01 1.385076812819886483e+00
5.831305113526221717e-01 1.377661686746298297e+00
5.888029401679826247e-01 1.370175687638355733e+00
5.945305477950136863e-01 1.362621030427274116e+00
6.003138709881384871e-01 1.354996347905410570e+00
6.061534517230839914e-01 1.347307553739469865e+00
6.120498372476699256e-01 1.339548454068504313e+00
6.180035801330957534e-01 1.331713172495041286e+00
6.240152383257209223e-01 1.323828626696684552e+00
6.300853751993553686e-01 1.315872454239613631e+00
6.362145596080520660e-01 1.307850908530367784e+00
6.424033659394193796e-01 1.299762627873633614e+00
6.486523741684461219e-01 1.291615192484281582e+00
6.549621699118558515e-01 1.283402009289818846e+00
6.613333444829840868e-01 1.275130729338448399e+00
6.677664949471955325e-01 1.266796945760023219e+00
6.742622241778342129e-01 1.258403478118521601e+00
6.808211409127237213e-01 1.249951791049885630e+00
6.874438598112112553e-01 1.241443133309600100e+00
6.941310015117725385e-01 1.232879907030725919e+00
7.008831926901714082e-01 1.224257496824703750e+00
7.077010661181889484e-01 1.215585520404942832e+00
7.145852607229240538e-01 1.206853261216555895e+00
7.215364216466665370e-01 1.198082412129857000e+00
7.285552003073593186e-01 1.189247055592336233e+00
7.356422544596413760e-01 1.180370811044617829e+00
7.427982482564918776e-01 1.171444366288282302e+00
7.500238523114668432e-01 1.162470248000578632e+00
7.573197437615483141e-01 1.153454585828336043e+00
7.646866063305975958e-01 1.144392262543055594e+00
7.721251303934327792e-01 1.135294384301248405e+00
7.796360130405233235e-01 1.126147911339094643e+00
7.872199581433195759e-01 1.116967719045063312e+00
7.948776764202123424e-01 1.107749404348487676e+00
8.026098855031396084e-01 1.098490741937070192e+00
8.104173100048355227e-01 1.089205822326936968e+00
8.183006815867394090e-01 1.079881315887051496e+00
8.262607390275591435e-01 1.070531906378066056e+00
8.342982282925082149e-01 1.061149648406130463e+00
8.424139026032094746e-01 1.051740068241712622e+00
8.506085225082840040e-01 1.042308613487646918e+00
8.588828559546254349e-01 1.032850577376615009e+00
8.672376783593644944e-01 1.023369340071177414e+00
8.756737726825394308e-01 1.013870996416156967e+00
8.841919295004664336e-01 1.004354130308107607e+00
8.927929470798307010e-01 9.948168101544130337e-01
9.014776314524917122e-01 9.852713138335313925e-01
9.102467964910225806e-01 9.757098771601693254e-01
9.191012639849772681e-01 9.661364086814638874e-01
9.280418637179072006e-01 9.565565870744086041e-01
9.370694335451198453e-01 9.469676696869083754e-01
9.461848194722002336e-01 9.373777990293441498e-01
9.553888757342895444e-01 9.277809676325892152e-01
9.646824648761427312e-01 9.181837244147694754e-01
9.740664578329562007e-01 9.085877337923297103e-01
9.835417340119908536e-01 8.989980225198974662e-01
9.931091813749796104e-01 8.894074950671649882e-01
1.002769696521346621e+00 8.798250668763009097e-01
1.012524184772224167e+00 8.702545712259065480e-01
1.022373560255302127e+00 8.606898863184012649e-01
1.032318745990486564e+00 8.511088254478482718e-01
1.042360673976402197e+00 8.416048056586546977e-01
1.052500285277732761e+00 8.320879439377733000e-01
1.062738530113414459e+00 8.225835260184690689e-01
1.073076367945679621e+00 8.131044464802965610e-01
1.083514767569973225e+00 8.036477121982552596e-01
1.094054707205742494e+00 7.942146146257051953e-01
1.104697174588111785e+00 7.848036473122308454e-01
1.115443167060441221e+00 7.754218316546943601e-01
1.126293691667795249e+00 7.660796930555674455e-01
1.137249765251314271e+00 7.567473817683427750e-01
1.148312414543511073e+00 7.474623063931085110e-01
1.159482676264482759e+00 7.381589987980877732e-01
1.170761597219069250e+00 7.289924838554028286e-01
1.182150234394952371e+00 7.198121588640109536e-01
1.193649655061713055e+00 7.106745262386782169e-01
1.205260936870842681e+00 7.015747967538178420e-01
1.216985167956738056e+00 6.925229067114920811e-01
1.228823447038673411e+00 6.835105485702605010e-01
1.240776883523764251e+00 6.745471806765005462e-01
1.252846597610937529e+00 6.655817752007443522e-01
1.265033720395903893e+00 6.567526503558172024e-01
1.277339393977160009e+00 6.479432390885702109e-01
1.289764771563017165e+00 6.391792850702278095e-01
1.302311017579677488e+00 6.304652824156423696e-01
1.314979307780347773e+00 6.218100519461735587e-01
1.327770829355430449e+00 6.132071410189121607e-01
1.340686781043774811e+00 6.046310951174810322e-01
1.353728373245021821e+00 5.961739178189452426e-01
1.366896828133026487e+00 5.877487002154330176e-01
1.380193379770397355e+00 5.793820431339928856e-01
1.393619274224142002e+00 5.710784847265643061e-01
1.407175769682446731e+00 5.628341447632329020e-01
1.420864136572576708e+00 5.546563628299693294e-01
1.434685657679937831e+00 5.465435461151687546e-01
1.448641628268290127e+00 5.384937983814663820e-01
1.462733356201129986e+00 5.305138517803075215e-01
1.476962162064259898e+00 5.225971865496212843e-01
1.491329379289537682e+00 5.147543420761757638e-01
1.505836354279841416e+00 5.069749596449463214e-01
1.520484446535244283e+00 4.992703013083483743e-01
1.535275028780422657e+00 4.916328432899408352e-01
1.550209487093291205e+00 4.840643765722192904e-01
1.565289221034902312e+00 4.765714897820754192e-01
1.580515643780601165e+00 4.691493697959942533e-01
1.595890182252465817e+00 4.617990959877283363e-01
1.611414277253019778e+00 4.545233697032790565e-01
1.627089383600260675e+00 4.473197254359256303e-01
1.642916970263993193e+00 4.401927424233580965e-01
1.658898520503498064e+00 4.331382395358663873e-01
1.675035532006524441e+00 4.261509153808810124e-01
1.691329517029648732e+00 4.192530459706355628e-01
1.707782002539993016e+00 4.124182463280882671e-01
1.724394530358320354e+00 4.056698249537187828e-01
1.741168657303530987e+00 3.989909861695911664e-01
1.758105955338547632e+00 3.923889519583434460e-01
1.775208011717636092e+00 3.858596857263104085e-01
1.792476429135148930e+00 3.793611583199421045e-01
1.809912825875727105e+00 3.730370438569046709e-01
1.827518835965944666e+00 3.667335456236088809e-01
1.845296109327445366e+00 3.605119577356508120e-01
1.863246311931559873e+00 3.543636856723958450e-01
1.881371125955437096e+00 3.482945065807440121e-01
1.899672249939675650e+00 3.422984097654453994e-01
1.918151398947507635e+00 3.363781716942290667e-01
1.936810304725519849e+00 3.305320361973243526e-01
1.955650715865949074e+00 3.247620136909316058e-01
1.974674397970537454e+00 3.190687479240281732e-01
1.993883133816001019e+00 3.134486390771923925e-01
2.013278723521096492e+00 3.079028722260895301e-01
2.032862984715323673e+00 3.024297130582575543e-01
2.052637752709252084e+00 2.970325601965120854e-01
2.072604880666519822e+00 2.917089176740770839e-01
2.092766239777499759e+00 2.864583552208920247e-01
2.113123719434652603e+00 2.812784027612165172e-01
2.133679227409597701e+00 2.761507961995103844e-01
2.154434690031884259e+00 2.711382794024551068e-01
2.175392052369522489e+00 2.661346640108952499e-01
2.196553278411258248e+00 2.612838848835428718e-01
2.217920351250634692e+00 2.564616632100731874e-01
2.239495273271823184e+00 2.517103822973924543e-01
2.261280066337279404e+00 2.470000683231257654e-01
2.283276771977218012e+00 2.424159096876776776e-01
2.305487451580938707e+00 2.378719363309530210e-01
2.327914186589993051e+00 2.333943466011368928e-01
2.350559078693253756e+00 2.289852636020012489e-01
2.373424250023866033e+00 2.246431553792492264e-01
2.396511843358130278e+00 2.203669639338407538e-01
2.419824022316292567e+00 2.161534174537987907e-01
2.443362971565319341e+00 2.120102835743842284e-01
2.467130897023623426e+00 2.079291925450373058e-01
2.491130026067788439e+00 2.039116881600670783e-01
2.515362607741312928e+00 1.999569843277626546e-01
2.539830912965362675e+00 1.960653253360747639e-01
2.564537234751594674e+00 1.922351126380065778e-01
2.589483888417040802e+00 1.884667550219509824e-01
2.614673211801092023e+00 1.847589575059149503e-01
2.640107565484572927e+00 1.811107716922281952e-01
2.665789333010967876e+00 1.775220987921676541e-01
2.691720921109787668e+00 1.739874894281206452e-01
2.717904759922122881e+00 1.705191242433035936e-01
2.744343303228365283e+00 1.671004651107546035e-01
2.771039028678170535e+00 1.637456751497815555e-01
2.797994438022641805e+00 1.604442286368112924e-01
2.825212057348790218e+00 1.571966225719202415e-01
2.852694437316245057e+00 1.540050621479307214e-01
2.880444153396297668e+00 1.508636875804351962e-01
2.908463806113254169e+00 1.477799788070970621e-01
2.936756021288137397e+00 1.447482154572936885e-01
2.965323450284773621e+00 1.417671126851764996e-01
2.994168770258243573e+00 1.388395234291273650e-01
3.023294684405779531e+00 1.359645951170031231e-01
3.052703922220086241e+00 1.331218652977408656e-01
3.082399239745143404e+00 1.303523753987856360e-01
3.112383419834465759e+00 1.276211661446072232e-01
3.142659272411905569e+00 1.249385364354113903e-01
3.173229634734976212e+00 1.222992813911134152e-01
3.204097371660752813e+00 1.197142669215042893e-01
3.235265375914330388e+00 1.171719155085309688e-01
3.266736568359921655e+00 1.146747383160419270e-01
3.298513898274578082e+00 1.122199974266762934e-01
3.330600343624588788e+00 1.098158663992532952e-01
3.362998911344535991e+00 1.074494638382163525e-01
3.395712637619100693e+00 1.051268582305498051e-01
3.428744588167585317e+00 1.028471217440259933e-01
3.462097858531227423e+00 1.006091261519328345e-01
3.495775574363275240e+00 9.840951519936107228e-02
3.529780891721914671e+00 9.625302345953268279e-02
3.564116997366032269e+00 9.413831998807055401e-02
3.598787109053855460e+00 9.206039663622124503e-02
3.633794475844513094e+00 9.000890622609480918e-02
3.669142378402494131e+00 8.802073902502606517e-02
3.704834129305105694e+00 8.605724480403771637e-02
3.740873073352900313e+00 8.413014785328558343e-02
3.777262587883141176e+00 8.223371036609898599e-02
3.814006083086284082e+00 8.038560954006977732e-02
3.851107002325572903e+00 7.856631304459850418e-02
3.888568822459721019e+00 7.678033541014971097e-02
3.926395054168756449e+00 7.502720919954715406e-02
3.964589242282997805e+00 7.331396595441055930e-02
4.003154966115265445e+00 7.162990656873982620e-02
4.042095839796306045e+00 6.998292318010326807e-02
4.081415512613501662e+00 6.836388082326236293e-02
4.121117669352832635e+00 6.677074431318910652e-02
4.161206030644208020e+00 6.521368618111411664e-02
4.201684353310133346e+00 6.368703449847545883e-02
4.242556430717777438e+00 6.219068244574952470e-02
4.283826093134470270e+00 6.072317238267175427e-02
4.325497208086633627e+00 5.928570445752585905e-02
4.367573680722233398e+00 5.787532392575671369e-02
4.410059454176736615e+00 5.649428997574768019e-02
4.452958509942654963e+00 5.513959455903593571e-02
4.496274868242640110e+00 5.381271829205299534e-02
4.540012588406244554e+00 5.251257499318257027e-02
4.584175769250333765e+00 5.123847836141577627e-02
4.628768549463215365e+00 4.999021228420102297e-02
4.673795107992464004e+00 4.876721856751701362e-02
4.719259664436561863e+00 4.756949938758790047e-02
4.765166479440326341e+00 4.639587131924893804e-02
4.811519855094205766e+00 4.524587385565531639e-02
4.858324135337417360e+00 4.412065060157106117e-02
4.905583706365050922e+00 4.301814822738767030e-02
4.953302997039108924e+00 4.193855201718463266e-02
5.001486479303548727e+00 4.088150976762772865e-02
5.050138668603383785e+00 3.984632087876870815e-02
5.099264124307808288e+00 3.883291722052754219e-02
5.148867450137498025e+00 3.784055856629005982e-02
5.198953294596024399e+00 3.686970822705933765e-02
5.249526351405507718e+00 3.591829189749962820e-02
5.300591359946452030e+00 3.498929808933435442e-02
5.352153105701904501e+00 3.407836306785502062e-02
5.404216420705915347e+00 3.318751288604961103e-02
5.456786183996381823e+00 3.231558186676566219e-02
5.509867322072253160e+00 3.146397120719623269e-02
5.563464809355226137e+00 3.062822562072810978e-02
5.617583668655908191e+00 2.981189407402839650e-02
5.672228971644543094e+00 2.901350527540288299e-02
5.727405839326266346e+00 2.823241056796588905e-02
5.783119442521027054e+00 2.746906919451232165e-02
5.839375002348160315e+00 2.672189926067080473e-02
5.896177790715694478e+00 2.599146206541493379e-02
5.953533130814370189e+00 2.527749038305259280e-02
6.011446397616513337e+00 2.457828923499576906e-02
6.069923018379741464e+00 2.389705249773041440e-02
6.128968473155564034e+00 2.323014605749745137e-02
6.188588295302960063e+00 2.257833593712274545e-02
6.248788072006894012e+00 2.194141018518996206e-02
6.309573444801936049e+00 2.131891171729632939e-02
6.370950110100935149e+00 2.071093527710022447e-02
6.432923819728876502e+00 2.011669163884117345e-02
6.495500381461869033e+00 1.953685043261222873e-02
6.558685659571435345e+00 1.897038176701000209e-02
6.622485575374063238e+00 1.841496065191871451e-02
6.686906107786136921e+00 1.787589208165651575e-02
6.751953293884205287e+00 1.734824071370336118e-02
6.817633229470763112e+00 1.683306268035806089e-02
6.883952069645496330e+00 1.633020502130284879e-02
6.950916029382126382e+00 1.584031903281550926e-02
7.018531384110795912e+00 1.536037010863653372e-02
7.086804470306189430e+00 1.489286531056426693e-02
7.155741686081340980e+00 1.443695918013683868e-02
7.225349491787214085e+00 1.399201179412666932e-02
7.295634410618154320e+00 1.355818575634910352e-02
7.366603029223159460e+00 1.313499868160388460e-02
7.438261998323163482e+00 1.272234162511577497e-02
7.510618033334286459e+00 1.231994578897535261e-02
7.583677914997190683e+00 1.192783576963090363e-02
7.657448490012479958e+00 1.154538774198397844e-02
7.731936671682362316e+00 1.117283873620935133e-02
7.807149440558499798e+00 1.081004375990064423e-02
7.883093845096216690e+00 1.045567039962698626e-02
7.959777002314985417e+00 1.011141547367707533e-02
8.037206098465421888e+00 9.775822610488232867e-03
8.115388389702712146e+00 9.448904674141512736e-03
8.194331202766655053e+00 9.130770259990142121e-03
8.274041935668218883e+00 8.820993154306996931e-03
8.354528058382872047e+00 8.519354165262902137e-03
8.435797113550611570e+00 8.225700999899538887e-03
8.517856717182803905e+00 7.940395014209369190e-03
8.600714559375941093e+00 7.662702139600693386e-03
8.684378405032257220e+00 7.392037208159589999e-03
8.768856094587436090e+00 7.129853300478591026e-03
8.854155544745349715e+00 6.874363955450768504e-03
8.940284749219998162e+00 6.626171672355298317e-03
9.027251779484577909e+00 6.384838184106468237e-03
9.115064785527916769e+00 6.150426273816812610e-03
9.203731996618220279e+00 5.922667626970278161e-03
9.293261722074316111e+00 5.701429761801051106e-03
9.383662352044273902e+00 5.486591454948891791e-03
9.474942358291729150e+00 5.278114118867267140e-03
9.567110294989774388e+00 5.076083916161501161e-03
9.660174799522645017e+00 4.879209728366049569e-03
9.754144593295098531e+00 4.688662829488729131e-03
9.849028482549766039e+00 4.503909438931752440e-03
9.944835359192397917e+00 4.324336030255335368e-03
1.004157420162519543e+01 4.150914395462724539e-03
1.013925407558815373e+01 3.982702044674990560e-03
1.023788413500867378e+01 3.819585870197463040e-03
1.033747362285940774e+01 3.661412176168026954e-03
1.043803187202444072e+01 3.508423927040834819e-03
1.053956830617394580e+01 3.361308984339176492e-03
1.064209244064724658e+01 3.217263230412595841e-03
1.074561388334458023e+01 3.078423293311214996e-03
1.085014233562746178e+01 2.944153737137743775e-03
1.095568759322787855e+01 2.814470499438959713e-03
1.106225954716621906e+01 2.689080164318088592e-03
1.116986818467823817e+01 2.568048892893869378e-03
1.127852359015096795e+01 2.451067563727018540e-03
1.138823594606782130e+01 2.338130245959029515e-03
1.149901553396274245e+01 2.229126726930874981e-03
1.161087273538378994e+01 2.124259104785079354e-03
1.172381803286598512e+01 2.022541804410731264e-03
1.183786201091373513e+01 1.924769682374107308e-03
1.195301535699265827e+01 1.830557623982072626e-03
1.206928886253119870e+01 1.739797061448062525e-03
1.218669342393191712e+01 1.652439625612270443e-03
1.230524004359261525e+01 1.568302509978735174e-03
1.242493983093746479e+01 1.487453072026460659e-03
1.254580400345803248e+01 1.409699123808765041e-03
1.266784388776455827e+01 1.334963903058947491e-03
1.279107092064739781e+01 1.263194959343476873e-03
1.291549665014884063e+01 1.194294317748888223e-03
1.304113273664525430e+01 1.128209379138206967e-03
1.316799095393986185e+01 1.064818019687088476e-03
1.329608319036608854e+01 1.004069411383676268e-03
1.342542144990170527e+01 9.459027163670326267e-04
1.355601785329368880e+01 8.902242097939070797e-04
1.368788463919415221e+01 8.369708966596734086e-04
1.382103416530724438e+01 7.860733818706060801e-04
1.395547890954729020e+01 7.374572003523546717e-04
1.409123147120805619e+01 6.910569089088778542e-04
1.422830457214353395e+01 6.468036993214700296e-04
1.436671105796013137e+01 6.046350703105470578e-04
1.450646389922046886e+01 5.644825411819696199e-04
1.464757619265895272e+01 5.262782241264240494e-04
1.479006116240903168e+01 4.899834481991822369e-04
1.493393216124253264e+01 4.555163258545513977e-04
1.507920267182097263e+01 4.228135083185278597e-04
1.522588630795911513e+01 3.918236064663898764e-04
1.537399681590069456e+01 3.624968834640242884e-04
1.552354807560667105e+01 3.347673349752131240e-04
1.567455410205595001e+01 3.085781071487136203e-04
1.582702904655883280e+01 2.838932201808113146e-04
1.598098719808309376e+01 2.606068847954310730e-04
1.613644298459311699e+01 2.387381304284956441e-04
1.629341097440194730e+01 2.181878562759040807e-04
1.645190587753662470e+01 1.989198835165055187e-04
1.661194254711659113e+01 1.808733181969780042e-04
1.677353598074571295e+01 1.640243476921798165e-04
1.693670132191772026e+01 1.483041469773318979e-04
1.710145386143542012e+01 1.336693361718440211e-04
1.726780903884355922e+01 1.200748851950485436e-04
1.743578244387577669e+01 1.074803680185668141e-04
1.760538981791556523e+01 9.583556295063405911e-05
1.777664705547142532e+01 8.509558243800631016e-05
1.794957020566648254e+01 7.522970792410089882e-05
1.812417547374237614e+01 6.618358526124230141e-05
1.830047922257800863e+01 5.791818680565254742e-05
1.847849797422290763e+01 5.039557826431222213e-05
1.865824841144566193e+01 4.358157388993760118e-05
1.883974737929719367e+01 3.742447480669880644e-05
1.902301188668945642e+01 3.189585671887191598e-05
1.920805910798935301e+01 2.695314583959664944e-05
1.939490638462828542e+01 2.256779159853178630e-05
1.958357122672716955e+01 1.869660585355069658e-05
1.977407131473744428e+01 1.530442149457434826e-05
1.996642450109793288e+01 1.235892898351045948e-05
2.016064881190793656e+01 9.828570782292175023e-06
2.035676244861640072e+01 7.671152066801897846e-06
2.055478378972772546e+01 5.862966954867444540e-06
2.075473139252405730e+01 4.368405595122694034e-06
2.095662399480432825e+01 3.155029276304723673e-06
2.116048051664034446e+01 2.193358212883831943e-06
2.136632006214970403e+01 1.452339671433023219e-06
2.157416192128621546e+01 9.021318226723236509e-07
2.178402557164756459e+01 5.133156704355641503e-07
2.199593068030074861e+01 2.570634310477660462e-07
2.220989710562497521e+01 1.042474378084215235e-07
2.242594489917278011e+01 2.859847408941792439e-08
2.264409430754907504e+01 0.000000000000000000e+00
