1.000000000000000021e-02 1.914410333421828980e+00
1.009727545900835841e-02 1.914406254284595654e+00
1.019549716950923779e-02 1.914402107825702748e+00
1.029467433620748044e-02 1.914397859848689709e+00
1.039481625334708927e-02 1.914393511720215768e+00
1.049593230558227772e-02 1.914389081471610687e+00
1.059803196885688789e-02 1.914384563854923504e+00
1.070112481129246833e-02 1.914379967053495779e+00
1.080522049408488318e-02 1.914375268218186266e+00
1.091032877240974419e-02 1.914370479365963273e+00
1.101645949633656314e-02 1.914365590054061039e+00
1.112362261175187626e-02 1.914360600001111745e+00
1.123182816129126085e-02 1.914355616801657556e+00
1.134108628528052165e-02 1.914350545980426865e+00
1.145140722268592030e-02 1.914345348790901680e+00
1.156280131207376022e-02 1.914340040087997519e+00
1.167527899257919492e-02 1.914334652180745833e+00
1.178885080488457221e-02 1.914329137006976600e+00
1.190352739220719262e-02 1.914323490203683198e+00
1.201931950129673729e-02 1.914317752709088660e+00
1.213623798344241195e-02 1.914311904614993676e+00
1.225429379548980714e-02 1.914305979769031607e+00
1.237349800086776086e-02 1.914300009134655811e+00
1.249386177062509519e-02 1.914294036382514497e+00
1.261539638447754796e-02 1.914287901066519471e+00
1.273811323186478488e-02 1.914281615869006359e+00
1.286202381301779218e-02 1.914275192177834706e+00
1.298713974003655978e-02 1.914268543107854548e+00
1.311347273797833224e-02 1.914261939761935150e+00
1.324103464595636874e-02 1.914259293063379275e+00
1.336983741824946531e-02 1.914252270672158751e+00
1.349989312542219239e-02 1.914241531277425468e+00
1.363121395545611320e-02 1.914234477972638349e+00
1.376381221489191876e-02 1.914227246500085355e+00
1.389770032998276401e-02 1.914219851171577114e+00
1.403289084785873213e-02 1.914212332587015952e+00
1.416939643770268736e-02 1.914204724554143144e+00
1.430722989193757184e-02 1.914197038328230294e+00
1.444640412742520530e-02 1.914189190504028470e+00
1.458693218667675602e-02 1.914181140734822373e+00
1.472882723907502529e-02 1.914172956277465865e+00
1.487210258210860774e-02 1.914164630957231328e+00
1.501677164261799868e-02 1.914156117871075757e+00
1.516284797805393485e-02 1.914147021240801827e+00
1.531034527774784160e-02 1.914138206741480497e+00
1.545927736419477720e-02 1.914128943292129348e+00
1.560965819434872483e-02 1.914119756795600980e+00
1.576150186093060873e-02 1.914110765121503910e+00
1.591482259374891323e-02 1.914101406517175974e+00
1.606963476103326349e-02 1.914091463473594601e+00
1.622595287078087284e-02 1.914081337794774740e+00
1.638379157211618947e-02 1.914071282220822789e+00
1.654316565666366645e-02 1.914060589831317438e+00
1.670409005993399310e-02 1.914049297642974823e+00
1.686657986272368723e-02 1.914036664855370828e+00
1.703065029252844378e-02 1.914025836310520479e+00
1.719631672497009753e-02 1.914014172408413650e+00
1.736359468523754335e-02 1.914002419636382069e+00
1.753249984954170088e-02 1.913990447691630292e+00
1.770304804658450262e-02 1.913978368528252982e+00
1.787525525904235316e-02 1.913966696266705236e+00
1.804913762506383731e-02 1.913954135842087290e+00
1.822471143978214581e-02 1.913941156672439581e+00
1.840199315684210371e-02 1.913928118560998426e+00
1.858099938994215231e-02 1.913914795867085239e+00
1.876174691439120440e-02 1.913900625799709543e+00
1.894425266868081034e-02 1.913885911005886564e+00
1.912853375607242307e-02 1.913871641887158193e+00
1.931460744620030340e-02 1.913857056945313051e+00
1.950249117668984011e-02 1.913842263981076597e+00
1.969220255479172538e-02 1.913827252312513716e+00
1.988375935903200636e-02 1.913812094957968890e+00
2.007717954087816226e-02 1.913796558614575316e+00
2.027248122642137662e-02 1.913782345177475808e+00
2.046968271807520987e-02 1.913764875842815627e+00
2.066880249629082095e-02 1.913748381467500037e+00
2.086985922128879734e-02 1.913731470798732071e+00
2.107287173480786382e-02 1.913723183257983518e+00
2.127785906187062287e-02 1.913706546833913391e+00
2.148484041256648255e-02 1.913686856891199328e+00
2.169383518385184506e-02 1.913663896224771843e+00
2.190486296136792688e-02 1.913646299960471309e+00
2.211794352127614133e-02 1.913623182908837705e+00
2.233309683211144592e-02 1.913603802173023061e+00
2.255034305665360936e-02 1.913584023081380758e+00
2.276970255381680075e-02 1.913561941257971855e+00
2.299119588055741764e-02 1.913541038670881989e+00
2.321484379380064564e-02 1.913522718066547501e+00
2.344066725238556220e-02 1.913497943855210659e+00
2.366868741902936057e-02 1.913476074779044467e+00
2.389892566231050300e-02 1.913453933439756893e+00
2.413140355867127856e-02 1.913434494563130750e+00
2.436614289443983158e-02 1.913407800531127467e+00
2.460316566787181664e-02 1.913385111042069875e+00
2.484249409121190577e-02 1.913361346403057217e+00
2.508415059277539771e-02 1.913337313415938601e+00
2.532815781905008515e-02 1.913312748264038632e+00
2.557453863681850847e-02 1.913287666164723344e+00
2.582331613530085626e-02 1.913262062672967945e+00
2.607451362831877603e-02 1.913235969282657711e+00
2.632815465648021339e-02 1.913209500831881904e+00
2.658426298938541474e-02 1.913182468920937351e+00
2.684286262785454819e-02 1.913156727014690750e+00
2.710397780617682106e-02 1.913126741529739716e+00
2.736763299438163891e-02 1.913098166430420966e+00
2.763385290053169824e-02 1.913068864272327252e+00
2.790266247303856487e-02 1.913039077601899063e+00
2.817408690300057458e-02 1.913008544221741491e+00
2.844815162656363222e-02 1.912977421083409402e+00
2.872488232730495070e-02 1.912945671674165959e+00
2.900430493863991738e-02 1.912913168994549995e+00
2.928644564625237229e-02 1.912880063161601418e+00
2.957133089054861039e-02 1.912846122366391066e+00
2.985898736913520854e-02 1.912811436998444581e+00
3.014944203932094433e-02 1.912775951872469404e+00
3.044272212064302874e-02 1.912739810647912320e+00
3.073885509741795460e-02 1.912702980384391793e+00
3.103786872131722788e-02 1.912665313798024069e+00
3.133979101396793671e-02 1.912627138817805994e+00
3.164465026957891114e-02 1.912588202118718828e+00
3.195247505759213347e-02 1.912548275223743488e+00
3.226329422536015901e-02 1.912507798092951461e+00
3.257713690084949876e-02 1.912466205885777093e+00
3.289403249537032475e-02 1.912423680752766142e+00
3.321401070633261954e-02 1.912377879920976964e+00
3.353710152002930406e-02 1.912334003903203739e+00
3.386333521444636480e-02 1.912288833759953954e+00
3.419274236210027851e-02 1.912245259885048565e+00
3.452535383290306070e-02 1.912195709459178161e+00
3.486120079705520153e-02 1.912150887703333968e+00
3.520031472796678745e-02 1.912102838490284729e+00
3.554272740520694751e-02 1.912054656174986489e+00
3.588847091748199186e-02 1.912005248166558369e+00
3.623757766564258964e-02 1.911954787734471362e+00
3.659008036572020811e-02 1.911903225331268885e+00
3.694601205199302130e-02 1.911851409094944998e+00
3.730540608008161424e-02 1.911796617082526017e+00
3.766829613007490613e-02 1.911741989972697064e+00
3.803471620968648659e-02 1.911685370922458604e+00
3.840470065744145539e-02 1.911627474741211641e+00
3.877828414589457040e-02 1.911568637831038142e+00
3.915550168487941241e-02 1.911508581503731818e+00
3.953638862478930927e-02 1.911447492241752144e+00
3.992098065989020672e-02 1.911385203242356834e+00
4.030931383166566628e-02 1.911321309154764947e+00
4.070142453219438572e-02 1.911257687859197585e+00
4.109734950756069316e-02 1.911192791333236274e+00
4.149712586129815362e-02 1.911126347917323054e+00
4.190079105786669034e-02 1.911058987025345823e+00
4.230838292616342228e-02 1.910989738780254577e+00
4.271993966306778662e-02 1.910919169182800026e+00
4.313549983702118923e-02 1.910847112014068871e+00
4.355510239164130798e-02 1.910773680270395403e+00
4.397878664937160398e-02 1.910700479315179834e+00
4.440659231516640160e-02 1.910624198103397786e+00
4.483855948021186338e-02 1.910546287340115557e+00
4.527472862568297785e-02 1.910466705391567377e+00
4.571514062653719151e-02 1.910385773196497050e+00
4.615983675534499064e-02 1.910303222003491452e+00
4.660885868615767536e-02 1.910218775935826008e+00
4.706224849841281199e-02 1.910132878983523019e+00
4.752004868087766204e-02 1.910045609917272680e+00
4.798230213563085128e-02 1.909956615687435244e+00
4.844905218208294534e-02 1.909865426620654061e+00
4.892034256103611894e-02 1.909772573494815440e+00
4.939621743878321036e-02 1.909677928556962279e+00
4.987672141124663283e-02 1.909581061661091761e+00
5.036189950815770505e-02 1.909482164643253821e+00
5.085179719727656034e-02 1.909381081528985336e+00
5.134646038865306461e-02 1.909278290714862436e+00
5.184593543892913187e-02 1.909173718580461587e+00
5.235026915568305461e-02 1.909067603532811130e+00
5.285950880181603667e-02 1.908959341727043846e+00
5.337370209998133774e-02 1.908847020372820058e+00
5.389289723705643909e-02 1.908734537696606059e+00
5.441714286865893119e-02 1.908619841193640143e+00
5.494648812370611646e-02 1.908502961321374647e+00
5.548098260901916656e-02 1.908384252964057337e+00
5.602067641397187603e-02 1.908261108027565323e+00
5.656562011518465050e-02 1.908136772098665501e+00
5.711586478126431943e-02 1.908012410760644428e+00
5.767146197758996756e-02 1.907883437894165368e+00
5.823246377114527778e-02 1.907752131017637964e+00
5.879892273539785025e-02 1.907615194614129095e+00
5.937089195522609469e-02 1.907479337274922138e+00
5.994842503189409116e-02 1.907341063846002660e+00
6.053157608807464840e-02 1.907199311160902244e+00
6.112039977292132997e-02 1.907057235208394319e+00
6.171495126718981594e-02 1.906912082389351282e+00
6.231528628840921763e-02 1.906762148675104074e+00
6.292146109610344262e-02 1.906607993890884423e+00
6.353353249706343575e-02 1.906452672080533706e+00
6.415155785067082339e-02 1.906291581739567809e+00
6.477559507427335661e-02 1.906130126556430771e+00
6.540570264861225724e-02 1.905965426538385854e+00
6.604193962330305590e-02 1.905796701000080251e+00
6.668436562236895737e-02 1.905624443025695669e+00
6.733304084982863480e-02 1.905451137986004850e+00
6.798802609533814711e-02 1.905272611775370661e+00
6.864938273988777095e-02 1.905087117410180664e+00
6.931717276155408003e-02 1.904904018720230630e+00
6.999145874130821565e-02 1.904716739070855258e+00
7.067230386888070925e-02 1.904523799398994743e+00
7.135977194868306506e-02 1.904326313425575234e+00
7.205392740578704658e-02 1.904124762091996548e+00
7.275483529196229149e-02 1.903919197918462425e+00
7.346256129177256011e-02 1.903709489254296061e+00
7.417717172873124210e-02 1.903500992045850992e+00
7.489873357151664857e-02 1.903284742367876037e+00
7.562731444024800576e-02 1.903064372765186585e+00
7.636298261282241373e-02 1.902840634105861239e+00
7.710580703131336699e-02 1.902611686158110604e+00
7.785585730843146146e-02 1.902378308867043621e+00
7.861320373404813433e-02 1.902140303063146298e+00
7.937791728178281159e-02 1.901899189762048303e+00
8.015006961565404597e-02 1.901651390845301881e+00
8.092973309679550586e-02 1.901399736227203263e+00
8.171698079023696770e-02 1.901143127196233129e+00
8.251188647175167201e-02 1.900877471774449878e+00
8.331452463477014014e-02 1.900610808741750812e+00
8.412497049736118726e-02 1.900341680819180201e+00
8.494330000928071445e-02 1.900063749750986464e+00
8.576958985908941790e-02 1.899780541778497867e+00
8.660391748133952627e-02 1.899491653243646549e+00
8.744636106383144036e-02 1.899197892408206911e+00
8.829699955494091368e-02 1.898898453147392251e+00
8.915591267101763417e-02 1.898593078437230464e+00
9.002318090385581784e-02 1.898281809346616944e+00
9.089888552823731371e-02 1.897966183083952929e+00
9.178310860954806694e-02 1.897642489055472836e+00
9.267593301146882789e-02 1.897313248642931161e+00
9.357744240374062106e-02 1.896978142379875276e+00
9.448772127000577836e-02 1.896636367221577357e+00
9.540685491572513388e-02 1.896288172879652123e+00
9.633492947617222635e-02 1.895933135676325154e+00
9.727203192450542546e-02 1.895571856383660769e+00
9.821825007991856482e-02 1.895203441765157759e+00
9.917367261587073379e-02 1.894827702526540314e+00
1.001383890683960748e-01 1.894444636225710354e+00
1.011124898444945991e-01 1.894054249075270757e+00
1.020960662306047012e-01 1.893654919120209001e+00
1.030892104011576216e-01 1.893248258987396238e+00
1.040920154272158005e-01 1.892833830713565257e+00
1.051045752851944987e-01 1.892411657598244812e+00
1.061269848656690717e-01 1.891981959733155971e+00
1.071593399822671072e-01 1.891543499828228558e+00
1.082017373806478805e-01 1.891098681834644024e+00
1.092542747475682557e-01 1.890646401719809022e+00
1.103170507200377515e-01 1.890184925089741785e+00
1.113901648945616746e-01 1.889712162906488357e+00
1.124737178364751955e-01 1.889231271446035088e+00
1.135678110893671017e-01 1.888741485834666944e+00
1.146725471845963656e-01 1.888242473545642452e+00
1.157880296509002094e-01 1.887732781438502094e+00
1.169143630240966764e-01 1.887211978277793190e+00
1.180516528568804902e-01 1.886685568006103209e+00
1.192000057287153220e-01 1.886147140693981594e+00
1.203595292558212876e-01 1.885596821511806187e+00
1.215303321012602134e-01 1.885037809979229984e+00
1.227125239851190319e-01 1.884467934580782877e+00
1.239062156947916271e-01 1.883886849268328501e+00
1.251115190953615564e-01 1.883295110848355769e+00
1.263285471400849291e-01 1.882692027739073737e+00
1.275574138809759950e-01 1.882077774204522269e+00
1.287982344794950385e-01 1.881451515319187084e+00
1.300511252173409127e-01 1.880813560294822162e+00
1.313162035073478784e-01 1.880161824536447535e+00
1.325935879044890797e-01 1.879501267460925718e+00
1.338833981169864351e-01 1.878825837122046760e+00
1.351857550175293021e-01 1.878139476930290153e+00
1.365007806546013891e-01 1.877439088896202257e+00
1.378285982639189389e-01 1.876724888480974407e+00
1.391693322799789911e-01 1.875996591889719900e+00
1.405231083477211373e-01 1.875257452914065315e+00
1.418900533343016301e-01 1.874501150837488472e+00
1.432702953409830948e-01 1.873733814569734868e+00
1.446639637151387880e-01 1.872952360078688150e+00
1.460711890623745679e-01 1.872155183761168740e+00
1.474921032587684921e-01 1.871341293664520622e+00
1.489268394632288772e-01 1.870512656080730585e+00
1.503755321299738434e-01 1.869667947680999198e+00
1.518383170211306810e-01 1.868809498418033899e+00
1.533153312194593942e-01 1.867934866792836601e+00
1.548067131411984265e-01 1.867043398301869717e+00
1.563126025490369497e-01 1.866133091817175016e+00
1.578331405652117214e-01 1.865206689925938299e+00
1.593684696847328941e-01 1.864265716902274717e+00
1.609187337887370006e-01 1.863307109258026673e+00
1.624840781579713067e-01 1.862329364163145096e+00
1.640646494864078653e-01 1.861332545052476251e+00
1.656605958949914359e-01 1.860318760996535259e+00
1.672720669455196874e-01 1.859284300119695033e+00
1.688992136546599021e-01 1.858230904817441909e+00
1.705421885081006561e-01 1.857159226857679979e+00
1.722011454748421100e-01 1.856068242994677986e+00
1.738762400216251336e-01 1.854957384291360478e+00
1.755676291275001522e-01 1.853826862072967652e+00
1.772754712985387948e-01 1.852674844797789655e+00
1.789999265826875408e-01 1.851497746927923682e+00
1.807411565847668600e-01 1.850302477096682274e+00
1.824993244816152382e-01 1.849085908458025784e+00
1.842745950373816666e-01 1.847847632304786991e+00
1.860671346189656239e-01 1.846585773974081190e+00
1.878771112116086051e-01 1.845300910548919981e+00
1.897046944346358344e-01 1.843989773607912719e+00
1.915500555573527997e-01 1.842657067819510441e+00
1.934133675150944698e-01 1.841301858688489279e+00
1.952948049254327745e-01 1.839922514354287220e+00
1.971945441045395986e-01 1.838517137925981926e+00
1.991127630837108697e-01 1.837081474585779084e+00
2.010496416260497965e-01 1.835621827676759965e+00
2.030053612433137811e-01 1.834141046279875953e+00
2.049801052129238688e-01 1.832632123877435459e+00
2.069740585951406198e-01 1.831091082030082084e+00
2.089874082504071251e-01 1.829524082822303610e+00
2.110203428568595552e-01 1.827933873064637726e+00
2.130730529280097374e-01 1.826312222442486366e+00
2.151457308305980698e-01 1.824660568381190062e+00
2.172385708026215445e-01 1.822993493543338950e+00
2.193517689715359098e-01 1.821270609552550379e+00
2.214855233726360506e-01 1.819530313207716965e+00
2.236400339676138660e-01 1.817759028334953619e+00
2.258155026632983065e-01 1.815956863346103622e+00
2.280121333305757114e-01 1.814121035768009094e+00
2.302301318234963867e-01 1.812253897239787470e+00
2.324697059985647851e-01 1.810353752475364120e+00
2.347310657342196183e-01 1.808421458215525579e+00
2.370144229505012079e-01 1.806455629622933046e+00
2.393199916289123208e-01 1.804453709602459321e+00
2.416479878324700736e-01 1.802414846368811663e+00
2.439986297259550130e-01 1.800343437922362400e+00
2.463721375963552895e-01 1.798240466165071272e+00
2.487687338735107279e-01 1.796096524273287587e+00
2.511886431509580686e-01 1.793915057794450485e+00
2.536320922069775774e-01 1.791696938049403887e+00
2.560993100258459609e-01 1.789439223405567603e+00
2.585905278192945911e-01 1.787143029576234499e+00
2.611059790481781162e-01 1.784810257599270589e+00
2.636458994443517945e-01 1.782436174772617621e+00
2.662105270327638773e-01 1.780021574998715606e+00
2.688001021537606006e-01 1.777566993521077832e+00
2.714148674856106669e-01 1.775069473203643833e+00
2.740550680672460548e-01 1.772528643604138532e+00
2.767209513212268712e-01 1.769947925542678879e+00
2.794127670769268601e-01 1.767322970530732062e+00
2.821307675939472293e-01 1.764652397709066678e+00
2.848752075857552413e-01 1.761941634083345587e+00
2.876463442435557849e-01 1.759182933608436583e+00
2.904444372603925406e-01 1.756378566882957237e+00
2.932697488554852905e-01 1.753528736074292604e+00
2.961225437988035947e-01 1.750632988413282520e+00
2.990030894358785551e-01 1.747686330282100187e+00
3.019116557128577738e-01 1.744694147235754667e+00
3.048485152018017286e-01 1.741654750268453400e+00
3.078139431262288950e-01 1.738564769704859403e+00
3.108082173869063936e-01 1.735421016042943743e+00
3.138316185878944342e-01 1.732229583291603259e+00
3.168844300628416155e-01 1.728989112755763724e+00
3.199669379015380732e-01 1.725696487643468391e+00
3.230794309767249795e-01 1.722349773537275031e+00
3.262222009711669979e-01 1.718950208221456721e+00
3.293955424049855307e-01 1.715498249300855704e+00
3.325997526632606949e-01 1.711990262317539369e+00
3.358351320238990301e-01 1.708432376840758549e+00
3.391019836857747105e-01 1.704813196670951436e+00
3.424006137971423724e-01 1.701139640339350612e+00
3.457313314843284413e-01 1.697405358198091685e+00
3.490944488806992929e-01 1.693651453567662113e+00
3.524902811559130766e-01 1.689778214851334504e+00
3.559191465454557002e-01 1.685875049906815137e+00
3.593813663804627523e-01 1.681982265341216864e+00
3.628772651178337472e-01 1.677890342023403702e+00
3.664071703706370808e-01 1.673807272065846563e+00
3.699714129388128048e-01 1.669664105548974486e+00
3.735703268401719401e-01 1.665461623446376160e+00
3.772042493416999376e-01 1.661196879069037902e+00
3.808735209911614517e-01 1.656865753461420399e+00
3.845784856490158665e-01 1.652474752743060105e+00
3.883194905206404091e-01 1.648021236278742085e+00
3.920968861888690649e-01 1.643689677629456503e+00
3.959110266468458539e-01 1.638917078379064529e+00
3.997622693312000708e-01 1.634265077758484175e+00
4.036509751555413805e-01 1.629555413272922637e+00
4.075775085442840395e-01 1.624778995584238661e+00
4.115422374667966343e-01 1.619930002551286385e+00
4.155455334718875515e-01 1.615012457289908721e+00
4.195877717226225712e-01 1.610031282648916706e+00
4.236693310314835759e-01 1.604985974024514483e+00
4.277905938958687093e-01 1.599867830942289348e+00
4.319519465339363706e-01 1.594680624821982695e+00
4.361537789208005944e-01 1.589425522096415078e+00
4.403964848250754294e-01 1.584100149332359653e+00
4.446804618457780300e-01 1.578707781094358831e+00
4.490061114495874639e-01 1.573241131884267174e+00
4.533738390084691150e-01 1.567708287089841335e+00
4.577840538376618529e-01 1.562101348646870669e+00
4.622371692340384031e-01 1.556423734851536178e+00
4.667336025148346446e-01 1.550676031173698455e+00
4.712737750567601580e-01 1.544852929035963607e+00
4.758581123354846953e-01 1.538967475595908407e+00
4.804870439655131720e-01 1.532999353567721323e+00
4.851610037404442966e-01 1.526964014627455901e+00
4.898804296736250508e-01 1.520855854497451976e+00
4.946457640391963562e-01 1.514675164309836397e+00
4.994574534135413635e-01 1.508423014858419675e+00
5.043159487171361421e-01 1.502093288083832689e+00
5.092217052568053237e-01 1.495698276022347173e+00
5.141751827683928022e-01 1.489224077941134095e+00
5.191768454598426619e-01 1.482681932190801355e+00
5.242271620547044320e-01 1.476066360969184865e+00
5.293266058360561743e-01 1.469373444270614781e+00
5.344756546908600026e-01 1.462613055189497357e+00
5.396747911547442600e-01 1.455779952922506615e+00
5.449245024572260121e-01 1.448874557237613159e+00
5.502252805673685243e-01 1.441893788900375117e+00
5.555776222398878250e-01 1.434846240676510121e+00
5.609820290617031358e-01 1.427722481309926295e+00
5.664390074989449353e-01 1.420527501717336438e+00
5.719490689444144405e-01 1.413266674234398224e+00
5.775127297655114900e-01 1.405930479312144543e+00
5.831305113526221717e-01 1.398525355645191759e+00
5.888029401679826247e-01 1.391051463387125819e+00
5.945305477950136863e-01 1.383508691121397627e+00
6.003138709881384871e-01 1.375895000861704576e+00
6.061534517230839914e-01 1.368215451489072976e+00
6.120498372476699256e-01 1.360467784023277948e+00
6.180035801330957534e-01 1.352649774222409285e+00
6.240152383257209223e-01 1.344772115359266662e+00
6.300853751993553686e-01 1.336824902965759732e+00
6.362145596080520660e-01 1.328808005392294156e+00
6.424033659394193796e-01 1.320734896691622806e+00
6.486523741684461219e-01 1.312591792090918030e+00
6.549621699118558515e-01 1.304391860773336020e+00
6.613333444829840868e-01 1.296126946353848508e+00
6.677664949471955325e-01 1.287800723829095828e+00
6.742622241778342129e-01 1.279415964032847297e+00
6.808211409127237213e-01 1.270971982756181173e+00
6.874438598112112553e-01 1.262474200472382790e+00
6.941310015117725385e-01 1.253914539082446877e+00
7.008831926901714082e-01 1.245301037082725104e+00
7.077010661181889484e-01 1.236632527934255155e+00
7.145852607229240538e-01 1.227910109447979847e+00
7.215364216466665370e-01 1.219138261414297153e+00
7.285552003073593186e-01 1.210316261035019325e+00
7.356422544596413760e-01 1.201441254129918645e+00
7.427982482564918776e-01 1.192519362425130680e+00
7.500238523114668432e-01 1.183551069066991479e+00
7.573197437615483141e-01 1.174539051771634535e+00
7.646866063305975958e-01 1.165481827646015489e+00
7.721251303934327792e-01 1.156381496759247174e+00
7.796360130405233235e-01 1.147239725980099267e+00
7.872199581433195759e-01 1.138062508147883900e+00
7.948776764202123424e-01 1.128844489594258427e+00
8.026098855031396084e-01 1.119587658135373642e+00
8.104173100048355227e-01 1.110300921130950247e+00
8.183006815867394090e-01 1.100979552911432569e+00
8.262607390275591435e-01 1.091627357699626710e+00
8.342982282925082149e-01 1.082243291914109840e+00
8.424139026032094746e-01 1.072835469312373613e+00
8.506085225082840040e-01 1.063397627031756665e+00
8.588828559546254349e-01 1.053939565882340279e+00
8.672376783593644944e-01 1.044454951864881576e+00
8.756737726825394308e-01 1.034951118783397739e+00
8.841919295004664336e-01 1.025429858305735520e+00
8.927929470798307010e-01 1.015888738638539568e+00
9.014776314524917122e-01 1.006335717587242939e+00
9.102467964910225806e-01 9.967665645333068092e-01
9.191012639849772681e-01 9.871860936029621669e-01
9.280418637179072006e-01 9.775965925438170334e-01
9.370694335451198453e-01 9.680069727880850072e-01
9.461848194722002336e-01 9.583990954041742283e-01
9.553888757342895444e-01 9.487965845050467806e-01
9.646824648761427312e-01 9.391884093187581328e-01
9.740664578329562007e-01 9.295798054590782566e-01
9.835417340119908536e-01 9.199778673741733082e-01
9.931091813749796104e-01 9.103726948186946499e-01
1.002769696521346621e+00 9.007826526704523218e-01
1.012524184772224167e+00 8.911919489020240226e-01
1.022373560255302127e+00 8.816172692377485243e-01
1.032318745990486564e+00 8.720516088941212551e-01
1.042360673976402197e+00 8.624960842556995688e-01
1.052500285277732761e+00 8.529648953506253628e-01
1.062738530113414459e+00 8.434430316083653123e-01
1.073076367945679621e+00 8.339457763196067575e-01
1.083514767569973225e+00 8.244668444400637952e-01
1.094054707205742494e+00 8.150104217138112173e-01
1.104697174588111785e+00 8.055828198147104713e-01
1.115443167060441221e+00 7.961791032294752712e-01
1.126293691667795249e+00 7.868026437301179898e-01
1.137249765251314271e+00 7.774589609103446097e-01
1.148312414543511073e+00 7.681476474461375048e-01
1.159482676264482759e+00 7.588671607276916697e-01
1.170761597219069250e+00 7.496261207281992300e-01
1.182150234394952371e+00 7.404206394868648733e-01
1.193649655061713055e+00 7.312518500188527337e-01
1.205260936870842681e+00 7.221260494558241483e-01
1.216985167956738056e+00 7.130410448176629501e-01
1.228823447038673411e+00 7.040028725031584056e-01
1.240776883523764251e+00 6.950065427483957947e-01
1.252846597610937529e+00 6.861733918161271317e-01
1.265033720395903893e+00 6.771559593535249055e-01
1.277339393977160009e+00 6.683082888085413176e-01
1.289764771563017165e+00 6.595064889525057428e-01
1.302311017579677488e+00 6.507587024759359240e-01
1.314979307780347773e+00 6.420640475880370346e-01
1.327770829355430449e+00 6.334240121977033899e-01
1.340686781043774811e+00 6.248457925665048540e-01
1.353728373245021821e+00 6.163166056432997086e-01
1.366896828133026487e+00 6.078518830777639437e-01
1.380193379770397355e+00 5.994402136911934909e-01
1.393619274224142002e+00 5.910962878335291881e-01
1.407175769682446731e+00 5.828139367691451689e-01
1.420864136572576708e+00 5.745938856318225652e-01
1.434685657679937831e+00 5.664345670778065944e-01
1.448641628268290127e+00 5.583411250705327955e-01
1.462733356201129986e+00 5.503040670827104019e-01
1.476962162064259898e+00 5.423546484968237991e-01
1.491329379289537682e+00 5.344620643413675598e-01
1.505836354279841416e+00 5.265872871281700451e-01
1.520484446535244283e+00 5.188810177011149438e-01
1.535275028780422657e+00 5.111932918611763466e-01
1.550209487093291205e+00 5.035776885597579300e-01
1.565289221034902312e+00 4.960315439805306204e-01
1.580515643780601165e+00 4.885589470286338387e-01
1.595890182252465817e+00 4.811548958061487302e-01
1.611414277253019778e+00 4.738253978099279951e-01
1.627089383600260675e+00 4.665252424814838039e-01
1.642916970263993193e+00 4.593601072951201680e-01
1.658898520503498064e+00 4.522718954196456864e-01
1.675035532006524441e+00 4.452361240343409299e-01
1.691329517029648732e+00 4.382722346317929896e-01
1.707782002539993016e+00 4.313859627874425673e-01
1.724394530358320354e+00 4.245716754051492847e-01
1.741168657303530987e+00 4.178332526168347938e-01
1.758105955338547632e+00 4.111678458467660224e-01
1.775208011717636092e+00 4.045804768835368770e-01
1.792476429135148930e+00 3.980669445520071403e-01
1.809912825875727105e+00 3.916295041141281685e-01
1.827518835965944666e+00 3.852643310605588511e-01
1.845296109327445366e+00 3.789770949539815748e-01
1.863246311931559873e+00 3.727648770446295168e-01
1.881371125955437096e+00 3.666259363130953131e-01
1.899672249939675650e+00 3.605629312861987068e-01
1.918151398947507635e+00 3.545746663369773732e-01
1.936810304725519849e+00 3.486629909639960001e-01
1.955650715865949074e+00 3.428224056554382004e-01
1.974674397970537454e+00 3.370596367077497990e-01
1.993883133816001019e+00 3.313684104997002833e-01
2.013278723521096492e+00 3.257496252126229619e-01
2.032862984715323673e+00 3.202072625310390386e-01
2.052637752709252084e+00 3.147377634040430250e-01
2.072604880666519822e+00 3.093386167201403469e-01
2.092766239777499759e+00 3.040137157073933283e-01
2.113123719434652603e+00 2.987600297411345251e-01
2.133679227409597701e+00 2.935796621304207488e-01
2.154434690031884259e+00 2.884693194398219585e-01
2.175392052369522489e+00 2.834236816865461916e-01
2.196553278411258248e+00 2.784600854186199403e-01
2.217920351250634692e+00 2.735579730119619968e-01
2.239495273271823184e+00 2.687311618682827197e-01
2.261280066337279404e+00 2.639698012579970166e-01
2.283276771977218012e+00 2.592777478654662571e-01
2.305487451580938707e+00 2.546512396786423937e-01
2.327914186589993051e+00 2.500553759657102026e-01
2.350559078693253756e+00 2.456053936266190951e-01
2.373424250023866033e+00 2.411775959949375159e-01
2.396511843358130278e+00 2.368198406658528765e-01
2.419824022316292567e+00 2.325251682293562605e-01
2.443362971565319341e+00 2.282973252541999343e-01
2.467130897023623426e+00 2.241314835995584231e-01
2.491130026067788439e+00 2.200290078860475951e-01
2.515362607741312928e+00 2.159880218097542104e-01
2.539830912965362675e+00 2.120104382057000914e-01
2.564537234751594674e+00 2.080943943891055969e-01
2.589483888417040802e+00 2.042391826639604613e-01
2.614673211801092023e+00 2.004434722453257156e-01
2.640107565484572927e+00 1.967060169867058395e-01
2.665789333010967876e+00 1.930290705772978177e-01
2.691720921109787668e+00 1.894103838479438695e-01
2.717904759922122881e+00 1.858491405135702379e-01
2.744343303228365283e+00 1.823432828874809730e-01
2.771039028678170535e+00 1.788894898312740622e-01
2.797994438022641805e+00 1.755016905998130761e-01
2.825212057348790218e+00 1.721362075708617045e-01
2.852694437316245057e+00 1.688796025104704612e-01
2.880444153396297668e+00 1.656485528108228300e-01
2.908463806113254169e+00 1.624709758689218964e-01
2.936756021288137397e+00 1.593260432504033375e-01
2.965323450284773621e+00 1.562720091040706860e-01
2.994168770258243573e+00 1.532494033658313437e-01
3.023294684405779531e+00 1.502760854384302125e-01
3.052703922220086241e+00 1.473531171353759384e-01
3.082399239745143404e+00 1.444792567112896386e-01
3.112383419834465759e+00 1.416442545444304979e-01
3.142659272411905569e+00 1.388756093335501429e-01
3.173229634734976212e+00 1.361440412917672427e-01
3.204097371660752813e+00 1.334594301718155240e-01
3.235265375914330388e+00 1.308203600094648422e-01
3.266736568359921655e+00 1.282262860621817824e-01
3.298513898274578082e+00 1.256769722786195975e-01
3.330600343624588788e+00 1.231712248257105513e-01
3.362998911344535991e+00 1.207091048056277427e-01
3.395712637619100693e+00 1.182893500907711698e-01
3.428744588167585317e+00 1.159118494291671714e-01
3.462097858531227423e+00 1.135756601530984455e-01
3.495775574363275240e+00 1.112772517405743317e-01
3.529780891721914671e+00 1.090245298649292899e-01
3.564116997366032269e+00 1.068076878046998190e-01
3.598787109053855460e+00 1.046320203574134383e-01
3.633794475844513094e+00 1.024943513763932612e-01
3.669142378402494131e+00 1.003936241432518417e-01
3.704834129305105694e+00 9.833110059376015677e-02
3.740873073352900313e+00 9.630285773219555978e-02
3.777262587883141176e+00 9.431374738021483517e-02
3.814006083086284082e+00 9.235961109510373857e-02
3.851107002325572903e+00 9.044071780964589580e-02
3.888568822459721019e+00 8.855280675281131109e-02
3.926395054168756449e+00 8.670250724528427710e-02
3.964589242282997805e+00 8.488139087547673378e-02
4.003154966115265445e+00 8.310270882702489037e-02
4.042095839796306045e+00 8.135053137562743564e-02
4.081415512613501662e+00 7.963055732761767369e-02
4.121117669352832635e+00 7.793956856429136437e-02
4.161206030644208020e+00 7.628406861911515846e-02
4.201684353310133346e+00 7.465696972647982432e-02
4.242556430717777438e+00 7.305972765191591500e-02
4.283826093134470270e+00 7.149077213429490263e-02
4.325497208086633627e+00 6.995461963409749240e-02
4.367573680722233398e+00 6.844301735946185794e-02
4.410059454176736615e+00 6.696041587521567306e-02
4.452958509942654963e+00 6.550580876587952517e-02
4.496274868242640110e+00 6.407846033290857946e-02
4.540012588406244554e+00 6.267766306898245321e-02
4.584175769250333765e+00 6.130186262326254437e-02
4.628768549463215365e+00 5.995476131218580723e-02
4.673795107992464004e+00 5.863144789871718027e-02
4.719259664436561863e+00 5.732864535745291201e-02
4.765166479440326341e+00 5.606013357518362800e-02
4.811519855094205766e+00 5.481088218994668165e-02
4.858324135337417360e+00 5.358511338407853652e-02
4.905583706365050922e+00 5.237914498734325131e-02
4.953302997039108924e+00 5.120423553350270107e-02
5.001486479303548727e+00 5.004787810114323665e-02
5.050138668603383785e+00 4.891291133529979823e-02
5.099264124307808288e+00 4.779895074130838944e-02
5.148867450137498025e+00 4.671067278084262836e-02
5.198953294596024399e+00 4.564102579960686856e-02
5.249526351405507718e+00 4.459216464248091233e-02
5.300591359946452030e+00 4.356692326207485533e-02
5.352153105701904501e+00 4.255548645034645111e-02
5.404216420705915347e+00 4.156697603902243660e-02
5.456786183996381823e+00 4.059783631831590661e-02
5.509867322072253160e+00 3.964805425248749821e-02
5.563464809355226137e+00 3.871655178511495404e-02
5.617583668655908191e+00 3.780423567669569107e-02
5.672228971644543094e+00 3.690909239430834043e-02
5.727405839326266346e+00 3.603262236897027126e-02
5.783119442521027054e+00 3.517286751240904230e-02
5.839375002348160315e+00 3.433076987141969738e-02
5.896177790715694478e+00 3.350563152529650174e-02
5.953533130814370189e+00 3.269699989253568168e-02
6.011446397616513337e+00 3.190474361935115993e-02
6.069923018379741464e+00 3.112849290894421916e-02
6.128968473155564034e+00 3.036824875187642964e-02
6.188588295302960063e+00 2.962324889102529307e-02
6.248788072006894012e+00 2.889320186308599880e-02
6.309573444801936049e+00 2.817882841409145162e-02
6.370950110100935149e+00 2.747881286230351508e-02
6.432923819728876502e+00 2.679327342362456191e-02
6.495500381461869033e+00 2.612199915840181935e-02
6.558685659571435345e+00 2.546452581162783613e-02
6.622485575374063238e+00 2.482081363259344003e-02
6.686906107786136921e+00 2.419039149838162622e-02
6.751953293884205287e+00 2.357354764513147974e-02
6.817633229470763112e+00 2.296897970111836870e-02
6.883952069645496330e+00 2.237826758573952315e-02
6.950916029382126382e+00 2.179954149545225428e-02
7.018531384110795912e+00 2.123319311263600212e-02
7.086804470306189430e+00 2.067879598767195098e-02
7.155741686081340980e+00 2.013726004858352320e-02
7.225349491787214085e+00 1.960564388759430954e-02
7.295634410618154320e+00 1.908632221941747309e-02
7.366603029223159460e+00 1.857774581519752721e-02
7.438261998323163482e+00 1.808123471457476553e-02
7.510618033334286459e+00 1.759538417938888433e-02
7.583677914997190683e+00 1.711963126795968196e-02
7.657448490012479958e+00 1.665455182447500224e-02
7.731936671682362316e+00 1.619982243481519688e-02
7.807149440558499798e+00 1.575439413533865143e-02
7.883093845096216690e+00 1.532034341712475503e-02
7.959777002314985417e+00 1.489532631117257595e-02
8.037206098465421888e+00 1.447983701351805708e-02
8.115388389702712146e+00 1.407374592821865160e-02
8.194331202766655053e+00 1.367693979316128225e-02
8.274041935668218883e+00 1.328860193258124892e-02
8.354528058382872047e+00 1.290982742292538440e-02
8.435797113550611570e+00 1.253979516247837565e-02
8.517856717182803905e+00 1.217842282547150837e-02
8.600714559375941093e+00 1.182361379408712262e-02
8.684378405032257220e+00 1.147935837047613962e-02
8.768856094587436090e+00 1.114231969140046762e-02
8.854155544745349715e+00 1.081316997467980656e-02
8.940284749219998162e+00 1.049181517555070921e-02
9.027251779484577909e+00 1.017867293971404068e-02
9.115064785527916769e+00 9.871812033339692760e-03
9.203731996618220279e+00 9.572916247011949847e-03
9.293261722074316111e+00 9.281201250362971014e-03
9.383662352044273902e+00 8.996592422364493510e-03
9.474942358291729150e+00 8.718867506437688597e-03
9.567110294989774388e+00 8.447967279354293840e-03
9.660174799522645017e+00 8.183742644014380813e-03
9.754144593295098531e+00 7.926026826252851806e-03
9.849028482549766039e+00 7.674837121048795445e-03
9.944835359192397917e+00 7.429711754289560800e-03
1.004157420162519543e+01 7.190843336056184330e-03
1.013925407558815373e+01 6.958061489312097544e-03
1.023788413500867378e+01 6.731411060717317971e-03
1.033747362285940774e+01 6.510381556590435180e-03
1.043803187202444072e+01 6.295083981764209788e-03
1.053956830617394580e+01 6.085300902366569571e-03
1.064209244064724658e+01 5.881106613981719293e-03
1.074561388334458023e+01 5.682228403477794683e-03
1.085014233562746178e+01 5.488526460011643876e-03
1.095568759322787855e+01 5.299915788928483834e-03
1.106225954716621906e+01 5.116620314193353301e-03
1.116986818467823817e+01 4.938266987191959438e-03
1.127852359015096795e+01 4.764232332425778933e-03
1.138823594606782130e+01 4.595645497143335811e-03
1.149901553396274245e+01 4.431328397741185476e-03
1.161087273538378994e+01 4.271760662298025764e-03
1.172381803286598512e+01 4.116468966321792412e-03
1.183786201091373513e+01 3.965634163830913245e-03
1.195301535699265827e+01 3.819053090707920980e-03
1.206928886253119870e+01 3.676653393069927080e-03
1.218669342393191712e+01 3.538302090346835162e-03
1.230524004359261525e+01 3.404134376810274889e-03
1.242493983093746479e+01 3.273909328489072075e-03
1.254580400345803248e+01 3.147069044626509687e-03
1.266784388776455827e+01 3.024284089657514399e-03
1.279107092064739781e+01 2.905209473602273895e-03
1.291549665014884063e+01 2.789421636026882031e-03
1.304113273664525430e+01 2.677637300681728720e-03
1.316799095393986185e+01 2.569163145419463973e-03
1.329608319036608854e+01 2.463958116332147074e-03
1.342542144990170527e+01 2.361889790900393183e-03
1.355601785329368880e+01 2.263217133096851342e-03
1.368788463919415221e+01 2.168265039417795366e-03
1.382103416530724438e+01 2.075321751723789750e-03
1.395547890954729020e+01 1.985698732513650581e-03
1.409123147120805619e+01 1.899014678781237465e-03
1.422830457214353395e+01 1.815274823142789574e-03
1.436671105796013137e+01 1.734309880005259052e-03
1.450646389922046886e+01 1.656140375858525466e-03
1.464757619265895272e+01 1.580583953022567968e-03
1.479006116240903168e+01 1.507627841571833804e-03
1.493393216124253264e+01 1.437204499303366967e-03
1.507920267182097263e+01 1.369244730965143812e-03
1.522588630795911513e+01 1.303720288120671601e-03
1.537399681590069456e+01 1.240536710276366134e-03
1.552354807560667105e+01 1.179668755324381852e-03
1.567455410205595001e+01 1.120990747996807166e-03
1.582702904655883280e+01 1.064533826060330268e-03
1.598098719808309376e+01 1.010163751740157222e-03
1.613644298459311699e+01 9.578819521683307799e-04
1.629341097440194730e+01 9.076136387176120431e-04
1.645190587753662470e+01 8.593045422715754871e-04
1.661194254711659113e+01 8.129183368476238349e-04
1.677353598074571295e+01 7.683716960331855210e-04
1.693670132191772026e+01 7.256435674717666168e-04
1.710145386143542012e+01 6.846750310817477847e-04
1.726780903884355922e+01 6.454093352904621697e-04
1.743578244387577669e+01 6.078137938265576728e-04
1.760538981791556523e+01 5.718306715166534323e-04
1.777664705547142532e+01 5.374112051772282975e-04
1.794957020566648254e+01 5.045285544684107110e-04
1.812417547374237614e+01 4.731191312755866278e-04
1.830047922257800863e+01 4.431455831274978808e-04
1.847849797422290763e+01 4.145642566274220821e-04
1.865824841144566193e+01 3.873333885796746896e-04
1.883974737929719367e+01 3.614101942724572223e-04
1.902301188668945642e+01 3.367500799643465318e-04
1.920805910798935301e+01 3.133290363088132098e-04
1.939490638462828542e+01 2.910961879805492778e-04
1.958357122672716955e+01 2.700030328754354975e-04
1.977407131473744428e+01 2.500247259097413376e-04
1.996642450109793288e+01 2.311237408045661715e-04
2.016064881190793656e+01 2.132618111995891264e-04
2.035676244861640072e+01 1.963965268588015081e-04
2.055478378972772546e+01 1.805009374296729187e-04
2.075473139252405730e+01 1.655395592662483315e-04
2.095662399480432825e+01 1.514707263731355342e-04
2.116048051664034446e+01 1.382689043758212320e-04
2.136632006214970403e+01 1.258977260546732021e-04
2.157416192128621546e+01 1.143181485483550934e-04
2.178402557164756459e+01 1.035129609376430774e-04
2.199593068030074861e+01 9.344753150150247943e-05
2.220989710562497521e+01 8.408754091664174244e-05
2.242594489917278011e+01 7.539947875304079295e-05
2.264409430754907504e+01 6.735170330701784817e-05
2.286436577430861306e+01 5.992531187469002016e-05
2.308677994187169702e+01 5.308610312779848934e-05
2.331135765345874944e+01 4.681216924322505071e-05
2.353811995504354471e+01 4.106759608574678038e-05
2.376708809732560823e+01 3.583128795792163678e-05
2.399828353772154799e+01 3.107331688066732782e-05
2.423172794237600769e+01 2.677356315937203345e-05
2.446744318819203201e+01 2.289731933394493541e-05
2.470545136488123816e+01 1.942639971884203723e-05
2.494577477703398571e+01 1.633285448053103882e-05
2.518843594620949489e+01 1.359771742097564933e-05
2.543345761304651020e+01 1.119282207240437547e-05
2.568086273939435316e+01 9.094857992539962356e-06
2.593067451046487548e+01 7.282046847206783731e-06
2.618291633700505372e+01 5.733006761159161156e-06
2.643761185749101372e+01 4.424115417918131243e-06
2.669478494034320804e+01 3.334954746697789764e-06
2.695445968616333587e+01 2.443716085171024218e-06
2.721666042999271795e+01 1.728909845930256166e-06
2.748141174359293259e+01 1.171030430037812764e-06
2.774873843774846804e+01 7.495654424153530786e-07
2.801866556459195223e+01 4.447279088477679278e-07
2.829121841995168651e+01 2.370395397294508831e-07
2.856642254572233952e+01 1.065626453352000097e-07
2.884430373225852051e+01 3.617638689465424113e-08
2.912488802079168337e+01 7.083453860312183968e-09
2.940820170587063842e+01 0.000000000000000000e+00
