1.000000000000000021e-02 1.845171787430746502e+00
1.009727545900835841e-02 1.845167819583809043e+00
1.019549716950923779e-02 1.845163167537758220e+00
1.029467433620748044e-02 1.845159103604752548e+00
1.039481625334708927e-02 1.845154645092381696e+00
1.049593230558227772e-02 1.845151688222393505e+00
1.059803196885688789e-02 1.845146621711237556e+00
1.070112481129246833e-02 1.845142185396416279e+00
1.080522049408488318e-02 1.845137674667002736e+00
1.091032877240974419e-02 1.845132952128677228e+00
1.101645949633656314e-02 1.845128211825083797e+00
1.112362261175187626e-02 1.845123672768927081e+00
1.123182816129126085e-02 1.845118639900695579e+00
1.134108628528052165e-02 1.845113620993408476e+00
1.145140722268592030e-02 1.845108767399381344e+00
1.156280131207376022e-02 1.845103230417087348e+00
1.167527899257919492e-02 1.845098234538957938e+00
1.178885080488457221e-02 1.845092306266801874e+00
1.190352739220719262e-02 1.845086642878914995e+00
1.201931950129673729e-02 1.845081979483472967e+00
1.213623798344241195e-02 1.845076335114919752e+00
1.225429379548980714e-02 1.845069604142130393e+00
1.237349800086776086e-02 1.845063678520955541e+00
1.249386177062509519e-02 1.845057639869709165e+00
1.261539638447754796e-02 1.845051464160831989e+00
1.273811323186478488e-02 1.845045158880557201e+00
1.286202381301779218e-02 1.845038838140107718e+00
1.298713974003655978e-02 1.845032274979298670e+00
1.311347273797833224e-02 1.845025593327373592e+00
1.324103464595636874e-02 1.845018813258361368e+00
1.336983741824946531e-02 1.845011899288334645e+00
1.349989312542219239e-02 1.845004844811815037e+00
1.363121395545611320e-02 1.844997647350925307e+00
1.376381221489191876e-02 1.844990261545592647e+00
1.389770032998276401e-02 1.844982460623565412e+00
1.403289084785873213e-02 1.844974986177203569e+00
1.416939643770268736e-02 1.844967235123293303e+00
1.430722989193757184e-02 1.844959537704874863e+00
1.444640412742520530e-02 1.844951358819197917e+00
1.458693218667675602e-02 1.844943360563922052e+00
1.472882723907502529e-02 1.844934900973956182e+00
1.487210258210860774e-02 1.844926166704399018e+00
1.501677164261799868e-02 1.844917276045192622e+00
1.516284797805393485e-02 1.844908179436441253e+00
1.531034527774784160e-02 1.844899061742423907e+00
1.545927736419477720e-02 1.844889665407309476e+00
1.560965819434872483e-02 1.844878749070083757e+00
1.576150186093060873e-02 1.844868646343807983e+00
1.591482259374891323e-02 1.844858501782730364e+00
1.606963476103326349e-02 1.844848159107895791e+00
1.622595287078087284e-02 1.844837615192299163e+00
1.638379157211618947e-02 1.844826910844773904e+00
1.654316565666366645e-02 1.844816016375066869e+00
1.670409005993399310e-02 1.844804890574543332e+00
1.686657986272368723e-02 1.844793570726880994e+00
1.703065029252844378e-02 1.844781942752478754e+00
1.719631672497009753e-02 1.844770161028110644e+00
1.736359468523754335e-02 1.844760603517999309e+00
1.753249984954170088e-02 1.844748408447101529e+00
1.770304804658450262e-02 1.844737068617463782e+00
1.787525525904235316e-02 1.844724532254079730e+00
1.804913762506383731e-02 1.844711719553664642e+00
1.822471143978214581e-02 1.844698648834109500e+00
1.840199315684210371e-02 1.844685275136227709e+00
1.858099938994215231e-02 1.844671599304493759e+00
1.876174691439120440e-02 1.844657665407673619e+00
1.894425266868081034e-02 1.844643503418206931e+00
1.912853375607242307e-02 1.844629113025569200e+00
1.931460744620030340e-02 1.844612500434356539e+00
1.950249117668984011e-02 1.844596198159323963e+00
1.969220255479172538e-02 1.844582999396401135e+00
1.988375935903200636e-02 1.844567922692657902e+00
2.007717954087816226e-02 1.844552509395556816e+00
2.027248122642137662e-02 1.844536734256832622e+00
2.046968271807520987e-02 1.844520024658754753e+00
2.066880249629082095e-02 1.844503197048388499e+00
2.086985922128879734e-02 1.844486051738419841e+00
2.107287173480786382e-02 1.844470283004590483e+00
2.127785906187062287e-02 1.844452598103222041e+00
2.148484041256648255e-02 1.844434647247514603e+00
2.169383518385184506e-02 1.844416314528850354e+00
2.190486296136792688e-02 1.844397603696736221e+00
2.211794352127614133e-02 1.844378450106921141e+00
2.233309683211144592e-02 1.844358554432426134e+00
2.255034305665360936e-02 1.844338307537358057e+00
2.276970255381680075e-02 1.844317936726096230e+00
2.299119588055741764e-02 1.844297114467636778e+00
2.321484379380064564e-02 1.844275847779415889e+00
2.344066725238556220e-02 1.844254290654353312e+00
2.366868741902936057e-02 1.844232065037088697e+00
2.389892566231050300e-02 1.844209452345157541e+00
2.413140355867127856e-02 1.844186369614628118e+00
2.436614289443983158e-02 1.844162792726559807e+00
2.460316566787181664e-02 1.844138651406824980e+00
2.484249409121190577e-02 1.844113957736692733e+00
2.508415059277539771e-02 1.844087766295678055e+00
2.532815781905008515e-02 1.844062549705024256e+00
2.557453863681850847e-02 1.844036682471621225e+00
2.582331613530085626e-02 1.844010403191886915e+00
2.607451362831877603e-02 1.843983742456499098e+00
2.632815465648021339e-02 1.843956157442231847e+00
2.658426298938541474e-02 1.843927969486849561e+00
2.684286262785454819e-02 1.843899283768881903e+00
2.710397780617682106e-02 1.843870096431984074e+00
2.736763299438163891e-02 1.843840158635108528e+00
2.763385290053169824e-02 1.843808418898723378e+00
2.790266247303856487e-02 1.843777433995879234e+00
2.817408690300057458e-02 1.843745935163109140e+00
2.844815162656363222e-02 1.843713875472090757e+00
2.872488232730495070e-02 1.843681386067153039e+00
2.900430493863991738e-02 1.843649010316939396e+00
2.928644564625237229e-02 1.843615154071689410e+00
2.957133089054861039e-02 1.843580872777270896e+00
2.985898736913520854e-02 1.843545948964563586e+00
3.014944203932094433e-02 1.843512411014712526e+00
3.044272212064302874e-02 1.843475826781826310e+00
3.073885509741795460e-02 1.843439783741740445e+00
3.103786872131722788e-02 1.843400546813451779e+00
3.133979101396793671e-02 1.843361787467374224e+00
3.164465026957891114e-02 1.843322284977581660e+00
3.195247505759213347e-02 1.843281993032958921e+00
3.226329422536015901e-02 1.843240944323784491e+00
3.257713690084949876e-02 1.843198941319899475e+00
3.289403249537032475e-02 1.843156039139922209e+00
3.321401070633261954e-02 1.843112300464731845e+00
3.353710152002930406e-02 1.843068706133348611e+00
3.386333521444636480e-02 1.843025442756968335e+00
3.419274236210027851e-02 1.842979243897012287e+00
3.452535383290306070e-02 1.842932669252041356e+00
3.486120079705520153e-02 1.842883394786336559e+00
3.520031472796678745e-02 1.842834403426589329e+00
3.554272740520694751e-02 1.842783997478872449e+00
3.588847091748199186e-02 1.842733183230785166e+00
3.623757766564258964e-02 1.842681238407836819e+00
3.659008036572020811e-02 1.842628791236665231e+00
3.694601205199302130e-02 1.842575130729246391e+00
3.730540608008161424e-02 1.842520419175709856e+00
3.766829613007490613e-02 1.842464714008628324e+00
3.803471620968648659e-02 1.842407774322682767e+00
3.840470065744145539e-02 1.842349565369762798e+00
3.877828414589457040e-02 1.842290396825695842e+00
3.915550168487941241e-02 1.842229881031380856e+00
3.953638862478930927e-02 1.842168277775524166e+00
3.992098065989020672e-02 1.842105289739384366e+00
4.030931383166566628e-02 1.842040953915699220e+00
4.070142453219438572e-02 1.841975544587615587e+00
4.109734950756069316e-02 1.841909071567993106e+00
4.149712586129815362e-02 1.841842968990417440e+00
4.190079105786669034e-02 1.841773492326971073e+00
4.230838292616342228e-02 1.841702168278952723e+00
4.271993966306778662e-02 1.841629756454436606e+00
4.313549983702118923e-02 1.841556153494323222e+00
4.355510239164130798e-02 1.841481612419088920e+00
4.397878664937160398e-02 1.841405640499367058e+00
4.440659231516640160e-02 1.841328131909194532e+00
4.483855948021186338e-02 1.841249023866803336e+00
4.527472862568297785e-02 1.841168318976257545e+00
4.571514062653719151e-02 1.841086422777205245e+00
4.615983675534499064e-02 1.841002714398139339e+00
4.660885868615767536e-02 1.840917108203637964e+00
4.706224849841281199e-02 1.840830188247083443e+00
4.752004868087766204e-02 1.840741585432176919e+00
4.798230213563085128e-02 1.840651033487033406e+00
4.844905218208294534e-02 1.840558287380419156e+00
4.892034256103611894e-02 1.840463361063354730e+00
4.939621743878321036e-02 1.840368010352639860e+00
4.987672141124663283e-02 1.840270470297972638e+00
5.036189950815770505e-02 1.840170841963308712e+00
5.085179719727656034e-02 1.840069230144890211e+00
5.134646038865306461e-02 1.839965484163576193e+00
5.184593543892913187e-02 1.839860609830342053e+00
5.235026915568305461e-02 1.839751939981993045e+00
5.285950880181603667e-02 1.839642351603914427e+00
5.337370209998133774e-02 1.839530694919157883e+00
5.389289723705643909e-02 1.839416676304890252e+00
5.441714286865893119e-02 1.839301174105381742e+00
5.494648812370611646e-02 1.839182606928458918e+00
5.548098260901916656e-02 1.839061100710518648e+00
5.602067641397187603e-02 1.838937717581056841e+00
5.656562011518465050e-02 1.838811860945949173e+00
5.711586478126431943e-02 1.838684265794669814e+00
5.767146197758996756e-02 1.838554278795570207e+00
5.823246377114527778e-02 1.838420068263982410e+00
5.879892273539785025e-02 1.838286194507076754e+00
5.937089195522609469e-02 1.838145554593990427e+00
5.994842503189409116e-02 1.838005304281926877e+00
6.053157608807464840e-02 1.837861731076785299e+00
6.112039977292132997e-02 1.837713707826242882e+00
6.171495126718981594e-02 1.837566183172899548e+00
6.231528628840921763e-02 1.837413737339788744e+00
6.292146109610344262e-02 1.837255453238871405e+00
6.353353249706343575e-02 1.837100070642368133e+00
6.415155785067082339e-02 1.836935776622690364e+00
6.477559507427335661e-02 1.836773428665013030e+00
6.540570264861225724e-02 1.836604330930348361e+00
6.604193962330305590e-02 1.836433934494583697e+00
6.668436562236895737e-02 1.836259788695363548e+00
6.733304084982863480e-02 1.836082064709642081e+00
6.798802609533814711e-02 1.835901159202581789e+00
6.864938273988777095e-02 1.835717336323589910e+00
6.931717276155408003e-02 1.835529232992407778e+00
6.999145874130821565e-02 1.835335058768327920e+00
7.067230386888070925e-02 1.835143270405262372e+00
7.135977194868306506e-02 1.834943387851817764e+00
7.205392740578704658e-02 1.834740944972246712e+00
7.275483529196229149e-02 1.834534230750236139e+00
7.346256129177256011e-02 1.834322049989986825e+00
7.417717172873124210e-02 1.834105736198584191e+00
7.489873357151664857e-02 1.833885407624842534e+00
7.562731444024800576e-02 1.833662631001887089e+00
7.636298261282241373e-02 1.833434258829941488e+00
7.710580703131336699e-02 1.833201891784056237e+00
7.785585730843146146e-02 1.832965432409041195e+00
7.861320373404813433e-02 1.832724013520771633e+00
7.937791728178281159e-02 1.832477530204317917e+00
8.015006961565404597e-02 1.832226702542027352e+00
8.092973309679550586e-02 1.831968162871465244e+00
8.171698079023696770e-02 1.831710313177137284e+00
8.251188647175167201e-02 1.831444407067842617e+00
8.331452463477014014e-02 1.831173551122977639e+00
8.412497049736118726e-02 1.830898783818936559e+00
8.494330000928071445e-02 1.830616873518983390e+00
8.576958985908941790e-02 1.830332147302021095e+00
8.660391748133952627e-02 1.830040365341632835e+00
8.744636106383144036e-02 1.829741429343782366e+00
8.829699955494091368e-02 1.829439038880622315e+00
8.915591267101763417e-02 1.829129059484848829e+00
9.002318090385581784e-02 1.828814220598906415e+00
9.089888552823731371e-02 1.828492927544882907e+00
9.178310860954806694e-02 1.828165457684336248e+00
9.267593301146882789e-02 1.827831051068528057e+00
9.357744240374062106e-02 1.827491379476231304e+00
9.448772127000577836e-02 1.827144827332020327e+00
9.540685491572513388e-02 1.826791018073893991e+00
9.633492947617222635e-02 1.826430002260137408e+00
9.727203192450542546e-02 1.826062061407544235e+00
9.821825007991856482e-02 1.825687010455595782e+00
9.917367261587073379e-02 1.825304392798738684e+00
1.001383890683960748e-01 1.824915135538684119e+00
1.011124898444945991e-01 1.824519355142625754e+00
1.020960662306047012e-01 1.824116862487641599e+00
1.030892104011576216e-01 1.823706353737563290e+00
1.040920154272158005e-01 1.823288090593741639e+00
1.051045752851944987e-01 1.822860791051998719e+00
1.061269848656690717e-01 1.822426350136204132e+00
1.071593399822671072e-01 1.821982726549489895e+00
1.082017373806478805e-01 1.821530328806613586e+00
1.092542747475682557e-01 1.821069538810174082e+00
1.103170507200377515e-01 1.820599270037404960e+00
1.113901648945616746e-01 1.820119669469040691e+00
1.124737178364751955e-01 1.819631517351497862e+00
1.135678110893671017e-01 1.819133649655565677e+00
1.146725471845963656e-01 1.818626343077232255e+00
1.157880296509002094e-01 1.818108978129486131e+00
1.169143630240966764e-01 1.817583070404589662e+00
1.180516528568804902e-01 1.817045869634149602e+00
1.192000057287153220e-01 1.816500024259864565e+00
1.203595292558212876e-01 1.815945032196341291e+00
1.215303321012602134e-01 1.815378686104619277e+00
1.227125239851190319e-01 1.814800896963879584e+00
1.239062156947916271e-01 1.814212034812993313e+00
1.251115190953615564e-01 1.813611922194654502e+00
1.263285471400849291e-01 1.812999609745953089e+00
1.275574138809759950e-01 1.812376625627488025e+00
1.287982344794950385e-01 1.811741961725126471e+00
1.300511252173409127e-01 1.811095356417881552e+00
1.313162035073478784e-01 1.810436015634887097e+00
1.325935879044890797e-01 1.809765196241229557e+00
1.338833981169864351e-01 1.809077943966010515e+00
1.351857550175293021e-01 1.808381232083331236e+00
1.365007806546013891e-01 1.807671152965679484e+00
1.378285982639189389e-01 1.806959516501987828e+00
1.391693322799789911e-01 1.806211238189192603e+00
1.405231083477211373e-01 1.805461256378416257e+00
1.418900533343016301e-01 1.804695856401716592e+00
1.432702953409830948e-01 1.803916400515780616e+00
1.446639637151387880e-01 1.803122615961814779e+00
1.460711890623745679e-01 1.802312621862543374e+00
1.474921032587684921e-01 1.801489347857347489e+00
1.489268394632288772e-01 1.800650287298570573e+00
1.503755321299738434e-01 1.799794491552750619e+00
1.518383170211306810e-01 1.798921690143471475e+00
1.533153312194593942e-01 1.798033672573543296e+00
1.548067131411984265e-01 1.797129887518172042e+00
1.563126025490369497e-01 1.796208794294127609e+00
1.578331405652117214e-01 1.795271741110772368e+00
1.593684696847328941e-01 1.794317104074934166e+00
1.609187337887370006e-01 1.793344354637893545e+00
1.624840781579713067e-01 1.792351839668850255e+00
1.640646494864078653e-01 1.791342656331840866e+00
1.656605958949914359e-01 1.790315136545939101e+00
1.672720669455196874e-01 1.789266797789472729e+00
1.688992136546599021e-01 1.788197859873099871e+00
1.705421885081006561e-01 1.787114431989145658e+00
1.722011454748421100e-01 1.786007583960734779e+00
1.738762400216251336e-01 1.784913411934935024e+00
1.755676291275001522e-01 1.783734745460894056e+00
1.772754712985387948e-01 1.782604737668497030e+00
1.789999265826875408e-01 1.781375473221594508e+00
1.807411565847668600e-01 1.780163050390943358e+00
1.824993244816152382e-01 1.778929404489945520e+00
1.842745950373816666e-01 1.777675713657807410e+00
1.860671346189656239e-01 1.776393380535551403e+00
1.878771112116086051e-01 1.775089287278803774e+00
1.897046944346358344e-01 1.773763288002393468e+00
1.915500555573527997e-01 1.772415085774562415e+00
1.934133675150944698e-01 1.771046991602464482e+00
1.952948049254327745e-01 1.769639329999627586e+00
1.971945441045395986e-01 1.768215156790722276e+00
1.991127630837108697e-01 1.766765488773917481e+00
2.010496416260497965e-01 1.765287589425440951e+00
2.030053612433137811e-01 1.763780438547404961e+00
2.049801052129238688e-01 1.762247905931275227e+00
2.069740585951406198e-01 1.760693314646192498e+00
2.089874082504071251e-01 1.759105713520793257e+00
2.110203428568595552e-01 1.757492397568970466e+00
2.130730529280097374e-01 1.755849029449706666e+00
2.151457308305980698e-01 1.754176447015838303e+00
2.172385708026215445e-01 1.752474179141976229e+00
2.193517689715359098e-01 1.750741136141165333e+00
2.214855233726360506e-01 1.748978724889582503e+00
2.236400339676138660e-01 1.747180682291253007e+00
2.258155026632983065e-01 1.745357059435623359e+00
2.280121333305757114e-01 1.743497958450841878e+00
2.302301318234963867e-01 1.741607424144849148e+00
2.324697059985647851e-01 1.739684108447853150e+00
2.347310657342196183e-01 1.737725430362397683e+00
2.370144229505012079e-01 1.735732088920900029e+00
2.393199916289123208e-01 1.733704096624524738e+00
2.416479878324700736e-01 1.731642960765154449e+00
2.439986297259550130e-01 1.729545074446147357e+00
2.463721375963552895e-01 1.727410736209539222e+00
2.487687338735107279e-01 1.725239475796810584e+00
2.511886431509580686e-01 1.723030575071239134e+00
2.536320922069775774e-01 1.720784694069003917e+00
2.560993100258459609e-01 1.718500042844244069e+00
2.585905278192945911e-01 1.716175404740777344e+00
2.611059790481781162e-01 1.713811381313137927e+00
2.636458994443517945e-01 1.711408505829564275e+00
2.662105270327638773e-01 1.708963765451270600e+00
2.688001021537606006e-01 1.706477381907327562e+00
2.714148674856106669e-01 1.703950029531257293e+00
2.740550680672460548e-01 1.701378903145075672e+00
2.767209513212268712e-01 1.698763620034005051e+00
2.794127670769268601e-01 1.696107803278558812e+00
2.821307675939472293e-01 1.693404867117566326e+00
2.848752075857552413e-01 1.690658541451428132e+00
2.876463442435557849e-01 1.687866151933165249e+00
2.904444372603925406e-01 1.685029028046464150e+00
2.932697488554852905e-01 1.682146363709479564e+00
2.961225437988035947e-01 1.679212874693349900e+00
2.990030894358785551e-01 1.676232570115159470e+00
3.019116557128577738e-01 1.673205151503573296e+00
3.048485152018017286e-01 1.670128635862618172e+00
3.078139431262288950e-01 1.666999091300703117e+00
3.108082173869063936e-01 1.663822094936434404e+00
3.138316185878944342e-01 1.660594689148052527e+00
3.168844300628416155e-01 1.657314192607432179e+00
3.199669379015380732e-01 1.653981144583230201e+00
3.230794309767249795e-01 1.650631063455932690e+00
3.262222009711669979e-01 1.647157687005476712e+00
3.293955424049855307e-01 1.643663605197918764e+00
3.325997526632606949e-01 1.640116932519102066e+00
3.358351320238990301e-01 1.636546657668375149e+00
3.391019836857747105e-01 1.632860168119059097e+00
3.424006137971423724e-01 1.629143250863485104e+00
3.457313314843284413e-01 1.625371789571835590e+00
3.490944488806992929e-01 1.621541975453439699e+00
3.524902811559130766e-01 1.617654937902696322e+00
3.559191465454557002e-01 1.613709125309083392e+00
3.593813663804627523e-01 1.609704109560854857e+00
3.628772651178337472e-01 1.605638297883946519e+00
3.664071703706370808e-01 1.601512554524339826e+00
3.699714129388128048e-01 1.597325753212750721e+00
3.735703268401719401e-01 1.593077189197611654e+00
3.772042493416999376e-01 1.588764464247462982e+00
3.808735209911614517e-01 1.584416351145871316e+00
3.845784856490158665e-01 1.579954011304653294e+00
3.883194905206404091e-01 1.575455070735002572e+00
3.920968861888690649e-01 1.570885852230588187e+00
3.959110266468458539e-01 1.566254791765523402e+00
3.997622693312000708e-01 1.561563023614905399e+00
4.036509751555413805e-01 1.556800315770334953e+00
4.075775085442840395e-01 1.551971891777231161e+00
4.115422374667966343e-01 1.547077581547021241e+00
4.155455334718875515e-01 1.542115242681834308e+00
4.195877717226225712e-01 1.537087688047244605e+00
4.236693310314835759e-01 1.531989162530821513e+00
4.277905938958687093e-01 1.526852676737814107e+00
4.319519465339363706e-01 1.521587090703588219e+00
4.361537789208005944e-01 1.516283968030677887e+00
4.403964848250754294e-01 1.510909855733592266e+00
4.446804618457780300e-01 1.505464509931669914e+00
4.490061114495874639e-01 1.499952573527910227e+00
4.533738390084691150e-01 1.494363845243984912e+00
4.577840538376618529e-01 1.488713619973122126e+00
4.622371692340384031e-01 1.482983887862316497e+00
4.667336025148346446e-01 1.477185248159740061e+00
4.712737750567601580e-01 1.471315665449959731e+00
4.758581123354846953e-01 1.465372288705341308e+00
4.804870439655131720e-01 1.459359904697017818e+00
4.851610037404442966e-01 1.453273523858147120e+00
4.898804296736250508e-01 1.447118244120903618e+00
4.946457640391963562e-01 1.440884590471688487e+00
4.994574534135413635e-01 1.434584004456963546e+00
5.043159487171361421e-01 1.428209311325362441e+00
5.092217052568053237e-01 1.421759634156953833e+00
5.141751827683928022e-01 1.415239674504126244e+00
5.191768454598426619e-01 1.408645546910533453e+00
5.242271620547044320e-01 1.401982846062921562e+00
5.293266058360561743e-01 1.395244710495572082e+00
5.344756546908600026e-01 1.388434275983837729e+00
5.396747911547442600e-01 1.381554832788679077e+00
5.449245024572260121e-01 1.374600182553294969e+00
5.502252805673685243e-01 1.367573943828379601e+00
5.555776222398878250e-01 1.360479791564072283e+00
5.609820290617031358e-01 1.353312894668575295e+00
5.664390074989449353e-01 1.346072220098714078e+00
5.719490689444144405e-01 1.338766278478696004e+00
5.775127297655114900e-01 1.331387262358224799e+00
5.831305113526221717e-01 1.323938104859990528e+00
5.888029401679826247e-01 1.316421978143026639e+00
5.945305477950136863e-01 1.308818071224220780e+00
6.003138709881384871e-01 1.301183524609953235e+00
6.061534517230839914e-01 1.293462887068051792e+00
6.120498372476699256e-01 1.285675970706463556e+00
6.180035801330957534e-01 1.277821268669347532e+00
6.240152383257209223e-01 1.269904986508783029e+00
6.300853751993553686e-01 1.261918544024192457e+00
6.362145596080520660e-01 1.253869735229126814e+00
6.424033659394193796e-01 1.245760992820425850e+00
6.486523741684461219e-01 1.237587130561476512e+00
6.549621699118558515e-01 1.229346967985007533e+00
6.613333444829840868e-01 1.221056296885935755e+00
6.677664949471955325e-01 1.212703759931882397e+00
6.742622241778342129e-01 1.204289020252940157e+00
6.808211409127237213e-01 1.195818827468652978e+00
6.874438598112112553e-01 1.187294730674686383e+00
6.941310015117725385e-01 1.178713467493600620e+00
7.008831926901714082e-01 1.170075743885167663e+00
7.077010661181889484e-01 1.161393382788976858e+00
7.145852607229240538e-01 1.152601192204828040e+00
7.215364216466665370e-01 1.143856742417749928e+00
7.285552003073593186e-01 1.135017034964843408e+00
7.356422544596413760e-01 1.126128212619693425e+00
7.427982482564918776e-01 1.117194003320312268e+00
7.500238523114668432e-01 1.108216713236186646e+00
7.573197437615483141e-01 1.099196170011216722e+00
7.646866063305975958e-01 1.090129478779420902e+00
7.721251303934327792e-01 1.081026080202261541e+00
7.796360130405233235e-01 1.071872116180232704e+00
7.872199581433195759e-01 1.062704097376018897e+00
7.948776764202123424e-01 1.053485120221931304e+00
8.026098855031396084e-01 1.044196472200691117e+00
8.104173100048355227e-01 1.034952552130736336e+00
8.183006815867394090e-01 1.025641768311845281e+00
8.262607390275591435e-01 1.016298062665494495e+00
8.342982282925082149e-01 1.006931720473519754e+00
8.424139026032094746e-01 9.975360161227564415e-01
8.506085225082840040e-01 9.880812520417348033e-01
8.588828559546254349e-01 9.786757451680264674e-01
8.672376783593644944e-01 9.692185247841923479e-01
8.756737726825394308e-01 9.597396564042117717e-01
8.841919295004664336e-01 9.502471486653421007e-01
8.927929470798307010e-01 9.407366343253588115e-01
9.014776314524917122e-01 9.312163316506798516e-01
9.102467964910225806e-01 9.216859083611291803e-01
9.191012639849772681e-01 9.121436330997780839e-01
9.280418637179072006e-01 9.025972033901399350e-01
9.370694335451198453e-01 8.930447191432733245e-01
9.461848194722002336e-01 8.834954739759879327e-01
9.553888757342895444e-01 8.739386304944526396e-01
9.646824648761427312e-01 8.643872119169151436e-01
9.740664578329562007e-01 8.548371417539285533e-01
9.835417340119908536e-01 8.452882988027213829e-01
9.931091813749796104e-01 8.357538875536797418e-01
1.002769696521346621e+00 8.262237372708335359e-01
1.012524184772224167e+00 8.167070493809271969e-01
1.022373560255302127e+00 8.072025983189454745e-01
1.032318745990486564e+00 7.977109650382486761e-01
1.042360673976402197e+00 7.882409308440194717e-01
1.052500285277732761e+00 7.787875689243577426e-01
1.062738530113414459e+00 7.693456177818344122e-01
1.073076367945679621e+00 7.599434949158581087e-01
1.083514767569973225e+00 7.505387722409833096e-01
1.094054707205742494e+00 7.411995684847171306e-01
1.104697174588111785e+00 7.318689806640819029e-01
1.115443167060441221e+00 7.225687651092079777e-01
1.126293691667795249e+00 7.132969715910078001e-01
1.137249765251314271e+00 7.040615983698746971e-01
1.148312414543511073e+00 6.948674567333570362e-01
1.159482676264482759e+00 6.857024727902142347e-01
1.170761597219069250e+00 6.765785862734308154e-01
1.182150234394952371e+00 6.674951838542666493e-01
1.193649655061713055e+00 6.584579864714015240e-01
1.205260936870842681e+00 6.494612548962771514e-01
1.216985167956738056e+00 6.405117077274335990e-01
1.228823447038673411e+00 6.316068240400825040e-01
1.240776883523764251e+00 6.227517508714868200e-01
1.252846597610937529e+00 6.139498893756045739e-01
1.265033720395903893e+00 6.051970936898491971e-01
1.277339393977160009e+00 5.964976728629075575e-01
1.289764771563017165e+00 5.878508929444744568e-01
1.302311017579677488e+00 5.792622688856442492e-01
1.314979307780347773e+00 5.707317747262654617e-01
1.327770829355430449e+00 5.622597172984481473e-01
1.340686781043774811e+00 5.538438615880136862e-01
1.353728373245021821e+00 5.454893265628644183e-01
1.366896828133026487e+00 5.372018661309603260e-01
1.380193379770397355e+00 5.289748632283991503e-01
1.393619274224142002e+00 5.208128481066628401e-01
1.407175769682446731e+00 5.127136899721945751e-01
1.420864136572576708e+00 5.046846207986991351e-01
1.434685657679937831e+00 4.966780157553760122e-01
1.448641628268290127e+00 4.888250614976168418e-01
1.462733356201129986e+00 4.810000119492126580e-01
1.476962162064259898e+00 4.732415863896414776e-01
1.491329379289537682e+00 4.655565507379623158e-01
1.505836354279841416e+00 4.579431581905203941e-01
1.520484446535244283e+00 4.504009924460589676e-01
1.535275028780422657e+00 4.429411643269225984e-01
1.550209487093291205e+00 4.355367834804168004e-01
1.565289221034902312e+00 4.282158937515239128e-01
1.580515643780601165e+00 4.209694494255735164e-01
1.595890182252465817e+00 4.137971925979960219e-01
1.611414277253019778e+00 4.067027552842943372e-01
1.627089383600260675e+00 3.996815044809781670e-01
1.642916970263993193e+00 3.927391427953436653e-01
1.658898520503498064e+00 3.858724230032076208e-01
1.675035532006524441e+00 3.790831125371819654e-01
1.691329517029648732e+00 3.723711745140785290e-01
1.707782002539993016e+00 3.657286308749765347e-01
1.724394530358320354e+00 3.591787033856915778e-01
1.741168657303530987e+00 3.527042442593166238e-01
1.758105955338547632e+00 3.462979969812533532e-01
1.775208011717636092e+00 3.399768856458982857e-01
1.792476429135148930e+00 3.337310406983117206e-01
1.809912825875727105e+00 3.275658016955930729e-01
1.827518835965944666e+00 3.214718371191614410e-01
1.845296109327445366e+00 3.154645076675795523e-01
1.863246311931559873e+00 3.095328765257174264e-01
1.881371125955437096e+00 3.036774834667373413e-01
1.899672249939675650e+00 2.978945523558891306e-01
1.918151398947507635e+00 2.922012075049322255e-01
1.936810304725519849e+00 2.865539300546834367e-01
1.955650715865949074e+00 2.810371635108677157e-01
1.974674397970537454e+00 2.755682450335925071e-01
1.993883133816001019e+00 2.701776013650074582e-01
2.013278723521096492e+00 2.648525869432013513e-01
2.032862984715323673e+00 2.596236513359398979e-01
2.052637752709252084e+00 2.544612054467383366e-01
2.072604880666519822e+00 2.493735689188061599e-01
2.092766239777499759e+00 2.443563016416872291e-01
2.113123719434652603e+00 2.394220138502568540e-01
2.133679227409597701e+00 2.345586735104642773e-01
2.154434690031884259e+00 2.297666404925576833e-01
2.175392052369522489e+00 2.250490338323536399e-01
2.196553278411258248e+00 2.204041766456427409e-01
2.217920351250634692e+00 2.158264575712155464e-01
2.239495273271823184e+00 2.113253703371256176e-01
2.261280066337279404e+00 2.068988001321131476e-01
2.283276771977218012e+00 2.025388378946425261e-01
2.305487451580938707e+00 1.982322884140444164e-01
2.327914186589993051e+00 1.940291667369954953e-01
2.350559078693253756e+00 1.898775056527615968e-01
2.373424250023866033e+00 1.857922835006344253e-01
2.396511843358130278e+00 1.817403496452268952e-01
2.419824022316292567e+00 1.778286338461486371e-01
2.443362971565319341e+00 1.739458379280828249e-01
2.467130897023623426e+00 1.701258866666594538e-01
2.491130026067788439e+00 1.663698990552117396e-01
2.515362607741312928e+00 1.626885675285810740e-01
2.539830912965362675e+00 1.590640472259240712e-01
2.564537234751594674e+00 1.555030048899174178e-01
2.589483888417040802e+00 1.519997020893638362e-01
2.614673211801092023e+00 1.485668334973611615e-01
2.640107565484572927e+00 1.451906242079888942e-01
2.665789333010967876e+00 1.418745042996386596e-01
2.691720921109787668e+00 1.386187339593130396e-01
2.717904759922122881e+00 1.354204572123224037e-01
2.744343303228365283e+00 1.322826341531913585e-01
2.771039028678170535e+00 1.291992157757052284e-01
2.797994438022641805e+00 1.261793024991017531e-01
2.825212057348790218e+00 1.232049542311960816e-01
2.852694437316245057e+00 1.202913725370774317e-01
2.880444153396297668e+00 1.174326059861876409e-01
2.908463806113254169e+00 1.146273123971477681e-01
2.936756021288137397e+00 1.118754655250586982e-01
2.965323450284773621e+00 1.091761860707641252e-01
2.994168770258243573e+00 1.065289212911617878e-01
3.023294684405779531e+00 1.039325310976436934e-01
3.052703922220086241e+00 1.013853938623477807e-01
3.082399239745143404e+00 9.889043607827270599e-02
3.112383419834465759e+00 9.644822413404954831e-02
3.142659272411905569e+00 9.404466373730932527e-02
3.173229634734976212e+00 9.169358074382155666e-02
3.204097371660752813e+00 8.938788625438315316e-02
3.235265375914330388e+00 8.713177607800798308e-02
3.266736568359921655e+00 8.491901990962877345e-02
3.298513898274578082e+00 8.275240485022138104e-02
3.330600343624588788e+00 8.063020834015986738e-02
3.362998911344535991e+00 7.855009789845199264e-02
3.395712637619100693e+00 7.651366822704426529e-02
3.428744588167585317e+00 7.451975425162624123e-02
3.462097858531227423e+00 7.256698513453745114e-02
3.495775574363275240e+00 7.065862628199233442e-02
3.529780891721914671e+00 6.878450056953641645e-02
3.564116997366032269e+00 6.695293742115195068e-02
3.598787109053855460e+00 6.515892814911732056e-02
3.633794475844513094e+00 6.340645758254752351e-02
3.669142378402494131e+00 6.169138665228039026e-02
3.704834129305105694e+00 6.001172581648867715e-02
3.740873073352900313e+00 5.836932201451260765e-02
3.777262587883141176e+00 5.676275916645468628e-02
3.814006083086284082e+00 5.518922625171521212e-02
3.851107002325572903e+00 5.365544186299698454e-02
3.888568822459721019e+00 5.215360228795141301e-02
3.926395054168756449e+00 5.068526287942707459e-02
3.964589242282997805e+00 4.925007211709246657e-02
4.003154966115265445e+00 4.784765092850246787e-02
4.042095839796306045e+00 4.647499767212662919e-02
4.081415512613501662e+00 4.513659191924646735e-02
4.121117669352832635e+00 4.382888842191563772e-02
4.161206030644208020e+00 4.255120522138046424e-02
4.201684353310133346e+00 4.130219839803317416e-02
4.242556430717777438e+00 4.008205549628317960e-02
4.283826093134470270e+00 3.888926582043156222e-02
4.325497208086633627e+00 3.772901676395454262e-02
4.367573680722233398e+00 3.659426432495609116e-02
4.410059454176736615e+00 3.548856110396474833e-02
4.452958509942654963e+00 3.440563309319796814e-02
4.496274868242640110e+00 3.335083319175945193e-02
4.540012588406244554e+00 3.232177286510512504e-02
4.584175769250333765e+00 3.131885041897704280e-02
4.628768549463215365e+00 3.033877570942936780e-02
4.673795107992464004e+00 2.938392521113307801e-02
4.719259664436561863e+00 2.845291313480893813e-02
4.765166479440326341e+00 2.754528539393101202e-02
4.811519855094205766e+00 2.666062466642656406e-02
4.858324135337417360e+00 2.579812079263173533e-02
4.905583706365050922e+00 2.495801294584878982e-02
4.953302997039108924e+00 2.413816722733104839e-02
5.001486479303548727e+00 2.334203428697734575e-02
5.050138668603383785e+00 2.256527270384018485e-02
5.099264124307808288e+00 2.180905882418910854e-02
5.148867450137498025e+00 2.107253622900689266e-02
5.198953294596024399e+00 2.035590995358250305e-02
5.249526351405507718e+00 1.965841010331346311e-02
5.300591359946452030e+00 1.897927738695073113e-02
5.352153105701904501e+00 1.831839022345620183e-02
5.404216420705915347e+00 1.767647355632252781e-02
5.456786183996381823e+00 1.705176052562471303e-02
5.509867322072253160e+00 1.644299946054705516e-02
5.563464809355226137e+00 1.585371382673141788e-02
5.617583668655908191e+00 1.528027572023778376e-02
5.672228971644543094e+00 1.472209232172020342e-02
5.727405839326266346e+00 1.417998078679153645e-02
5.783119442521027054e+00 1.365365359209973033e-02
5.839375002348160315e+00 1.314256700528797749e-02
5.896177790715694478e+00 1.264628006755666792e-02
5.953533130814370189e+00 1.216447773194776795e-02
6.011446397616513337e+00 1.169721409528168450e-02
6.069923018379741464e+00 1.124331641385195764e-02
6.128968473155564034e+00 1.080349451737751786e-02
6.188588295302960063e+00 1.037687673343134706e-02
6.248788072006894012e+00 9.963008054562240770e-03
6.309573444801936049e+00 9.561688704803575356e-03
6.370950110100935149e+00 9.173951410926466099e-03
6.432923819728876502e+00 8.798050944820912447e-03
6.495500381461869033e+00 8.433510544903936174e-03
6.558685659571435345e+00 8.080452995917508305e-03
6.622485575374063238e+00 7.739003762193260270e-03
6.686906107786136921e+00 7.410809695624742677e-03
6.751953293884205287e+00 7.089664494225856282e-03
6.817633229470763112e+00 6.779943536605109386e-03
6.883952069645496330e+00 6.481190115349911435e-03
6.950916029382126382e+00 6.192485853183910850e-03
7.018531384110795912e+00 5.913484028463375855e-03
7.086804470306189430e+00 5.644328718910749179e-03
7.155741686081340980e+00 5.384310156617051583e-03
7.225349491787214085e+00 5.133412493695650725e-03
7.295634410618154320e+00 4.891411811184773022e-03
7.366603029223159460e+00 4.658593195273469205e-03
7.438261998323163482e+00 4.433126336364627898e-03
7.510618033334286459e+00 4.216416949730720891e-03
7.583677914997190683e+00 4.007787111251905759e-03
7.657448490012479958e+00 3.806864910386292475e-03
7.731936671682362316e+00 3.613510923387189093e-03
7.807149440558499798e+00 3.427539757916191459e-03
7.883093845096216690e+00 3.248755658005792520e-03
7.959777002314985417e+00 3.077066623400653411e-03
8.037206098465421888e+00 2.912116017521226841e-03
8.115388389702712146e+00 2.753816043168009608e-03
8.194331202766655053e+00 2.601846225870695084e-03
8.274041935668218883e+00 2.456438104327910918e-03
8.354528058382872047e+00 2.316823138359617573e-03
8.435797113550611570e+00 2.182991788765934089e-03
8.517856717182803905e+00 2.055165614850292498e-03
8.600714559375941093e+00 1.932922190796003458e-03
8.684378405032257220e+00 1.816032450732991271e-03
8.768856094587436090e+00 1.704318364001718329e-03
8.854155544745349715e+00 1.597808108047358861e-03
8.940284749219998162e+00 1.496128689155938260e-03
9.027251779484577909e+00 1.399279278644308599e-03
9.115064785527916769e+00 1.307005440203209577e-03
9.203731996618220279e+00 1.219228132495055444e-03
9.293261722074316111e+00 1.135788872944290193e-03
9.383662352044273902e+00 1.056593720768419977e-03
9.474942358291729150e+00 9.813984403594471200e-04
9.567110294989774388e+00 9.101499999774208174e-04
9.660174799522645017e+00 8.426862345816552502e-04
9.754144593295098531e+00 7.788832079358810412e-04
9.849028482549766039e+00 7.186108156881497889e-04
9.944835359192397917e+00 6.617414222497192177e-04
1.004157420162519543e+01 6.081543080145137073e-04
1.013925407558815373e+01 5.577287106482615477e-04
1.023788413500867378e+01 5.103478385926502612e-04
1.033747362285940774e+01 4.658904723728425558e-04
1.043803187202444072e+01 4.242419538158544840e-04
1.053956830617394580e+01 3.852806633980807157e-04
1.064209244064724658e+01 3.489430393229843181e-04
1.074561388334458023e+01 3.150735019276262763e-04
1.085014233562746178e+01 2.835826956780413202e-04
1.095568759322787855e+01 2.543677002246170853e-04
1.106225954716621906e+01 2.273280797655227758e-04
1.116986818467823817e+01 2.023628370344628580e-04
1.127852359015096795e+01 1.793696890290271903e-04
1.138823594606782130e+01 1.582751845553392303e-04
1.149901553396274245e+01 1.389664259429346748e-04
1.161087273538378994e+01 1.213504886727976027e-04
1.172381803286598512e+01 1.053487356573462738e-04
1.183786201091373513e+01 9.087417975008415887e-05
1.195301535699265827e+01 7.782171747972923290e-05
1.206928886253119870e+01 6.613007510376404724e-05
1.218669342393191712e+01 5.570584033737124483e-05
1.230524004359261525e+01 4.646754404769392032e-05
1.242493983093746479e+01 3.833874076329411352e-05
1.254580400345803248e+01 3.124285610776298571e-05
1.266784388776455827e+01 2.509809593761693674e-05
1.279107092064739781e+01 1.983778097215277514e-05
1.291549665014884063e+01 1.538093519719207158e-05
1.304113273664525430e+01 1.166008877619109859e-05
1.316799095393986185e+01 8.604604798214877433e-06
1.329608319036608854e+01 6.141069376236662949e-06
1.342542144990170527e+01 4.206454849082986667e-06
1.355601785329368880e+01 2.732572747150357059e-06
1.368788463919415221e+01 1.654635580045377149e-06
1.382103416530724438e+01 9.082802835408976627e-07
1.395547890954729020e+01 4.308796786624665336e-07
1.409123147120805619e+01 1.599063945998825000e-07
1.422830457214353395e+01 3.666672270132476878e-08
1.436671105796013137e+01 0.000000000000000000e+00
