1.000000000000000021e-02 1.974005742046363476e+00
1.009727545900835841e-02 1.974002022767965769e+00
1.019549716950923779e-02 1.973998213110933042e+00
1.029467433620748044e-02 1.973994307251575542e+00
1.039481625334708927e-02 1.973990308105316283e+00
1.049593230558227772e-02 1.973986213119573119e+00
1.059803196885688789e-02 1.973982014370801785e+00
1.070112481129246833e-02 1.973977714870410072e+00
1.080522049408488318e-02 1.973973319318582220e+00
1.091032877240974419e-02 1.973968820557927772e+00
1.101645949633656314e-02 1.973964217932339560e+00
1.112362261175187626e-02 1.973959515654382768e+00
1.123182816129126085e-02 1.973954705022669787e+00
1.134108628528052165e-02 1.973949823954395555e+00
1.145140722268592030e-02 1.973944858302471017e+00
1.156280131207376022e-02 1.973939786180937350e+00
1.167527899257919492e-02 1.973934603195123705e+00
1.178885080488457221e-02 1.973929295016199514e+00
1.190352739220719262e-02 1.973923863555143710e+00
1.201931950129673729e-02 1.973918304095296561e+00
1.213623798344241195e-02 1.973912618887237125e+00
1.225429379548980714e-02 1.973906830437710314e+00
1.237349800086776086e-02 1.973900917441451908e+00
1.249386177062509519e-02 1.973894871182451549e+00
1.261539638447754796e-02 1.973888684463013243e+00
1.273811323186478488e-02 1.973882272227206913e+00
1.286202381301779218e-02 1.973875829470884025e+00
1.298713974003655978e-02 1.973869210935565111e+00
1.311347273797833224e-02 1.973862444871476995e+00
1.324103464595636874e-02 1.973855601093971623e+00
1.336983741824946531e-02 1.973848628425763252e+00
1.349989312542219239e-02 1.973841445204342904e+00
1.363121395545611320e-02 1.973834101880163283e+00
1.376381221489191876e-02 1.973826674483293964e+00
1.389770032998276401e-02 1.973819080331037812e+00
1.403289084785873213e-02 1.973811321426645060e+00
1.416939643770268736e-02 1.973803374498985574e+00
1.430722989193757184e-02 1.973795322348326442e+00
1.444640412742520530e-02 1.973787116528621155e+00
1.458693218667675602e-02 1.973778748556318963e+00
1.472882723907502529e-02 1.973770163917141662e+00
1.487210258210860774e-02 1.973761434747794086e+00
1.501677164261799868e-02 1.973752480245501539e+00
1.516284797805393485e-02 1.973743299371868432e+00
1.531034527774784160e-02 1.973733904152195962e+00
1.545927736419477720e-02 1.973724287582730552e+00
1.560965819434872483e-02 1.973714541181577298e+00
1.576150186093060873e-02 1.973704738443735174e+00
1.591482259374891323e-02 1.973694722189182960e+00
1.606963476103326349e-02 1.973684504362895886e+00
1.622595287078087284e-02 1.973674103047978079e+00
1.638379157211618947e-02 1.973663600621846648e+00
1.654316565666366645e-02 1.973652886846991361e+00
1.670409005993399310e-02 1.973641937146314751e+00
1.686657986272368723e-02 1.973630906600333246e+00
1.703065029252844378e-02 1.973619616029978152e+00
1.719631672497009753e-02 1.973608071870736724e+00
1.736359468523754335e-02 1.973596262096620091e+00
1.753249984954170088e-02 1.973584204014154686e+00
1.770304804658450262e-02 1.973571933494709052e+00
1.787525525904235316e-02 1.973559373124180949e+00
1.804913762506383731e-02 1.973545640274712021e+00
1.822471143978214581e-02 1.973532588387002962e+00
1.840199315684210371e-02 1.973519396232807477e+00
1.858099938994215231e-02 1.973506070009699798e+00
1.876174691439120440e-02 1.973492506550320158e+00
1.894425266868081034e-02 1.973478675897404555e+00
1.912853375607242307e-02 1.973464696383317341e+00
1.931460744620030340e-02 1.973450510123558432e+00
1.950249117668984011e-02 1.973437194145240881e+00
1.969220255479172538e-02 1.973422529462637076e+00
1.988375935903200636e-02 1.973407523178363654e+00
2.007717954087816226e-02 1.973392181698519598e+00
2.027248122642137662e-02 1.973375510744145300e+00
2.046968271807520987e-02 1.973359546322366542e+00
2.066880249629082095e-02 1.973343215326542444e+00
2.086985922128879734e-02 1.973327577253400689e+00
2.107287173480786382e-02 1.973310386249038872e+00
2.127785906187062287e-02 1.973292792450356270e+00
2.148484041256648255e-02 1.973274811123892913e+00
2.169383518385184506e-02 1.973256496344512279e+00
2.190486296136792688e-02 1.973237842417447707e+00
2.211794352127614133e-02 1.973218785092901717e+00
2.233309683211144592e-02 1.973199417872739891e+00
2.255034305665360936e-02 1.973179665103083291e+00
2.276970255381680075e-02 1.973159585758246015e+00
2.299119588055741764e-02 1.973139284922045933e+00
2.321484379380064564e-02 1.973118833000822248e+00
2.344066725238556220e-02 1.973098003621515550e+00
2.366868741902936057e-02 1.973076811727425328e+00
2.389892566231050300e-02 1.973055269618856133e+00
2.413140355867127856e-02 1.973033257989481815e+00
2.436614289443983158e-02 1.973010767100012108e+00
2.460316566787181664e-02 1.972987909042702714e+00
2.484249409121190577e-02 1.972964578166410909e+00
2.508415059277539771e-02 1.972940845363126527e+00
2.532815781905008515e-02 1.972916639429657115e+00
2.557453863681850847e-02 1.972891860988077228e+00
2.582331613530085626e-02 1.972866506525288388e+00
2.607451362831877603e-02 1.972842562823623913e+00
2.632815465648021339e-02 1.972815885224170618e+00
2.658426298938541474e-02 1.972788749347487824e+00
2.684286262785454819e-02 1.972761070219630097e+00
2.710397780617682106e-02 1.972732712678284983e+00
2.736763299438163891e-02 1.972703698288348129e+00
2.763385290053169824e-02 1.972674041831141700e+00
2.790266247303856487e-02 1.972643694933235547e+00
2.817408690300057458e-02 1.972612829014225300e+00
2.844815162656363222e-02 1.972581228646657525e+00
2.872488232730495070e-02 1.972549011234366434e+00
2.900430493863991738e-02 1.972516253731480651e+00
2.928644564625237229e-02 1.972482751798443790e+00
2.957133089054861039e-02 1.972448547349297865e+00
2.985898736913520854e-02 1.972413797680043324e+00
3.014944203932094433e-02 1.972378426742213087e+00
3.044272212064302874e-02 1.972342386066641584e+00
3.073885509741795460e-02 1.972305404619831615e+00
3.103786872131722788e-02 1.972267732148366814e+00
3.133979101396793671e-02 1.972231876041310450e+00
3.164465026957891114e-02 1.972193425932125432e+00
3.195247505759213347e-02 1.972151558721339182e+00
3.226329422536015901e-02 1.972111263171238971e+00
3.257713690084949876e-02 1.972071666902221798e+00
3.289403249537032475e-02 1.972027291743876587e+00
3.321401070633261954e-02 1.971987052605693957e+00
3.353710152002930406e-02 1.971946169334472421e+00
3.386333521444636480e-02 1.971899726795709684e+00
3.419274236210027851e-02 1.971851519798808239e+00
3.452535383290306070e-02 1.971805775523955750e+00
3.486120079705520153e-02 1.971759770107920806e+00
3.520031472796678745e-02 1.971712019643891534e+00
3.554272740520694751e-02 1.971666096356489151e+00
3.588847091748199186e-02 1.971613649311252825e+00
3.623757766564258964e-02 1.971562716806650961e+00
3.659008036572020811e-02 1.971510765010037858e+00
3.694601205199302130e-02 1.971457751922433665e+00
3.730540608008161424e-02 1.971403998872629515e+00
3.766829613007490613e-02 1.971349509709001246e+00
3.803471620968648659e-02 1.971294139957816993e+00
3.840470065744145539e-02 1.971240690191783385e+00
3.877828414589457040e-02 1.971180364182499423e+00
3.915550168487941241e-02 1.971123281398201588e+00
3.953638862478930927e-02 1.971063401243614122e+00
3.992098065989020672e-02 1.971002152034403432e+00
4.030931383166566628e-02 1.970939643810411201e+00
4.070142453219438572e-02 1.970876062344253166e+00
4.109734950756069316e-02 1.970811190810049407e+00
4.149712586129815362e-02 1.970744961408930074e+00
4.190079105786669034e-02 1.970677069272999127e+00
4.230838292616342228e-02 1.970607986273378076e+00
4.271993966306778662e-02 1.970537724761436627e+00
4.313549983702118923e-02 1.970465833438405978e+00
4.355510239164130798e-02 1.970392533657405520e+00
4.397878664937160398e-02 1.970317663597537461e+00
4.440659231516640160e-02 1.970241756587467030e+00
4.483855948021186338e-02 1.970164600138338384e+00
4.527472862568297785e-02 1.970090203679675467e+00
4.571514062653719151e-02 1.970009684424347984e+00
4.615983675534499064e-02 1.969927740761798329e+00
4.660885868615767536e-02 1.969843919606069305e+00
4.706224849841281199e-02 1.969758282955164974e+00
4.752004868087766204e-02 1.969670804421036925e+00
4.798230213563085128e-02 1.969578312975392542e+00
4.844905218208294534e-02 1.969487489710807671e+00
4.892034256103611894e-02 1.969395143088305211e+00
4.939621743878321036e-02 1.969300792384432786e+00
4.987672141124663283e-02 1.969204934110773353e+00
5.036189950815770505e-02 1.969107374202802685e+00
5.085179719727656034e-02 1.969007866707642496e+00
5.134646038865306461e-02 1.968906514777525318e+00
5.184593543892913187e-02 1.968804356643618858e+00
5.235026915568305461e-02 1.968698931903502425e+00
5.285950880181603667e-02 1.968591822349220699e+00
5.337370209998133774e-02 1.968482235872027086e+00
5.389289723705643909e-02 1.968370195590346983e+00
5.441714286865893119e-02 1.968256450134622915e+00
5.494648812370611646e-02 1.968140164815783022e+00
5.548098260901916656e-02 1.968022009945125994e+00
5.602067641397187603e-02 1.967899593433652283e+00
5.656562011518465050e-02 1.967776642874187853e+00
5.711586478126431943e-02 1.967651476094136820e+00
5.767146197758996756e-02 1.967523727552761503e+00
5.823246377114527778e-02 1.967394062003273492e+00
5.879892273539785025e-02 1.967261893484455682e+00
5.937089195522609469e-02 1.967127189360363015e+00
5.994842503189409116e-02 1.966990875233402658e+00
6.053157608807464840e-02 1.966850966125984312e+00
6.112039977292132997e-02 1.966708778187076456e+00
6.171495126718981594e-02 1.966563503902479582e+00
6.231528628840921763e-02 1.966415040150812477e+00
6.292146109610344262e-02 1.966263283688712393e+00
6.353353249706343575e-02 1.966108507064280309e+00
6.415155785067082339e-02 1.965950296634325412e+00
6.477559507427335661e-02 1.965788960383171302e+00
6.540570264861225724e-02 1.965624071569642695e+00
6.604193962330305590e-02 1.965456248779506421e+00
6.668436562236895737e-02 1.965284825164922866e+00
6.733304084982863480e-02 1.965109808112466272e+00
6.798802609533814711e-02 1.964930908666328246e+00
6.864938273988777095e-02 1.964750007364025386e+00
6.931717276155408003e-02 1.964566426488861373e+00
6.999145874130821565e-02 1.964379412574429606e+00
7.067230386888070925e-02 1.964186521888952930e+00
7.135977194868306506e-02 1.963993955582074014e+00
7.205392740578704658e-02 1.963795120715103426e+00
7.275483529196229149e-02 1.963595070884854188e+00
7.346256129177256011e-02 1.963388958669540107e+00
7.417717172873124210e-02 1.963178963370133312e+00
7.489873357151664857e-02 1.962964682225907698e+00
7.562731444024800576e-02 1.962745963625746715e+00
7.636298261282241373e-02 1.962522478749583632e+00
7.710580703131336699e-02 1.962294573783289531e+00
7.785585730843146146e-02 1.962061917996705596e+00
7.861320373404813433e-02 1.961824764956466183e+00
7.937791728178281159e-02 1.961583571239147616e+00
8.015006961565404597e-02 1.961337525738640286e+00
8.092973309679550586e-02 1.961086463030988103e+00
8.171698079023696770e-02 1.960831548972997496e+00
8.251188647175167201e-02 1.960574109170517776e+00
8.331452463477014014e-02 1.960309183408219136e+00
8.412497049736118726e-02 1.960040355528677392e+00
8.494330000928071445e-02 1.959766476924497791e+00
8.576958985908941790e-02 1.959485391943152299e+00
8.660391748133952627e-02 1.959199417098820728e+00
8.744636106383144036e-02 1.958910178900246324e+00
8.829699955494091368e-02 1.958613141267720348e+00
8.915591267101763417e-02 1.958310117466145694e+00
9.002318090385581784e-02 1.958001202450664557e+00
9.089888552823731371e-02 1.957685685923529872e+00
9.178310860954806694e-02 1.957363964104188003e+00
9.267593301146882789e-02 1.957035843822520160e+00
9.357744240374062106e-02 1.956702217036181635e+00
9.448772127000577836e-02 1.956363436874372752e+00
9.540685491572513388e-02 1.956018757734220292e+00
9.633492947617222635e-02 1.955667392518189107e+00
9.727203192450542546e-02 1.955309488402613649e+00
9.821825007991856482e-02 1.954944105987747482e+00
9.917367261587073379e-02 1.954571108336611518e+00
1.001383890683960748e-01 1.954191162691631733e+00
1.011124898444945991e-01 1.953803820121681190e+00
1.020960662306047012e-01 1.953408123141249675e+00
1.030892104011576216e-01 1.953004805997485382e+00
1.040920154272158005e-01 1.952593109161538276e+00
1.051045752851944987e-01 1.952175329284348448e+00
1.061269848656690717e-01 1.951748854284767187e+00
1.071593399822671072e-01 1.951315188611922435e+00
1.082017373806478805e-01 1.950871904402631252e+00
1.092542747475682557e-01 1.950421406249235989e+00
1.103170507200377515e-01 1.949962394773108842e+00
1.113901648945616746e-01 1.949494470511257793e+00
1.124737178364751955e-01 1.949017568025310787e+00
1.135678110893671017e-01 1.948531128978552962e+00
1.146725471845963656e-01 1.948035378677279050e+00
1.157880296509002094e-01 1.947530534223344656e+00
1.169143630240966764e-01 1.947015122794458319e+00
1.180516528568804902e-01 1.946490155074143136e+00
1.192000057287153220e-01 1.945955124374287637e+00
1.203595292558212876e-01 1.945409565129531337e+00
1.215303321012602134e-01 1.944853277864489360e+00
1.227125239851190319e-01 1.944287629951271024e+00
1.239062156947916271e-01 1.943710359251999531e+00
1.251115190953615564e-01 1.943121727420827893e+00
1.263285471400849291e-01 1.942527485232945050e+00
1.275574138809759950e-01 1.941917394391834417e+00
1.287982344794950385e-01 1.941291420953624280e+00
1.300511252173409127e-01 1.940659081428619759e+00
1.313162035073478784e-01 1.940015044518223819e+00
1.325935879044890797e-01 1.939359974237643502e+00
1.338833981169864351e-01 1.938692953376632389e+00
1.351857550175293021e-01 1.938011805913499419e+00
1.365007806546013891e-01 1.937316247319841978e+00
1.378285982639189389e-01 1.936608003817601897e+00
1.391693322799789911e-01 1.935886320554296880e+00
1.405231083477211373e-01 1.935150381273664122e+00
1.418900533343016301e-01 1.934399727903135968e+00
1.432702953409830948e-01 1.933634817146505203e+00
1.446639637151387880e-01 1.932856874491542198e+00
1.460711890623745679e-01 1.932066780792067950e+00
1.474921032587684921e-01 1.931258059064056454e+00
1.489268394632288772e-01 1.930435305804792279e+00
1.503755321299738434e-01 1.929598914033868962e+00
1.518383170211306810e-01 1.928745440525443167e+00
1.533153312194593942e-01 1.927876195889703492e+00
1.548067131411984265e-01 1.926992498410819099e+00
1.563126025490369497e-01 1.926090899417328695e+00
1.578331405652117214e-01 1.925175942429405929e+00
1.593684696847328941e-01 1.924239667933637765e+00
1.609187337887370006e-01 1.923287001323644940e+00
1.624840781579713067e-01 1.922315937230254068e+00
1.640646494864078653e-01 1.921327011470343349e+00
1.656605958949914359e-01 1.920319299598904683e+00
1.672720669455196874e-01 1.919294662487995851e+00
1.688992136546599021e-01 1.918249963124973645e+00
1.705421885081006561e-01 1.917185784147815930e+00
1.722011454748421100e-01 1.916099066126159212e+00
1.738762400216251336e-01 1.914995679431735320e+00
1.755676291275001522e-01 1.913872750595211114e+00
1.772754712985387948e-01 1.912730920016618263e+00
1.789999265826875408e-01 1.911568211970052111e+00
1.807411565847668600e-01 1.910381721052598181e+00
1.824993244816152382e-01 1.909170482795883306e+00
1.842745950373816666e-01 1.907938434380132886e+00
1.860671346189656239e-01 1.906686490344147611e+00
1.878771112116086051e-01 1.905412716516160287e+00
1.897046944346358344e-01 1.904113396595931373e+00
1.915500555573527997e-01 1.902789951553258918e+00
1.934133675150944698e-01 1.901445569466693852e+00
1.952948049254327745e-01 1.900072794030042145e+00
1.971945441045395986e-01 1.898673119166700340e+00
1.991127630837108697e-01 1.897249065015305103e+00
2.010496416260497965e-01 1.895802556062996080e+00
2.030053612433137811e-01 1.894331648964895143e+00
2.049801052129238688e-01 1.892833367503294451e+00
2.069740585951406198e-01 1.891306611557562301e+00
2.089874082504071251e-01 1.889752968361444463e+00
2.110203428568595552e-01 1.888171879246619778e+00
2.130730529280097374e-01 1.886560816692377296e+00
2.151457308305980698e-01 1.884920530761831303e+00
2.172385708026215445e-01 1.883251675486993237e+00
2.193517689715359098e-01 1.881552536783817065e+00
2.214855233726360506e-01 1.879823308135778470e+00
2.236400339676138660e-01 1.878067430180958119e+00
2.258155026632983065e-01 1.876279955991387638e+00
2.280121333305757114e-01 1.874457472456166895e+00
2.302301318234963867e-01 1.872602610242159571e+00
2.324697059985647851e-01 1.870713913645821735e+00
2.347310657342196183e-01 1.868796252775704492e+00
2.370144229505012079e-01 1.866846212702306218e+00
2.393199916289123208e-01 1.864859115248883592e+00
2.416479878324700736e-01 1.862836087131064966e+00
2.439986297259550130e-01 1.860778020630684537e+00
2.463721375963552895e-01 1.858684328345406422e+00
2.487687338735107279e-01 1.856555031273652290e+00
2.511886431509580686e-01 1.854391784645554209e+00
2.536320922069775774e-01 1.852186649712531219e+00
2.560993100258459609e-01 1.849948586586961818e+00
2.585905278192945911e-01 1.847669505157053083e+00
2.611059790481781162e-01 1.845351178549788695e+00
2.636458994443517945e-01 1.842990815832668661e+00
2.662105270327638773e-01 1.840591230953285251e+00
2.688001021537606006e-01 1.838153880766387971e+00
2.714148674856106669e-01 1.835674371322100429e+00
2.740550680672460548e-01 1.833153915058337358e+00
2.767209513212268712e-01 1.830589142311798811e+00
2.794127670769268601e-01 1.827979829377850640e+00
2.821307675939472293e-01 1.825329834589825895e+00
2.848752075857552413e-01 1.822635112308961025e+00
2.876463442435557849e-01 1.819896639588878040e+00
2.904444372603925406e-01 1.817111923915360139e+00
2.932697488554852905e-01 1.814277744788636459e+00
2.961225437988035947e-01 1.811396480087498873e+00
2.990030894358785551e-01 1.808474773734994434e+00
3.019116557128577738e-01 1.805502573065521199e+00
3.048485152018017286e-01 1.802480856675384935e+00
3.078139431262288950e-01 1.799410829705781811e+00
3.108082173869063936e-01 1.796289916230381367e+00
3.138316185878944342e-01 1.793120599912443325e+00
3.168844300628416155e-01 1.789898518211236800e+00
3.199669379015380732e-01 1.786624477708306902e+00
3.230794309767249795e-01 1.783301891275667295e+00
3.262222009711669979e-01 1.779921291644337211e+00
3.293955424049855307e-01 1.776493322642074046e+00
3.325997526632606949e-01 1.773009562375602366e+00
3.358351320238990301e-01 1.769468309230193936e+00
3.391019836857747105e-01 1.765873883805989086e+00
3.424006137971423724e-01 1.762222857080324001e+00
3.457313314843284413e-01 1.758516772592530586e+00
3.490944488806992929e-01 1.754752778418682047e+00
3.524902811559130766e-01 1.750935638809375972e+00
3.559191465454557002e-01 1.747055058314501474e+00
3.593813663804627523e-01 1.743109971138269598e+00
3.628772651178337472e-01 1.739115507567617680e+00
3.664071703706370808e-01 1.735061301665597577e+00
3.699714129388128048e-01 1.730943823407505633e+00
3.735703268401719401e-01 1.726760283053503819e+00
3.772042493416999376e-01 1.722519430751041636e+00
3.808735209911614517e-01 1.718223092982696931e+00
3.845784856490158665e-01 1.713855160280582712e+00
3.883194905206404091e-01 1.709422386308968589e+00
3.920968861888690649e-01 1.704929901124653924e+00
3.959110266468458539e-01 1.700375324008569278e+00
3.997622693312000708e-01 1.695753478712105577e+00
4.036509751555413805e-01 1.691066023892162429e+00
4.075775085442840395e-01 1.686312299644070034e+00
4.115422374667966343e-01 1.681492648050153749e+00
4.155455334718875515e-01 1.676608230492246943e+00
4.195877717226225712e-01 1.671652448043946304e+00
4.236693310314835759e-01 1.666633481718698961e+00
4.277905938958687093e-01 1.661543032097735351e+00
4.319519465339363706e-01 1.656384187038173028e+00
4.361537789208005944e-01 1.651158481515949239e+00
4.403964848250754294e-01 1.645860048444051760e+00
4.446804618457780300e-01 1.640500064491151377e+00
4.490061114495874639e-01 1.635058727783756272e+00
4.533738390084691150e-01 1.629550181747133841e+00
4.577840538376618529e-01 1.623975859159655144e+00
4.622371692340384031e-01 1.618329410756248032e+00
4.667336025148346446e-01 1.612610592653702657e+00
4.712737750567601580e-01 1.606816977281551040e+00
4.758581123354846953e-01 1.600956631351919457e+00
4.804870439655131720e-01 1.595019317081099341e+00
4.851610037404442966e-01 1.589014006593653328e+00
4.898804296736250508e-01 1.582936302776270399e+00
4.946457640391963562e-01 1.576784864498060434e+00
4.994574534135413635e-01 1.570560570503705788e+00
5.043159487171361421e-01 1.564263777767993968e+00
5.092217052568053237e-01 1.557894573571604546e+00
5.141751827683928022e-01 1.551452459415456619e+00
5.191768454598426619e-01 1.544938402672155764e+00
5.242271620547044320e-01 1.538347526652061648e+00
5.293266058360561743e-01 1.531691054905130800e+00
5.344756546908600026e-01 1.524958298548219737e+00
5.396747911547442600e-01 1.518151841949515024e+00
5.449245024572260121e-01 1.511275699420643770e+00
5.502252805673685243e-01 1.504324382620616296e+00
5.555776222398878250e-01 1.497305814115935885e+00
5.609820290617031358e-01 1.490211354915243369e+00
5.664390074989449353e-01 1.483045929504599458e+00
5.719490689444144405e-01 1.475812132927552867e+00
5.775127297655114900e-01 1.468503681873475575e+00
5.831305113526221717e-01 1.461125325301300570e+00
5.888029401679826247e-01 1.453680509405561816e+00
5.945305477950136863e-01 1.446165492933458196e+00
6.003138709881384871e-01 1.438579005653102261e+00
6.061534517230839914e-01 1.430923254419888879e+00
6.120498372476699256e-01 1.423204928212844278e+00
6.180035801330957534e-01 1.415413750380322355e+00
6.240152383257209223e-01 1.407557498069785140e+00
6.300853751993553686e-01 1.399635076400930211e+00
6.362145596080520660e-01 1.391648819744847332e+00
6.424033659394193796e-01 1.383594564832560936e+00
6.486523741684461219e-01 1.375479655345175578e+00
6.549621699118558515e-01 1.367303799388760677e+00
6.613333444829840868e-01 1.359060212228698994e+00
6.677664949471955325e-01 1.350756127105916748e+00
6.742622241778342129e-01 1.342395570588156284e+00
6.808211409127237213e-01 1.333972598469505222e+00
6.874438598112112553e-01 1.325492356050370191e+00
6.941310015117725385e-01 1.316954750908663430e+00
7.008831926901714082e-01 1.308362271415580924e+00
7.077010661181889484e-01 1.299709575036860354e+00
7.145852607229240538e-01 1.291007848618174636e+00
7.215364216466665370e-01 1.282255704071655789e+00
7.285552003073593186e-01 1.273446738847137105e+00
7.356422544596413760e-01 1.264590543332065664e+00
7.427982482564918776e-01 1.255681295964087729e+00
7.500238523114668432e-01 1.246731480609681642e+00
7.573197437615483141e-01 1.237732893128923539e+00
7.646866063305975958e-01 1.228686189504276438e+00
7.721251303934327792e-01 1.219596039567796053e+00
7.796360130405233235e-01 1.210470613919198746e+00
7.872199581433195759e-01 1.201299036654241981e+00
7.948776764202123424e-01 1.192093068412526380e+00
8.026098855031396084e-01 1.182845378597737307e+00
8.104173100048355227e-01 1.173564964169506730e+00
8.183006815867394090e-01 1.164249994076990369e+00
8.262607390275591435e-01 1.154901537041557624e+00
8.342982282925082149e-01 1.145524451100087049e+00
8.424139026032094746e-01 1.136118054028199653e+00
8.506085225082840040e-01 1.126682054477118555e+00
8.588828559546254349e-01 1.117224432938723977e+00
8.672376783593644944e-01 1.107740542540967876e+00
8.756737726825394308e-01 1.098234735249417282e+00
8.841919295004664336e-01 1.088715755929477558e+00
8.927929470798307010e-01 1.079161645215141796e+00
9.014776314524917122e-01 1.069608934899426433e+00
9.102467964910225806e-01 1.060035804458079323e+00
9.191012639849772681e-01 1.050447258938284723e+00
9.280418637179072006e-01 1.040850579438022283e+00
9.370694335451198453e-01 1.031242729700952321e+00
9.461848194722002336e-01 1.021631132540671727e+00
9.553888757342895444e-01 1.012011800569399655e+00
9.646824648761427312e-01 1.002390490208335594e+00
9.740664578329562007e-01 9.927693561555983592e-01
9.835417340119908536e-01 9.831442908558859495e-01
9.931091813749796104e-01 9.735257516045026094e-01
1.002769696521346621e+00 9.639134066158255854e-01
1.012524184772224167e+00 9.543030500823516116e-01
1.022373560255302127e+00 9.447036149775028813e-01
1.032318745990486564e+00 9.351136354475387824e-01
1.042360673976402197e+00 9.255335467014192963e-01
1.052500285277732761e+00 9.159750537656321523e-01
1.062738530113414459e+00 9.064251648444447973e-01
1.073076367945679621e+00 8.968946054356272679e-01
1.083514767569973225e+00 8.873854033622541326e-01
1.094054707205742494e+00 8.778964697665466721e-01
1.104697174588111785e+00 8.684321972681521284e-01
1.115443167060441221e+00 8.589921216345306476e-01
1.126293691667795249e+00 8.495786260519538891e-01
1.137249765251314271e+00 8.401942748654710469e-01
1.148312414543511073e+00 8.308470490495979410e-01
1.159482676264482759e+00 8.215159424551738976e-01
1.170761597219069250e+00 8.122309104700052851e-01
1.182150234394952371e+00 8.029782258168619569e-01
1.193649655061713055e+00 7.937604711103704025e-01
1.205260936870842681e+00 7.845830389061019261e-01
1.216985167956738056e+00 7.754505860172957732e-01
1.228823447038673411e+00 7.663554950261682874e-01
1.240776883523764251e+00 7.573042213171137238e-01
1.252846597610937529e+00 7.482983711267146010e-01
1.265033720395903893e+00 7.393381486434110750e-01
1.277339393977160009e+00 7.304283068746888485e-01
1.289764771563017165e+00 7.215657398894680385e-01
1.302311017579677488e+00 7.127561717504915517e-01
1.314979307780347773e+00 7.039954017983119927e-01
1.327770829355430449e+00 6.952863745163223586e-01
1.340686781043774811e+00 6.866367722684405539e-01
1.353728373245021821e+00 6.780404656203103952e-01
1.366896828133026487e+00 6.695019717736971909e-01
1.380193379770397355e+00 6.610184830329590699e-01
1.393619274224142002e+00 6.525951138815443420e-01
1.407175769682446731e+00 6.442341519803173044e-01
1.420864136572576708e+00 6.359339675420742077e-01
1.434685657679937831e+00 6.276948076301579471e-01
1.448641628268290127e+00 6.195186128994422115e-01
1.462733356201129986e+00 6.114069376742038431e-01
1.476962162064259898e+00 6.033588539418222041e-01
1.491329379289537682e+00 5.953773083255067267e-01
1.505836354279841416e+00 5.874630642628126953e-01
1.520484446535244283e+00 5.796143277616991885e-01
1.535275028780422657e+00 5.718330393416227730e-01
1.550209487093291205e+00 5.641214980450759420e-01
1.565289221034902312e+00 5.564777092707208217e-01
1.580515643780601165e+00 5.489055887218550200e-01
1.595890182252465817e+00 5.414011725435285971e-01
1.611414277253019778e+00 5.339685954043327243e-01
1.627089383600260675e+00 5.266059271279273091e-01
1.642916970263993193e+00 5.193161813047033615e-01
1.658898520503498064e+00 5.120977890793357856e-01
1.675035532006524441e+00 5.049507086163953495e-01
1.691329517029648732e+00 4.978771100351425671e-01
1.707782002539993016e+00 4.908752367942766925e-01
1.724394530358320354e+00 4.839470511488375148e-01
1.741168657303530987e+00 4.770923233208488323e-01
1.758105955338547632e+00 4.703116798284942002e-01
1.775208011717636092e+00 4.635987721835294062e-01
1.792476429135148930e+00 4.569655772780852332e-01
1.809912825875727105e+00 4.504037789124439861e-01
1.827518835965944666e+00 4.439143494583716043e-01
1.845296109327445366e+00 4.375002609521326802e-01
1.863246311931559873e+00 4.311569680956809369e-01
1.881371125955437096e+00 4.248912752030398754e-01
1.899672249939675650e+00 4.186950058811212960e-01
1.918151398947507635e+00 4.125745345680424947e-01
1.936810304725519849e+00 4.065263219512381676e-01
1.955650715865949074e+00 4.005472674193663041e-01
1.974674397970537454e+00 3.946466427735170202e-01
1.993883133816001019e+00 3.888155997363012539e-01
2.013278723521096492e+00 3.830562986441379270e-01
2.032862984715323673e+00 3.773682508356233645e-01
2.052637752709252084e+00 3.717527699200678382e-01
2.072604880666519822e+00 3.662087994524944046e-01
2.092766239777499759e+00 3.607356567690439553e-01
2.113123719434652603e+00 3.553318210023570511e-01
2.133679227409597701e+00 3.499981848401054196e-01
2.154434690031884259e+00 3.447351644972567741e-01
2.175392052369522489e+00 3.395410981591030497e-01
2.196553278411258248e+00 3.344150449551277493e-01
2.217920351250634692e+00 3.293582470886117775e-01
2.239495273271823184e+00 3.243683622231913755e-01
2.261280066337279404e+00 3.194459463258114140e-01
2.283276771977218012e+00 3.145894071128615965e-01
2.305487451580938707e+00 3.098030358650373239e-01
2.327914186589993051e+00 3.050801605895681057e-01
2.350559078693253756e+00 3.004200440478498324e-01
2.373424250023866033e+00 2.958255780880792996e-01
2.396511843358130278e+00 2.912977347169082298e-01
2.419824022316292567e+00 2.868335855461743300e-01
2.443362971565319341e+00 2.824386380995246304e-01
2.467130897023623426e+00 2.780892726660774694e-01
2.491130026067788439e+00 2.738099677027780454e-01
2.515362607741312928e+00 2.695930441308930225e-01
2.539830912965362675e+00 2.654372191989775587e-01
2.564537234751594674e+00 2.613399466246438818e-01
2.589483888417040802e+00 2.573025898334949657e-01
2.614673211801092023e+00 2.533232164051703039e-01
2.640107565484572927e+00 2.494015590005228822e-01
2.665789333010967876e+00 2.455393685497900547e-01
2.691720921109787668e+00 2.417331235746272289e-01
2.717904759922122881e+00 2.379815658203242590e-01
2.744343303228365283e+00 2.342858804777426807e-01
2.771039028678170535e+00 2.306458996588901245e-01
2.797994438022641805e+00 2.270605165857925434e-01
2.825212057348790218e+00 2.235279932493596800e-01
2.852694437316245057e+00 2.200481722254610806e-01
2.880444153396297668e+00 2.166208164011466097e-01
2.908463806113254169e+00 2.132452532044361582e-01
2.936756021288137397e+00 2.099202684619616566e-01
2.965323450284773621e+00 2.066454252344269160e-01
2.994168770258243573e+00 2.034211293789204289e-01
3.023294684405779531e+00 2.002449517442883853e-01
3.052703922220086241e+00 1.971176728949444457e-01
3.082399239745143404e+00 1.940375001724104209e-01
3.112383419834465759e+00 1.910054644743156560e-01
3.142659272411905569e+00 1.880190777646070510e-01
3.173229634734976212e+00 1.850786311415995034e-01
3.204097371660752813e+00 1.821835028774282383e-01
3.235265375914330388e+00 1.793332297309353229e-01
3.266736568359921655e+00 1.765266431558933924e-01
3.298513898274578082e+00 1.737630626755320429e-01
3.330600343624588788e+00 1.710428983587853058e-01
3.362998911344535991e+00 1.683643326772837900e-01
3.395712637619100693e+00 1.657271279429537170e-01
3.428744588167585317e+00 1.631319148493666216e-01
3.462097858531227423e+00 1.605767114343175928e-01
3.495775574363275240e+00 1.580597662828819305e-01
3.529780891721914671e+00 1.555839044280310224e-01
3.564116997366032269e+00 1.531455970468405536e-01
3.598787109053855460e+00 1.507454014140507115e-01
3.633794475844513094e+00 1.483827183160743579e-01
3.669142378402494131e+00 1.460568673565021125e-01
3.704834129305105694e+00 1.437683601339843908e-01
3.740873073352900313e+00 1.415142276334436233e-01
3.777262587883141176e+00 1.392965528573069101e-01
3.814006083086284082e+00 1.371126579178401084e-01
3.851107002325572903e+00 1.349626088692979509e-01
3.888568822459721019e+00 1.328479927265763805e-01
3.926395054168756449e+00 1.307649790110222421e-01
3.964589242282997805e+00 1.287150731272547477e-01
4.003154966115265445e+00 1.266971243737237129e-01
4.042095839796306045e+00 1.247108194281037752e-01
4.081415512613501662e+00 1.227562530776776240e-01
4.121117669352832635e+00 1.208317526899985311e-01
4.161206030644208020e+00 1.189371936234975558e-01
4.201684353310133346e+00 1.170726579118513133e-01
4.242556430717777438e+00 1.152375731955058852e-01
4.283826093134470270e+00 1.134307619463820888e-01
4.325497208086633627e+00 1.116527521911830356e-01
4.367573680722233398e+00 1.099025335107176454e-01
4.410059454176736615e+00 1.081789776326313457e-01
4.452958509942654963e+00 1.064829274455718205e-01
4.496274868242640110e+00 1.048137837216735757e-01
4.540012588406244554e+00 1.031707678751433016e-01
4.584175769250333765e+00 1.015526621031980492e-01
4.628768549463215365e+00 9.996007429037026548e-02
4.673795107992464004e+00 9.839267152346289902e-02
4.719259664436561863e+00 9.685026022407340618e-02
4.765166479440326341e+00 9.533101212349269493e-02
4.811519855094205766e+00 9.383580013021938782e-02
4.858324135337417360e+00 9.236350071078780477e-02
4.905583706365050922e+00 9.091457821123145877e-02
4.953302997039108924e+00 8.948838227536742851e-02
5.001486479303548727e+00 8.808431526875383499e-02
5.050138668603383785e+00 8.670204369094212937e-02
5.099264124307808288e+00 8.534071105214259545e-02
5.148867450137498025e+00 8.400089693845332051e-02
5.198953294596024399e+00 8.268233010035834496e-02
5.249526351405507718e+00 8.137309591972903544e-02
5.300591359946452030e+00 8.010536634313786264e-02
5.352153105701904501e+00 7.884661152389101091e-02
5.404216420705915347e+00 7.760749339776278066e-02
5.456786183996381823e+00 7.638774876754894638e-02
5.509867322072253160e+00 7.518668901027808493e-02
5.563464809355226137e+00 7.400408094139716841e-02
5.617583668655908191e+00 7.283980540681796179e-02
5.672228971644543094e+00 7.169326556550782714e-02
5.727405839326266346e+00 7.056467471666294511e-02
5.783119442521027054e+00 6.945332356257251372e-02
5.839375002348160315e+00 6.835912179833135427e-02
5.896177790715694478e+00 6.728148206777491425e-02
5.953533130814370189e+00 6.622062018440931508e-02
6.011446397616513337e+00 6.517571026760984876e-02
6.069923018379741464e+00 6.414721576218673782e-02
6.128968473155564034e+00 6.313417659085764078e-02
6.188588295302960063e+00 6.213682407074112152e-02
6.248788072006894012e+00 6.115450276209575403e-02
6.309573444801936049e+00 6.018746926441159023e-02
6.370950110100935149e+00 5.923484231036557635e-02
6.432923819728876502e+00 5.829690273513244564e-02
6.495500381461869033e+00 5.737306444848868509e-02
6.558685659571435345e+00 5.646362853560404904e-02
6.622485575374063238e+00 5.556777226970082556e-02
6.686906107786136921e+00 5.468558178578693252e-02
6.751953293884205287e+00 5.381658537200117998e-02
6.817633229470763112e+00 5.295579406053260718e-02
6.883952069645496330e+00 5.211825520634712910e-02
6.950916029382126382e+00 5.128837499485593143e-02
7.018531384110795912e+00 5.047074974199058928e-02
7.086804470306189430e+00 4.966558570924675675e-02
7.155741686081340980e+00 4.887291479896863772e-02
7.225349491787214085e+00 4.809172783644548310e-02
7.295634410618154320e+00 4.732272388383872846e-02
7.366603029223159460e+00 4.656497485324133379e-02
7.438261998323163482e+00 4.581860411055842242e-02
7.510618033334286459e+00 4.508382265063048261e-02
7.583677914997190683e+00 4.435980302320056967e-02
7.657448490012479958e+00 4.364667340986163463e-02
7.731936671682362316e+00 4.294417247444120428e-02
7.807149440558499798e+00 4.225225319732078821e-02
7.883093845096216690e+00 4.157089085274619233e-02
7.959777002314985417e+00 4.089963753201599633e-02
8.037206098465421888e+00 4.023817492788299421e-02
8.115388389702712146e+00 3.958681329627823653e-02
8.194331202766655053e+00 3.894517163176153263e-02
8.274041935668218883e+00 3.831304971084746602e-02
8.354528058382872047e+00 3.769046229206435977e-02
8.435797113550611570e+00 3.707719603243214701e-02
8.517856717182803905e+00 3.647282940999361373e-02
8.600714559375941093e+00 3.587768304105609651e-02
8.684378405032257220e+00 3.529153851291740029e-02
8.768856094587436090e+00 3.471351552486250103e-02
8.854155544745349715e+00 3.414467651491817635e-02
8.940284749219998162e+00 3.358400968376516055e-02
9.027251779484577909e+00 3.303195493124663068e-02
9.115064785527916769e+00 3.248784108113100810e-02
9.203731996618220279e+00 3.195200827127781668e-02
9.293261722074316111e+00 3.142393616997614381e-02
9.383662352044273902e+00 3.090386056570683729e-02
9.474942358291729150e+00 3.039150629155751987e-02
9.567110294989774388e+00 2.988677959741351323e-02
9.660174799522645017e+00 2.938946262437466816e-02
9.754144593295098531e+00 2.889950505404480230e-02
9.849028482549766039e+00 2.841683543749229726e-02
9.944835359192397917e+00 2.794141013151063210e-02
1.004157420162519543e+01 2.747305282869308765e-02
1.013925407558815373e+01 2.701146932614080509e-02
1.023788413500867378e+01 2.655684496654727583e-02
1.033747362285940774e+01 2.610900278954262146e-02
1.043803187202444072e+01 2.566778179264094309e-02
1.053956830617394580e+01 2.523313421381561880e-02
1.064209244064724658e+01 2.480484876403376768e-02
1.074561388334458023e+01 2.438301827263961857e-02
1.085014233562746178e+01 2.396745736769624255e-02
1.095568759322787855e+01 2.355802347232545738e-02
1.106225954716621906e+01 2.315471381016629554e-02
1.116986818467823817e+01 2.275732201058100479e-02
1.127852359015096795e+01 2.236592069514431805e-02
1.138823594606782130e+01 2.198036014075342368e-02
1.149901553396274245e+01 2.160052193006758645e-02
1.161087273538378994e+01 2.122631577029893482e-02
1.172381803286598512e+01 2.085768349078393966e-02
1.183786201091373513e+01 2.049460206956240857e-02
1.195301535699265827e+01 2.013690192308276172e-02
1.206928886253119870e+01 1.978451927427421139e-02
1.218669342393191712e+01 1.943746375841652260e-02
1.230524004359261525e+01 1.909557390808167693e-02
1.242493983093746479e+01 1.875883323259468910e-02
1.254580400345803248e+01 1.842711309407144699e-02
1.266784388776455827e+01 1.810037082277183088e-02
1.279107092064739781e+01 1.777853217701574548e-02
1.291549665014884063e+01 1.746147625258157726e-02
1.304113273664525430e+01 1.714935426720023623e-02
1.316799095393986185e+01 1.684174171693322494e-02
1.329608319036608854e+01 1.653882107126052742e-02
1.342542144990170527e+01 1.624055876991806549e-02
1.355601785329368880e+01 1.594671371079951772e-02
1.368788463919415221e+01 1.565742772258723811e-02
1.382103416530724438e+01 1.537242325363120249e-02
1.395547890954729020e+01 1.509177253143128249e-02
1.409123147120805619e+01 1.481537976122145571e-02
1.422830457214353395e+01 1.454321132158823728e-02
1.436671105796013137e+01 1.427517606129425840e-02
1.450646389922046886e+01 1.401124569936146660e-02
1.464757619265895272e+01 1.375134746563202309e-02
1.479006116240903168e+01 1.349545694714450461e-02
1.493393216124253264e+01 1.324341445610313465e-02
1.507920267182097263e+01 1.299531977324706530e-02
1.522588630795911513e+01 1.275102695313713209e-02
1.537399681590069456e+01 1.251048775460954048e-02
1.552354807560667105e+01 1.227367734072458937e-02
1.567455410205595001e+01 1.204052849113915712e-02
1.582702904655883280e+01 1.181084246303624324e-02
1.598098719808309376e+01 1.158488886505196908e-02
1.613644298459311699e+01 1.136266698528696877e-02
1.629341097440194730e+01 1.114366777598345924e-02
1.645190587753662470e+01 1.092812913581221214e-02
1.661194254711659113e+01 1.071597644294546535e-02
1.677353598074571295e+01 1.050714688569652153e-02
1.693670132191772026e+01 1.030142991890105331e-02
1.710145386143542012e+01 1.009934560956277615e-02
1.726780903884355922e+01 9.900269518433502461e-03
1.743578244387577669e+01 9.704375105066647550e-03
1.760538981791556523e+01 9.511566508572592837e-03
1.777664705547142532e+01 9.321843725012766632e-03
1.794957020566648254e+01 9.135118038125287013e-03
1.812417547374237614e+01 8.949759563535412618e-03
1.830047922257800863e+01 8.770692769427686566e-03
1.847849797422290763e+01 8.592957401209033036e-03
1.865824841144566193e+01 8.417863538606105284e-03
1.883974737929719367e+01 8.245895609274619953e-03
1.902301188668945642e+01 8.076607451936035006e-03
1.920805910798935301e+01 7.910083050036846239e-03
1.939490638462828542e+01 7.746276093097777607e-03
1.958357122672716955e+01 7.585163470298037294e-03
1.977407131473744428e+01 7.426716451468725125e-03
1.996642450109793288e+01 7.270873199509341953e-03
2.016064881190793656e+01 7.117626660421473746e-03
2.035676244861640072e+01 6.966959844689040934e-03
2.055478378972772546e+01 6.818747015238881340e-03
2.075473139252405730e+01 6.672948155159676500e-03
2.095662399480432825e+01 6.529811568425813312e-03
2.116048051664034446e+01 6.389040258005749054e-03
2.136632006214970403e+01 6.250546921671687808e-03
2.157416192128621546e+01 6.114466041085968653e-03
2.178402557164756459e+01 5.980718606357202614e-03
2.199593068030074861e+01 5.849239734187956959e-03
2.220989710562497521e+01 5.720042289173573810e-03
2.242594489917278011e+01 5.593057392232587792e-03
2.264409430754907504e+01 5.468316601715301692e-03
2.286436577430861306e+01 5.345675845934964691e-03
2.308677994187169702e+01 5.225165375362507934e-03
2.331135765345874944e+01 5.106990151854344691e-03
2.353811995504354471e+01 4.990655572833884585e-03
2.376708809732560823e+01 4.876445160964055538e-03
2.399828353772154799e+01 4.764296172188290865e-03
2.423172794237600769e+01 4.654008716193398267e-03
2.446744318819203201e+01 4.545932349184990742e-03
2.470545136488123816e+01 4.439665301632571108e-03
2.494577477703398571e+01 4.335374286198320597e-03
2.518843594620949489e+01 4.232988029898967879e-03
2.543345761304651020e+01 4.132405009422482345e-03
2.568086273939435316e+01 4.033702157439522477e-03
2.593067451046487548e+01 3.936831571388664693e-03
2.618291633700505372e+01 3.841729602171518269e-03
2.643761185749101372e+01 3.748515306090605126e-03
2.669478494034320804e+01 3.656850075599657295e-03
2.695445968616333587e+01 3.566995672402174626e-03
2.721666042999271795e+01 3.478850843650320521e-03
2.748141174359293259e+01 3.392355381854793555e-03
2.774873843774846804e+01 3.307577965080544039e-03
2.801866556459195223e+01 3.224354378987360614e-03
2.829121841995168651e+01 3.142723725566491048e-03
2.856642254572233952e+01 3.062729861821823253e-03
2.884430373225852051e+01 2.984270436596484465e-03
2.912488802079168337e+01 2.907492288900938998e-03
2.940820170587063842e+01 2.831957673428559408e-03
2.969427133782552986e+01 2.757843718292961842e-03
2.998312372525609959e+01 2.685631709453356261e-03
3.027478593754393543e+01 2.614669867428652799e-03
3.056928530738937155e+01 2.545104267462910182e-03
3.086664943337274636e+01 2.476948748777590796e-03
3.116690618254088463e+01 2.410187682601647782e-03
3.147008369301855879e+01 2.344872918535018461e-03
3.177621037664554038e+01 2.280787055425253628e-03
3.208531492163897525e+01 2.218125372349367096e-03
3.239742629528198847e+01 2.156868455707988859e-03
3.271257374663825601e+01 2.096541883098674425e-03
3.303078680929315425e+01 2.037828346467810380e-03
3.335209530412127066e+01 1.980364768596941816e-03
3.367652934208116022e+01 1.923920048951502761e-03
3.400411932703705986e+01 1.868797485698811631e-03
3.433489595860830690e+01 1.814868708823517106e-03
3.466889023504609213e+01 1.762123755567140309e-03
3.500613345613854221e+01 1.710522737093776984e-03
3.534665722614391115e+01 1.660096132765034004e-03
3.569049345675229290e+01 1.610773623880489176e-03
3.603767437007633134e+01 1.562547266667547053e-03
3.638823250167062184e+01 1.515443695388666353e-03
3.674220070358090595e+01 1.469394931267691169e-03
3.709961214742267543e+01 1.424400560528082428e-03
3.746050032748993175e+01 1.380431636047638492e-03
3.782489906389385936e+01 1.337505144622039939e-03
3.819284250573236505e+01 1.295586664607774460e-03
3.856436513429023449e+01 1.254653413471932578e-03
3.893950176627063087e+01 1.214674268479871587e-03
3.931828755705770106e+01 1.175679815160220144e-03
3.970075800401124155e+01 1.137584504900891356e-03
4.008694894979318946e+01 1.100465450700012591e-03
4.047689658572676308e+01 1.064240657635988135e-03
4.087063745518780422e+01 1.028900878149924649e-03
4.126820845702955864e+01 9.944725288010783804e-04
4.166964684904057492e+01 9.608772839218549487e-04
4.207499025143619065e+01 9.281226357569247274e-04
4.248427665038425260e+01 8.962109677670987038e-04
4.289754440156466586e+01 8.651346581978335178e-04
4.331483223376402947e+01 8.348577746899597980e-04
4.373617925250492533e+01 8.053714444498554295e-04
4.416162494371084790e+01 7.766709875289652069e-04
4.459120917740628443e+01 7.487276387500449654e-04
4.502497221145327444e+01 7.215306054585415504e-04
4.546295469532399380e+01 6.950696555834756174e-04
4.590519767391037220e+01 6.693428034405459349e-04
4.635174259137027519e+01 6.443193852926561464e-04
4.680263129501155817e+01 6.199899125595777520e-04
4.725790603921362276e+01 5.963529372715272890e-04
4.771760948938745628e+01 5.733799745325944336e-04
4.818178472597362827e+01 5.510637644449072970e-04
4.865047524847972937e+01 5.293934149341831142e-04
4.912372497955678341e+01 5.083573836372380509e-04
4.960157826911540724e+01 4.879409128954815601e-04
5.008407989848212338e+01 4.681347081484393976e-04
5.057127508459573306e+01 4.489199163475190665e-04
5.106320948424492911e+01 4.302910914397929296e-04
5.155992919834686461e+01 4.122343656632130172e-04
5.206148077626762216e+01 3.947368762013896788e-04
5.256791122018424289e+01 3.777906096999367777e-04
5.307926798948964375e+01 3.613816999538039848e-04
5.359559900524011766e+01 3.454988877502683888e-04
5.411695265464637572e+01 3.301297989428535759e-04
5.464337779560780461e+01 3.152649858555614071e-04
5.517492376129128928e+01 3.008916576482755347e-04
5.571164036475430237e+01 2.870081931485236513e-04
5.625357790361330501e+01 2.735871860533769639e-04
5.680078716475694733e+01 2.606328779444927750e-04
5.735331942910571712e+01 2.481240369179821379e-04
5.791122647641758192e+01 2.360595379219479495e-04
5.847456059014062646e+01 2.244272755100032641e-04
5.904337456231242243e+01 2.132103481187967557e-04
5.961772169850755887e+01 2.024079033448238725e-04
6.019765582283304184e+01 1.920037067777848961e-04
6.078323128297230227e+01 1.819922088471024419e-04
6.137450295527852973e+01 1.723641034555500808e-04
6.197152624991698389e+01 1.630993975861060920e-04
6.257435711605789663e+01 1.542077002611806213e-04
6.318305204711957401e+01 1.456695019804380288e-04
6.379766808606282069e+01 1.374719032052808699e-04
6.441826283073628190e+01 1.296122309799158903e-04
6.504489443927437264e+01 1.220779263030201043e-04
6.567762163554736787e+01 1.148624787578231119e-04
6.631650371466487570e+01 1.079573198561328959e-04
6.696160054853221766e+01 1.013545425065672900e-04
6.761297259146149941e+01 9.504247744767220724e-05
6.827068088583682481e+01 8.901743408041307170e-05
6.893478706783510290e+01 8.326729839860245910e-05
6.960535337320180815e+01 7.778633106458745052e-05
7.028244264308352740e+01 7.256581775398229415e-05
7.096611832991698066e+01 6.760148701372362535e-05
7.165644450337531168e+01 6.287884537757588825e-05
7.235348585637258623e+01 5.839697567087831910e-05
7.305730771112592947e+01 5.414272799627419593e-05
7.376797602527737752e+01 5.011474394071572711e-05
7.448555739807494547e+01 4.630182847769772996e-05
7.521011907661404905e+01 4.269522780133560576e-05
7.594172896213913759e+01 3.929474105828733953e-05
7.668045561640717267e+01 3.608610771098373410e-05
7.742636826811269657e+01 3.306607670095767647e-05
7.817953681937576960e+01 3.022689023075589786e-05
7.894003185229233566e+01 2.756386114764768739e-05
7.970792463554894880e+01 2.506794964609410117e-05
8.048328713110151966e+01 2.273433276279377343e-05
8.126619200091946027e+01 2.055754624352968722e-05
8.205671261379453085e+01 1.852982557954439968e-05
8.285492305221690401e+01 1.664484572522402245e-05
8.366089811931756515e+01 1.489561043587329605e-05
8.447471334587828551e+01 1.327967721070436826e-05
8.529644499741024788e+01 1.178805260906439249e-05
8.612617008130067120e+01 1.041792553376533069e-05
8.696396635402970787e+01 9.160123641280253843e-06
8.780991232845718741e+01 8.011477029479014786e-06
8.866408728118061333e+01 6.966138920467307906e-06
8.952657125996400111e+01 6.019053461285429936e-06
9.039744509123974581e+01 5.163426804762899508e-06
9.127679038768296493e+01 4.395235522888210366e-06
9.216468955586012157e+01 3.708805739893729586e-06
9.306122580395103228e+01 3.100108410211457951e-06
9.396648314954700254e+01 2.563130136443830990e-06
9.488054642752423717e+01 2.093168982409663735e-06
9.580350129799435877e+01 1.685465121551380756e-06
9.673543425433136633e+01 1.335554682244366790e-06
9.767643263127766318e+01 1.038417556933635533e-06
9.862658461312820180e+01 7.897290402279648655e-07
9.958597924199507645e+01 5.848480142568367958e-07
1.005547064261513555e+02 4.191903071258733696e-07
1.015328569484565975e+02 2.885952747230686554e-07
1.025205224748657002e+02 1.886745339982499943e-07
1.035177955630176285e+02 1.142905205605208302e-07
1.045247696709102172e+02 6.326044822622956563e-08
1.055415391656582784e+02 3.020932853381758185e-08
1.065681993323370733e+02 1.160389397719930425e-08
1.076048463829117878e+02 2.856057772284481310e-09
1.086515774652539505e+02 0.000000000000000000e+00
