1.000000000000000021e-02 1.900053969960281419e+00
1.009727545900835841e-02 1.900050237685042553e+00
1.019549716950923779e-02 1.900046198320772151e+00
1.029467433620748044e-02 1.900041823366370508e+00
1.039481625334708927e-02 1.900037671890031366e+00
1.049593230558227772e-02 1.900033451770789750e+00
1.059803196885688789e-02 1.900033013112796487e+00
1.070112481129246833e-02 1.900028461585382633e+00
1.080522049408488318e-02 1.900023840267712316e+00
1.091032877240974419e-02 1.900019144453534814e+00
1.101645949633656314e-02 1.900011157868517042e+00
1.112362261175187626e-02 1.900006582853893899e+00
1.123182816129126085e-02 1.900001810644128097e+00
1.134108628528052165e-02 1.899996918293584303e+00
1.145140722268592030e-02 1.899991919736276680e+00
1.156280131207376022e-02 1.899986827287297064e+00
1.167527899257919492e-02 1.899981664288056260e+00
1.178885080488457221e-02 1.899976450066403366e+00
1.190352739220719262e-02 1.899971126664112164e+00
1.201931950129673729e-02 1.899965729161083638e+00
1.213623798344241195e-02 1.899960173092736682e+00
1.225429379548980714e-02 1.899954466056296587e+00
1.237349800086776086e-02 1.899948387425294705e+00
1.249386177062509519e-02 1.899942315517770375e+00
1.261539638447754796e-02 1.899936152482644136e+00
1.273811323186478488e-02 1.899929851040905504e+00
1.286202381301779218e-02 1.899924168421775805e+00
1.298713974003655978e-02 1.899917790741771473e+00
1.311347273797833224e-02 1.899911400401853578e+00
1.324103464595636874e-02 1.899904755662331857e+00
1.336983741824946531e-02 1.899897833025026461e+00
1.349989312542219239e-02 1.899890905674524788e+00
1.363121395545611320e-02 1.899883908537144395e+00
1.376381221489191876e-02 1.899875824320063078e+00
1.389770032998276401e-02 1.899868271450538604e+00
1.403289084785873213e-02 1.899859410079222544e+00
1.416939643770268736e-02 1.899851730347467127e+00
1.430722989193757184e-02 1.899843826933735658e+00
1.444640412742520530e-02 1.899835764555444895e+00
1.458693218667675602e-02 1.899827827910561373e+00
1.472882723907502529e-02 1.899820031188668823e+00
1.487210258210860774e-02 1.899811476336140004e+00
1.501677164261799868e-02 1.899802773670404621e+00
1.516284797805393485e-02 1.899793873450299042e+00
1.531034527774784160e-02 1.899784762351772960e+00
1.545927736419477720e-02 1.899775435560880688e+00
1.560965819434872483e-02 1.899765930950981785e+00
1.576150186093060873e-02 1.899754936693425211e+00
1.591482259374891323e-02 1.899745025204681692e+00
1.606963476103326349e-02 1.899734974458231918e+00
1.622595287078087284e-02 1.899724576053654079e+00
1.638379157211618947e-02 1.899714247066721651e+00
1.654316565666366645e-02 1.899703707805275865e+00
1.670409005993399310e-02 1.899694197496195835e+00
1.686657986272368723e-02 1.899682779336496763e+00
1.703065029252844378e-02 1.899671574160624932e+00
1.719631672497009753e-02 1.899660147888202477e+00
1.736359468523754335e-02 1.899648589505913421e+00
1.753249984954170088e-02 1.899636777035041080e+00
1.770304804658450262e-02 1.899622475578514047e+00
1.787525525904235316e-02 1.899606062638525383e+00
1.804913762506383731e-02 1.899599666279010668e+00
1.822471143978214581e-02 1.899586774811049983e+00
1.840199315684210371e-02 1.899572544199389590e+00
1.858099938994215231e-02 1.899558509363569181e+00
1.876174691439120440e-02 1.899544504695708902e+00
1.894425266868081034e-02 1.899530274554314779e+00
1.912853375607242307e-02 1.899515825454177742e+00
1.931460744620030340e-02 1.899501169438020387e+00
1.950249117668984011e-02 1.899486290451526616e+00
1.969220255479172538e-02 1.899471200317501385e+00
1.988375935903200636e-02 1.899455893849426591e+00
2.007717954087816226e-02 1.899440441971098625e+00
2.027248122642137662e-02 1.899424528170624793e+00
2.046968271807520987e-02 1.899408375641642888e+00
2.066880249629082095e-02 1.899392021859552138e+00
2.086985922128879734e-02 1.899375290693753104e+00
2.107287173480786382e-02 1.899358261664512826e+00
2.127785906187062287e-02 1.899340838011385868e+00
2.148484041256648255e-02 1.899323019025817905e+00
2.169383518385184506e-02 1.899305048795228990e+00
2.190486296136792688e-02 1.899286612213068492e+00
2.211794352127614133e-02 1.899267837148101767e+00
2.233309683211144592e-02 1.899248794683697117e+00
2.255034305665360936e-02 1.899229474269822582e+00
2.276970255381680075e-02 1.899210629416708374e+00
2.299119588055741764e-02 1.899189331558879035e+00
2.321484379380064564e-02 1.899168537738848528e+00
2.344066725238556220e-02 1.899147498181439797e+00
2.366868741902936057e-02 1.899125879237282044e+00
2.389892566231050300e-02 1.899103968249475693e+00
2.413140355867127856e-02 1.899081441798354364e+00
2.436614289443983158e-02 1.899058385210444344e+00
2.460316566787181664e-02 1.899034816723697672e+00
2.484249409121190577e-02 1.899010696032145562e+00
2.508415059277539771e-02 1.898986114741485265e+00
2.532815781905008515e-02 1.898960903108598774e+00
2.557453863681850847e-02 1.898935361013116552e+00
2.582331613530085626e-02 1.898909454345493408e+00
2.607451362831877603e-02 1.898882909882786185e+00
2.632815465648021339e-02 1.898855781344539917e+00
2.658426298938541474e-02 1.898828075323219400e+00
2.684286262785454819e-02 1.898800097145039389e+00
2.710397780617682106e-02 1.898768550359119844e+00
2.736763299438163891e-02 1.898738805990911827e+00
2.763385290053169824e-02 1.898708602301741211e+00
2.790266247303856487e-02 1.898678314882644269e+00
2.817408690300057458e-02 1.898649686808507209e+00
2.844815162656363222e-02 1.898614448160250712e+00
2.872488232730495070e-02 1.898585050188277945e+00
2.900430493863991738e-02 1.898552240751800513e+00
2.928644564625237229e-02 1.898519663981332428e+00
2.957133089054861039e-02 1.898485949615444035e+00
2.985898736913520854e-02 1.898451506042654557e+00
3.014944203932094433e-02 1.898416329579416750e+00
3.044272212064302874e-02 1.898376529630807275e+00
3.073885509741795460e-02 1.898344001118712043e+00
3.103786872131722788e-02 1.898306315363295527e+00
3.133979101396793671e-02 1.898267768894168261e+00
3.164465026957891114e-02 1.898228365868158463e+00
3.195247505759213347e-02 1.898188362799141382e+00
3.226329422536015901e-02 1.898147547154054982e+00
3.257713690084949876e-02 1.898106901262737845e+00
3.289403249537032475e-02 1.898063637266595771e+00
3.321401070633261954e-02 1.898019709096984586e+00
3.353710152002930406e-02 1.897976628576254710e+00
3.386333521444636480e-02 1.897932343839412228e+00
3.419274236210027851e-02 1.897887048492560069e+00
3.452535383290306070e-02 1.897841338412967316e+00
3.486120079705520153e-02 1.897794113408976191e+00
3.520031472796678745e-02 1.897745952526740387e+00
3.554272740520694751e-02 1.897696847402305265e+00
3.588847091748199186e-02 1.897648893005767556e+00
3.623757766564258964e-02 1.897597907032417153e+00
3.659008036572020811e-02 1.897546152308996703e+00
3.694601205199302130e-02 1.897493241306046130e+00
3.730540608008161424e-02 1.897439267935890017e+00
3.766829613007490613e-02 1.897381667991875132e+00
3.803471620968648659e-02 1.897327759031401495e+00
3.840470065744145539e-02 1.897270353386431907e+00
3.877828414589457040e-02 1.897211890107252108e+00
3.915550168487941241e-02 1.897152369726377463e+00
3.953638862478930927e-02 1.897091625341591703e+00
3.992098065989020672e-02 1.897029366354082480e+00
4.030931383166566628e-02 1.896966021298063243e+00
4.070142453219438572e-02 1.896901444874875109e+00
4.109734950756069316e-02 1.896835341195445057e+00
4.149712586129815362e-02 1.896767768708955026e+00
4.190079105786669034e-02 1.896698668389223075e+00
4.230838292616342228e-02 1.896628408162827295e+00
4.271993966306778662e-02 1.896556436432683235e+00
4.313549983702118923e-02 1.896483382513288962e+00
4.355510239164130798e-02 1.896410408111619317e+00
4.397878664937160398e-02 1.896334057033775000e+00
4.440659231516640160e-02 1.896257397065248762e+00
4.483855948021186338e-02 1.896178975592816451e+00
4.527472862568297785e-02 1.896099184340897859e+00
4.571514062653719151e-02 1.896017963970786591e+00
4.615983675534499064e-02 1.895935062025535078e+00
4.660885868615767536e-02 1.895848264001808836e+00
4.706224849841281199e-02 1.895761675399613821e+00
4.752004868087766204e-02 1.895676590653335936e+00
4.798230213563085128e-02 1.895583450002900738e+00
4.844905218208294534e-02 1.895496119735384566e+00
4.892034256103611894e-02 1.895399737610345081e+00
4.939621743878321036e-02 1.895305740003262907e+00
4.987672141124663283e-02 1.895209685081013617e+00
5.036189950815770505e-02 1.895113426361745512e+00
5.085179719727656034e-02 1.895014686489013833e+00
5.134646038865306461e-02 1.894912438137510202e+00
5.184593543892913187e-02 1.894808025673138330e+00
5.235026915568305461e-02 1.894700997704464651e+00
5.285950880181603667e-02 1.894591099742565010e+00
5.337370209998133774e-02 1.894480945620587109e+00
5.389289723705643909e-02 1.894368698036122289e+00
5.441714286865893119e-02 1.894253960554980409e+00
5.494648812370611646e-02 1.894136781749451881e+00
5.548098260901916656e-02 1.894017340902445889e+00
5.602067641397187603e-02 1.893892987640756198e+00
5.656562011518465050e-02 1.893768162284490852e+00
5.711586478126431943e-02 1.893643586355362451e+00
5.767146197758996756e-02 1.893516905613856771e+00
5.823246377114527778e-02 1.893384669617108829e+00
5.879892273539785025e-02 1.893249803415408161e+00
5.937089195522609469e-02 1.893111937440477455e+00
5.994842503189409116e-02 1.892971490477967977e+00
6.053157608807464840e-02 1.892828249533794915e+00
6.112039977292132997e-02 1.892685879664632420e+00
6.171495126718981594e-02 1.892535891371124768e+00
6.231528628840921763e-02 1.892388689408685210e+00
6.292146109610344262e-02 1.892235251289567932e+00
6.353353249706343575e-02 1.892078802217297850e+00
6.415155785067082339e-02 1.891918232132061339e+00
6.477559507427335661e-02 1.891756462544041284e+00
6.540570264861225724e-02 1.891591214472896132e+00
6.604193962330305590e-02 1.891422635736055069e+00
6.668436562236895737e-02 1.891250624299672944e+00
6.733304084982863480e-02 1.891075091787188356e+00
6.798802609533814711e-02 1.890895575958431829e+00
6.864938273988777095e-02 1.890710601981105077e+00
6.931717276155408003e-02 1.890527851357195477e+00
6.999145874130821565e-02 1.890337583534496657e+00
7.067230386888070925e-02 1.890142717540669981e+00
7.135977194868306506e-02 1.889944717719158618e+00
7.205392740578704658e-02 1.889744799681377652e+00
7.275483529196229149e-02 1.889540029638637098e+00
7.346256129177256011e-02 1.889331193363426697e+00
7.417717172873124210e-02 1.889117637331512833e+00
7.489873357151664857e-02 1.888902113884836087e+00
7.562731444024800576e-02 1.888680639777094994e+00
7.636298261282241373e-02 1.888454568265881095e+00
7.710580703131336699e-02 1.888226356119387050e+00
7.785585730843146146e-02 1.887993535352832541e+00
7.861320373404813433e-02 1.887754218830739683e+00
7.937791728178281159e-02 1.887511407713295286e+00
8.015006961565404597e-02 1.887264737767849976e+00
8.092973309679550586e-02 1.887011941504251444e+00
8.171698079023696770e-02 1.886754327356135796e+00
8.251188647175167201e-02 1.886491881518711944e+00
8.331452463477014014e-02 1.886224257383512182e+00
8.412497049736118726e-02 1.885951152540795706e+00
8.494330000928071445e-02 1.885672289846953342e+00
8.576958985908941790e-02 1.885388172032588683e+00
8.660391748133952627e-02 1.885098069123986919e+00
8.744636106383144036e-02 1.884804366572898626e+00
8.829699955494091368e-02 1.884503103525910550e+00
8.915591267101763417e-02 1.884198445931747345e+00
9.002318090385581784e-02 1.883888962597588757e+00
9.089888552823731371e-02 1.883573082052403036e+00
9.178310860954806694e-02 1.883248713931316320e+00
9.267593301146882789e-02 1.882918747831906714e+00
9.357744240374062106e-02 1.882581826013564719e+00
9.448772127000577836e-02 1.882241032134299497e+00
9.540685491572513388e-02 1.881888505334182504e+00
9.633492947617222635e-02 1.881534424377609760e+00
9.727203192450542546e-02 1.881171677979886159e+00
9.821825007991856482e-02 1.880802383925943344e+00
9.917367261587073379e-02 1.880423399411413232e+00
1.001383890683960748e-01 1.880039746821860369e+00
1.011124898444945991e-01 1.879648452391804669e+00
1.020960662306047012e-01 1.879249013737211982e+00
1.030892104011576216e-01 1.878841947589342309e+00
1.040920154272158005e-01 1.878427313141463273e+00
1.051045752851944987e-01 1.878005237533699967e+00
1.061269848656690717e-01 1.877573019358200090e+00
1.071593399822671072e-01 1.877135887653107238e+00
1.082017373806478805e-01 1.876687086275638405e+00
1.092542747475682557e-01 1.876230960140390369e+00
1.103170507200377515e-01 1.875767530793857052e+00
1.113901648945616746e-01 1.875295446780638642e+00
1.124737178364751955e-01 1.874813221682979147e+00
1.135678110893671017e-01 1.874321280003813150e+00
1.146725471845963656e-01 1.873819705769319333e+00
1.157880296509002094e-01 1.873310955047110982e+00
1.169143630240966764e-01 1.872789132379001575e+00
1.180516528568804902e-01 1.872257026593756590e+00
1.192000057287153220e-01 1.871721746696292543e+00
1.203595292558212876e-01 1.871171337163431314e+00
1.215303321012602134e-01 1.870611217159534823e+00
1.227125239851190319e-01 1.870039645619389734e+00
1.239062156947916271e-01 1.869456166143814269e+00
1.251115190953615564e-01 1.868863318106370963e+00
1.263285471400849291e-01 1.868259212616004694e+00
1.275574138809759950e-01 1.867642940190884060e+00
1.287982344794950385e-01 1.867014232704279353e+00
1.300511252173409127e-01 1.866373915390452609e+00
1.313162035073478784e-01 1.865723304003785721e+00
1.325935879044890797e-01 1.865060443157438463e+00
1.338833981169864351e-01 1.864383902292438000e+00
1.351857550175293021e-01 1.863694078444043001e+00
1.365007806546013891e-01 1.862992463032950186e+00
1.378285982639189389e-01 1.862275938557095278e+00
1.391693322799789911e-01 1.861546339932299565e+00
1.405231083477211373e-01 1.860803660272608795e+00
1.418900533343016301e-01 1.860047209799542411e+00
1.432702953409830948e-01 1.859277348064850566e+00
1.446639637151387880e-01 1.858493481168258521e+00
1.460711890623745679e-01 1.857694211346856861e+00
1.474921032587684921e-01 1.856876634716565055e+00
1.489268394632288772e-01 1.856046866136288997e+00
1.503755321299738434e-01 1.855202265200301959e+00
1.518383170211306810e-01 1.854341845443783221e+00
1.533153312194593942e-01 1.853464775211466131e+00
1.548067131411984265e-01 1.852570995532270004e+00
1.563126025490369497e-01 1.851658685971267593e+00
1.578331405652117214e-01 1.850731743156486475e+00
1.593684696847328941e-01 1.849788256678193132e+00
1.609187337887370006e-01 1.848826953255111594e+00
1.624840781579713067e-01 1.847847431677890340e+00
1.640646494864078653e-01 1.846846271528726602e+00
1.656605958949914359e-01 1.845827375814971250e+00
1.672720669455196874e-01 1.844793854568415936e+00
1.688992136546599021e-01 1.843740655785426119e+00
1.705421885081006561e-01 1.842662579840251613e+00
1.722011454748421100e-01 1.841568852324784400e+00
1.738762400216251336e-01 1.840456984333930679e+00
1.755676291275001522e-01 1.839320649963979815e+00
1.772754712985387948e-01 1.838166285411243273e+00
1.789999265826875408e-01 1.836991982587313554e+00
1.807411565847668600e-01 1.835792433366488341e+00
1.824993244816152382e-01 1.834571978869959041e+00
1.842745950373816666e-01 1.833329519352115300e+00
1.860671346189656239e-01 1.832065079117470408e+00
1.878771112116086051e-01 1.830774794788532001e+00
1.897046944346358344e-01 1.829462912098517080e+00
1.915500555573527997e-01 1.828127511480372558e+00
1.934133675150944698e-01 1.826766730944960226e+00
1.952948049254327745e-01 1.825382699593752100e+00
1.971945441045395986e-01 1.823971985776329907e+00
1.991127630837108697e-01 1.822535165034033788e+00
2.010496416260497965e-01 1.821073945891946266e+00
2.030053612433137811e-01 1.819590110560080243e+00
2.049801052129238688e-01 1.818077493311873072e+00
2.069740585951406198e-01 1.816533833624990546e+00
2.089874082504071251e-01 1.814965405412874100e+00
2.110203428568595552e-01 1.813367143400521631e+00
2.130730529280097374e-01 1.811740454274319179e+00
2.151457308305980698e-01 1.810086996360809053e+00
2.172385708026215445e-01 1.808402965838289189e+00
2.193517689715359098e-01 1.806688892755498932e+00
2.214855233726360506e-01 1.804944946860209676e+00
2.236400339676138660e-01 1.803169284568865383e+00
2.258155026632983065e-01 1.801359930346619009e+00
2.280121333305757114e-01 1.799522464952649559e+00
2.302301318234963867e-01 1.797650689657711576e+00
2.324697059985647851e-01 1.795746090386498350e+00
2.347310657342196183e-01 1.793811109725352626e+00
2.370144229505012079e-01 1.791839000033048857e+00
2.393199916289123208e-01 1.789833271965234118e+00
2.416479878324700736e-01 1.787792848943451141e+00
2.439986297259550130e-01 1.785716460910383052e+00
2.463721375963552895e-01 1.783603642343824403e+00
2.487687338735107279e-01 1.781455708962292217e+00
2.511886431509580686e-01 1.779271779159920852e+00
2.536320922069775774e-01 1.777048539098807556e+00
2.560993100258459609e-01 1.774783948815921164e+00
2.585905278192945911e-01 1.772483365764287111e+00
2.611059790481781162e-01 1.770145042356157328e+00
2.636458994443517945e-01 1.767766663670755856e+00
2.662105270327638773e-01 1.765346689167563765e+00
2.688001021537606006e-01 1.762885485302274180e+00
2.714148674856106669e-01 1.760383347835980716e+00
2.740550680672460548e-01 1.757863351847684497e+00
2.767209513212268712e-01 1.755243562554226422e+00
2.794127670769268601e-01 1.752620656545143651e+00
2.821307675939472293e-01 1.749945676231065228e+00
2.848752075857552413e-01 1.747222932429721265e+00
2.876463442435557849e-01 1.744471442495709290e+00
2.904444372603925406e-01 1.741652623258645782e+00
2.932697488554852905e-01 1.738797254221934985e+00
2.961225437988035947e-01 1.735966391195809644e+00
2.990030894358785551e-01 1.732942312162304654e+00
3.019116557128577738e-01 1.729942585189393478e+00
3.048485152018017286e-01 1.726894100287968969e+00
3.078139431262288950e-01 1.723799266081592840e+00
3.108082173869063936e-01 1.720652243276507232e+00
3.138316185878944342e-01 1.717452999841946548e+00
3.168844300628416155e-01 1.714204222082614359e+00
3.199669379015380732e-01 1.710904789780588464e+00
3.230794309767249795e-01 1.707550040929715962e+00
3.262222009711669979e-01 1.704143204846666038e+00
3.293955424049855307e-01 1.700680659741194090e+00
3.325997526632606949e-01 1.697171068042315767e+00
3.358351320238990301e-01 1.693605464206478617e+00
3.391019836857747105e-01 1.689979099491936587e+00
3.424006137971423724e-01 1.686294435297826411e+00
3.457313314843284413e-01 1.682556189234930555e+00
3.490944488806992929e-01 1.678766153326899380e+00
3.524902811559130766e-01 1.674912373074853189e+00
3.559191465454557002e-01 1.671000837105382164e+00
3.593813663804627523e-01 1.667030578721645506e+00
3.628772651178337472e-01 1.663000471618683029e+00
3.664071703706370808e-01 1.658911966092427415e+00
3.699714129388128048e-01 1.654760460433008173e+00
3.735703268401719401e-01 1.650549438686417236e+00
3.772042493416999376e-01 1.646273100395324596e+00
3.808735209911614517e-01 1.641937430326337433e+00
3.845784856490158665e-01 1.637537769459378678e+00
3.883194905206404091e-01 1.633072935760388589e+00
3.920968861888690649e-01 1.628551705324124299e+00
3.959110266468458539e-01 1.623956218586819933e+00
3.997622693312000708e-01 1.619297947113253811e+00
4.036509751555413805e-01 1.614575165033880877e+00
4.075775085442840395e-01 1.609787293939816788e+00
4.115422374667966343e-01 1.604932455342735986e+00
4.155455334718875515e-01 1.600007493984561213e+00
4.195877717226225712e-01 1.595019914824419738e+00
4.236693310314835759e-01 1.589959938998935618e+00
4.277905938958687093e-01 1.584835438575763922e+00
4.319519465339363706e-01 1.579641568835703058e+00
4.361537789208005944e-01 1.574374792046740357e+00
4.403964848250754294e-01 1.569041363057596339e+00
4.446804618457780300e-01 1.563639577443784789e+00
4.490061114495874639e-01 1.558166857481000589e+00
4.533738390084691150e-01 1.552620825142843497e+00
4.577840538376618529e-01 1.547008053333189803e+00
4.622371692340384031e-01 1.541319875476315326e+00
4.667336025148346446e-01 1.535559782809811757e+00
4.712737750567601580e-01 1.529734317148317535e+00
4.758581123354846953e-01 1.523831650540538041e+00
4.804870439655131720e-01 1.517858031977854072e+00
4.851610037404442966e-01 1.511815161338620594e+00
4.898804296736250508e-01 1.505696107566182329e+00
4.946457640391963562e-01 1.499505226692211979e+00
4.994574534135413635e-01 1.493244313688956382e+00
5.043159487171361421e-01 1.486909721365850201e+00
5.092217052568053237e-01 1.480500127830595813e+00
5.141751827683928022e-01 1.474022848254781692e+00
5.191768454598426619e-01 1.467469592796510014e+00
5.242271620547044320e-01 1.460840144695358722e+00
5.293266058360561743e-01 1.454145071763292218e+00
5.344756546908600026e-01 1.447371553349769302e+00
5.396747911547442600e-01 1.440530545107559401e+00
5.449245024572260121e-01 1.433615876430482938e+00
5.502252805673685243e-01 1.426626237680005627e+00
5.555776222398878250e-01 1.419567129102440539e+00
5.609820290617031358e-01 1.412436735826563483e+00
5.664390074989449353e-01 1.405238097406052322e+00
5.719490689444144405e-01 1.397964497616914104e+00
5.775127297655114900e-01 1.390621164266275134e+00
5.831305113526221717e-01 1.383207623914222140e+00
5.888029401679826247e-01 1.375724349577662320e+00
5.945305477950136863e-01 1.368172944765521759e+00
6.003138709881384871e-01 1.360554370864757168e+00
6.061534517230839914e-01 1.352864827605575693e+00
6.120498372476699256e-01 1.345108290916942506e+00
6.180035801330957534e-01 1.337286081913569458e+00
6.240152383257209223e-01 1.329397833125077533e+00
6.300853751993553686e-01 1.321442733946298187e+00
6.362145596080520660e-01 1.313423396184328018e+00
6.424033659394193796e-01 1.305338016051237338e+00
6.486523741684461219e-01 1.297194187105973784e+00
6.549621699118558515e-01 1.288984865766118704e+00
6.613333444829840868e-01 1.280711457026622702e+00
6.677664949471955325e-01 1.272381257276272493e+00
6.742622241778342129e-01 1.263991423321390695e+00
6.808211409127237213e-01 1.255542903684666145e+00
6.874438598112112553e-01 1.247033823245532469e+00
6.941310015117725385e-01 1.238472536288253378e+00
7.008831926901714082e-01 1.229852257132137083e+00
7.077010661181889484e-01 1.221180311655808204e+00
7.145852607229240538e-01 1.212455005537469432e+00
7.215364216466665370e-01 1.203677114510683044e+00
7.285552003073593186e-01 1.194848403366068235e+00
7.356422544596413760e-01 1.185971994574788857e+00
7.427982482564918776e-01 1.177049106037333814e+00
7.500238523114668432e-01 1.168075964155331326e+00
7.573197437615483141e-01 1.159061999492586592e+00
7.646866063305975958e-01 1.149997461775844609e+00
7.721251303934327792e-01 1.140903483501387372e+00
7.796360130405233235e-01 1.131754718321422271e+00
7.872199581433195759e-01 1.122575579537004264e+00
7.948776764202123424e-01 1.113356050450825752e+00
8.026098855031396084e-01 1.104099513470327087e+00
8.104173100048355227e-01 1.094814035208600433e+00
8.183006815867394090e-01 1.085488589031053275e+00
8.262607390275591435e-01 1.076140859536212746e+00
8.342982282925082149e-01 1.066755658391426831e+00
8.424139026032094746e-01 1.057348583904081263e+00
8.506085225082840040e-01 1.047914655760441960e+00
8.588828559546254349e-01 1.038452222427995286e+00
8.672376783593644944e-01 1.028976047851350550e+00
8.756737726825394308e-01 1.019471978537747292e+00
8.841919295004664336e-01 1.009955277800101081e+00
8.927929470798307010e-01 1.000418264857995565e+00
9.014776314524917122e-01 9.908670617063248809e-01
9.102467964910225806e-01 9.813052358705151024e-01
9.191012639849772681e-01 9.717311048169612331e-01
9.280418637179072006e-01 9.621461783027521752e-01
9.370694335451198453e-01 9.525570402744136800e-01
9.461848194722002336e-01 9.429626281018657075e-01
9.553888757342895444e-01 9.333611022444020522e-01
9.646824648761427312e-01 9.237642402300929589e-01
9.740664578329562007e-01 9.141651541023166905e-01
9.835417340119908536e-01 9.045670078782602763e-01
9.931091813749796104e-01 8.949757999146884524e-01
1.002769696521346621e+00 8.853892512991895503e-01
1.012524184772224167e+00 8.758150985167230118e-01
1.022373560255302127e+00 8.662471748656306314e-01
1.032318745990486564e+00 8.566920825836764619e-01
1.042360673976402197e+00 8.471518523690185765e-01
1.052500285277732761e+00 8.376312583976202042e-01
1.062738530113414459e+00 8.281231608851097326e-01
1.073076367945679621e+00 8.186368311507391526e-01
1.083514767569973225e+00 8.091755419048013431e-01
1.094054707205742494e+00 7.997313605223387301e-01
1.104697174588111785e+00 7.902957848524262419e-01
1.115443167060441221e+00 7.809288166939207798e-01
1.126293691667795249e+00 7.715722555720369025e-01
1.137249765251314271e+00 7.622405756034522639e-01
1.148312414543511073e+00 7.529472745506583520e-01
1.159482676264482759e+00 7.436885829502130063e-01
1.170761597219069250e+00 7.344656427146117883e-01
1.182150234394952371e+00 7.252770177567986476e-01
1.193649655061713055e+00 7.161292684129314523e-01
1.205260936870842681e+00 7.070325391142662230e-01
1.216985167956738056e+00 6.979582481675119521e-01
1.228823447038673411e+00 6.889420602455961218e-01
1.240776883523764251e+00 6.799184248829223121e-01
1.252846597610937529e+00 6.710431367186201479e-01
1.265033720395903893e+00 6.621645699510364524e-01
1.277339393977160009e+00 6.533387253255602545e-01
1.289764771563017165e+00 6.445618924450223775e-01
1.302311017579677488e+00 6.358423484938806602e-01
1.314979307780347773e+00 6.271723801847284285e-01
1.327770829355430449e+00 6.185607763014147054e-01
1.340686781043774811e+00 6.099574282360455957e-01
1.353728373245021821e+00 6.014981473133523826e-01
1.366896828133026487e+00 5.930673284454125449e-01
1.380193379770397355e+00 5.846906945495236041e-01
1.393619274224142002e+00 5.763725048551220365e-01
1.407175769682446731e+00 5.681208043537290253e-01
1.420864136572576708e+00 5.599293184442492022e-01
1.434685657679937831e+00 5.518038468207662195e-01
1.448641628268290127e+00 5.437408809854742398e-01
1.462733356201129986e+00 5.357482557659642985e-01
1.476962162064259898e+00 5.278209463171847915e-01
1.491329379289537682e+00 5.199628605339288168e-01
1.505836354279841416e+00 5.121701740378625800e-01
1.520484446535244283e+00 5.044495981617382885e-01
1.535275028780422657e+00 4.967993694135629523e-01
1.550209487093291205e+00 4.892175222699138848e-01
1.565289221034902312e+00 4.817100219273686146e-01
1.580515643780601165e+00 4.742706985208979820e-01
1.595890182252465817e+00 4.669089694236501775e-01
1.611414277253019778e+00 4.596151523497961078e-01
1.627089383600260675e+00 4.523993671275601258e-01
1.642916970263993193e+00 4.452543537705392906e-01
1.658898520503498064e+00 4.381816768876928836e-01
1.675035532006524441e+00 4.311871557980576641e-01
1.691329517029648732e+00 4.242672833783326380e-01
1.707782002539993016e+00 4.174192397943083388e-01
1.724394530358320354e+00 4.106488363340346504e-01
1.741168657303530987e+00 4.039525265126470699e-01
1.758105955338547632e+00 3.973340361197392756e-01
1.775208011717636092e+00 3.907896648324984956e-01
1.792476429135148930e+00 3.843137243201184550e-01
1.809912825875727105e+00 3.779274307380509623e-01
1.827518835965944666e+00 3.716044779788675867e-01
1.845296109327445366e+00 3.653692856970074399e-01
1.863246311931559873e+00 3.592031425345782458e-01
1.881371125955437096e+00 3.531138273047505494e-01
1.899672249939675650e+00 3.470970208350619979e-01
1.918151398947507635e+00 3.411120399254842228e-01
1.936810304725519849e+00 3.352967639769027230e-01
1.955650715865949074e+00 3.295035058012676932e-01
1.974674397970537454e+00 3.237905854039397902e-01
1.993883133816001019e+00 3.181497434291210569e-01
2.013278723521096492e+00 3.125861986665837700e-01
2.032862984715323673e+00 3.070941803643800205e-01
2.052637752709252084e+00 3.016760312510726183e-01
2.072604880666519822e+00 2.963300096887147572e-01
2.092766239777499759e+00 2.910577802147829019e-01
2.113123719434652603e+00 2.858597289921435136e-01
2.133679227409597701e+00 2.807324003805918289e-01
2.154434690031884259e+00 2.756766838333489233e-01
2.175392052369522489e+00 2.706908293697986578e-01
2.196553278411258248e+00 2.657778183767912084e-01
2.217920351250634692e+00 2.609351962542798553e-01
2.239495273271823184e+00 2.561623832299331216e-01
2.261280066337279404e+00 2.514570064966716867e-01
2.283276771977218012e+00 2.468112956763003074e-01
2.305487451580938707e+00 2.422551558404423266e-01
2.327914186589993051e+00 2.377192579854063015e-01
2.350559078693253756e+00 2.333242734059956247e-01
2.373424250023866033e+00 2.289581346151846331e-01
2.396511843358130278e+00 2.246588571267573720e-01
2.419824022316292567e+00 2.203989554769949788e-01
2.443362971565319341e+00 2.162561778709231330e-01
2.467130897023623426e+00 2.121518013533766900e-01
2.491130026067788439e+00 2.081096919495721287e-01
2.515362607741312928e+00 2.041316368045129614e-01
2.539830912965362675e+00 2.002161557968446248e-01
2.564537234751594674e+00 1.963622080607909659e-01
2.589483888417040802e+00 1.925666108001129195e-01
2.614673211801092023e+00 1.888364557265479471e-01
2.640107565484572927e+00 1.851639662203365122e-01
2.665789333010967876e+00 1.815504653297096704e-01
2.691720921109787668e+00 1.779951658922174496e-01
2.717904759922122881e+00 1.744981809924376348e-01
2.744343303228365283e+00 1.710579863710877946e-01
2.771039028678170535e+00 1.676748651001960522e-01
2.797994438022641805e+00 1.643475750361836907e-01
2.825212057348790218e+00 1.610751754816333869e-01
2.852694437316245057e+00 1.578575041047797223e-01
2.880444153396297668e+00 1.546895782988361168e-01
2.908463806113254169e+00 1.515823100841242610e-01
2.936756021288137397e+00 1.485209407608679144e-01
2.965323450284773621e+00 1.455175001287991599e-01
2.994168770258243573e+00 1.425631012410778775e-01
3.023294684405779531e+00 1.396579388496159424e-01
3.052703922220086241e+00 1.368039104233643166e-01
3.082399239745143404e+00 1.339957129205987807e-01
3.112383419834465759e+00 1.312399774888068082e-01
3.142659272411905569e+00 1.285315823467332585e-01
3.173229634734976212e+00 1.258630067584602663e-01
3.204097371660752813e+00 1.232555732765602263e-01
3.235265375914330388e+00 1.206826734660387535e-01
3.266736568359921655e+00 1.181533033386040071e-01
3.298513898274578082e+00 1.156826986987892769e-01
3.330600343624588788e+00 1.132470220129044303e-01
3.362998911344535991e+00 1.108554522122626590e-01
3.395712637619100693e+00 1.085031872364253802e-01
3.428744588167585317e+00 1.061996542426902196e-01
3.462097858531227423e+00 1.039347861371530818e-01
3.495775574363275240e+00 1.017106905447705545e-01
3.529780891721914671e+00 9.952536831891330149e-02
3.564116997366032269e+00 9.738476053666282606e-02
3.598787109053855460e+00 9.527843337758738762e-02
3.633794475844513094e+00 9.321163829266772283e-02
3.669142378402494131e+00 9.118340347092203368e-02
3.704834129305105694e+00 8.919269788488341788e-02
3.740873073352900313e+00 8.723649304525228632e-02
3.777262587883141176e+00 8.531900814186038629e-02
3.814006083086284082e+00 8.343901876030043741e-02
3.851107002325572903e+00 8.159203979039765520e-02
3.888568822459721019e+00 7.977917351561672477e-02
3.926395054168756449e+00 7.800223830877729692e-02
3.964589242282997805e+00 7.625781158429598139e-02
4.003154966115265445e+00 7.454597075520258409e-02
4.042095839796306045e+00 7.286160207185499171e-02
4.081415512613501662e+00 7.122036878698048690e-02
4.121117669352832635e+00 6.960502847633059931e-02
4.161206030644208020e+00 6.801942084150991441e-02
4.201684353310133346e+00 6.646297898362849010e-02
4.242556430717777438e+00 6.494250941761785245e-02
4.283826093134470270e+00 6.344792256422854271e-02
4.325497208086633627e+00 6.198641730796743132e-02
4.367573680722233398e+00 6.054977736180842257e-02
4.410059454176736615e+00 5.913638895028321824e-02
4.452958509942654963e+00 5.775509242564615120e-02
4.496274868242640110e+00 5.640089750953074937e-02
4.540012588406244554e+00 5.507370248306104471e-02
4.584175769250333765e+00 5.377219523904658988e-02
4.628768549463215365e+00 5.249426809594825299e-02
4.673795107992464004e+00 5.124679400487547332e-02
4.719259664436561863e+00 5.002228828040905517e-02
4.765166479440326341e+00 4.882120790848061553e-02
4.811519855094205766e+00 4.764487938610301176e-02
4.858324135337417360e+00 4.649232135013872669e-02
4.905583706365050922e+00 4.536292106705591687e-02
4.953302997039108924e+00 4.425648770135370835e-02
5.001486479303548727e+00 4.317251584340781739e-02
5.050138668603383785e+00 4.211100465242934021e-02
5.099264124307808288e+00 4.107089749418143393e-02
5.148867450137498025e+00 4.005178174532620511e-02
5.198953294596024399e+00 3.905466756502834480e-02
5.249526351405507718e+00 3.807773241744492193e-02
5.300591359946452030e+00 3.712112245010933814e-02
5.352153105701904501e+00 3.618454937351356371e-02
5.404216420705915347e+00 3.526736672682787704e-02
5.456786183996381823e+00 3.436951716711036248e-02
5.509867322072253160e+00 3.349034169103371622e-02
5.563464809355226137e+00 3.263024871072302269e-02
5.617583668655908191e+00 3.178739705888435074e-02
5.672228971644543094e+00 3.096443201899258188e-02
5.727405839326266346e+00 3.015748258082324995e-02
5.783119442521027054e+00 2.936834939852853502e-02
5.839375002348160315e+00 2.859599038451001579e-02
5.896177790715694478e+00 2.784164773464670173e-02
5.953533130814370189e+00 2.710137192678493956e-02
6.011446397616513337e+00 2.637830525054318809e-02
6.069923018379741464e+00 2.567033829845818266e-02
6.128968473155564034e+00 2.497931467748991385e-02
6.188588295302960063e+00 2.430322343172435645e-02
6.248788072006894012e+00 2.364145443914533393e-02
6.309573444801936049e+00 2.299451921655134429e-02
6.370950110100935149e+00 2.236217533755794490e-02
6.432923819728876502e+00 2.174292035900667400e-02
6.495500381461869033e+00 2.113957720498648926e-02
6.558685659571435345e+00 2.054894309769066812e-02
6.622485575374063238e+00 1.997167825746361952e-02
6.686906107786136921e+00 1.940760093517282167e-02
6.751953293884205287e+00 1.885630799003067820e-02
6.817633229470763112e+00 1.831727294551482518e-02
6.883952069645496330e+00 1.779161307149222659e-02
6.950916029382126382e+00 1.727810869807750935e-02
7.018531384110795912e+00 1.677645115357173297e-02
7.086804470306189430e+00 1.628458060680567504e-02
7.155741686081340980e+00 1.580719554948133501e-02
7.225349491787214085e+00 1.533992478066934298e-02
7.295634410618154320e+00 1.488370355820515731e-02
7.366603029223159460e+00 1.443839638904823724e-02
7.438261998323163482e+00 1.400458011832165367e-02
7.510618033334286459e+00 1.357956681031226125e-02
7.583677914997190683e+00 1.316557793518677820e-02
7.657448490012479958e+00 1.276186167347100400e-02
7.731936671682362316e+00 1.236785512946806526e-02
7.807149440558499798e+00 1.198370026760714642e-02
7.883093845096216690e+00 1.160897041547751841e-02
7.959777002314985417e+00 1.124356912974576635e-02
8.037206098465421888e+00 1.088725821574965114e-02
8.115388389702712146e+00 1.054005983032346022e-02
8.194331202766655053e+00 1.020165641412619853e-02
8.274041935668218883e+00 9.871553178519744051e-03
8.354528058382872047e+00 9.549612154263711905e-03
8.435797113550611570e+00 9.236877319517651161e-03
8.517856717182803905e+00 8.931762472234022060e-03
8.600714559375941093e+00 8.634637400856610620e-03
8.684378405032257220e+00 8.345199098610906960e-03
8.768856094587436090e+00 8.063543582443223265e-03
8.854155544745349715e+00 7.789293557164515130e-03
8.940284749219998162e+00 7.522255025002848143e-03
9.027251779484577909e+00 7.262292901091334414e-03
9.115064785527916769e+00 7.009728145107647912e-03
9.203731996618220279e+00 6.763909960175091586e-03
9.293261722074316111e+00 6.524355699424335200e-03
9.383662352044273902e+00 6.292246587508995917e-03
9.474942358291729150e+00 6.066447303973172139e-03
9.567110294989774388e+00 5.846432668594393756e-03
9.660174799522645017e+00 5.632838671849754036e-03
9.754144593295098531e+00 5.425380624155489058e-03
9.849028482549766039e+00 5.223819005223361879e-03
9.944835359192397917e+00 5.028010019481750706e-03
1.004157420162519543e+01 4.837928528621760101e-03
1.013925407558815373e+01 4.653457949893480446e-03
1.023788413500867378e+01 4.474701225031227358e-03
1.033747362285940774e+01 4.300517630563258954e-03
1.043803187202444072e+01 4.131943777121151185e-03
1.053956830617394580e+01 3.968504769426488103e-03
1.064209244064724658e+01 3.809658523811949599e-03
1.074561388334458023e+01 3.656265461706826973e-03
1.085014233562746178e+01 3.507491088131610250e-03
1.095568759322787855e+01 3.363237077948669478e-03
1.106225954716621906e+01 3.223361668086965198e-03
1.116986818467823817e+01 3.088097411467523399e-03
1.127852359015096795e+01 2.958015232280512136e-03
1.138823594606782130e+01 2.830677185174977108e-03
1.149901553396274245e+01 2.707938314796690463e-03
1.161087273538378994e+01 2.589259798743140210e-03
1.172381803286598512e+01 2.474647540386190180e-03
1.183786201091373513e+01 2.363841799911103273e-03
1.195301535699265827e+01 2.256901005476407047e-03
1.206928886253119870e+01 2.153550326111571076e-03
1.218669342393191712e+01 2.053778400243227477e-03
1.230524004359261525e+01 1.957512569076247724e-03
1.242493983093746479e+01 1.864822508776310932e-03
1.254580400345803248e+01 1.775089253049053160e-03
1.266784388776455827e+01 1.688772381487112359e-03
1.279107092064739781e+01 1.605612193586635839e-03
1.291549665014884063e+01 1.525513946170796269e-03
1.304113273664525430e+01 1.448431360109360107e-03
1.316799095393986185e+01 1.374208935054778207e-03
1.329608319036608854e+01 1.302888454973103556e-03
1.342542144990170527e+01 1.234315610998525580e-03
1.355601785329368880e+01 1.168434616347060074e-03
1.368788463919415221e+01 1.105164986101429738e-03
1.382103416530724438e+01 1.044446895496097504e-03
1.395547890954729020e+01 9.862141906263521742e-04
1.409123147120805619e+01 9.303920467468132808e-04
1.422830457214353395e+01 8.768878900284460395e-04
1.436671105796013137e+01 8.256809899739287568e-04
1.450646389922046886e+01 7.766813303495513025e-04
1.464757619265895272e+01 7.298258841955628223e-04
1.479006116240903168e+01 6.850600964530738574e-04
1.493393216124253264e+01 6.423155714761058770e-04
1.507920267182097263e+01 6.015337307420515200e-04
1.522588630795911513e+01 5.626537970423297957e-04
1.537399681590069456e+01 5.256197605514531523e-04
1.552354807560667105e+01 4.903708572954360934e-04
1.567455410205595001e+01 4.568469259953794517e-04
1.582702904655883280e+01 4.250135006558653080e-04
1.598098719808309376e+01 3.947940329852027462e-04
1.613644298459311699e+01 3.661435604119502247e-04
1.629341097440194730e+01 3.390038276742207116e-04
1.645190587753662470e+01 3.133359333768770166e-04
1.661194254711659113e+01 2.890786429836637210e-04
1.677353598074571295e+01 2.661870267490891407e-04
1.693670132191772026e+01 2.446233567486099476e-04
1.710145386143542012e+01 2.243075235481047233e-04
1.726780903884355922e+01 2.052167432019834706e-04
1.743578244387577669e+01 1.873088552576323640e-04
1.760538981791556523e+01 1.705286353079749333e-04
1.777664705547142532e+01 1.548290081435285399e-04
1.794957020566648254e+01 1.401845192501694577e-04
1.812417547374237614e+01 1.265352197222516174e-04
1.830047922257800863e+01 1.138426183353548815e-04
1.847849797422290763e+01 1.020665035625330566e-04
1.865824841144566193e+01 9.117091535752765955e-05
1.883974737929719367e+01 8.111092413742384025e-05
1.902301188668945642e+01 7.184656721572241938e-05
1.920805910798935301e+01 6.335033805827300672e-05
1.939490638462828542e+01 5.557386809097824941e-05
1.958357122672716955e+01 4.848230136826466800e-05
1.977407131473744428e+01 4.204181366005350408e-05
1.996642450109793288e+01 3.622175249549728748e-05
2.016064881190793656e+01 3.097612250318306306e-05
2.035676244861640072e+01 2.627947167856900930e-05
2.055478378972772546e+01 2.209382464105622947e-05
2.075473139252405730e+01 1.839353380785589765e-05
2.095662399480432825e+01 1.514019460189537281e-05
2.116048051664034446e+01 1.230223825712268330e-05
2.136632006214970403e+01 9.850672346990147458e-06
2.157416192128621546e+01 7.757734214091658372e-06
2.178402557164756459e+01 5.985528458804754371e-06
2.199593068030074861e+01 4.512594740300272948e-06
2.220989710562497521e+01 3.307215642010026817e-06
2.242594489917278011e+01 2.340428461977155290e-06
2.264409430754907504e+01 1.585797874957266281e-06
2.286436577430861306e+01 1.015563948472202813e-06
2.308677994187169702e+01 6.029919085313356823e-07
2.331135765345874944e+01 3.217536119601101538e-07
2.353811995504354471e+01 1.452396676682675225e-07
2.376708809732560823e+01 4.966286896787186893e-08
2.399828353772154799e+01 9.738052119433481189e-09
2.423172794237600769e+01 0.000000000000000000e+00
