1.000000000000000021e-02 1.878045313925807536e+00
1.009727545900835841e-02 1.878041403653940788e+00
1.019549716950923779e-02 1.878037363035671925e+00
1.029467433620748044e-02 1.878033168595763192e+00
1.039481625334708927e-02 1.878029736289799523e+00
1.049593230558227772e-02 1.878025493393886691e+00
1.059803196885688789e-02 1.878021160961341529e+00
1.070112481129246833e-02 1.878016825732799822e+00
1.080522049408488318e-02 1.878012320327548723e+00
1.091032877240974419e-02 1.878006698963406107e+00
1.101645949633656314e-02 1.878001936506018987e+00
1.112362261175187626e-02 1.877997247414285420e+00
1.123182816129126085e-02 1.877991653339229128e+00
1.134108628528052165e-02 1.877986590440300585e+00
1.145140722268592030e-02 1.877981447686101868e+00
1.156280131207376022e-02 1.877976756245072654e+00
1.167527899257919492e-02 1.877972495462763458e+00
1.178885080488457221e-02 1.877967112306301534e+00
1.190352739220719262e-02 1.877961151225915115e+00
1.201931950129673729e-02 1.877956946884447254e+00
1.213623798344241195e-02 1.877951240144607015e+00
1.225429379548980714e-02 1.877944496147119446e+00
1.237349800086776086e-02 1.877938461650999979e+00
1.249386177062509519e-02 1.877932322967274192e+00
1.261539638447754796e-02 1.877924832167324309e+00
1.273811323186478488e-02 1.877918612880945970e+00
1.286202381301779218e-02 1.877912092734129956e+00
1.298713974003655978e-02 1.877905506791375245e+00
1.311347273797833224e-02 1.877899125904070932e+00
1.324103464595636874e-02 1.877891946695372294e+00
1.336983741824946531e-02 1.877885312569125276e+00
1.349989312542219239e-02 1.877878726274657240e+00
1.363121395545611320e-02 1.877871573983592501e+00
1.376381221489191876e-02 1.877864220945964391e+00
1.389770032998276401e-02 1.877856902345683254e+00
1.403289084785873213e-02 1.877849208834537986e+00
1.416939643770268736e-02 1.877841360539312721e+00
1.430722989193757184e-02 1.877886639274037428e+00
1.444640412742520530e-02 1.877824565409516477e+00
1.458693218667675602e-02 1.877816139350068081e+00
1.472882723907502529e-02 1.877807549017272093e+00
1.487210258210860774e-02 1.877798790991514588e+00
1.501677164261799868e-02 1.877789885042394857e+00
1.516284797805393485e-02 1.877780842580632159e+00
1.531034527774784160e-02 1.877771659134772619e+00
1.545927736419477720e-02 1.877762325875063532e+00
1.560965819434872483e-02 1.877753357535912881e+00
1.576150186093060873e-02 1.877743399368595245e+00
1.591482259374891323e-02 1.877733609154679906e+00
1.606963476103326349e-02 1.877723637749820096e+00
1.622595287078087284e-02 1.877713536351865553e+00
1.638379157211618947e-02 1.877703169242793679e+00
1.654316565666366645e-02 1.877692625406919280e+00
1.670409005993399310e-02 1.877681827244908952e+00
1.686657986272368723e-02 1.877670738409795703e+00
1.703065029252844378e-02 1.877659654191900396e+00
1.719631672497009753e-02 1.877648180921255738e+00
1.736359468523754335e-02 1.877636617047789835e+00
1.753249984954170088e-02 1.877624816854921663e+00
1.770304804658450262e-02 1.877613009409782707e+00
1.787525525904235316e-02 1.877600686417709497e+00
1.804913762506383731e-02 1.877588184915245595e+00
1.822471143978214581e-02 1.877575006633830590e+00
1.840199315684210371e-02 1.877562033092830429e+00
1.858099938994215231e-02 1.877549092778926676e+00
1.876174691439120440e-02 1.877535294153732215e+00
1.894425266868081034e-02 1.877521250416925636e+00
1.912853375607242307e-02 1.877506889817138980e+00
1.931460744620030340e-02 1.877492852396984269e+00
1.950249117668984011e-02 1.877478020949975512e+00
1.969220255479172538e-02 1.877462831609047367e+00
1.988375935903200636e-02 1.877447365089872644e+00
2.007717954087816226e-02 1.877431597119924023e+00
2.027248122642137662e-02 1.877415479859214864e+00
2.046968271807520987e-02 1.877399061538092218e+00
2.066880249629082095e-02 1.877382309838584451e+00
2.086985922128879734e-02 1.877365214898398360e+00
2.107287173480786382e-02 1.877347702470294699e+00
2.127785906187062287e-02 1.877327507611746160e+00
2.148484041256648255e-02 1.877309051049415256e+00
2.169383518385184506e-02 1.877290908506484834e+00
2.190486296136792688e-02 1.877271915219999032e+00
2.211794352127614133e-02 1.877252543800603801e+00
2.233309683211144592e-02 1.877232000435541837e+00
2.255034305665360936e-02 1.877211855713517341e+00
2.276970255381680075e-02 1.877194593120920407e+00
2.299119588055741764e-02 1.877173886058774999e+00
2.321484379380064564e-02 1.877153833290808871e+00
2.344066725238556220e-02 1.877132434531898264e+00
2.366868741902936057e-02 1.877110553469216514e+00
2.389892566231050300e-02 1.877088264034741272e+00
2.413140355867127856e-02 1.877065471697386689e+00
2.436614289443983158e-02 1.877042154620112591e+00
2.460316566787181664e-02 1.877018314634244733e+00
2.484249409121190577e-02 1.876993966323853069e+00
2.508415059277539771e-02 1.876969258660416306e+00
2.532815781905008515e-02 1.876945411331481628e+00
2.557453863681850847e-02 1.876918943493641523e+00
2.582331613530085626e-02 1.876892789203350675e+00
2.607451362831877603e-02 1.876864518830194006e+00
2.632815465648021339e-02 1.876838079789882929e+00
2.658426298938541474e-02 1.876811035605953082e+00
2.684286262785454819e-02 1.876783141644707165e+00
2.710397780617682106e-02 1.876754406337145742e+00
2.736763299438163891e-02 1.876725131305128524e+00
2.763385290053169824e-02 1.876695307165803905e+00
2.790266247303856487e-02 1.876664911786468881e+00
2.817408690300057458e-02 1.876636099965999893e+00
2.844815162656363222e-02 1.876604550966361140e+00
2.872488232730495070e-02 1.876572679339248095e+00
2.900430493863991738e-02 1.876540061340117971e+00
2.928644564625237229e-02 1.876506704021831728e+00
2.957133089054861039e-02 1.876472359443910554e+00
2.985898736913520854e-02 1.876437519866080983e+00
3.014944203932094433e-02 1.876402042764531819e+00
3.044272212064302874e-02 1.876365853280121065e+00
3.073885509741795460e-02 1.876328930111036630e+00
3.103786872131722788e-02 1.876291282979004604e+00
3.133979101396793671e-02 1.876252649327945665e+00
3.164465026957891114e-02 1.876213354389245414e+00
3.195247505759213347e-02 1.876173272684410254e+00
3.226329422536015901e-02 1.876132266608251165e+00
3.257713690084949876e-02 1.876090299893386604e+00
3.289403249537032475e-02 1.876047369611727467e+00
3.321401070633261954e-02 1.876002314838488338e+00
3.353710152002930406e-02 1.875958110235920628e+00
3.386333521444636480e-02 1.875913519792295148e+00
3.419274236210027851e-02 1.875867900631423613e+00
3.452535383290306070e-02 1.875821437631470801e+00
3.486120079705520153e-02 1.875773385046828778e+00
3.520031472796678745e-02 1.875724580614947401e+00
3.554272740520694751e-02 1.875675000592811337e+00
3.588847091748199186e-02 1.875624354716373343e+00
3.623757766564258964e-02 1.875572641487935899e+00
3.659008036572020811e-02 1.875518273575688788e+00
3.694601205199302130e-02 1.875464485322321906e+00
3.730540608008161424e-02 1.875409643412037974e+00
3.766829613007490613e-02 1.875353908953388826e+00
3.803471620968648659e-02 1.875297287642344379e+00
3.840470065744145539e-02 1.875240583142482320e+00
3.877828414589457040e-02 1.875182140135277065e+00
3.915550168487941241e-02 1.875122662473933666e+00
3.953638862478930927e-02 1.875061308542530947e+00
3.992098065989020672e-02 1.875001878714679604e+00
4.030931383166566628e-02 1.874939664311488174e+00
4.070142453219438572e-02 1.874874031949405939e+00
4.109734950756069316e-02 1.874807559923264755e+00
4.149712586129815362e-02 1.874740716163908250e+00
4.190079105786669034e-02 1.874671933513100575e+00
4.230838292616342228e-02 1.874602209170941558e+00
4.271993966306778662e-02 1.874530888731031242e+00
4.313549983702118923e-02 1.874458120741607559e+00
4.355510239164130798e-02 1.874383763707742290e+00
4.397878664937160398e-02 1.874307889279637873e+00
4.440659231516640160e-02 1.874228981002327821e+00
4.483855948021186338e-02 1.874153776075055733e+00
4.527472862568297785e-02 1.874074092130471936e+00
4.571514062653719151e-02 1.873993326868585774e+00
4.615983675534499064e-02 1.873908716150465725e+00
4.660885868615767536e-02 1.873822706568395446e+00
4.706224849841281199e-02 1.873735653834140980e+00
4.752004868087766204e-02 1.873646938984063759e+00
4.798230213563085128e-02 1.873558548111447397e+00
4.844905218208294534e-02 1.873465519894466080e+00
4.892034256103611894e-02 1.873372483460435722e+00
4.939621743878321036e-02 1.873275602769030268e+00
4.987672141124663283e-02 1.873180263018835001e+00
5.036189950815770505e-02 1.873082031740169073e+00
5.085179719727656034e-02 1.872981409250993101e+00
5.134646038865306461e-02 1.872879592650823710e+00
5.184593543892913187e-02 1.872775571301927844e+00
5.235026915568305461e-02 1.872667052098089702e+00
5.285950880181603667e-02 1.872557843061117833e+00
5.337370209998133774e-02 1.872446219931368727e+00
5.389289723705643909e-02 1.872332533944220945e+00
5.441714286865893119e-02 1.872219475295023638e+00
5.494648812370611646e-02 1.872100668426319281e+00
5.548098260901916656e-02 1.871979653547924283e+00
5.602067641397187603e-02 1.871856370185525531e+00
5.656562011518465050e-02 1.871731550873976024e+00
5.711586478126431943e-02 1.871604509165019969e+00
5.767146197758996756e-02 1.871473765667346800e+00
5.823246377114527778e-02 1.871342008953588154e+00
5.879892273539785025e-02 1.871207890622308634e+00
5.937089195522609469e-02 1.871070313600551316e+00
5.994842503189409116e-02 1.870930416810326902e+00
6.053157608807464840e-02 1.870789127704136412e+00
6.112039977292132997e-02 1.870642722731202356e+00
6.171495126718981594e-02 1.870495132835420682e+00
6.231528628840921763e-02 1.870344180757627317e+00
6.292146109610344262e-02 1.870190316292766219e+00
6.353353249706343575e-02 1.870033097187916438e+00
6.415155785067082339e-02 1.869872542194403353e+00
6.477559507427335661e-02 1.869709454875922550e+00
6.540570264861225724e-02 1.869542646032994471e+00
6.604193962330305590e-02 1.869372990230561582e+00
6.668436562236895737e-02 1.869199615169224948e+00
6.733304084982863480e-02 1.869022660111851808e+00
6.798802609533814711e-02 1.868842713007789147e+00
6.864938273988777095e-02 1.868659512623034757e+00
6.931717276155408003e-02 1.868471527462243653e+00
6.999145874130821565e-02 1.868282018519820120e+00
7.067230386888070925e-02 1.868089823007904382e+00
7.135977194868306506e-02 1.867892743025487245e+00
7.205392740578704658e-02 1.867690946561967547e+00
7.275483529196229149e-02 1.867485968125226714e+00
7.346256129177256011e-02 1.867276250209024990e+00
7.417717172873124210e-02 1.867061991649316299e+00
7.489873357151664857e-02 1.866844236649697564e+00
7.562731444024800576e-02 1.866623927627391932e+00
7.636298261282241373e-02 1.866396567018838049e+00
7.710580703131336699e-02 1.866165806505477587e+00
7.785585730843146146e-02 1.865931854879862906e+00
7.861320373404813433e-02 1.865690525243463904e+00
7.937791728178281159e-02 1.865446983907815159e+00
8.015006961565404597e-02 1.865197699123803288e+00
8.092973309679550586e-02 1.864943511517149988e+00
8.171698079023696770e-02 1.864684561386510619e+00
8.251188647175167201e-02 1.864420282254974692e+00
8.331452463477014014e-02 1.864150731598271049e+00
8.412497049736118726e-02 1.863876852943198603e+00
8.494330000928071445e-02 1.863597579458222908e+00
8.576958985908941790e-02 1.863313296566966315e+00
8.660391748133952627e-02 1.863024014840697129e+00
8.744636106383144036e-02 1.862729272541995940e+00
8.829699955494091368e-02 1.862427911091340649e+00
8.915591267101763417e-02 1.862121005558111442e+00
9.002318090385581784e-02 1.861808587413609883e+00
9.089888552823731371e-02 1.861485147722062639e+00
9.178310860954806694e-02 1.861163198126527973e+00
9.267593301146882789e-02 1.860829259007538816e+00
9.357744240374062106e-02 1.860495701544496283e+00
9.448772127000577836e-02 1.860151557819019974e+00
9.540685491572513388e-02 1.859801596993160278e+00
9.633492947617222635e-02 1.859443916722167245e+00
9.727203192450542546e-02 1.859078192494056259e+00
9.821825007991856482e-02 1.858706827667436112e+00
9.917367261587073379e-02 1.858326840540172498e+00
1.001383890683960748e-01 1.857942046955658455e+00
1.011124898444945991e-01 1.857548068297456334e+00
1.020960662306047012e-01 1.857146857294436293e+00
1.030892104011576216e-01 1.856738755087887771e+00
1.040920154272158005e-01 1.856322965775321743e+00
1.051045752851944987e-01 1.855898449230042768e+00
1.061269848656690717e-01 1.855465552855446010e+00
1.071593399822671072e-01 1.855025394675555717e+00
1.082017373806478805e-01 1.854575420975403954e+00
1.092542747475682557e-01 1.854117572473808595e+00
1.103170507200377515e-01 1.853651104460384502e+00
1.113901648945616746e-01 1.853176532338983495e+00
1.124737178364751955e-01 1.852692018143331731e+00
1.135678110893671017e-01 1.852199457606223065e+00
1.146725471845963656e-01 1.851697894962442970e+00
1.157880296509002094e-01 1.851184111842294922e+00
1.169143630240966764e-01 1.850660523676291191e+00
1.180516528568804902e-01 1.850129678380268983e+00
1.192000057287153220e-01 1.849587981998046304e+00
1.203595292558212876e-01 1.849035701355682182e+00
1.215303321012602134e-01 1.848472593332322944e+00
1.227125239851190319e-01 1.847897812487003133e+00
1.239062156947916271e-01 1.847313926754493352e+00
1.251115190953615564e-01 1.846718925826228430e+00
1.263285471400849291e-01 1.846111981005058578e+00
1.275574138809759950e-01 1.845493404770328860e+00
1.287982344794950385e-01 1.844861706523484468e+00
1.300511252173409127e-01 1.844218070908584473e+00
1.313162035073478784e-01 1.843562234161620461e+00
1.325935879044890797e-01 1.842894884285823265e+00
1.338833981169864351e-01 1.842216312418323287e+00
1.351857550175293021e-01 1.841525291619014570e+00
1.365007806546013891e-01 1.840821744335870314e+00
1.378285982639189389e-01 1.840102009874355460e+00
1.391693322799789911e-01 1.839372148600998180e+00
1.405231083477211373e-01 1.838626136536329891e+00
1.418900533343016301e-01 1.837868031586334938e+00
1.432702953409830948e-01 1.837093779525882375e+00
1.446639637151387880e-01 1.836305400517960873e+00
1.460711890623745679e-01 1.835502048365217354e+00
1.474921032587684921e-01 1.834681213920429821e+00
1.489268394632288772e-01 1.833849070215722854e+00
1.503755321299738434e-01 1.832999777494030313e+00
1.518383170211306810e-01 1.832134371584962507e+00
1.533153312194593942e-01 1.831252613897919268e+00
1.548067131411984265e-01 1.830354910819155689e+00
1.563126025490369497e-01 1.829438838063711437e+00
1.578331405652117214e-01 1.828507168016541895e+00
1.593684696847328941e-01 1.827561575213852763e+00
1.609187337887370006e-01 1.826596596299252750e+00
1.624840781579713067e-01 1.825611147987588279e+00
1.640646494864078653e-01 1.824609139878139441e+00
1.656605958949914359e-01 1.823587564855769116e+00
1.672720669455196874e-01 1.822547388610294306e+00
1.688992136546599021e-01 1.821488543674621985e+00
1.705421885081006561e-01 1.820409301828233462e+00
1.722011454748421100e-01 1.819310850250226208e+00
1.738762400216251336e-01 1.818192695532584446e+00
1.755676291275001522e-01 1.817053588918506213e+00
1.772754712985387948e-01 1.815890195717176248e+00
1.789999265826875408e-01 1.814710179959734271e+00
1.807411565847668600e-01 1.813505752788198366e+00
1.824993244816152382e-01 1.812280626063267563e+00
1.842745950373816666e-01 1.811034089086492216e+00
1.860671346189656239e-01 1.809763490829470856e+00
1.878771112116086051e-01 1.808470154889824988e+00
1.897046944346358344e-01 1.807153212226670247e+00
1.915500555573527997e-01 1.805813365173473795e+00
1.934133675150944698e-01 1.804445616508615569e+00
1.952948049254327745e-01 1.803057200175207653e+00
1.971945441045395986e-01 1.801642115720945236e+00
1.991127630837108697e-01 1.800200923359200011e+00
2.010496416260497965e-01 1.798731459395740195e+00
2.030053612433137811e-01 1.797237693134668746e+00
2.049801052129238688e-01 1.795718114547588895e+00
2.069740585951406198e-01 1.794171430454656324e+00
2.089874082504071251e-01 1.792596634413652801e+00
2.110203428568595552e-01 1.790992636714149766e+00
2.130730529280097374e-01 1.789360653110148691e+00
2.151457308305980698e-01 1.787705225551571964e+00
2.172385708026215445e-01 1.786011755931208311e+00
2.193517689715359098e-01 1.784287558272654506e+00
2.214855233726360506e-01 1.782534709918049742e+00
2.236400339676138660e-01 1.780749892907109277e+00
2.258155026632983065e-01 1.778947020871701534e+00
2.280121333305757114e-01 1.777093035005842037e+00
2.302301318234963867e-01 1.775314831972553353e+00
2.324697059985647851e-01 1.773368653127066707e+00
2.347310657342196183e-01 1.771318048334071804e+00
2.370144229505012079e-01 1.769379970390111412e+00
2.393199916289123208e-01 1.767364995939909589e+00
2.416479878324700736e-01 1.765316798979777557e+00
2.439986297259550130e-01 1.763236134721466009e+00
2.463721375963552895e-01 1.761112940859987708e+00
2.487687338735107279e-01 1.758953113871256857e+00
2.511886431509580686e-01 1.756762662972573441e+00
2.536320922069775774e-01 1.754529093091759862e+00
2.560993100258459609e-01 1.752257948497776718e+00
2.585905278192945911e-01 1.749947389245138041e+00
2.611059790481781162e-01 1.747602807231962041e+00
2.636458994443517945e-01 1.745216772359103663e+00
2.662105270327638773e-01 1.742786412162197873e+00
2.688001021537606006e-01 1.740311419490774725e+00
2.714148674856106669e-01 1.737798626258281187e+00
2.740550680672460548e-01 1.735249145532839599e+00
2.767209513212268712e-01 1.732650535521668367e+00
2.794127670769268601e-01 1.730010380986935825e+00
2.821307675939472293e-01 1.727325383340779119e+00
2.848752075857552413e-01 1.724596244730705719e+00
2.876463442435557849e-01 1.721822082488486894e+00
2.904444372603925406e-01 1.719001189379846029e+00
2.932697488554852905e-01 1.716135782826399447e+00
2.961225437988035947e-01 1.713218989886845289e+00
2.990030894358785551e-01 1.710259074708792681e+00
3.019116557128577738e-01 1.707248691371604288e+00
3.048485152018017286e-01 1.704189604354807042e+00
3.078139431262288950e-01 1.701085520218086788e+00
3.108082173869063936e-01 1.697924734670806846e+00
3.138316185878944342e-01 1.694714177397368626e+00
3.168844300628416155e-01 1.691453161600190658e+00
3.199669379015380732e-01 1.688142251077287881e+00
3.230794309767249795e-01 1.684777427561633845e+00
3.262222009711669979e-01 1.681358157990797020e+00
3.293955424049855307e-01 1.677887125850936689e+00
3.325997526632606949e-01 1.674359681490585006e+00
3.358351320238990301e-01 1.670779562867647394e+00
3.391019836857747105e-01 1.667143304865434494e+00
3.424006137971423724e-01 1.663449123599419543e+00
3.457313314843284413e-01 1.659698658280299499e+00
3.490944488806992929e-01 1.655892622291543548e+00
3.524902811559130766e-01 1.652027767871186326e+00
3.559191465454557002e-01 1.648101669416699888e+00
3.593813663804627523e-01 1.644120105474780047e+00
3.628772651178337472e-01 1.640076203667227617e+00
3.664071703706370808e-01 1.635970976531875287e+00
3.699714129388128048e-01 1.631809146643190545e+00
3.735703268401719401e-01 1.627581777495919813e+00
3.772042493416999376e-01 1.623293589646962687e+00
3.808735209911614517e-01 1.618944026301716077e+00
3.845784856490158665e-01 1.614530025715549932e+00
3.883194905206404091e-01 1.610051418477826290e+00
3.920968861888690649e-01 1.605511662122453886e+00
3.959110266468458539e-01 1.600905359902289549e+00
3.997622693312000708e-01 1.596233445150036401e+00
4.036509751555413805e-01 1.591498843644507222e+00
4.075775085442840395e-01 1.586693581561212874e+00
4.115422374667966343e-01 1.581822327140203877e+00
4.155455334718875515e-01 1.576887917502017622e+00
4.195877717226225712e-01 1.571881312308453404e+00
4.236693310314835759e-01 1.566808970115676658e+00
4.277905938958687093e-01 1.561641041561260046e+00
4.319519465339363706e-01 1.556456731099563173e+00
4.361537789208005944e-01 1.551176753232410110e+00
4.403964848250754294e-01 1.545828966275130112e+00
4.446804618457780300e-01 1.540447049955860903e+00
4.490061114495874639e-01 1.534923576817230684e+00
4.533738390084691150e-01 1.529362689126180230e+00
4.577840538376618529e-01 1.523731946031413154e+00
4.622371692340384031e-01 1.518030074293221121e+00
4.667336025148346446e-01 1.512256669489389083e+00
4.712737750567601580e-01 1.506414267137583751e+00
4.758581123354846953e-01 1.500497646529238116e+00
4.804870439655131720e-01 1.494507832472526054e+00
4.851610037404442966e-01 1.488447371704863187e+00
4.898804296736250508e-01 1.482317114727667473e+00
4.946457640391963562e-01 1.476111573591161408e+00
4.994574534135413635e-01 1.469832022312586695e+00
5.043159487171361421e-01 1.463495973316189191e+00
5.092217052568053237e-01 1.457061508283351348e+00
5.141751827683928022e-01 1.450565998893477149e+00
5.191768454598426619e-01 1.443993027756864667e+00
5.242271620547044320e-01 1.437352795509750703e+00
5.293266058360561743e-01 1.430642132246795706e+00
5.344756546908600026e-01 1.423856646653390845e+00
5.396747911547442600e-01 1.416997756427447408e+00
5.449245024572260121e-01 1.410069221888283986e+00
5.502252805673685243e-01 1.403066227128948018e+00
5.555776222398878250e-01 1.395995941666481777e+00
5.609820290617031358e-01 1.388849499757859096e+00
5.664390074989449353e-01 1.381644374221925098e+00
5.719490689444144405e-01 1.374346560067170486e+00
5.775127297655114900e-01 1.366991686741510836e+00
5.831305113526221717e-01 1.359565132241448149e+00
5.888029401679826247e-01 1.352067985787899440e+00
5.945305477950136863e-01 1.344505717314109061e+00
6.003138709881384871e-01 1.336867300466695774e+00
6.061534517230839914e-01 1.329173396845505284e+00
6.120498372476699256e-01 1.321400368637716261e+00
6.180035801330957534e-01 1.313566371151320356e+00
6.240152383257209223e-01 1.305665282276855077e+00
6.300853751993553686e-01 1.297697092706354027e+00
6.362145596080520660e-01 1.289668431327739784e+00
6.424033659394193796e-01 1.281572109884682176e+00
6.486523741684461219e-01 1.273418811851778187e+00
6.549621699118558515e-01 1.265195199881278487e+00
6.613333444829840868e-01 1.256916712814443171e+00
6.677664949471955325e-01 1.248577455292323224e+00
6.742622241778342129e-01 1.240174410707590713e+00
6.808211409127237213e-01 1.231719113087460071e+00
6.874438598112112553e-01 1.223201326298910319e+00
6.941310015117725385e-01 1.214632973983541753e+00
7.008831926901714082e-01 1.206005902362615290e+00
7.077010661181889484e-01 1.197324913252888701e+00
7.145852607229240538e-01 1.188595274612406882e+00
7.215364216466665370e-01 1.179810656679548764e+00
7.285552003073593186e-01 1.170975799418816798e+00
7.356422544596413760e-01 1.162095894042919575e+00
7.427982482564918776e-01 1.153166921000411183e+00
7.500238523114668432e-01 1.144188001949704381e+00
7.573197437615483141e-01 1.135171933910274378e+00
7.646866063305975958e-01 1.126108824592877866e+00
7.721251303934327792e-01 1.117003265606913320e+00
7.796360130405233235e-01 1.107860684569808907e+00
7.872199581433195759e-01 1.098677497054823871e+00
7.948776764202123424e-01 1.089459255519133363e+00
8.026098855031396084e-01 1.080203968919583479e+00
8.104173100048355227e-01 1.070915886497672886e+00
8.183006815867394090e-01 1.061594349750267341e+00
8.262607390275591435e-01 1.052248446305313889e+00
8.342982282925082149e-01 1.042867244880902211e+00
8.424139026032094746e-01 1.033461042127828522e+00
8.506085225082840040e-01 1.024032222936138270e+00
8.588828559546254349e-01 1.014577839029748629e+00
8.672376783593644944e-01 1.005074856073441047e+00
8.756737726825394308e-01 9.956084067859916065e-01
8.841919295004664336e-01 9.860988199292943790e-01
8.927929470798307010e-01 9.765685343400469787e-01
9.014776314524917122e-01 9.670280374653383859e-01
9.102467964910225806e-01 9.574767167356305064e-01
9.191012639849772681e-01 9.479142563717356529e-01
9.280418637179072006e-01 9.382528500286566597e-01
9.370694335451198453e-01 9.287626800754272827e-01
9.461848194722002336e-01 9.191845895252530596e-01
9.553888757342895444e-01 9.095973899627715076e-01
9.646824648761427312e-01 9.000126244824854238e-01
9.740664578329562007e-01 8.903856534144324320e-01
9.835417340119908536e-01 8.808486489019918819e-01
9.931091813749796104e-01 8.712744191703473140e-01
1.002769696521346621e+00 8.617096759505563641e-01
1.012524184772224167e+00 8.521500055471767920e-01
1.022373560255302127e+00 8.426052310198500761e-01
1.032318745990486564e+00 8.330725942163653697e-01
1.042360673976402197e+00 8.235563245635624252e-01
1.052500285277732761e+00 8.140531741614349670e-01
1.062738530113414459e+00 8.045646953078480212e-01
1.073076367945679621e+00 7.951118576015477890e-01
1.083514767569973225e+00 7.856762307506154341e-01
1.094054707205742494e+00 7.762614501580474835e-01
1.104697174588111785e+00 7.668778992927300919e-01
1.115443167060441221e+00 7.575187568421628548e-01
1.126293691667795249e+00 7.481909547101046609e-01
1.137249765251314271e+00 7.388929152323202576e-01
1.148312414543511073e+00 7.296329546638724572e-01
1.159482676264482759e+00 7.204056125284667988e-01
1.170761597219069250e+00 7.112177358241459357e-01
1.182150234394952371e+00 7.020645892958239376e-01
1.193649655061713055e+00 6.929549881282247581e-01
1.205260936870842681e+00 6.838878350919128657e-01
1.216985167956738056e+00 6.748614213472802215e-01
1.228823447038673411e+00 6.658823367455956044e-01
1.240776883523764251e+00 6.569490302051984587e-01
1.252846597610937529e+00 6.480690015613714827e-01
1.265033720395903893e+00 6.392331354594044113e-01
1.277339393977160009e+00 6.304524368373694010e-01
1.289764771563017165e+00 6.217220587588976333e-01
1.302311017579677488e+00 6.130431230668927922e-01
1.314979307780347773e+00 6.044253443780736035e-01
1.327770829355430449e+00 5.958601735242707864e-01
1.340686781043774811e+00 5.873533489408425678e-01
1.353728373245021821e+00 5.789073983495824915e-01
1.366896828133026487e+00 5.705195210889862922e-01
1.380193379770397355e+00 5.621965639350892108e-01
1.393619274224142002e+00 5.539338067148148470e-01
1.407175769682446731e+00 5.456998852141913270e-01
1.420864136572576708e+00 5.375993926899367281e-01
1.434685657679937831e+00 5.295260615566311779e-01
1.448641628268290127e+00 5.215284804882391878e-01
1.462733356201129986e+00 5.135937324542013682e-01
1.476962162064259898e+00 5.057269302307906278e-01
1.491329379289537682e+00 4.979262247032886224e-01
1.505836354279841416e+00 4.901478407275699500e-01
1.520484446535244283e+00 4.825443272910572845e-01
1.535275028780422657e+00 4.749557734608400583e-01
1.550209487093291205e+00 4.674395652109550325e-01
1.565289221034902312e+00 4.599960340390941704e-01
1.580515643780601165e+00 4.526292258913969246e-01
1.595890182252465817e+00 4.453326966789515340e-01
1.611414277253019778e+00 4.381108691320711457e-01
1.627089383600260675e+00 4.309615976758727207e-01
1.642916970263993193e+00 4.238882004220394517e-01
1.658898520503498064e+00 4.168921439352910596e-01
1.675035532006524441e+00 4.099696085221430919e-01
1.691329517029648732e+00 4.031227528457116960e-01
1.707782002539993016e+00 3.963500932796893417e-01
1.724394530358320354e+00 3.896561654194924951e-01
1.741168657303530987e+00 3.830385993904855679e-01
1.758105955338547632e+00 3.764975772854342040e-01
1.775208011717636092e+00 3.700304860384903693e-01
1.792476429135148930e+00 3.636442045197793571e-01
1.809912825875727105e+00 3.573304481409030342e-01
1.827518835965944666e+00 3.510952298602609822e-01
1.845296109327445366e+00 3.449370235603572699e-01
1.863246311931559873e+00 3.388538809735975876e-01
1.881371125955437096e+00 3.328493447273375150e-01
1.899672249939675650e+00 3.268842526047425756e-01
1.918151398947507635e+00 3.210662047693467192e-01
1.936810304725519849e+00 3.152905733720252623e-01
1.955650715865949074e+00 3.095878841885236765e-01
1.974674397970537454e+00 3.039625505535870076e-01
1.993883133816001019e+00 2.984127905686174698e-01
2.013278723521096492e+00 2.929375181430827757e-01
2.032862984715323673e+00 2.875380691886461615e-01
2.052637752709252084e+00 2.822108922562669431e-01
2.072604880666519822e+00 2.769592077878026970e-01
2.092766239777499759e+00 2.717810116802031883e-01
2.113123719434652603e+00 2.666756156807157385e-01
2.133679227409597701e+00 2.616438093535081721e-01
2.154434690031884259e+00 2.566839102532542660e-01
2.175392052369522489e+00 2.517968120273270660e-01
2.196553278411258248e+00 2.469811961882322493e-01
2.217920351250634692e+00 2.422362033850880003e-01
2.239495273271823184e+00 2.375620534290019958e-01
2.261280066337279404e+00 2.329519493635411609e-01
2.283276771977218012e+00 2.284223394975938848e-01
2.305487451580938707e+00 2.239583518364991754e-01
2.327914186589993051e+00 2.195586791971805285e-01
2.350559078693253756e+00 2.152302826889890552e-01
2.373424250023866033e+00 2.109671862406073128e-01
2.396511843358130278e+00 2.067726443214180920e-01
2.419824022316292567e+00 2.026392511250745265e-01
2.443362971565319341e+00 1.985770759688898768e-01
2.467130897023623426e+00 1.945787175590001361e-01
2.491130026067788439e+00 1.906430396016295659e-01
2.515362607741312928e+00 1.867735552905082086e-01
2.539830912965362675e+00 1.829704687152756970e-01
2.564537234751594674e+00 1.792043179902403915e-01
2.589483888417040802e+00 1.755339745325893708e-01
2.614673211801092023e+00 1.719098180155911038e-01
2.640107565484572927e+00 1.683468139896863447e-01
2.665789333010967876e+00 1.648373788352278380e-01
2.691720921109787668e+00 1.613985851707917807e-01
2.717904759922122881e+00 1.580128629494964854e-01
2.744343303228365283e+00 1.546845018061106525e-01
2.771039028678170535e+00 1.514100460627774147e-01
2.797994438022641805e+00 1.481999621021533042e-01
2.825212057348790218e+00 1.450388907378352132e-01
2.852694437316245057e+00 1.419335499500183062e-01
2.880444153396297668e+00 1.388832541142670796e-01
2.908463806113254169e+00 1.358866996509116576e-01
2.936756021288137397e+00 1.329395850048898375e-01
2.965323450284773621e+00 1.300482792486784556e-01
2.994168770258243573e+00 1.272112052168225260e-01
3.023294684405779531e+00 1.244216420035538506e-01
3.052703922220086241e+00 1.216684705377064357e-01
3.082399239745143404e+00 1.189938545982845014e-01
3.112383419834465759e+00 1.163534091269987497e-01
3.142659272411905569e+00 1.137605313757539816e-01
3.173229634734976212e+00 1.112075926105905166e-01
3.204097371660752813e+00 1.087183975020696303e-01
3.235265375914330388e+00 1.062667427997084635e-01
3.266736568359921655e+00 1.038589402551507862e-01
3.298513898274578082e+00 1.014946472471724287e-01
3.330600343624588788e+00 9.918259971868990943e-02
3.362998911344535991e+00 9.690926805796937216e-02
3.395712637619100693e+00 9.468501744030916045e-02
3.428744588167585317e+00 9.249811973281543698e-02
3.462097858531227423e+00 9.034477068441809644e-02
3.495775574363275240e+00 8.823973586100232469e-02
3.529780891721914671e+00 8.617512010776508247e-02
3.564116997366032269e+00 8.415085381319864499e-02
3.598787109053855460e+00 8.216497205805187165e-02
3.633794475844513094e+00 8.021918952636990230e-02
3.669142378402494131e+00 7.830957410061797908e-02
3.704834129305105694e+00 7.643918593061442557e-02
3.740873073352900313e+00 7.460404079417523593e-02
3.777262587883141176e+00 7.280615588186155340e-02
3.814006083086284082e+00 7.104410967789630271e-02
3.851107002325572903e+00 6.931700968013182473e-02
3.888568822459721019e+00 6.762460155563651543e-02
3.926395054168756449e+00 6.596627737732370378e-02
3.964589242282997805e+00 6.434158926379544841e-02
4.003154966115265445e+00 6.274971671962650821e-02
4.042095839796306045e+00 6.118954196794747918e-02
4.081415512613501662e+00 5.966277950166785221e-02
4.121117669352832635e+00 5.816965676628209347e-02
4.161206030644208020e+00 5.670149016656788471e-02
4.201684353310133346e+00 5.526658899603741765e-02
4.242556430717777438e+00 5.386197040435672378e-02
4.283826093134470270e+00 5.248590380687877255e-02
4.325497208086633627e+00 5.113870610635277286e-02
4.367573680722233398e+00 4.982059525887299473e-02
4.410059454176736615e+00 4.852883368236524803e-02
4.452958509942654963e+00 4.726747157361414764e-02
4.496274868242640110e+00 4.603060104538133496e-02
4.540012588406244554e+00 4.482097402124041174e-02
4.584175769250333765e+00 4.363704609957704678e-02
4.628768549463215365e+00 4.248073175392172440e-02
4.673795107992464004e+00 4.134592274141431906e-02
4.719259664436561863e+00 4.023752248429340872e-02
4.765166479440326341e+00 3.915237944394021202e-02
4.811519855094205766e+00 3.809303216245295970e-02
4.858324135337417360e+00 3.705670655117285911e-02
4.905583706365050922e+00 3.604237624760030234e-02
4.953302997039108924e+00 3.505096196462533648e-02
5.001486479303548727e+00 3.408166326787803735e-02
5.050138668603383785e+00 3.313269278013640518e-02
5.099264124307808288e+00 3.220815382246260128e-02
5.148867450137498025e+00 3.130314194999432587e-02
5.198953294596024399e+00 3.041866545053312221e-02
5.249526351405507718e+00 2.955455311972371782e-02
5.300591359946452030e+00 2.871007516397427323e-02
5.352153105701904501e+00 2.788539116830681536e-02
5.404216420705915347e+00 2.707943828020834692e-02
5.456786183996381823e+00 2.629312664370157815e-02
5.509867322072253160e+00 2.552505517139402186e-02
5.563464809355226137e+00 2.477444409798496006e-02
5.617583668655908191e+00 2.404136366853245124e-02
5.672228971644543094e+00 2.332715860047945150e-02
5.727405839326266346e+00 2.262815054436341164e-02
5.783119442521027054e+00 2.194686316066809390e-02
5.839375002348160315e+00 2.128326876481451135e-02
5.896177790715694478e+00 2.063324808968472132e-02
5.953533130814370189e+00 2.000037196789021532e-02
6.011446397616513337e+00 1.938297679394115208e-02
6.069923018379741464e+00 1.878086188570888757e-02
6.128968473155564034e+00 1.819361205610794952e-02
6.188588295302960063e+00 1.762103190704445224e-02
6.248788072006894012e+00 1.706281739145754789e-02
6.309573444801936049e+00 1.651859496070471819e-02
6.370950110100935149e+00 1.598841453352663200e-02
6.432923819728876502e+00 1.547140938642979635e-02
6.495500381461869033e+00 1.496790305526783139e-02
6.558685659571435345e+00 1.447653130032689611e-02
6.622485575374063238e+00 1.399950910247224622e-02
6.686906107786136921e+00 1.353405454911081260e-02
6.751953293884205287e+00 1.308093916566528854e-02
6.817633229470763112e+00 1.263964505198094876e-02
6.883952069645496330e+00 1.221032013981871757e-02
6.950916029382126382e+00 1.179238145890334696e-02
7.018531384110795912e+00 1.138551505339183319e-02
7.086804470306189430e+00 1.098998190132555001e-02
7.155741686081340980e+00 1.060496591964640509e-02
7.225349491787214085e+00 1.023073222961094937e-02
7.295634410618154320e+00 9.866726640674462409e-03
7.366603029223159460e+00 9.512936807445382739e-03
7.438261998323163482e+00 9.169362061638363162e-03
7.510618033334286459e+00 8.834913070645699154e-03
7.583677914997190683e+00 8.510090566619100266e-03
7.657448490012479958e+00 8.194747215706180837e-03
7.731936671682362316e+00 7.888440642503220801e-03
7.807149440558499798e+00 7.591010146491792253e-03
7.883093845096216690e+00 7.302280478755346534e-03
7.959777002314985417e+00 7.022195928090848270e-03
8.037206098465421888e+00 6.750156923514662524e-03
8.115388389702712146e+00 6.486512770792741099e-03
8.194331202766655053e+00 6.230760104429274374e-03
8.274041935668218883e+00 5.982632253915421555e-03
8.354528058382872047e+00 5.742007985090026405e-03
8.435797113550611570e+00 5.509504263727418513e-03
8.517856717182803905e+00 5.284055475612197371e-03
8.600714559375941093e+00 5.065443565956898736e-03
8.684378405032257220e+00 4.853676191191147460e-03
8.768856094587436090e+00 4.648850166872042604e-03
8.854155544745349715e+00 4.451972684235485332e-03
8.940284749219998162e+00 4.259266848639659681e-03
9.027251779484577909e+00 4.073606223469175037e-03
9.115064785527916769e+00 3.894124002660842142e-03
9.203731996618220279e+00 3.720844149522268760e-03
9.293261722074316111e+00 3.553368610382479260e-03
9.383662352044273902e+00 3.391785251783674664e-03
9.474942358291729150e+00 3.235670856979864195e-03
9.567110294989774388e+00 3.085011544976585911e-03
9.660174799522645017e+00 2.939677866359181792e-03
9.754144593295098531e+00 2.799831937566386528e-03
9.849028482549766039e+00 2.664408404422893232e-03
9.944835359192397917e+00 2.534218669195223948e-03
1.004157420162519543e+01 2.408815642753433291e-03
1.013925407558815373e+01 2.288139265402602471e-03
1.023788413500867378e+01 2.171928471125491537e-03
1.033747362285940774e+01 2.060163797718087605e-03
1.043803187202444072e+01 1.952714027308711641e-03
1.053956830617394580e+01 1.849481525261582318e-03
1.064209244064724658e+01 1.750308314355304706e-03
1.074561388334458023e+01 1.655122136364437294e-03
1.085014233562746178e+01 1.563788969978705196e-03
1.095568759322787855e+01 1.476280420564528469e-03
1.106225954716621906e+01 1.392295238695580870e-03
1.116986818467823817e+01 1.311909545247066889e-03
1.127852359015096795e+01 1.234980994057841138e-03
1.138823594606782130e+01 1.161373661788177693e-03
1.149901553396274245e+01 1.091043883600743445e-03
1.161087273538378994e+01 1.023854812270366677e-03
1.172381803286598512e+01 9.597189408173983005e-04
1.183786201091373513e+01 8.985472910312307729e-04
1.195301535699265827e+01 8.402469477073368741e-04
1.206928886253119870e+01 7.847330271959336795e-04
1.218669342393191712e+01 7.319085493812725433e-04
1.230524004359261525e+01 6.816862208205621719e-04
1.242493983093746479e+01 6.340120391174348643e-04
1.254580400345803248e+01 5.887690461282126322e-04
1.266784388776455827e+01 5.458881681415833544e-04
1.279107092064739781e+01 5.052865608121868100e-04
1.291549665014884063e+01 4.668926063350637562e-04
1.304113273664525430e+01 4.306248288762156589e-04
1.316799095393986185e+01 3.964070739970178107e-04
1.329608319036608854e+01 3.641676610240405024e-04
1.342542144990170527e+01 3.338337621215061628e-04
1.355601785329368880e+01 3.053346623106499959e-04
1.368788463919415221e+01 2.785997165732803475e-04
1.382103416530724438e+01 2.535635475646120856e-04
1.395547890954729020e+01 2.301405302647926488e-04
1.409123147120805619e+01 2.083027253905141748e-04
1.422830457214353395e+01 1.879549774298239239e-04
1.436671105796013137e+01 1.690426197239745017e-04
1.450646389922046886e+01 1.515034543668775536e-04
1.464757619265895272e+01 1.352772212133229951e-04
1.479006116240903168e+01 1.203032183510732283e-04
1.493393216124253264e+01 1.065190105764311844e-04
1.507920267182097263e+01 9.388135838579059905e-05
1.522588630795911513e+01 8.232149835303391580e-05
1.537399681590069456e+01 7.178300876556921700e-05
1.552354807560667105e+01 6.221896848718211359e-05
1.567455410205595001e+01 5.357516454448598184e-05
1.582702904655883280e+01 4.579082675314494888e-05
1.598098719808309376e+01 3.882432236953073433e-05
1.613644298459311699e+01 3.262254052448876834e-05
1.629341097440194730e+01 2.713696435583664318e-05
1.645190587753662470e+01 2.231785757135724605e-05
1.661194254711659113e+01 1.812024166483884225e-05
1.677353598074571295e+01 1.449489479813572337e-05
1.693670132191772026e+01 1.140239511107096700e-05
1.710145386143542012e+01 8.786789640480253274e-06
1.726780903884355922e+01 6.614715685745942528e-06
1.743578244387577669e+01 4.839481053457893077e-06
1.760538981791556523e+01 3.417270111800961110e-06
1.777664705547142532e+01 2.309214454893693001e-06
1.794957020566648254e+01 1.473691168324517921e-06
1.812417547374237614e+01 8.708782982124500977e-07
1.830047922257800863e+01 4.615470250427716780e-07
1.847849797422290763e+01 2.072582137011167194e-07
1.865824841144566193e+01 6.945037758339639840e-08
1.883974737929719367e+01 1.300049625323472367e-08
1.902301188668945642e+01 0.000000000000000000e+00
