1.000000000000000021e-02 1.959930904672377405e+00
1.009727545900835841e-02 1.959926765796211834e+00
1.019549716950923779e-02 1.959922523063691635e+00
1.029467433620748044e-02 1.959918184928513218e+00
1.039481625334708927e-02 1.959912336988272941e+00
1.049593230558227772e-02 1.959907816794415281e+00
1.059803196885688789e-02 1.959903263784383398e+00
1.070112481129246833e-02 1.959898615021886448e+00
1.080522049408488318e-02 1.959893870177564112e+00
1.091032877240974419e-02 1.959889026165491988e+00
1.101645949633656314e-02 1.959884161126586699e+00
1.112362261175187626e-02 1.959879209213598150e+00
1.123182816129126085e-02 1.959874149784361252e+00
1.134108628528052165e-02 1.959869041981765037e+00
1.145140722268592030e-02 1.959863807301282623e+00
1.156280131207376022e-02 1.959858460120242007e+00
1.167527899257919492e-02 1.959852991076942441e+00
1.178885080488457221e-02 1.959847396569704303e+00
1.190352739220719262e-02 1.959841715039445820e+00
1.201931950129673729e-02 1.959835904168809595e+00
1.213623798344241195e-02 1.959829963816668297e+00
1.225429379548980714e-02 1.959823909264541975e+00
1.237349800086776086e-02 1.959817829588872851e+00
1.249386177062509519e-02 1.959811726633352125e+00
1.261539638447754796e-02 1.959805548387714813e+00
1.273811323186478488e-02 1.959799270907685909e+00
1.286202381301779218e-02 1.959792928896824771e+00
1.298713974003655978e-02 1.959786481554395055e+00
1.311347273797833224e-02 1.959779983604902354e+00
1.324103464595636874e-02 1.959773345335254158e+00
1.336983741824946531e-02 1.959766558685744231e+00
1.349989312542219239e-02 1.959759653731338425e+00
1.363121395545611320e-02 1.959752671019750370e+00
1.376381221489191876e-02 1.959745530480018649e+00
1.389770032998276401e-02 1.959738200749127524e+00
1.403289084785873213e-02 1.959730686097831409e+00
1.416939643770268736e-02 1.959722967405089555e+00
1.430722989193757184e-02 1.959715071654888563e+00
1.444640412742520530e-02 1.959707003119901758e+00
1.458693218667675602e-02 1.959698780873914581e+00
1.472882723907502529e-02 1.959690406396443763e+00
1.487210258210860774e-02 1.959681798583978285e+00
1.501677164261799868e-02 1.959673020905882801e+00
1.516284797805393485e-02 1.959664059949840942e+00
1.531034527774784160e-02 1.959654897597249423e+00
1.545927736419477720e-02 1.959645666816254295e+00
1.560965819434872483e-02 1.959638952617376972e+00
1.576150186093060873e-02 1.959629539035878887e+00
1.591482259374891323e-02 1.959619990145698543e+00
1.606963476103326349e-02 1.959610339756636899e+00
1.622595287078087284e-02 1.959600484459665060e+00
1.638379157211618947e-02 1.959590385525306955e+00
1.654316565666366645e-02 1.959580223167598056e+00
1.670409005993399310e-02 1.959569936846261351e+00
1.686657986272368723e-02 1.959559411125967321e+00
1.703065029252844378e-02 1.959548647360718432e+00
1.719631672497009753e-02 1.959537620849277850e+00
1.736359468523754335e-02 1.959526286567146336e+00
1.753249984954170088e-02 1.959514751403808708e+00
1.770304804658450262e-02 1.959502948966367786e+00
1.787525525904235316e-02 1.959490894662611282e+00
1.804913762506383731e-02 1.959478612768734918e+00
1.822471143978214581e-02 1.959466020727859803e+00
1.840199315684210371e-02 1.959453135473265828e+00
1.858099938994215231e-02 1.959440518593400071e+00
1.876174691439120440e-02 1.959426772311337883e+00
1.894425266868081034e-02 1.959412691472635082e+00
1.912853375607242307e-02 1.959398332156407907e+00
1.931460744620030340e-02 1.959383681720532788e+00
1.950249117668984011e-02 1.959368846783273499e+00
1.969220255479172538e-02 1.959353565923793283e+00
1.988375935903200636e-02 1.959338034075196244e+00
2.007717954087816226e-02 1.959322194870952716e+00
2.027248122642137662e-02 1.959307627310845401e+00
2.046968271807520987e-02 1.959291679235847017e+00
2.066880249629082095e-02 1.959275215462592312e+00
2.086985922128879734e-02 1.959258392308912633e+00
2.107287173480786382e-02 1.959241359250672332e+00
2.127785906187062287e-02 1.959223931244697736e+00
2.148484041256648255e-02 1.959206101693820257e+00
2.169383518385184506e-02 1.959188024413680784e+00
2.190486296136792688e-02 1.959169503043881155e+00
2.211794352127614133e-02 1.959145837585831273e+00
2.233309683211144592e-02 1.959126139599461691e+00
2.255034305665360936e-02 1.959109238082359372e+00
2.276970255381680075e-02 1.959087090919140017e+00
2.299119588055741764e-02 1.959065448307569568e+00
2.321484379380064564e-02 1.959044516965209981e+00
2.344066725238556220e-02 1.959023067650522032e+00
2.366868741902936057e-02 1.959001394654013684e+00
2.389892566231050300e-02 1.958979514839784608e+00
2.413140355867127856e-02 1.958962190427606442e+00
2.436614289443983158e-02 1.958939252565056854e+00
2.460316566787181664e-02 1.958915834744296980e+00
2.484249409121190577e-02 1.958891865371657826e+00
2.508415059277539771e-02 1.958867468719999616e+00
2.532815781905008515e-02 1.958842625069472820e+00
2.557453863681850847e-02 1.958817229826601780e+00
2.582331613530085626e-02 1.958791269349909436e+00
2.607451362831877603e-02 1.958764804307771668e+00
2.632815465648021339e-02 1.958737968196263113e+00
2.658426298938541474e-02 1.958710630934014763e+00
2.684286262785454819e-02 1.958682633433616926e+00
2.710397780617682106e-02 1.958654136310521432e+00
2.736763299438163891e-02 1.958625203793965541e+00
2.763385290053169824e-02 1.958595676146244413e+00
2.790266247303856487e-02 1.958565569835823084e+00
2.817408690300057458e-02 1.958534710549053148e+00
2.844815162656363222e-02 1.958503226040785750e+00
2.872488232730495070e-02 1.958471215657123343e+00
2.900430493863991738e-02 1.958438475807767309e+00
2.928644564625237229e-02 1.958405094028445648e+00
2.957133089054861039e-02 1.958370937585086624e+00
2.985898736913520854e-02 1.958336267501398220e+00
3.014944203932094433e-02 1.958301040938061233e+00
3.044272212064302874e-02 1.958265163533931430e+00
3.073885509741795460e-02 1.958234620428633388e+00
3.103786872131722788e-02 1.958197436416649673e+00
3.133979101396793671e-02 1.958159395585462592e+00
3.164465026957891114e-02 1.958120427306586198e+00
3.195247505759213347e-02 1.958080594455087642e+00
3.226329422536015901e-02 1.958039901594519350e+00
3.257713690084949876e-02 1.957993894106792920e+00
3.289403249537032475e-02 1.957952052528868947e+00
3.321401070633261954e-02 1.957909353633192184e+00
3.353710152002930406e-02 1.957866001083390151e+00
3.386333521444636480e-02 1.957821698359302420e+00
3.419274236210027851e-02 1.957776402067342714e+00
3.452535383290306070e-02 1.957731714831179470e+00
3.486120079705520153e-02 1.957683311012897498e+00
3.520031472796678745e-02 1.957635709362608889e+00
3.554272740520694751e-02 1.957587151604131881e+00
3.588847091748199186e-02 1.957537537692433993e+00
3.623757766564258964e-02 1.957486735212685236e+00
3.659008036572020811e-02 1.957435320759263631e+00
3.694601205199302130e-02 1.957382770266389516e+00
3.730540608008161424e-02 1.957329518383447375e+00
3.766829613007490613e-02 1.957275338734134396e+00
3.803471620968648659e-02 1.957217722510721014e+00
3.840470065744145539e-02 1.957161151788584741e+00
3.877828414589457040e-02 1.957103452717302128e+00
3.915550168487941241e-02 1.957044922415407173e+00
3.953638862478930927e-02 1.956985193568901105e+00
3.992098065989020672e-02 1.956924125576693596e+00
4.030931383166566628e-02 1.956863190995062896e+00
4.070142453219438572e-02 1.956799156531082939e+00
4.109734950756069316e-02 1.956734512650154523e+00
4.149712586129815362e-02 1.956668612614308245e+00
4.190079105786669034e-02 1.956601189218225345e+00
4.230838292616342228e-02 1.956532160716422775e+00
4.271993966306778662e-02 1.956461634517958403e+00
4.313549983702118923e-02 1.956389626348818966e+00
4.355510239164130798e-02 1.956316343767044774e+00
4.397878664937160398e-02 1.956241363052666493e+00
4.440659231516640160e-02 1.956165455265436837e+00
4.483855948021186338e-02 1.956087552421063469e+00
4.527472862568297785e-02 1.956008069864549004e+00
4.571514062653719151e-02 1.955926549365156308e+00
4.615983675534499064e-02 1.955844346569802106e+00
4.660885868615767536e-02 1.955760896671053350e+00
4.706224849841281199e-02 1.955675729559249287e+00
4.752004868087766204e-02 1.955586876766426174e+00
4.798230213563085128e-02 1.955498285036727957e+00
4.844905218208294534e-02 1.955410123160495450e+00
4.892034256103611894e-02 1.955318193656294223e+00
4.939621743878321036e-02 1.955224266418579493e+00
4.987672141124663283e-02 1.955128623092399653e+00
5.036189950815770505e-02 1.955030999868311081e+00
5.085179719727656034e-02 1.954931127727116413e+00
5.134646038865306461e-02 1.954829163115353596e+00
5.184593543892913187e-02 1.954725506881563435e+00
5.235026915568305461e-02 1.954619845770284359e+00
5.285950880181603667e-02 1.954511936448150911e+00
5.337370209998133774e-02 1.954402120318931679e+00
5.389289723705643909e-02 1.954290041221024676e+00
5.441714286865893119e-02 1.954175709936625038e+00
5.494648812370611646e-02 1.954059665424336067e+00
5.548098260901916656e-02 1.953941467645162744e+00
5.602067641397187603e-02 1.953821435196072986e+00
5.656562011518465050e-02 1.953696702781704042e+00
5.711586478126431943e-02 1.953571900323519905e+00
5.767146197758996756e-02 1.953444254569207672e+00
5.823246377114527778e-02 1.953316413782805405e+00
5.879892273539785025e-02 1.953183694639492707e+00
5.937089195522609469e-02 1.953048073604507717e+00
5.994842503189409116e-02 1.952909917862954758e+00
6.053157608807464840e-02 1.952768711405900470e+00
6.112039977292132997e-02 1.952624182074484516e+00
6.171495126718981594e-02 1.952476887674936545e+00
6.231528628840921763e-02 1.952325416335237040e+00
6.292146109610344262e-02 1.952173686921699680e+00
6.353353249706343575e-02 1.952019281742653600e+00
6.415155785067082339e-02 1.951862249270494676e+00
6.477559507427335661e-02 1.951702074363209860e+00
6.540570264861225724e-02 1.951539918777394078e+00
6.604193962330305590e-02 1.951371793398497756e+00
6.668436562236895737e-02 1.951201251553465355e+00
6.733304084982863480e-02 1.951027543226728778e+00
6.798802609533814711e-02 1.950850396228607897e+00
6.864938273988777095e-02 1.950670248998756628e+00
6.931717276155408003e-02 1.950484604732744431e+00
6.999145874130821565e-02 1.950297986540903805e+00
7.067230386888070925e-02 1.950106088737061150e+00
7.135977194868306506e-02 1.949910680984360933e+00
7.205392740578704658e-02 1.949711872375051502e+00
7.275483529196229149e-02 1.949506945843272998e+00
7.346256129177256011e-02 1.949300729010489119e+00
7.417717172873124210e-02 1.949090999760390464e+00
7.489873357151664857e-02 1.948876705685633537e+00
7.562731444024800576e-02 1.948658192495846597e+00
7.636298261282241373e-02 1.948435120010112431e+00
7.710580703131336699e-02 1.948207430360649584e+00
7.785585730843146146e-02 1.947975424587636173e+00
7.861320373404813433e-02 1.947738872098202290e+00
7.937791728178281159e-02 1.947497522410673643e+00
8.015006961565404597e-02 1.947251303916688103e+00
8.092973309679550586e-02 1.947000014965815318e+00
8.171698079023696770e-02 1.946743158565749754e+00
8.251188647175167201e-02 1.946481483610592811e+00
8.331452463477014014e-02 1.946215987294673155e+00
8.412497049736118726e-02 1.945949437686253614e+00
8.494330000928071445e-02 1.945674413709882700e+00
8.576958985908941790e-02 1.945387170562351775e+00
8.660391748133952627e-02 1.945101499161577596e+00
8.744636106383144036e-02 1.944810656132681448e+00
8.829699955494091368e-02 1.944514764360923298e+00
8.915591267101763417e-02 1.944213614013615254e+00
9.002318090385581784e-02 1.943907051163841215e+00
9.089888552823731371e-02 1.943594604285944438e+00
9.178310860954806694e-02 1.943273213088430040e+00
9.267593301146882789e-02 1.942946107602433692e+00
9.357744240374062106e-02 1.942612304623629882e+00
9.448772127000577836e-02 1.942271561349343534e+00
9.540685491572513388e-02 1.941923927507479997e+00
9.633492947617222635e-02 1.941569557512431654e+00
9.727203192450542546e-02 1.941208837018503885e+00
9.821825007991856482e-02 1.940840927831644080e+00
9.917367261587073379e-02 1.940466466617263297e+00
1.001383890683960748e-01 1.940084191686046733e+00
1.011124898444945991e-01 1.939697557422098928e+00
1.020960662306047012e-01 1.939301795557966779e+00
1.030892104011576216e-01 1.938899432105692933e+00
1.040920154272158005e-01 1.938490651842740276e+00
1.051045752851944987e-01 1.938072232703510700e+00
1.061269848656690717e-01 1.937647663805990517e+00
1.071593399822671072e-01 1.937214192309828942e+00
1.082017373806478805e-01 1.936768302649162665e+00
1.092542747475682557e-01 1.936316101742401541e+00
1.103170507200377515e-01 1.935857453881802748e+00
1.113901648945616746e-01 1.935387098148600105e+00
1.124737178364751955e-01 1.934909053079846952e+00
1.135678110893671017e-01 1.934421576080704197e+00
1.146725471845963656e-01 1.933924125612712874e+00
1.157880296509002094e-01 1.933414351045222412e+00
1.169143630240966764e-01 1.932898732607084114e+00
1.180516528568804902e-01 1.932375059550195173e+00
1.192000057287153220e-01 1.931842042102406065e+00
1.203595292558212876e-01 1.931298099368925270e+00
1.215303321012602134e-01 1.930742541184474304e+00
1.227125239851190319e-01 1.930175443912494737e+00
1.239062156947916271e-01 1.929597706829640602e+00
1.251115190953615564e-01 1.929009957704204137e+00
1.263285471400849291e-01 1.928411526775279050e+00
1.275574138809759950e-01 1.927801622987492136e+00
1.287982344794950385e-01 1.927179722496886738e+00
1.300511252173409127e-01 1.926546881891504803e+00
1.313162035073478784e-01 1.925899014288964484e+00
1.325935879044890797e-01 1.925236909658545104e+00
1.338833981169864351e-01 1.924565586820339291e+00
1.351857550175293021e-01 1.923881856694410253e+00
1.365007806546013891e-01 1.923187338362605914e+00
1.378285982639189389e-01 1.922480336692227842e+00
1.391693322799789911e-01 1.921758200770466996e+00
1.405231083477211373e-01 1.921022386769656753e+00
1.418900533343016301e-01 1.920273364717439701e+00
1.432702953409830948e-01 1.919508332395971628e+00
1.446639637151387880e-01 1.918728867395115500e+00
1.460711890623745679e-01 1.917934665034498609e+00
1.474921032587684921e-01 1.917126208103071772e+00
1.489268394632288772e-01 1.916302637925597629e+00
1.503755321299738434e-01 1.915466583173013548e+00
1.518383170211306810e-01 1.914613766682591312e+00
1.533153312194593942e-01 1.913744255950414752e+00
1.548067131411984265e-01 1.912858047037491627e+00
1.563126025490369497e-01 1.911952630173304524e+00
1.578331405652117214e-01 1.911034625232810535e+00
1.593684696847328941e-01 1.910100129030880556e+00
1.609187337887370006e-01 1.909144538829468773e+00
1.624840781579713067e-01 1.908172958927314644e+00
1.640646494864078653e-01 1.907182602910022506e+00
1.656605958949914359e-01 1.906173208227384341e+00
1.672720669455196874e-01 1.905145726245316862e+00
1.688992136546599021e-01 1.904100120841320187e+00
1.705421885081006561e-01 1.903037174347014693e+00
1.722011454748421100e-01 1.901954313120333806e+00
1.738762400216251336e-01 1.900849720572429735e+00
1.755676291275001522e-01 1.899723509153110612e+00
1.772754712985387948e-01 1.898575369446436012e+00
1.789999265826875408e-01 1.897407552147884369e+00
1.807411565847668600e-01 1.896219438135940738e+00
1.824993244816152382e-01 1.895009948970878044e+00
1.842745950373816666e-01 1.893778176431712756e+00
1.860671346189656239e-01 1.892524029148411335e+00
1.878771112116086051e-01 1.891245181107555462e+00
1.897046944346358344e-01 1.889945023324815621e+00
1.915500555573527997e-01 1.888621172930785352e+00
1.934133675150944698e-01 1.887273439057145952e+00
1.952948049254327745e-01 1.885901225849957008e+00
1.971945441045395986e-01 1.884501311614164010e+00
1.991127630837108697e-01 1.883073795333551903e+00
2.010496416260497965e-01 1.881628175525198232e+00
2.030053612433137811e-01 1.880152227944759336e+00
2.049801052129238688e-01 1.878651826712453454e+00
2.069740585951406198e-01 1.877123805547824764e+00
2.089874082504071251e-01 1.875567959062412360e+00
2.110203428568595552e-01 1.873983050304872666e+00
2.130730529280097374e-01 1.872369784774488677e+00
2.151457308305980698e-01 1.870727387922067164e+00
2.172385708026215445e-01 1.869057856675982565e+00
2.193517689715359098e-01 1.867356905412667301e+00
2.214855233726360506e-01 1.865627507324456591e+00
2.236400339676138660e-01 1.863867348975908111e+00
2.258155026632983065e-01 1.862074841951464110e+00
2.280121333305757114e-01 1.860249839693859819e+00
2.302301318234963867e-01 1.858392764748849846e+00
2.324697059985647851e-01 1.856505552859962993e+00
2.347310657342196183e-01 1.854584228963167991e+00
2.370144229505012079e-01 1.852631133024927212e+00
2.393199916289123208e-01 1.850638621951631979e+00
2.416479878324700736e-01 1.848610858531678725e+00
2.439986297259550130e-01 1.846553405121635016e+00
2.463721375963552895e-01 1.844461062979743771e+00
2.487687338735107279e-01 1.842327868466982377e+00
2.511886431509580686e-01 1.840157568064319626e+00
2.536320922069775774e-01 1.837913680467218702e+00
2.560993100258459609e-01 1.835713445905442942e+00
2.585905278192945911e-01 1.833427958883476983e+00
2.611059790481781162e-01 1.831104066305256239e+00
2.636458994443517945e-01 1.828742758170605720e+00
2.662105270327638773e-01 1.826343669389031810e+00
2.688001021537606006e-01 1.823902523609105319e+00
2.714148674856106669e-01 1.821420028051912388e+00
2.740550680672460548e-01 1.818895193688582657e+00
2.767209513212268712e-01 1.816327572988291505e+00
2.794127670769268601e-01 1.813718003900383291e+00
2.821307675939472293e-01 1.811062628421881815e+00
2.848752075857552413e-01 1.808366381960329727e+00
2.876463442435557849e-01 1.805621380864339098e+00
2.904444372603925406e-01 1.802832405033987229e+00
2.932697488554852905e-01 1.799997471761999535e+00
2.961225437988035947e-01 1.797117615602190410e+00
2.990030894358785551e-01 1.794190436525845866e+00
3.019116557128577738e-01 1.791211517938614994e+00
3.048485152018017286e-01 1.788182378560025931e+00
3.078139431262288950e-01 1.785110361104415011e+00
3.108082173869063936e-01 1.781990200722097351e+00
3.138316185878944342e-01 1.778816352837998327e+00
3.168844300628416155e-01 1.775589653914919408e+00
3.199669379015380732e-01 1.772313498267409360e+00
3.230794309767249795e-01 1.768982891719582229e+00
3.262222009711669979e-01 1.765602249050361117e+00
3.293955424049855307e-01 1.762168625941253453e+00
3.325997526632606949e-01 1.758680711033733690e+00
3.358351320238990301e-01 1.755136466261505879e+00
3.391019836857747105e-01 1.751537732460062058e+00
3.424006137971423724e-01 1.747883303004827749e+00
3.457313314843284413e-01 1.744171602067489113e+00
3.490944488806992929e-01 1.740403503204070335e+00
3.524902811559130766e-01 1.736576082979804481e+00
3.559191465454557002e-01 1.732695037919421477e+00
3.593813663804627523e-01 1.728754231065318336e+00
3.628772651178337472e-01 1.724749881892713166e+00
3.664071703706370808e-01 1.720688551005900013e+00
3.699714129388128048e-01 1.716564531910023783e+00
3.735703268401719401e-01 1.712381328559905436e+00
3.772042493416999376e-01 1.708137588828201547e+00
3.808735209911614517e-01 1.703831337123725254e+00
3.845784856490158665e-01 1.699461354344341979e+00
3.883194905206404091e-01 1.695025114218052353e+00
3.920968861888690649e-01 1.690525745640853117e+00
3.959110266468458539e-01 1.685965984181317046e+00
3.997622693312000708e-01 1.681341630616423499e+00
4.036509751555413805e-01 1.676648086106856450e+00
4.075775085442840395e-01 1.671888089390012544e+00
4.115422374667966343e-01 1.667066741864110302e+00
4.155455334718875515e-01 1.662173248147387872e+00
4.195877717226225712e-01 1.657213082197003251e+00
4.236693310314835759e-01 1.652187979230152814e+00
4.277905938958687093e-01 1.647095014430116189e+00
4.319519465339363706e-01 1.641929143402973690e+00
4.361537789208005944e-01 1.636699215570190269e+00
4.403964848250754294e-01 1.631400381588713921e+00
4.446804618457780300e-01 1.626026071092003367e+00
4.490061114495874639e-01 1.620583621641722649e+00
4.533738390084691150e-01 1.615073487792779927e+00
4.577840538376618529e-01 1.609490566372240306e+00
4.622371692340384031e-01 1.603837040603271591e+00
4.667336025148346446e-01 1.598113696867372591e+00
4.712737750567601580e-01 1.592318123591261791e+00
4.758581123354846953e-01 1.586445218346176134e+00
4.804870439655131720e-01 1.580506332610342568e+00
4.851610037404442966e-01 1.574498967329312160e+00
4.898804296736250508e-01 1.568412981927198802e+00
4.946457640391963562e-01 1.562254946383302867e+00
4.994574534135413635e-01 1.556022274883696488e+00
5.043159487171361421e-01 1.549725964547613355e+00
5.092217052568053237e-01 1.543352474931616758e+00
5.141751827683928022e-01 1.536900978550861829e+00
5.191768454598426619e-01 1.530377658971187715e+00
5.242271620547044320e-01 1.523789197900136561e+00
5.293266058360561743e-01 1.517122782103740741e+00
5.344756546908600026e-01 1.510383546713066405e+00
5.396747911547442600e-01 1.503573878401489150e+00
5.449245024572260121e-01 1.496691121187926798e+00
5.502252805673685243e-01 1.489736995195169111e+00
5.555776222398878250e-01 1.482709061818236362e+00
5.609820290617031358e-01 1.475610334701480397e+00
5.664390074989449353e-01 1.468441802864563606e+00
5.719490689444144405e-01 1.461197808055574310e+00
5.775127297655114900e-01 1.453887589479827991e+00
5.831305113526221717e-01 1.446505148586425316e+00
5.888029401679826247e-01 1.439052316153348166e+00
5.945305477950136863e-01 1.431535964020710372e+00
6.003138709881384871e-01 1.423934565728438129e+00
6.061534517230839914e-01 1.416281789900447396e+00
6.120498372476699256e-01 1.408556370163413618e+00
6.180035801330957534e-01 1.400760480141544528e+00
6.240152383257209223e-01 1.392899044970337563e+00
6.300853751993553686e-01 1.384971588812122567e+00
6.362145596080520660e-01 1.376979957778530439e+00
6.424033659394193796e-01 1.368921178478122114e+00
6.486523741684461219e-01 1.360802137328657402e+00
6.549621699118558515e-01 1.352618377932467864e+00
6.613333444829840868e-01 1.344370572656334639e+00
6.677664949471955325e-01 1.336064206803174947e+00
6.742622241778342129e-01 1.327698660961352362e+00
6.808211409127237213e-01 1.319271185675929603e+00
6.874438598112112553e-01 1.310786506257667128e+00
6.941310015117725385e-01 1.302245890358548097e+00
7.008831926901714082e-01 1.293643234697051447e+00
7.077010661181889484e-01 1.284996016512792938e+00
7.145852607229240538e-01 1.276287252074497891e+00
7.215364216466665370e-01 1.267526788905446677e+00
7.285552003073593186e-01 1.258717483626011102e+00
7.356422544596413760e-01 1.249856088603898074e+00
7.427982482564918776e-01 1.240948223559294350e+00
7.500238523114668432e-01 1.231991419347710837e+00
7.573197437615483141e-01 1.222987044997587924e+00
7.646866063305975958e-01 1.213941240457481419e+00
7.721251303934327792e-01 1.204845539745383443e+00
7.796360130405233235e-01 1.195716148360728814e+00
7.872199581433195759e-01 1.186544686793984393e+00
7.948776764202123424e-01 1.177334899920703171e+00
8.026098855031396084e-01 1.168084862766312515e+00
8.104173100048355227e-01 1.158800436264584066e+00
8.183006815867394090e-01 1.149486821132243097e+00
8.262607390275591435e-01 1.140135300733783774e+00
8.342982282925082149e-01 1.130755662945835738e+00
8.424139026032094746e-01 1.121347752349463711e+00
8.506085225082840040e-01 1.111912358430205083e+00
8.588828559546254349e-01 1.102451580314462110e+00
8.672376783593644944e-01 1.092966849165219134e+00
8.756737726825394308e-01 1.083464327573308905e+00
8.841919295004664336e-01 1.073937326201351405e+00
8.927929470798307010e-01 1.064391397189655697e+00
9.014776314524917122e-01 1.054833914540211914e+00
9.102467964910225806e-01 1.045258659330035034e+00
9.191012639849772681e-01 1.035673316341471084e+00
9.280418637179072006e-01 1.026074184545177070e+00
9.370694335451198453e-01 1.016470702272006976e+00
9.461848194722002336e-01 1.006856395657779180e+00
9.553888757342895444e-01 9.972404676553210390e-01
9.646824648761427312e-01 9.876197657928091900e-01
9.740664578329562007e-01 9.779981260705937762e-01
9.835417340119908536e-01 9.683781839709915129e-01
9.931091813749796104e-01 9.587601288773390795e-01
1.002769696521346621e+00 9.491475848987352970e-01
1.012524184772224167e+00 9.395434908502688920e-01
1.022373560255302127e+00 9.299454869753419617e-01
1.032318745990486564e+00 9.203567521149343955e-01
1.042360673976402197e+00 9.107836306343096711e-01
1.052500285277732761e+00 9.012226366152656931e-01
1.062738530113414459e+00 8.916805851040883191e-01
1.073076367945679621e+00 8.821529687511285855e-01
1.083514767569973225e+00 8.726477161814600869e-01
1.094054707205742494e+00 8.631625893672906225e-01
1.104697174588111785e+00 8.537028292678081609e-01
1.115443167060441221e+00 8.442677727469503068e-01
1.126293691667795249e+00 8.348593526868677284e-01
1.137249765251314271e+00 8.254810395043942206e-01
1.148312414543511073e+00 8.161311919068459098e-01
1.159482676264482759e+00 8.068170041617696020e-01
1.170761597219069250e+00 7.975357806815388528e-01
1.182150234394952371e+00 7.882930009441960761e-01
1.193649655061713055e+00 7.790779069838180693e-01
1.205260936870842681e+00 7.699113642613697461e-01
1.216985167956738056e+00 7.607832199678802310e-01
1.228823447038673411e+00 7.516951904191565559e-01
1.240776883523764251e+00 7.426545024367087189e-01
1.252846597610937529e+00 7.336530775372279711e-01
1.265033720395903893e+00 7.247065575989359854e-01
1.277339393977160009e+00 7.158014132852726918e-01
1.289764771563017165e+00 7.069502461594668885e-01
1.302311017579677488e+00 6.981492736359397044e-01
1.314979307780347773e+00 6.893939186150330745e-01
1.327770829355430449e+00 6.807020617553424247e-01
1.340686781043774811e+00 6.720603105720647230e-01
1.353728373245021821e+00 6.634743141880640183e-01
1.366896828133026487e+00 6.549438912233939147e-01
1.380193379770397355e+00 6.464744485615624425e-01
1.393619274224142002e+00 6.380642251430717060e-01
1.407175769682446731e+00 6.297143270146434713e-01
1.420864136572576708e+00 6.214248313028800652e-01
1.434685657679937831e+00 6.131976129397826991e-01
1.448641628268290127e+00 6.050351394055678567e-01
1.462733356201129986e+00 5.969366439527403756e-01
1.476962162064259898e+00 5.889018805352462804e-01
1.491329379289537682e+00 5.809344513393990272e-01
1.505836354279841416e+00 5.730324894254837931e-01
1.520484446535244283e+00 5.651982906568275844e-01
1.535275028780422657e+00 5.574300723285369186e-01
1.550209487093291205e+00 5.497369677973804603e-01
1.565289221034902312e+00 5.421096017122283284e-01
1.580515643780601165e+00 5.345479292350708844e-01
1.595890182252465817e+00 5.270584139602678686e-01
1.611414277253019778e+00 5.196429203398129637e-01
1.627089383600260675e+00 5.123006639792482275e-01
1.642916970263993193e+00 5.050271211367460822e-01
1.658898520503498064e+00 4.978230573380730273e-01
1.675035532006524441e+00 4.906926738585971615e-01
1.691329517029648732e+00 4.836364863886963850e-01
1.707782002539993016e+00 4.766552999077008357e-01
1.724394530358320354e+00 4.697438497125202006e-01
1.741168657303530987e+00 4.629074674375850962e-01
1.758105955338547632e+00 4.561418603274264849e-01
1.775208011717636092e+00 4.494521803190288933e-01
1.792476429135148930e+00 4.428382219235353912e-01
1.809912825875727105e+00 4.362475889043191390e-01
1.827518835965944666e+00 4.298268713677611541e-01
1.845296109327445366e+00 4.234309629456597390e-01
1.863246311931559873e+00 4.171104352656697656e-01
1.881371125955437096e+00 4.108643085133678596e-01
1.899672249939675650e+00 4.046905235478116536e-01
1.918151398947507635e+00 3.985900182146895343e-01
1.936810304725519849e+00 3.925630073440740664e-01
1.955650715865949074e+00 3.866092752217734074e-01
1.974674397970537454e+00 3.807281881245239141e-01
1.993883133816001019e+00 3.749191658881232958e-01
2.013278723521096492e+00 3.691843023064718676e-01
2.032862984715323673e+00 3.635198279743104832e-01
2.052637752709252084e+00 3.579281174691197331e-01
2.072604880666519822e+00 3.524066289902032523e-01
2.092766239777499759e+00 3.469582002128647757e-01
2.113123719434652603e+00 3.415789456046287587e-01
2.133679227409597701e+00 3.362708952701744525e-01
2.154434690031884259e+00 3.310317404974548738e-01
2.175392052369522489e+00 3.258628296283634929e-01
2.196553278411258248e+00 3.207631876704806762e-01
2.217920351250634692e+00 3.157311237553002692e-01
2.239495273271823184e+00 3.107685971851117945e-01
2.261280066337279404e+00 3.058724323704729020e-01
2.283276771977218012e+00 3.010432050942429827e-01
2.305487451580938707e+00 2.962825390617108146e-01
2.327914186589993051e+00 2.915876225641560460e-01
2.350559078693253756e+00 2.869547747634094703e-01
2.373424250023866033e+00 2.823909648769035718e-01
2.396511843358130278e+00 2.778895416181951794e-01
2.419824022316292567e+00 2.734520834060276129e-01
2.443362971565319341e+00 2.690787463405200364e-01
2.467130897023623426e+00 2.647664145662421142e-01
2.491130026067788439e+00 2.605188018588244225e-01
2.515362607741312928e+00 2.563299318174646069e-01
2.539830912965362675e+00 2.522041531734541819e-01
2.564537234751594674e+00 2.481370321067391804e-01
2.589483888417040802e+00 2.441285702967015414e-01
2.614673211801092023e+00 2.401825681305909399e-01
2.640107565484572927e+00 2.362918090020595108e-01
2.665789333010967876e+00 2.324599338698804252e-01
2.691720921109787668e+00 2.286846589812250308e-01
2.717904759922122881e+00 2.249658131892632862e-01
2.744343303228365283e+00 2.213038773655329750e-01
2.771039028678170535e+00 2.176959771493237605e-01
2.797994438022641805e+00 2.141421340230758308e-01
2.825212057348790218e+00 2.106427309373977708e-01
2.852694437316245057e+00 2.071969245195701970e-01
2.880444153396297668e+00 2.038027103891164871e-01
2.908463806113254169e+00 2.004613325775901900e-01
2.936756021288137397e+00 1.971708659205334280e-01
2.965323450284773621e+00 1.939299590773603810e-01
2.994168770258243573e+00 1.907397570907271300e-01
3.023294684405779531e+00 1.875993373468767544e-01
3.052703922220086241e+00 1.845080702194984157e-01
3.082399239745143404e+00 1.814633351829459118e-01
3.112383419834465759e+00 1.784656614994164781e-01
3.142659272411905569e+00 1.755157069089561539e-01
3.173229634734976212e+00 1.726128479326740628e-01
3.204097371660752813e+00 1.697537194931289795e-01
3.235265375914330388e+00 1.669399860564798888e-01
3.266736568359921655e+00 1.641701078112818846e-01
3.298513898274578082e+00 1.614441461756787322e-01
3.330600343624588788e+00 1.587620418242412235e-01
3.362998911344535991e+00 1.561214719676053964e-01
3.395712637619100693e+00 1.535229733258390572e-01
3.428744588167585317e+00 1.509646784920785911e-01
3.462097858531227423e+00 1.484476804727036803e-01
3.495775574363275240e+00 1.459714634661185562e-01
3.529780891721914671e+00 1.435342012579325921e-01
3.564116997366032269e+00 1.411352403530349853e-01
3.598787109053855460e+00 1.387745190461794897e-01
3.633794475844513094e+00 1.364511496493635012e-01
3.669142378402494131e+00 1.341669342927305775e-01
3.704834129305105694e+00 1.319179275825807796e-01
3.740873073352900313e+00 1.296881300604814380e-01
3.777262587883141176e+00 1.275276901905315341e-01
3.814006083086284082e+00 1.253849937921104885e-01
3.851107002325572903e+00 1.232772455908341391e-01
3.888568822459721019e+00 1.212032953963337600e-01
3.926395054168756449e+00 1.191624066665148973e-01
3.964589242282997805e+00 1.171544355100426760e-01
4.003154966115265445e+00 1.151789669413001288e-01
4.042095839796306045e+00 1.132355146531482948e-01
4.081415512613501662e+00 1.113231787320454885e-01
4.121117669352832635e+00 1.094417050200285207e-01
4.161206030644208020e+00 1.075908790555255012e-01
4.201684353310133346e+00 1.057696440114944125e-01
4.242556430717777438e+00 1.039783741300130820e-01
4.283826093134470270e+00 1.022155579957769317e-01
4.325497208086633627e+00 1.004813999311451184e-01
4.367573680722233398e+00 9.877508495731369964e-02
4.410059454176736615e+00 9.709697763482710853e-02
4.452958509942654963e+00 9.544577703869965013e-02
4.496274868242640110e+00 9.382154445218783556e-02
4.540012588406244554e+00 9.222287483546014186e-02
4.584175769250333765e+00 9.065081463325389000e-02
4.628768549463215365e+00 8.910421458181684573e-02
4.673795107992464004e+00 8.758230537051743536e-02
4.719259664436561863e+00 8.608527788405885561e-02
4.765166479440326341e+00 8.461253715541976195e-02
4.811519855094205766e+00 8.316414629354509924e-02
4.858324135337417360e+00 8.173845532438014927e-02
4.905583706365050922e+00 8.033675123629575865e-02
4.953302997039108924e+00 7.895712930897925974e-02
5.001486479303548727e+00 7.759997529419944418e-02
5.050138668603383785e+00 7.626525176372075943e-02
5.099264124307808288e+00 7.495176185397081636e-02
5.148867450137498025e+00 7.365982856057991246e-02
5.198953294596024399e+00 7.238864340184796020e-02
5.249526351405507718e+00 7.113820895380287834e-02
5.300591359946452030e+00 6.990840912547584274e-02
5.352153105701904501e+00 6.869828708157253716e-02
5.404216420705915347e+00 6.750769917502418005e-02
5.456786183996381823e+00 6.633651569516996194e-02
5.509867322072253160e+00 6.518442943646890475e-02
5.563464809355226137e+00 6.405108437355054585e-02
5.617583668655908191e+00 6.293613466122580102e-02
5.672228971644543094e+00 6.183921959196243129e-02
5.727405839326266346e+00 6.075981936789455473e-02
5.783119442521027054e+00 5.969833252801665796e-02
5.839375002348160315e+00 5.865432920025398511e-02
5.896177790715694478e+00 5.762615691451897226e-02
5.953533130814370189e+00 5.661572652347934831e-02
6.011446397616513337e+00 5.562124218226241479e-02
6.069923018379741464e+00 5.464334673231553002e-02
6.128968473155564034e+00 5.368111208018905983e-02
6.188588295302960063e+00 5.273438044613855402e-02
6.248788072006894012e+00 5.180281826054366351e-02
6.309573444801936049e+00 5.088669861796275146e-02
6.370950110100935149e+00 4.998545834639790686e-02
6.432923819728876502e+00 4.909892198622150400e-02
6.495500381461869033e+00 4.822654801945892855e-02
6.558685659571435345e+00 4.736835666180384125e-02
6.622485575374063238e+00 4.652412661185401782e-02
6.686906107786136921e+00 4.569375950221783722e-02
6.751953293884205287e+00 4.487685865753993780e-02
6.817633229470763112e+00 4.407299421383553684e-02
6.883952069645496330e+00 4.328121878945719730e-02
6.950916029382126382e+00 4.250459869912543570e-02
7.018531384110795912e+00 4.173306108947994614e-02
7.086804470306189430e+00 4.098681362289089553e-02
7.155741686081340980e+00 4.024624244451636967e-02
7.225349491787214085e+00 3.951785834851122975e-02
7.295634410618154320e+00 3.880140029095976995e-02
7.366603029223159460e+00 3.809644906584992025e-02
7.438261998323163482e+00 3.740302636125718977e-02
7.510618033334286459e+00 3.672084794514884898e-02
7.583677914997190683e+00 3.604986826698979713e-02
7.657448490012479958e+00 3.538507782725987955e-02
7.731936671682362316e+00 3.474059555631818508e-02
7.807149440558499798e+00 3.410272633098647421e-02
7.883093845096216690e+00 3.347357839304321986e-02
7.959777002314985417e+00 3.285557268491613031e-02
8.037206098465421888e+00 3.224765342039951493e-02
8.115388389702712146e+00 3.164963106570177487e-02
8.194331202766655053e+00 3.106148341645994029e-02
8.274041935668218883e+00 3.048292059187971900e-02
8.354528058382872047e+00 2.991385197024398410e-02
8.435797113550611570e+00 2.935412338641064933e-02
8.517856717182803905e+00 2.880356970630986238e-02
8.600714559375941093e+00 2.826205521491477468e-02
8.684378405032257220e+00 2.772889110487540554e-02
8.768856094587436090e+00 2.720549642553318770e-02
8.854155544745349715e+00 2.669039345563570254e-02
8.940284749219998162e+00 2.618342657001669974e-02
9.027251779484577909e+00 2.568517510626858874e-02
9.115064785527916769e+00 2.519490555697235720e-02
9.203731996618220279e+00 2.471289956742027047e-02
9.293261722074316111e+00 2.423873629286453502e-02
9.383662352044273902e+00 2.377246991537955434e-02
9.474942358291729150e+00 2.331390762134719422e-02
9.567110294989774388e+00 2.286300348181784931e-02
9.660174799522645017e+00 2.241954982531660368e-02
9.754144593295098531e+00 2.198349293429693527e-02
9.849028482549766039e+00 2.155469227393735226e-02
9.944835359192397917e+00 2.113304119052894503e-02
1.004157420162519543e+01 2.071838104736302769e-02
1.013925407558815373e+01 2.031072032203726230e-02
1.023788413500867378e+01 1.990892508355714477e-02
1.033747362285940774e+01 1.951568582838787702e-02
1.043803187202444072e+01 1.912820474207270471e-02
1.053956830617394580e+01 1.874720606550867377e-02
1.064209244064724658e+01 1.837231543655600333e-02
1.074561388334458023e+01 1.800446313769605428e-02
1.085014233562746178e+01 1.764236377857468854e-02
1.095568759322787855e+01 1.728635418985533315e-02
1.106225954716621906e+01 1.693646860132801482e-02
1.116986818467823817e+01 1.659254871849575458e-02
1.127852359015096795e+01 1.625443779543342057e-02
1.138823594606782130e+01 1.592180222769076087e-02
1.149901553396274245e+01 1.559547239263126689e-02
1.161087273538378994e+01 1.527441325806572735e-02
1.172381803286598512e+01 1.495777958701850416e-02
1.183786201091373513e+01 1.464875083042231803e-02
1.195301535699265827e+01 1.434395417373239903e-02
1.206928886253119870e+01 1.404435295117258641e-02
1.218669342393191712e+01 1.374911983096028557e-02
1.230524004359261525e+01 1.346075361293710970e-02
1.242493983093746479e+01 1.317664670560468772e-02
1.254580400345803248e+01 1.289717832190652794e-02
1.266784388776455827e+01 1.262283808231077185e-02
1.279107092064739781e+01 1.235339506371795938e-02
1.291549665014884063e+01 1.208854583979748938e-02
1.304113273664525430e+01 1.182834089553058861e-02
1.316799095393986185e+01 1.157272812016135397e-02
1.329608319036608854e+01 1.132165037468382297e-02
1.342542144990170527e+01 1.107499875300525273e-02
1.355601785329368880e+01 1.083274843875357829e-02
1.368788463919415221e+01 1.059486597132668941e-02
1.382103416530724438e+01 1.036113621504119488e-02
1.395547890954729020e+01 1.013148043588451598e-02
1.409123147120805619e+01 9.906284434794101340e-03
1.422830457214353395e+01 9.684980553672450920e-03
1.436671105796013137e+01 9.467685776212196938e-03
1.450646389922046886e+01 9.254340009567074352e-03
1.464757619265895272e+01 9.044896629673422964e-03
1.479006116240903168e+01 8.839239823958270140e-03
1.493393216124253264e+01 8.637379534771262579e-03
1.507920267182097263e+01 8.439206254761161263e-03
1.522588630795911513e+01 8.244751589895524604e-03
1.537399681590069456e+01 8.053793674405037087e-03
1.552354807560667105e+01 7.866342328651385746e-03
1.567455410205595001e+01 7.682629827419972662e-03
1.582702904655883280e+01 7.502195313484818530e-03
1.598098719808309376e+01 7.325139209848232150e-03
1.613644298459311699e+01 7.151465645882215845e-03
1.629341097440194730e+01 6.981082853650856165e-03
1.645190587753662470e+01 6.813856722026152488e-03
1.661194254711659113e+01 6.649816556645179837e-03
1.677353598074571295e+01 6.489010989822375890e-03
1.693670132191772026e+01 6.331304719346597318e-03
1.710145386143542012e+01 6.176530331433715063e-03
1.726780903884355922e+01 6.024810675043830964e-03
1.743578244387577669e+01 5.876056911568293233e-03
1.760538981791556523e+01 5.730175924398291966e-03
1.777664705547142532e+01 5.587187404949424223e-03
1.794957020566648254e+01 5.447005434275199558e-03
1.812417547374237614e+01 5.309588966264250538e-03
1.830047922257800863e+01 5.174913735340606717e-03
1.847849797422290763e+01 5.042902593822951030e-03
1.865824841144566193e+01 4.913633961807298452e-03
1.883974737929719367e+01 4.786850893965994592e-03
1.902301188668945642e+01 4.662653815199663092e-03
1.920805910798935301e+01 4.541008349841319132e-03
1.939490638462828542e+01 4.421835476988838880e-03
1.958357122672716955e+01 4.305117756588918917e-03
1.977407131473744428e+01 4.190608567267840520e-03
1.996642450109793288e+01 4.079033594791515657e-03
2.016064881190793656e+01 3.969280987961876749e-03
2.035676244861640072e+01 3.862005967716563952e-03
2.055478378972772546e+01 3.756882658995765525e-03
2.075473139252405730e+01 3.654067682318683317e-03
2.095662399480432825e+01 3.553406881377532862e-03
2.116048051664034446e+01 3.455087393409697095e-03
2.136632006214970403e+01 3.358566030002303054e-03
2.157416192128621546e+01 3.264339521104843087e-03
2.178402557164756459e+01 3.172245190350270454e-03
2.199593068030074861e+01 3.081739356540658982e-03
2.220989710562497521e+01 2.993686543040291730e-03
2.242594489917278011e+01 2.907596502015676997e-03
2.264409430754907504e+01 2.823058105812767653e-03
2.286436577430861306e+01 2.740578923323968522e-03
2.308677994187169702e+01 2.659983860748009205e-03
2.331135765345874944e+01 2.581200536134611607e-03
2.353811995504354471e+01 2.504300930767505273e-03
2.376708809732560823e+01 2.428993243084948822e-03
2.399828353772154799e+01 2.355518244736710520e-03
2.423172794237600769e+01 2.283730884620098836e-03
2.446744318819203201e+01 2.213651160911406235e-03
2.470545136488123816e+01 2.145195673304424282e-03
2.494577477703398571e+01 2.078369391155748466e-03
2.518843594620949489e+01 2.013122126762856290e-03
2.543345761304651020e+01 1.949504269855187148e-03
2.568086273939435316e+01 1.887335628674542730e-03
2.593067451046487548e+01 1.826719642625327170e-03
2.618291633700505372e+01 1.767572228038457064e-03
2.643761185749101372e+01 1.709917390182854376e-03
2.669478494034320804e+01 1.653641877300209440e-03
2.695445968616333587e+01 1.598810290410891720e-03
2.721666042999271795e+01 1.545391836201304939e-03
2.748141174359293259e+01 1.493290692775525730e-03
2.774873843774846804e+01 1.442538624810284827e-03
2.801866556459195223e+01 1.393092313303861225e-03
2.829121841995168651e+01 1.344924432719748868e-03
2.856642254572233952e+01 1.298018061543621069e-03
2.884430373225852051e+01 1.252355125818376035e-03
2.912488802079168337e+01 1.207908063351635511e-03
2.940820170587063842e+01 1.164650186984207345e-03
2.969427133782552986e+01 1.122562335935971874e-03
2.998312372525609959e+01 1.081628858714807871e-03
3.027478593754393543e+01 1.041807416209025207e-03
3.056928530738937155e+01 1.003098812107805276e-03
3.086664943337274636e+01 9.654700356318140792e-04
3.116690618254088463e+01 9.289032315329426867e-04
3.147008369301855879e+01 8.933733465853963820e-04
3.177621037664554038e+01 8.588767629122745408e-04
3.208531492163897525e+01 8.253695103895837375e-04
3.239742629528198847e+01 7.928352070608541205e-04
3.271257374663825601e+01 7.612759433107441380e-04
3.303078680929315425e+01 7.306504304271676555e-04
3.335209530412127066e+01 7.009483343845190548e-04
3.367652934208116022e+01 6.721508920183386906e-04
3.400411932703705986e+01 6.442297388506331964e-04
3.433489595860830690e+01 6.171768800867645207e-04
3.466889023504609213e+01 5.909714846359775389e-04
3.500613345613854221e+01 5.655918099233977168e-04
3.534665722614391115e+01 5.410240322702179402e-04
3.569049345675229290e+01 5.172547302519126282e-04
3.603767437007633134e+01 4.942563907514939793e-04
3.638823250167062184e+01 4.720198246093772632e-04
3.674220070358090595e+01 4.505238430056662325e-04
3.709961214742267543e+01 4.297498510500904209e-04
3.746050032748993175e+01 4.096876539300301845e-04
3.782489906389385936e+01 3.903228279092018824e-04
3.819284250573236505e+01 3.716223276546396404e-04
3.856436513429023449e+01 3.535965716839395748e-04
3.893950176627063087e+01 3.362134274653339914e-04
3.931828755705770106e+01 3.194553491787467453e-04
3.970075800401124155e+01 3.033153115398096481e-04
4.008694894979318946e+01 2.877772197167110450e-04
4.047689658572676308e+01 2.728184606631260558e-04
4.087063745518780422e+01 2.584346659683451806e-04
4.126820845702955864e+01 2.446067631364146522e-04
4.166964684904057492e+01 2.313166420340984585e-04
4.207499025143619065e+01 2.185632620820970331e-04
4.248427665038425260e+01 2.063219952496463735e-04
4.289754440156466586e+01 1.945792818780724598e-04
4.331483223376402947e+01 1.833283456372224738e-04
4.373617925250492533e+01 1.725494461860038655e-04
4.416162494371084790e+01 1.622333010981433698e-04
4.459120917740628443e+01 1.523670822652437300e-04
4.502497221145327444e+01 1.429375565057830694e-04
4.546295469532399380e+01 1.339322106235226557e-04
4.590519767391037220e+01 1.253403288433058735e-04
4.635174259137027519e+01 1.171471701897546181e-04
4.680263129501155817e+01 1.093426117915906928e-04
4.725790603921362276e+01 1.019136738535509327e-04
4.771760948938745628e+01 9.485289837623393815e-05
4.818178472597362827e+01 8.814446677102302590e-05
4.865047524847972937e+01 8.177946436226045369e-05
4.912372497955678341e+01 7.574578011154667789e-05
4.960157826911540724e+01 7.003615685625040556e-05
5.008407989848212338e+01 6.463608540711421086e-05
5.057127508459573306e+01 5.953140595642970976e-05
5.106320948424492911e+01 5.472728039495612754e-05
5.155992919834686461e+01 5.019216825888942965e-05
5.206148077626762216e+01 4.593043598150167630e-05
5.256791122018424289e+01 4.192794112025534885e-05
5.307926798948964375e+01 3.817806101797087420e-05
5.359559900524011766e+01 3.466624139700088891e-05
5.411695265464637572e+01 3.138816299840069089e-05
5.464337779560780461e+01 2.833302726209420831e-05
5.517492376129128928e+01 2.548635943867470587e-05
5.571164036475430237e+01 2.285198568810841734e-05
5.625357790361330501e+01 2.040821244348480951e-05
5.680078716475694733e+01 1.815292419767321658e-05
5.735331942910571712e+01 1.607461738030251290e-05
5.791122647641758192e+01 1.416916179969685806e-05
5.847456059014062646e+01 1.242311777528856158e-05
5.904337456231242243e+01 1.083188147329348297e-05
5.961772169850755887e+01 9.386917907523521968e-06
6.019765582283304184e+01 8.080965819766065914e-06
6.078323128297230227e+01 6.904186174066701234e-06
6.137450295527852973e+01 5.850729199603612076e-06
6.197152624991698389e+01 4.910039597037895367e-06
6.257435711605789663e+01 4.083319825178755040e-06
6.318305204711957401e+01 3.354859593939331711e-06
6.379766808606282069e+01 2.720161210978075213e-06
6.441826283073628190e+01 2.172388583910681896e-06
6.504489443927437264e+01 1.705063140882671545e-06
6.567762163554736787e+01 1.310951618882039617e-06
6.631650371466487570e+01 9.838017829271805949e-07
6.696160054853221766e+01 7.169146067616509784e-07
6.761297259146149941e+01 5.036842483115877122e-07
6.827068088583682481e+01 3.381007189131948502e-07
6.893478706783510290e+01 2.138360829830417848e-07
6.960535337320180815e+01 1.240588204458431982e-07
7.028244264308352740e+01 6.415735167343065893e-08
7.096611832991698066e+01 2.763859347727954357e-08
7.165644450337531168e+01 8.858083695782440170e-09
7.235348585637258623e+01 1.470953151945642893e-09
7.305730771112592947e+01 0.000000000000000000e+00
