1.000000000000000021e-02 1.962530169643173616e+00
1.009727545900835841e-02 1.962526143571897697e+00
1.019549716950923779e-02 1.962522022796741483e+00
1.029467433620748044e-02 1.962517819278934761e+00
1.039481625334708927e-02 1.962513505796938951e+00
1.049593230558227772e-02 1.962509097990929208e+00
1.059803196885688789e-02 1.962504594832152449e+00
1.070112481129246833e-02 1.962499978968277103e+00
1.080522049408488318e-02 1.962495249298406463e+00
1.091032877240974419e-02 1.962490400333843255e+00
1.101645949633656314e-02 1.962484189905316478e+00
1.112362261175187626e-02 1.962479093912173234e+00
1.123182816129126085e-02 1.962473933832607376e+00
1.134108628528052165e-02 1.962468739893244996e+00
1.145140722268592030e-02 1.962463436961011221e+00
1.156280131207376022e-02 1.962458023347091185e+00
1.167527899257919492e-02 1.962452502332394211e+00
1.178885080488457221e-02 1.962446951508787674e+00
1.190352739220719262e-02 1.962441298623706532e+00
1.201931950129673729e-02 1.962435522569819124e+00
1.213623798344241195e-02 1.962429698142125201e+00
1.225429379548980714e-02 1.962423729273013340e+00
1.237349800086776086e-02 1.962417630904510712e+00
1.249386177062509519e-02 1.962411393110325530e+00
1.261539638447754796e-02 1.962405015441775369e+00
1.273811323186478488e-02 1.962398534361107671e+00
1.286202381301779218e-02 1.962391908412134622e+00
1.298713974003655978e-02 1.962385132652956665e+00
1.311347273797833224e-02 1.962378233868483868e+00
1.324103464595636874e-02 1.962371299067065866e+00
1.336983741824946531e-02 1.962364326681369731e+00
1.349989312542219239e-02 1.962357257535681798e+00
1.363121395545611320e-02 1.962350078463564795e+00
1.376381221489191876e-02 1.962342824011404696e+00
1.389770032998276401e-02 1.962335452166364513e+00
1.403289084785873213e-02 1.962328010856130067e+00
1.416939643770268736e-02 1.962320410741758669e+00
1.430722989193757184e-02 1.962312638502358597e+00
1.444640412742520530e-02 1.962304726322913417e+00
1.458693218667675602e-02 1.962296718263490058e+00
1.472882723907502529e-02 1.962288528469316784e+00
1.487210258210860774e-02 1.962280124476182275e+00
1.501677164261799868e-02 1.962271507833817319e+00
1.516284797805393485e-02 1.962262654950308827e+00
1.531034527774784160e-02 1.962253598386738407e+00
1.545927736419477720e-02 1.962244342314874768e+00
1.560965819434872483e-02 1.962234911919468194e+00
1.576150186093060873e-02 1.962225309698114595e+00
1.591482259374891323e-02 1.962215443191756670e+00
1.606963476103326349e-02 1.962205389928148858e+00
1.622595287078087284e-02 1.962195130226816797e+00
1.638379157211618947e-02 1.962184650117579032e+00
1.654316565666366645e-02 1.962174091740364057e+00
1.670409005993399310e-02 1.962163483186900814e+00
1.686657986272368723e-02 1.962155037505334487e+00
1.703065029252844378e-02 1.962144102427615389e+00
1.719631672497009753e-02 1.962133039488171748e+00
1.736359468523754335e-02 1.962121737449058267e+00
1.753249984954170088e-02 1.962110159509703244e+00
1.770304804658450262e-02 1.962098488839640220e+00
1.787525525904235316e-02 1.962086665526317608e+00
1.804913762506383731e-02 1.962074571903136277e+00
1.822471143978214581e-02 1.962062216518057234e+00
1.840199315684210371e-02 1.962049497049424218e+00
1.858099938994215231e-02 1.962036539625272136e+00
1.876174691439120440e-02 1.962023288531834719e+00
1.894425266868081034e-02 1.962009737322633285e+00
1.912853375607242307e-02 1.961995907566158603e+00
1.931460744620030340e-02 1.961981815884974445e+00
1.950249117668984011e-02 1.961967363110964646e+00
1.969220255479172538e-02 1.961953429582044883e+00
1.988375935903200636e-02 1.961938089694752696e+00
2.007717954087816226e-02 1.961922341226465027e+00
2.027248122642137662e-02 1.961906232057453625e+00
2.046968271807520987e-02 1.961889792681082989e+00
2.066880249629082095e-02 1.961873025046605434e+00
2.086985922128879734e-02 1.961856019525173522e+00
2.107287173480786382e-02 1.961838538130712406e+00
2.127785906187062287e-02 1.961820770388708057e+00
2.148484041256648255e-02 1.961802653065043867e+00
2.169383518385184506e-02 1.961785750159040997e+00
2.190486296136792688e-02 1.961765433752207688e+00
2.211794352127614133e-02 1.961748495389667779e+00
2.233309683211144592e-02 1.961729198508705085e+00
2.255034305665360936e-02 1.961709671361035356e+00
2.276970255381680075e-02 1.961689731326174746e+00
2.299119588055741764e-02 1.961669314085923599e+00
2.321484379380064564e-02 1.961648599366278223e+00
2.344066725238556220e-02 1.961623488352660205e+00
2.366868741902936057e-02 1.961600997601686602e+00
2.389892566231050300e-02 1.961578476444001629e+00
2.413140355867127856e-02 1.961558772865297895e+00
2.436614289443983158e-02 1.961536482876001575e+00
2.460316566787181664e-02 1.961509067851524790e+00
2.484249409121190577e-02 1.961485148680573998e+00
2.508415059277539771e-02 1.961460734256886829e+00
2.532815781905008515e-02 1.961435933922859087e+00
2.557453863681850847e-02 1.961410840314396165e+00
2.582331613530085626e-02 1.961390206025651173e+00
2.607451362831877603e-02 1.961363931458719900e+00
2.632815465648021339e-02 1.961337104456078340e+00
2.658426298938541474e-02 1.961309651561922385e+00
2.684286262785454819e-02 1.961281719841644788e+00
2.710397780617682106e-02 1.961253287832121828e+00
2.736763299438163891e-02 1.961224247661106590e+00
2.763385290053169824e-02 1.961194584806756902e+00
2.790266247303856487e-02 1.961164336105012396e+00
2.817408690300057458e-02 1.961133661947231932e+00
2.844815162656363222e-02 1.961102427692578809e+00
2.872488232730495070e-02 1.961070441489977778e+00
2.900430493863991738e-02 1.961037867504018539e+00
2.928644564625237229e-02 1.961004807578543563e+00
2.957133089054861039e-02 1.960971052074196974e+00
2.985898736913520854e-02 1.960936620519707407e+00
3.014944203932094433e-02 1.960901320518468660e+00
3.044272212064302874e-02 1.960865326956794608e+00
3.073885509741795460e-02 1.960828721728222312e+00
3.103786872131722788e-02 1.960791290354592320e+00
3.133979101396793671e-02 1.960753133857188191e+00
3.164465026957891114e-02 1.960714101814808430e+00
3.195247505759213347e-02 1.960674476234236518e+00
3.226329422536015901e-02 1.960634217393629530e+00
3.257713690084949876e-02 1.960593183460962452e+00
3.289403249537032475e-02 1.960557178668874467e+00
3.321401070633261954e-02 1.960514619015040649e+00
3.353710152002930406e-02 1.960471083739327769e+00
3.386333521444636480e-02 1.960426496114441530e+00
3.419274236210027851e-02 1.960380924613485787e+00
3.452535383290306070e-02 1.960334374759113762e+00
3.486120079705520153e-02 1.960282637862547306e+00
3.520031472796678745e-02 1.960234726341046452e+00
3.554272740520694751e-02 1.960185821250867599e+00
3.588847091748199186e-02 1.960136209320813672e+00
3.623757766564258964e-02 1.960085464522583143e+00
3.659008036572020811e-02 1.960033639914988690e+00
3.694601205199302130e-02 1.959980823919961201e+00
3.730540608008161424e-02 1.959927164876239969e+00
3.766829613007490613e-02 1.959872745947207617e+00
3.803471620968648659e-02 1.959817138141548121e+00
3.840470065744145539e-02 1.959760247097726893e+00
3.877828414589457040e-02 1.959702066719706481e+00
3.915550168487941241e-02 1.959643158985018729e+00
3.953638862478930927e-02 1.959582941953076363e+00
3.992098065989020672e-02 1.959521897766355325e+00
4.030931383166566628e-02 1.959459791303819420e+00
4.070142453219438572e-02 1.959393982575010185e+00
4.109734950756069316e-02 1.959329187816028162e+00
4.149712586129815362e-02 1.959263091072420471e+00
4.190079105786669034e-02 1.959196052276342082e+00
4.230838292616342228e-02 1.959127630031995526e+00
4.271993966306778662e-02 1.959057756541536355e+00
4.313549983702118923e-02 1.958987748223671055e+00
4.355510239164130798e-02 1.958914666145283867e+00
4.397878664937160398e-02 1.958840846810703695e+00
4.440659231516640160e-02 1.958765294818933578e+00
4.483855948021186338e-02 1.958688146956006237e+00
4.527472862568297785e-02 1.958609178131876627e+00
4.571514062653719151e-02 1.958528504232674328e+00
4.615983675534499064e-02 1.958445806905573461e+00
4.660885868615767536e-02 1.958362182029428800e+00
4.706224849841281199e-02 1.958276393799281534e+00
4.752004868087766204e-02 1.958189363949604189e+00
4.798230213563085128e-02 1.958100229508730417e+00
4.844905218208294534e-02 1.958009192512723873e+00
4.892034256103611894e-02 1.957915945709120864e+00
4.939621743878321036e-02 1.957821860928503854e+00
4.987672141124663283e-02 1.957726345657690992e+00
5.036189950815770505e-02 1.957628944747728195e+00
5.085179719727656034e-02 1.957527503895420296e+00
5.134646038865306461e-02 1.957426204837936501e+00
5.184593543892913187e-02 1.957325193909328354e+00
5.235026915568305461e-02 1.957220085586445668e+00
5.285950880181603667e-02 1.957112672073495707e+00
5.337370209998133774e-02 1.957003283963945961e+00
5.389289723705643909e-02 1.956891630315144237e+00
5.441714286865893119e-02 1.956777415459608926e+00
5.494648812370611646e-02 1.956660820652112553e+00
5.548098260901916656e-02 1.956542218098489050e+00
5.602067641397187603e-02 1.956421166605722739e+00
5.656562011518465050e-02 1.956297657056965678e+00
5.711586478126431943e-02 1.956171976920322075e+00
5.767146197758996756e-02 1.956043732215789532e+00
5.823246377114527778e-02 1.955912915351075476e+00
5.879892273539785025e-02 1.955780113230322081e+00
5.937089195522609469e-02 1.955644958874440897e+00
5.994842503189409116e-02 1.955507747127203988e+00
6.053157608807464840e-02 1.955366173323168422e+00
6.112039977292132997e-02 1.955222752687155063e+00
6.171495126718981594e-02 1.955076758840299966e+00
6.231528628840921763e-02 1.954930029295149030e+00
6.292146109610344262e-02 1.954778205406615621e+00
6.353353249706343575e-02 1.954623113192258010e+00
6.415155785067082339e-02 1.954465077441803755e+00
6.477559507427335661e-02 1.954303612574170623e+00
6.540570264861225724e-02 1.954138385367888420e+00
6.604193962330305590e-02 1.953969951992166942e+00
6.668436562236895737e-02 1.953797087638366126e+00
6.733304084982863480e-02 1.953623434550958438e+00
6.798802609533814711e-02 1.953446777045440452e+00
6.864938273988777095e-02 1.953267129719759243e+00
6.931717276155408003e-02 1.953083892616824802e+00
6.999145874130821565e-02 1.952898116014872842e+00
7.067230386888070925e-02 1.952706108750520420e+00
7.135977194868306506e-02 1.952511077715552990e+00
7.205392740578704658e-02 1.952312386009839473e+00
7.275483529196229149e-02 1.952109804230912626e+00
7.346256129177256011e-02 1.951902336122761428e+00
7.417717172873124210e-02 1.951691613377034340e+00
7.489873357151664857e-02 1.951476246542233284e+00
7.562731444024800576e-02 1.951258391980098983e+00
7.636298261282241373e-02 1.951034991851029465e+00
7.710580703131336699e-02 1.950807766994457237e+00
7.785585730843146146e-02 1.950574009622438210e+00
7.861320373404813433e-02 1.950337952565272870e+00
7.937791728178281159e-02 1.950098164290845704e+00
8.015006961565404597e-02 1.949853198468107562e+00
8.092973309679550586e-02 1.949603417695125129e+00
8.171698079023696770e-02 1.949348418528816351e+00
8.251188647175167201e-02 1.949088222192931097e+00
8.331452463477014014e-02 1.948823098943899268e+00
8.412497049736118726e-02 1.948552720872816613e+00
8.494330000928071445e-02 1.948276931961134606e+00
8.576958985908941790e-02 1.947995664258223680e+00
8.660391748133952627e-02 1.947708645409393702e+00
8.744636106383144036e-02 1.947415380240135718e+00
8.829699955494091368e-02 1.947117252563346890e+00
8.915591267101763417e-02 1.946813397767387377e+00
9.002318090385581784e-02 1.946502574457981360e+00
9.089888552823731371e-02 1.946193830316881312e+00
9.178310860954806694e-02 1.945873116538235470e+00
9.267593301146882789e-02 1.945540205811336243e+00
9.357744240374062106e-02 1.945207813401659047e+00
9.448772127000577836e-02 1.944869549679912435e+00
9.540685491572513388e-02 1.944525302205617701e+00
9.633492947617222635e-02 1.944174893600957521e+00
9.727203192450542546e-02 1.943817511179837920e+00
9.821825007991856482e-02 1.943450556187338085e+00
9.917367261587073379e-02 1.943076954912044130e+00
1.001383890683960748e-01 1.942695796547933673e+00
1.011124898444945991e-01 1.942306786063596968e+00
1.020960662306047012e-01 1.941909920460869410e+00
1.030892104011576216e-01 1.941505398444918429e+00
1.040920154272158005e-01 1.941093714314637175e+00
1.051045752851944987e-01 1.940673952888895659e+00
1.061269848656690717e-01 1.940246644450047686e+00
1.071593399822671072e-01 1.939810623625923380e+00
1.082017373806478805e-01 1.939368850976521674e+00
1.092542747475682557e-01 1.938917028883115456e+00
1.103170507200377515e-01 1.938457468774375636e+00
1.113901648945616746e-01 1.937990531890404267e+00
1.124737178364751955e-01 1.937513071949242160e+00
1.135678110893671017e-01 1.937028327287763529e+00
1.146725471845963656e-01 1.936533517158779416e+00
1.157880296509002094e-01 1.936025057633630642e+00
1.169143630240966764e-01 1.935509122375506985e+00
1.180516528568804902e-01 1.934985254197066240e+00
1.192000057287153220e-01 1.934448921985168157e+00
1.203595292558212876e-01 1.933903682754469333e+00
1.215303321012602134e-01 1.933347642166629132e+00
1.227125239851190319e-01 1.932780403622534005e+00
1.239062156947916271e-01 1.932199553395394398e+00
1.251115190953615564e-01 1.931611570502257846e+00
1.263285471400849291e-01 1.931014090610402523e+00
1.275574138809759950e-01 1.930405999409215978e+00
1.287982344794950385e-01 1.929785685161548692e+00
1.300511252173409127e-01 1.929152184543510007e+00
1.313162035073478784e-01 1.928505477518172251e+00
1.325935879044890797e-01 1.927846840705059295e+00
1.338833981169864351e-01 1.927176891264514635e+00
1.351857550175293021e-01 1.926494870059842768e+00
1.365007806546013891e-01 1.925799642431773817e+00
1.378285982639189389e-01 1.925090863721346413e+00
1.391693322799789911e-01 1.924369729368666793e+00
1.405231083477211373e-01 1.923631876956093167e+00
1.418900533343016301e-01 1.922878179832856915e+00
1.432702953409830948e-01 1.922113206909299432e+00
1.446639637151387880e-01 1.921334646790289868e+00
1.460711890623745679e-01 1.920543560070004485e+00
1.474921032587684921e-01 1.919738084568641145e+00
1.489268394632288772e-01 1.918915695979637848e+00
1.503755321299738434e-01 1.918077885024047635e+00
1.518383170211306810e-01 1.917225007398284609e+00
1.533153312194593942e-01 1.916354276570249482e+00
1.548067131411984265e-01 1.915467122920266663e+00
1.563126025490369497e-01 1.914563522332498158e+00
1.578331405652117214e-01 1.913643465087602191e+00
1.593684696847328941e-01 1.912706337678556467e+00
1.609187337887370006e-01 1.911754999303342029e+00
1.624840781579713067e-01 1.910784828929922519e+00
1.640646494864078653e-01 1.909795617784880051e+00
1.656605958949914359e-01 1.908787467230423029e+00
1.672720669455196874e-01 1.907758178468705879e+00
1.688992136546599021e-01 1.906714228904950570e+00
1.705421885081006561e-01 1.905651753212469268e+00
1.722011454748421100e-01 1.904565872818415606e+00
1.738762400216251336e-01 1.903461425859212408e+00
1.755676291275001522e-01 1.902335968559183854e+00
1.772754712985387948e-01 1.901189197177477030e+00
1.789999265826875408e-01 1.900022083209399693e+00
1.807411565847668600e-01 1.898834482063998186e+00
1.824993244816152382e-01 1.897624475246117992e+00
1.842745950373816666e-01 1.896396728624623496e+00
1.860671346189656239e-01 1.895142641713661646e+00
1.878771112116086051e-01 1.893864407165717134e+00
1.897046944346358344e-01 1.892561496886496109e+00
1.915500555573527997e-01 1.891236294165908438e+00
1.934133675150944698e-01 1.889888353698003787e+00
1.952948049254327745e-01 1.888516185788073898e+00
1.971945441045395986e-01 1.887119142877123457e+00
1.991127630837108697e-01 1.885696651622853937e+00
2.010496416260497965e-01 1.884246564771779653e+00
2.030053612433137811e-01 1.882772541629176066e+00
2.049801052129238688e-01 1.881271947045512372e+00
2.069740585951406198e-01 1.879744657574917710e+00
2.089874082504071251e-01 1.878189848872189760e+00
2.110203428568595552e-01 1.876604133954315579e+00
2.130730529280097374e-01 1.874987906468146059e+00
2.151457308305980698e-01 1.873350523476138507e+00
2.172385708026215445e-01 1.871679987393143563e+00
2.193517689715359098e-01 1.869981403752343896e+00
2.214855233726360506e-01 1.868252100414649730e+00
2.236400339676138660e-01 1.866491879999385040e+00
2.258155026632983065e-01 1.864699290306193413e+00
2.280121333305757114e-01 1.862875029987201447e+00
2.302301318234963867e-01 1.861018234646717451e+00
2.324697059985647851e-01 1.859131158502288494e+00
2.347310657342196183e-01 1.857208785305241250e+00
2.370144229505012079e-01 1.855255084248425668e+00
2.393199916289123208e-01 1.853266888913591259e+00
2.416479878324700736e-01 1.851242519917122520e+00
2.439986297259550130e-01 1.849182428518710841e+00
2.463721375963552895e-01 1.847086217196753033e+00
2.487687338735107279e-01 1.844956907695384674e+00
2.511886431509580686e-01 1.842789261343332985e+00
2.536320922069775774e-01 1.840586860051389495e+00
2.560993100258459609e-01 1.838340747268127462e+00
2.585905278192945911e-01 1.836055233836769052e+00
2.611059790481781162e-01 1.833736793326000925e+00
2.636458994443517945e-01 1.831379789204256481e+00
2.662105270327638773e-01 1.828978016028040221e+00
2.688001021537606006e-01 1.826534476094928028e+00
2.714148674856106669e-01 1.824052997042146407e+00
2.740550680672460548e-01 1.821533362256715805e+00
2.767209513212268712e-01 1.818963438149674428e+00
2.794127670769268601e-01 1.816353311352961075e+00
2.821307675939472293e-01 1.813696875641049644e+00
2.848752075857552413e-01 1.811001075010982841e+00
2.876463442435557849e-01 1.808259008971361270e+00
2.904444372603925406e-01 1.805471462876512501e+00
2.932697488554852905e-01 1.802637344204948366e+00
2.961225437988035947e-01 1.799756508265363042e+00
2.990030894358785551e-01 1.796829676616261473e+00
3.019116557128577738e-01 1.793852484520823021e+00
3.048485152018017286e-01 1.790830482720271011e+00
3.078139431262288950e-01 1.787755418422461551e+00
3.108082173869063936e-01 1.784632110539707162e+00
3.138316185878944342e-01 1.781458643764752381e+00
3.168844300628416155e-01 1.778235550097972739e+00
3.199669379015380732e-01 1.774961951500622526e+00
3.230794309767249795e-01 1.771631216144479382e+00
3.262222009711669979e-01 1.768246547149865400e+00
3.293955424049855307e-01 1.764814789316428323e+00
3.325997526632606949e-01 1.761330149254267008e+00
3.358351320238990301e-01 1.757787704189900824e+00
3.391019836857747105e-01 1.754188069784296644e+00
3.424006137971423724e-01 1.750535064046875311e+00
3.457313314843284413e-01 1.746822951714048777e+00
3.490944488806992929e-01 1.743056834732663818e+00
3.524902811559130766e-01 1.739233346331993335e+00
3.559191465454557002e-01 1.735351331605463843e+00
3.593813663804627523e-01 1.731408794505387760e+00
3.628772651178337472e-01 1.727407583066293162e+00
3.664071703706370808e-01 1.723346632711875603e+00
3.699714129388128048e-01 1.719224361375038423e+00
3.735703268401719401e-01 1.715041571143449017e+00
3.772042493416999376e-01 1.710794996318590888e+00
3.808735209911614517e-01 1.706490596762136436e+00
3.845784856490158665e-01 1.702123510808344786e+00
3.883194905206404091e-01 1.697688335262560244e+00
3.920968861888690649e-01 1.693192465647864742e+00
3.959110266468458539e-01 1.688629937177096307e+00
3.997622693312000708e-01 1.684007470139792684e+00
4.036509751555413805e-01 1.679314712744071292e+00
4.075775085442840395e-01 1.674558885808494990e+00
4.115422374667966343e-01 1.669735412202503655e+00
4.155455334718875515e-01 1.664842859329143110e+00
4.195877717226225712e-01 1.659883468961779629e+00
4.236693310314835759e-01 1.654860139648562267e+00
4.277905938958687093e-01 1.649769072621001254e+00
4.319519465339363706e-01 1.644605533683102250e+00
4.361537789208005944e-01 1.639371945497802407e+00
4.403964848250754294e-01 1.634075477739825866e+00
4.446804618457780300e-01 1.628703082140451563e+00
4.490061114495874639e-01 1.623261414630294830e+00
4.533738390084691150e-01 1.617751915439770372e+00
4.577840538376618529e-01 1.612172250353285818e+00
4.622371692340384031e-01 1.606517125614068453e+00
4.667336025148346446e-01 1.600795247035955438e+00
4.712737750567601580e-01 1.595003222523737829e+00
4.758581123354846953e-01 1.589133197553147303e+00
4.804870439655131720e-01 1.583193181408184547e+00
4.851610037404442966e-01 1.577183793901057784e+00
4.898804296736250508e-01 1.571099793384088006e+00
4.946457640391963562e-01 1.564943990118596862e+00
4.994574534135413635e-01 1.558716788383697649e+00
5.043159487171361421e-01 1.552416764137321881e+00
5.092217052568053237e-01 1.546038223121919852e+00
5.141751827683928022e-01 1.539592878096775364e+00
5.191768454598426619e-01 1.533078334661167164e+00
5.242271620547044320e-01 1.526484828607652000e+00
5.293266058360561743e-01 1.519819577956172951e+00
5.344756546908600026e-01 1.513079167610284159e+00
5.396747911547442600e-01 1.506275184449908489e+00
5.449245024572260121e-01 1.499394609187292282e+00
5.502252805673685243e-01 1.492436831024873678e+00
5.555776222398878250e-01 1.485408019925323675e+00
5.609820290617031358e-01 1.478314859365559952e+00
5.664390074989449353e-01 1.471144823836118665e+00
5.719490689444144405e-01 1.463891390091962119e+00
5.775127297655114900e-01 1.456593044394773884e+00
5.831305113526221717e-01 1.449213120634144758e+00
5.888029401679826247e-01 1.441762611201068633e+00
5.945305477950136863e-01 1.434240960127095343e+00
6.003138709881384871e-01 1.426651337295221200e+00
6.061534517230839914e-01 1.418994586934666291e+00
6.120498372476699256e-01 1.411265664500350514e+00
6.180035801330957534e-01 1.403473895076842393e+00
6.240152383257209223e-01 1.395613517719470176e+00
6.300853751993553686e-01 1.387686502616925610e+00
6.362145596080520660e-01 1.379700676993297126e+00
6.424033659394193796e-01 1.371633593402054485e+00
6.486523741684461219e-01 1.363520430262855632e+00
6.549621699118558515e-01 1.355339077135357506e+00
6.613333444829840868e-01 1.347092611254106398e+00
6.677664949471955325e-01 1.338786425045785933e+00
6.742622241778342129e-01 1.330419540095872710e+00
6.808211409127237213e-01 1.321994903438917124e+00
6.874438598112112553e-01 1.313509335364975161e+00
6.941310015117725385e-01 1.304969662701500610e+00
7.008831926901714082e-01 1.296372789743497123e+00
7.077010661181889484e-01 1.287718396666549303e+00
7.145852607229240538e-01 1.279013108382512254e+00
7.215364216466665370e-01 1.270256387931001152e+00
7.285552003073593186e-01 1.261445225437633599e+00
7.356422544596413760e-01 1.252585421920454856e+00
7.427982482564918776e-01 1.243676990751410472e+00
7.500238523114668432e-01 1.234717139664200269e+00
7.573197437615483141e-01 1.225720632339800220e+00
7.646866063305975958e-01 1.216671657483027413e+00
7.721251303934327792e-01 1.207580540109148171e+00
7.796360130405233235e-01 1.198450164072233148e+00
7.872199581433195759e-01 1.189277613740253425e+00
7.948776764202123424e-01 1.180068616685728156e+00
8.026098855031396084e-01 1.170821170063478744e+00
8.104173100048355227e-01 1.161536920019484054e+00
8.183006815867394090e-01 1.152221499613921507e+00
8.262607390275591435e-01 1.142864307731685791e+00
8.342982282925082149e-01 1.133489767689169980e+00
8.424139026032094746e-01 1.124083990731729932e+00
8.506085225082840040e-01 1.114649688886681034e+00
8.588828559546254349e-01 1.105187082082826455e+00
8.672376783593644944e-01 1.095702079067429002e+00
8.756737726825394308e-01 1.086200076976610474e+00
8.841919295004664336e-01 1.076672531891233353e+00
8.927929470798307010e-01 1.067128860921084055e+00
9.014776314524917122e-01 1.057569451570004926e+00
9.102467964910225806e-01 1.047995081993810196e+00
9.191012639849772681e-01 1.038408699568876825e+00
9.280418637179072006e-01 1.028810969140616427e+00
9.370694335451198453e-01 1.019208062466547604e+00
9.461848194722002336e-01 1.009594018162848883e+00
9.553888757342895444e-01 9.999738773161992444e-01
9.646824648761427312e-01 9.903558574570028306e-01
9.740664578329562007e-01 9.807333312679062942e-01
9.835417340119908536e-01 9.711137970933451102e-01
9.931091813749796104e-01 9.614937803162191265e-01
1.002769696521346621e+00 9.518825302592613946e-01
1.012524184772224167e+00 9.422744738877978365e-01
1.022373560255302127e+00 9.326778728223259485e-01
1.032318745990486564e+00 9.230898202467789915e-01
1.042360673976402197e+00 9.135142442186141576e-01
1.052500285277732761e+00 9.039537904318676320e-01
1.062738530113414459e+00 8.944081584695859899e-01
1.073076367945679621e+00 8.848817417021570542e-01
1.083514767569973225e+00 8.753766255079293845e-01
1.094054707205742494e+00 8.658909981888072149e-01
1.104697174588111785e+00 8.564276525177930699e-01
1.115443167060441221e+00 8.469926033676420385e-01
1.126293691667795249e+00 8.375825918677164417e-01
1.137249765251314271e+00 8.282042754010463526e-01
1.148312414543511073e+00 8.188531244142254195e-01
1.159482676264482759e+00 8.095366104028856036e-01
1.170761597219069250e+00 8.002525849882824449e-01
1.182150234394952371e+00 7.910060995517316229e-01
1.193649655061713055e+00 7.817963687459926758e-01
1.205260936870842681e+00 7.726249697557407980e-01
1.216985167956738056e+00 7.634954044026679432e-01
1.228823447038673411e+00 7.544058641788323749e-01
1.240776883523764251e+00 7.453629529425493949e-01
1.252846597610937529e+00 7.363643565338434671e-01
1.265033720395903893e+00 7.274146721668136584e-01
1.277339393977160009e+00 7.185039955040418702e-01
1.289764771563017165e+00 7.096518115445806796e-01
1.302311017579677488e+00 7.008481818657235074e-01
1.314979307780347773e+00 6.920947874930795107e-01
1.327770829355430449e+00 6.833981891806371056e-01
1.340686781043774811e+00 6.747507105656104232e-01
1.353728373245021821e+00 6.661667436659876040e-01
1.366896828133026487e+00 6.576335861563178398e-01
1.380193379770397355e+00 6.491627838475405587e-01
1.393619274224142002e+00 6.407505169397944567e-01
1.407175769682446731e+00 6.323924681645826107e-01
1.420864136572576708e+00 6.241052207677773023e-01
1.434685657679937831e+00 6.158759091711593081e-01
1.448641628268290127e+00 6.077095838395106808e-01
1.462733356201129986e+00 5.996060408094375793e-01
1.476962162064259898e+00 5.915699573350334806e-01
1.491329379289537682e+00 5.835996523119411084e-01
1.505836354279841416e+00 5.756958362391457751e-01
1.520484446535244283e+00 5.678582546027781675e-01
1.535275028780422657e+00 5.600886127686210969e-01
1.550209487093291205e+00 5.523889706676914368e-01
1.565289221034902312e+00 5.447582973583990906e-01
1.580515643780601165e+00 5.371962174157242087e-01
1.595890182252465817e+00 5.297058612053622273e-01
1.611414277253019778e+00 5.222851413410773969e-01
1.627089383600260675e+00 5.149360386744048501e-01
1.642916970263993193e+00 5.076567472120525615e-01
1.658898520503498064e+00 5.004554783720732702e-01
1.675035532006524441e+00 4.933232189800103029e-01
1.691329517029648732e+00 4.862597534266452914e-01
1.707782002539993016e+00 4.792707971334382311e-01
1.724394530358320354e+00 4.723580025798119197e-01
1.741168657303530987e+00 4.655202515384516126e-01
1.758105955338547632e+00 4.587601162217944673e-01
1.775208011717636092e+00 4.520572779921707141e-01
1.792476429135148930e+00 4.454361604396517293e-01
1.809912825875727105e+00 4.388902289259623002e-01
1.827518835965944666e+00 4.324198175879261363e-01
1.845296109327445366e+00 4.260200427224081210e-01
1.863246311931559873e+00 4.196953191797020977e-01
1.881371125955437096e+00 4.134418358863007348e-01
1.899672249939675650e+00 4.072639002829326893e-01
1.918151398947507635e+00 4.011611890380440415e-01
1.936810304725519849e+00 3.951304092337437623e-01
1.955650715865949074e+00 3.891707277894290717e-01
1.974674397970537454e+00 3.832839585299879226e-01
1.993883133816001019e+00 3.774713057760646917e-01
2.013278723521096492e+00 3.717316426534336693e-01
2.032862984715323673e+00 3.660628531022969701e-01
2.052637752709252084e+00 3.604656532205842701e-01
2.072604880666519822e+00 3.549401141471475452e-01
2.092766239777499759e+00 3.494856489299288937e-01
2.113123719434652603e+00 3.441017110285773950e-01
2.133679227409597701e+00 3.387876664069296440e-01
2.154434690031884259e+00 3.335448834588941591e-01
2.175392052369522489e+00 3.283700503829575790e-01
2.196553278411258248e+00 3.232651305628954086e-01
2.217920351250634692e+00 3.182276433091507095e-01
2.239495273271823184e+00 3.132599797162886612e-01
2.261280066337279404e+00 3.083584890139391965e-01
2.283276771977218012e+00 3.035242611111480526e-01
2.305487451580938707e+00 2.987567753386863312e-01
2.327914186589993051e+00 2.940554182891825796e-01
2.350559078693253756e+00 2.894197152614852442e-01
2.373424250023866033e+00 2.848480140754729439e-01
2.396511843358130278e+00 2.803419523808957647e-01
2.419824022316292567e+00 2.758985105095447810e-01
2.443362971565319341e+00 2.715180955664492357e-01
2.467130897023623426e+00 2.672020597937276865e-01
2.491130026067788439e+00 2.629477255880328657e-01
2.515362607741312928e+00 2.587516848671028713e-01
2.539830912965362675e+00 2.546200817102192149e-01
2.564537234751594674e+00 2.505468253200012763e-01
2.589483888417040802e+00 2.465332294204554686e-01
2.614673211801092023e+00 2.425793178652728421e-01
2.640107565484572927e+00 2.386822090939402785e-01
2.665789333010967876e+00 2.348451189477132328e-01
2.691720921109787668e+00 2.310626568451387142e-01
2.717904759922122881e+00 2.273385141237628804e-01
2.744343303228365283e+00 2.236686333288490369e-01
2.771039028678170535e+00 2.200530320970630616e-01
2.797994438022641805e+00 2.164949805872924682e-01
2.825212057348790218e+00 2.129879268436995210e-01
2.852694437316245057e+00 2.095350528399840540e-01
2.880444153396297668e+00 2.061342383041954440e-01
2.908463806113254169e+00 2.027852690691381576e-01
2.936756021288137397e+00 1.994884885345599157e-01
2.965323450284773621e+00 1.962412603476366146e-01
2.994168770258243573e+00 1.930435458729661269e-01
3.023294684405779531e+00 1.898956071569793680e-01
3.052703922220086241e+00 1.867966415913915046e-01
3.082399239745143404e+00 1.837447973016073655e-01
3.112383419834465759e+00 1.807411301005901749e-01
3.142659272411905569e+00 1.777839384340182405e-01
3.173229634734976212e+00 1.748717244750004063e-01
3.204097371660752813e+00 1.720057086917394229e-01
3.235265375914330388e+00 1.691849356258877668e-01
3.266736568359921655e+00 1.664087909926403597e-01
3.298513898274578082e+00 1.636748885572294199e-01
3.330600343624588788e+00 1.609836603607187056e-01
3.362998911344535991e+00 1.583356622629002730e-01
3.395712637619100693e+00 1.557302909090729770e-01
3.428744588167585317e+00 1.531644986093395611e-01
3.462097858531227423e+00 1.506397449402926969e-01
3.495775574363275240e+00 1.481546163969331698e-01
3.529780891721914671e+00 1.457090974226406266e-01
3.564116997366032269e+00 1.433031315681062290e-01
3.598787109053855460e+00 1.409347745990390532e-01
3.633794475844513094e+00 1.386042378059212099e-01
3.669142378402494131e+00 1.363099166822142883e-01
3.704834129305105694e+00 1.340527681731021603e-01
3.740873073352900313e+00 1.318323063107729731e-01
3.777262587883141176e+00 1.296468765145508684e-01
3.814006083086284082e+00 1.274958706246684115e-01
3.851107002325572903e+00 1.253792182178933567e-01
3.888568822459721019e+00 1.232961323681829591e-01
3.926395054168756449e+00 1.212481240277215877e-01
3.964589242282997805e+00 1.192317309444493600e-01
4.003154966115265445e+00 1.172325839263774622e-01
4.042095839796306045e+00 1.152955777452928932e-01
4.081415512613501662e+00 1.133744744127104520e-01
4.121117669352832635e+00 1.114846737319149794e-01
4.161206030644208020e+00 1.096251308937400276e-01
4.201684353310133346e+00 1.077951737497691298e-01
4.242556430717777438e+00 1.059946698441887186e-01
4.283826093134470270e+00 1.042232350935574370e-01
4.325497208086633627e+00 1.024804249731301187e-01
4.367573680722233398e+00 1.007654283513007981e-01
4.410059454176736615e+00 9.907800804243317716e-02
4.452958509942654963e+00 9.741796779058657652e-02
4.496274868242640110e+00 9.578435321126879676e-02
4.540012588406244554e+00 9.417749635205679981e-02
4.584175769250333765e+00 9.259603636197007159e-02
4.628768549463215365e+00 9.104015215284104456e-02
4.673795107992464004e+00 8.950911120676929844e-02
4.719259664436561863e+00 8.800323724894651423e-02
4.765166479440326341e+00 8.652131796432156741e-02
4.811519855094205766e+00 8.506353137189302804e-02
4.858324135337417360e+00 8.362849102572780802e-02
4.905583706365050922e+00 8.221717838484365881e-02
4.953302997039108924e+00 8.082844415943199468e-02
5.001486479303548727e+00 7.946193959067732182e-02
5.050138668603383785e+00 7.811749619432055425e-02
5.099264124307808288e+00 7.679469253456883138e-02
5.148867450137498025e+00 7.549358549286135089e-02
5.198953294596024399e+00 7.421269411613412581e-02
5.249526351405507718e+00 7.295317532539409566e-02
5.300591359946452030e+00 7.171332135392083362e-02
5.352153105701904501e+00 7.049347816307581505e-02
5.404216420705915347e+00 6.929361215036244914e-02
5.456786183996381823e+00 6.811265276057762441e-02
5.509867322072253160e+00 6.695089336004471370e-02
5.563464809355226137e+00 6.580760771976712498e-02
5.617583668655908191e+00 6.468279800333751051e-02
5.672228971644543094e+00 6.357636704162969443e-02
5.727405839326266346e+00 6.248745637023912086e-02
5.783119442521027054e+00 6.141585130546349525e-02
5.839375002348160315e+00 6.036169637544674949e-02
5.896177790715694478e+00 5.932445596253753395e-02
5.953533130814370189e+00 5.830391777569376988e-02
6.011446397616513337e+00 5.729975224816826612e-02
6.069923018379741464e+00 5.631164967121327081e-02
6.128968473155564034e+00 5.533914274980140241e-02
6.188588295302960063e+00 5.438259210866479981e-02
6.248788072006894012e+00 5.344161545489723580e-02
6.309573444801936049e+00 5.251473151303222286e-02
6.370950110100935149e+00 5.160370236878668304e-02
6.432923819728876502e+00 5.070679754166902697e-02
6.495500381461869033e+00 4.982470503371919102e-02
6.558685659571435345e+00 4.895657145215643463e-02
6.622485575374063238e+00 4.810225346714026851e-02
6.686906107786136921e+00 4.726145189717173567e-02
6.751953293884205287e+00 4.643441714938060377e-02
6.817633229470763112e+00 4.562064503145447925e-02
6.883952069645496330e+00 4.481998241511219588e-02
6.950916029382126382e+00 4.403195839390048466e-02
7.018531384110795912e+00 4.325640457712864873e-02
7.086804470306189430e+00 4.249361819705614607e-02
7.155741686081340980e+00 4.174304595126657885e-02
7.225349491787214085e+00 4.100448774300247123e-02
7.295634410618154320e+00 4.027755885534491098e-02
7.366603029223159460e+00 3.956138606274957337e-02
7.438261998323163482e+00 3.885880704247180600e-02
7.510618033334286459e+00 3.816063912927319252e-02
7.583677914997190683e+00 3.748523290472978442e-02
7.657448490012479958e+00 3.681480287608539237e-02
7.731936671682362316e+00 3.615526017798226244e-02
7.807149440558499798e+00 3.550637236695054766e-02
7.883093845096216690e+00 3.486776047108080395e-02
7.959777002314985417e+00 3.423945260100829530e-02
8.037206098465421888e+00 3.362119454268323177e-02
8.115388389702712146e+00 3.301294894860055257e-02
8.194331202766655053e+00 3.241019378994382943e-02
8.274041935668218883e+00 3.182568402188508394e-02
8.354528058382872047e+00 3.124708062388108915e-02
8.435797113550611570e+00 3.067621760522491053e-02
8.517856717182803905e+00 3.011535626140505670e-02
8.600714559375941093e+00 2.956352302460909728e-02
8.684378405032257220e+00 2.902054841853323602e-02
8.768856094587436090e+00 2.848641899841906563e-02
8.854155544745349715e+00 2.796087319143811256e-02
8.940284749219998162e+00 2.744383680952972374e-02
9.027251779484577909e+00 2.693515231375376295e-02
9.115064785527916769e+00 2.643471521422989176e-02
9.203731996618220279e+00 2.594237131195372553e-02
9.293261722074316111e+00 2.545751264680814682e-02
9.383662352044273902e+00 2.498141945701063196e-02
9.474942358291729150e+00 2.451276425053645208e-02
9.567110294989774388e+00 2.405140900535509066e-02
9.660174799522645017e+00 2.359787993221352034e-02
9.754144593295098531e+00 2.315151313141733391e-02
9.849028482549766039e+00 2.271256955445163928e-02
9.944835359192397917e+00 2.228066911277755760e-02
1.004157420162519543e+01 2.185586429366743674e-02
1.013925407558815373e+01 2.143798296358646882e-02
1.023788413500867378e+01 2.102698669185085883e-02
1.033747362285940774e+01 2.062268892497302192e-02
1.043803187202444072e+01 2.022504428297331944e-02
1.053956830617394580e+01 1.983392760923361614e-02
1.064209244064724658e+01 1.944924460988665949e-02
1.074561388334458023e+01 1.907085385806743527e-02
1.085014233562746178e+01 1.869876621837301273e-02
1.095568759322787855e+01 1.833195439262642196e-02
1.106225954716621906e+01 1.797289401100356926e-02
1.116986818467823817e+01 1.761895310143613350e-02
1.127852359015096795e+01 1.727088679033556354e-02
1.138823594606782130e+01 1.692832609171167346e-02
1.149901553396274245e+01 1.659209127084237956e-02
1.161087273538378994e+01 1.626109425354003990e-02
1.172381803286598512e+01 1.593556321678679666e-02
1.183786201091373513e+01 1.561556590120911046e-02
1.195301535699265827e+01 1.530095155474618662e-02
1.206928886253119870e+01 1.499158458422037224e-02
1.218669342393191712e+01 1.468716131282107526e-02
1.230524004359261525e+01 1.438843931758801778e-02
1.242493983093746479e+01 1.409447971363505560e-02
1.254580400345803248e+01 1.380452117898497803e-02
1.266784388776455827e+01 1.352144009305143030e-02
1.279107092064739781e+01 1.324218753685145467e-02
1.291549665014884063e+01 1.296763575520501477e-02
1.304113273664525430e+01 1.269703248746159759e-02
1.316799095393986185e+01 1.243266279602665836e-02
1.329608319036608854e+01 1.217213625086008798e-02
1.342542144990170527e+01 1.191581108202173500e-02
1.355601785329368880e+01 1.166414143070990637e-02
1.368788463919415221e+01 1.141690751378035378e-02
1.382103416530724438e+01 1.117383863267864576e-02
1.395547890954729020e+01 1.093498145340035012e-02
1.409123147120805619e+01 1.070029050818277309e-02
1.422830457214353395e+01 1.046971522587669678e-02
1.436671105796013137e+01 1.024315723446623388e-02
1.450646389922046886e+01 1.002059593863629909e-02
1.464757619265895272e+01 9.802002357140736019e-03
1.479006116240903168e+01 9.587172729783693254e-03
1.493393216124253264e+01 9.376058553374481269e-03
1.507920267182097263e+01 9.168996006107574953e-03
1.522588630795911513e+01 8.965549321282538509e-03
1.537399681590069456e+01 8.765590573034149832e-03
1.552354807560667105e+01 8.569306385331616066e-03
1.567455410205595001e+01 8.376569417460396488e-03
1.582702904655883280e+01 8.187281268664128517e-03
1.598098719808309376e+01 8.001451937209204043e-03
1.613644298459311699e+01 7.818977714237373630e-03
1.629341097440194730e+01 7.639893974654388478e-03
1.645190587753662470e+01 7.463995614956250163e-03
1.661194254711659113e+01 7.291293749611061498e-03
1.677353598074571295e+01 7.122552324830983168e-03
1.693670132191772026e+01 6.955701779297772044e-03
1.710145386143542012e+01 6.792482214342214844e-03
1.726780903884355922e+01 6.632350452901247286e-03
1.743578244387577669e+01 6.475222512934711294e-03
1.760538981791556523e+01 6.320977192568809182e-03
1.777664705547142532e+01 6.169642392834194349e-03
1.794957020566648254e+01 6.021261506478043507e-03
1.812417547374237614e+01 5.875714015920214563e-03
1.830047922257800863e+01 5.732846705325536467e-03
1.847849797422290763e+01 5.592772732912264927e-03
1.865824841144566193e+01 5.455411751224290527e-03
1.883974737929719367e+01 5.320678824970486581e-03
1.902301188668945642e+01 5.188729750916379856e-03
1.920805910798935301e+01 5.059076692439598739e-03
1.939490638462828542e+01 4.932092298736544082e-03
1.958357122672716955e+01 4.807618605322530429e-03
1.977407131473744428e+01 4.685585585367386431e-03
1.996642450109793288e+01 4.566065628830609339e-03
2.016064881190793656e+01 4.448833049440562883e-03
2.035676244861640072e+01 4.333954480426668171e-03
2.055478378972772546e+01 4.221424194070472029e-03
2.075473139252405730e+01 4.111162123961553498e-03
2.095662399480432825e+01 4.003153033137072693e-03
2.116048051664034446e+01 3.897105517192181109e-03
2.136632006214970403e+01 3.793883265380301132e-03
2.157416192128621546e+01 3.692268312493468020e-03
2.178402557164756459e+01 3.592922857524728873e-03
2.199593068030074861e+01 3.495557823567119714e-03
2.220989710562497521e+01 3.400326782261253560e-03
2.242594489917278011e+01 3.307065863335600150e-03
2.264409430754907504e+01 3.215958738713098168e-03
2.286436577430861306e+01 3.126504622647979618e-03
2.308677994187169702e+01 3.039161680781600223e-03
2.331135765345874944e+01 2.953780806666464996e-03
2.353811995504354471e+01 2.869863718042477314e-03
2.376708809732560823e+01 2.788201415921688284e-03
2.399828353772154799e+01 2.708349411721561444e-03
2.423172794237600769e+01 2.629924332633017548e-03
2.446744318819203201e+01 2.553406868569576323e-03
2.470545136488123816e+01 2.478606474423600183e-03
2.494577477703398571e+01 2.405486339626343190e-03
2.518843594620949489e+01 2.334102531537041170e-03
2.543345761304651020e+01 2.264184964990397300e-03
2.568086273939435316e+01 2.195958962191807591e-03
2.593067451046487548e+01 2.129289996740741080e-03
2.618291633700505372e+01 2.064196569477233945e-03
2.643761185749101372e+01 2.000602410781318445e-03
2.669478494034320804e+01 1.938513527150590755e-03
2.695445968616333587e+01 1.877778272208416267e-03
2.721666042999271795e+01 1.818689918345314793e-03
2.748141174359293259e+01 1.760968345093463696e-03
2.774873843774846804e+01 1.704612343109271344e-03
2.801866556459195223e+01 1.649615945692442433e-03
2.829121841995168651e+01 1.595999364435694585e-03
2.856642254572233952e+01 1.543657863186989479e-03
2.884430373225852051e+01 1.492652516868100314e-03
2.912488802079168337e+01 1.442953595724870332e-03
2.940820170587063842e+01 1.394473861841964354e-03
2.969427133782552986e+01 1.347242672929003116e-03
2.998312372525609959e+01 1.301219755662101846e-03
3.027478593754393543e+01 1.256380511944329243e-03
3.056928530738937155e+01 1.212703497979775343e-03
3.086664943337274636e+01 1.170180049371451203e-03
3.116690618254088463e+01 1.128796694714620519e-03
3.147008369301855879e+01 1.088501756103602437e-03
3.177621037664554038e+01 1.049298217652568001e-03
3.208531492163897525e+01 1.011161166170687674e-03
3.239742629528198847e+01 9.740548050884825565e-04
3.271257374663825601e+01 9.379719040696364368e-04
3.303078680929315425e+01 9.029078790806921309e-04
3.335209530412127066e+01 8.688202316341078020e-04
3.367652934208116022e+01 8.356944891058629057e-04
3.400411932703705986e+01 8.035277537393513761e-04
3.433489595860830690e+01 7.722756400968749197e-04
3.466889023504609213e+01 7.419399284944254956e-04
3.500613345613854221e+01 7.124936810924889638e-04
3.534665722614391115e+01 6.839207683194404837e-04
3.569049345675229290e+01 6.562053043127324395e-04
3.603767437007633134e+01 6.293313390885348210e-04
3.638823250167062184e+01 6.032695855524836982e-04
3.674220070358090595e+01 5.780163111487240718e-04
3.709961214742267543e+01 5.535503202213357598e-04
3.746050032748993175e+01 5.298517706953194319e-04
3.782489906389385936e+01 5.069083978173523353e-04
3.819284250573236505e+01 4.847074879278882170e-04
3.856436513429023449e+01 4.632263951794183361e-04
3.893950176627063087e+01 4.424500287984794371e-04
3.931828755705770106e+01 4.223623053848777243e-04
3.970075800401124155e+01 4.029474344287489046e-04
4.008694894979318946e+01 3.841998023980712712e-04
4.047689658572676308e+01 3.660928524799287611e-04
4.087063745518780422e+01 3.486211156800138214e-04
4.126820845702955864e+01 3.317539253743336989e-04
4.166964684904057492e+01 3.154967404591690937e-04
4.207499025143619065e+01 2.998257234545186056e-04
4.248427665038425260e+01 2.847226713613488407e-04
4.289754440156466586e+01 2.701812642380724294e-04
4.331483223376402947e+01 2.561844664135663643e-04
4.373617925250492533e+01 2.427232604510553898e-04
4.416162494371084790e+01 2.297794167468721429e-04
4.459120917740628443e+01 2.173366670590980837e-04
4.502497221145327444e+01 2.053897258839549082e-04
4.546295469532399380e+01 1.939298925293562418e-04
4.590519767391037220e+01 1.829304087082776287e-04
4.635174259137027519e+01 1.723892669041344333e-04
4.680263129501155817e+01 1.622895459118104441e-04
4.725790603921362276e+01 1.526212565262447462e-04
4.771760948938745628e+01 1.433734617477990653e-04
4.818178472597362827e+01 1.345323173270840758e-04
4.865047524847972937e+01 1.260877692672030123e-04
4.912372497955678341e+01 1.180293576282883430e-04
4.960157826911540724e+01 1.103433700875053162e-04
5.008407989848212338e+01 1.030201605538286409e-04
5.057127508459573306e+01 9.604821884384599827e-05
5.106320948424492911e+01 8.942046784759864178e-05
5.155992919834686461e+01 8.312186841892098136e-05
5.206148077626762216e+01 7.714429197307254217e-05
5.256791122018424289e+01 7.147653062765232316e-05
5.307926798948964375e+01 6.611179709707846433e-05
5.359559900524011766e+01 6.103660840923015802e-05
5.411695265464637572e+01 5.623775003020238484e-05
5.464337779560780461e+01 5.172014170210774300e-05
5.517492376129128928e+01 4.745424989675112951e-05
5.571164036475430237e+01 4.344426921678288568e-05
5.625357790361330501e+01 3.967699797845057478e-05
5.680078716475694733e+01 3.614629144101260853e-05
5.735331942910571712e+01 3.283854948367476081e-05
5.791122647641758192e+01 2.974943231138337318e-05
5.847456059014062646e+01 2.686997146942300907e-05
5.904337456231242243e+01 2.418552039905505198e-05
5.961772169850755887e+01 2.170012324004690318e-05
6.019765582283304184e+01 1.939346621914132858e-05
6.078323128297230227e+01 1.726362610681653957e-05
6.137450295527852973e+01 1.530488860262304752e-05
6.197152624991698389e+01 1.349831654987638073e-05
6.257435711605789663e+01 1.184646535265893709e-05
6.318305204711957401e+01 1.034002946393990158e-05
6.379766808606282069e+01 8.971041181983034618e-06
6.441826283073628190e+01 7.732731032067094760e-06
6.504489443927437264e+01 6.615913057074437976e-06
6.567762163554736787e+01 5.615136644790809629e-06
6.631650371466487570e+01 4.716551640209266893e-06
6.696160054853221766e+01 3.933284464638467674e-06
6.761297259146149941e+01 3.238669316040548403e-06
6.827068088583682481e+01 2.632519417054143001e-06
6.893478706783510290e+01 2.108442904931396368e-06
6.960535337320180815e+01 1.660402577228730603e-06
7.028244264308352740e+01 1.281641677191583847e-06
7.096611832991698066e+01 9.663265223415402356e-07
7.165644450337531168e+01 7.082037571595272457e-07
7.235348585637258623e+01 5.011035386961283929e-07
7.305730771112592947e+01 3.394173671983844161e-07
7.376797602527737752e+01 2.172368664902170280e-07
7.448555739807494547e+01 1.281234954704925611e-07
7.521011907661404905e+01 6.787190744762306507e-08
7.594172896213913759e+01 3.038357421161489550e-08
7.668045561640717267e+01 1.043823300746886394e-08
7.742636826811269657e+01 2.032206995932571601e-09
7.817953681937576960e+01 0.000000000000000000e+00
