1.000000000000000021e-02 1.951452564846092308e+00
1.009727545900835841e-02 1.951448554374178634e+00
1.019549716950923779e-02 1.951444502404823256e+00
1.029467433620748044e-02 1.951440396116747023e+00
1.039481625334708927e-02 1.951438696529024908e+00
1.049593230558227772e-02 1.951434492321570513e+00
1.059803196885688789e-02 1.951430273002006111e+00
1.070112481129246833e-02 1.951423434510106025e+00
1.080522049408488318e-02 1.951419012598238467e+00
1.091032877240974419e-02 1.951414522468626123e+00
1.101645949633656314e-02 1.951409987175872107e+00
1.112362261175187626e-02 1.951405351790655329e+00
1.123182816129126085e-02 1.951400589982350109e+00
1.134108628528052165e-02 1.951395710279408169e+00
1.145140722268592030e-02 1.951390702265601407e+00
1.156280131207376022e-02 1.951385581183812556e+00
1.167527899257919492e-02 1.951380266662679608e+00
1.178885080488457221e-02 1.951374923334272316e+00
1.190352739220719262e-02 1.951369476566250816e+00
1.201931950129673729e-02 1.951363873095852020e+00
1.213623798344241195e-02 1.951358143125534683e+00
1.225429379548980714e-02 1.951352291403871009e+00
1.237349800086776086e-02 1.951349493418371273e+00
1.249386177062509519e-02 1.951343492278463598e+00
1.261539638447754796e-02 1.951337461416170038e+00
1.273811323186478488e-02 1.951331310136391162e+00
1.286202381301779218e-02 1.951325068397280704e+00
1.298713974003655978e-02 1.951318778063311443e+00
1.311347273797833224e-02 1.951312364689877343e+00
1.324103464595636874e-02 1.951305790028196485e+00
1.336983741824946531e-02 1.951299199003518225e+00
1.349989312542219239e-02 1.951292539649261304e+00
1.363121395545611320e-02 1.951285722299247460e+00
1.376381221489191876e-02 1.951278743903408941e+00
1.389770032998276401e-02 1.951271592998089721e+00
1.403289084785873213e-02 1.951264296240700080e+00
1.416939643770268736e-02 1.951256829224898404e+00
1.430722989193757184e-02 1.951249106145432677e+00
1.444640412742520530e-02 1.951241276774262401e+00
1.458693218667675602e-02 1.951233295628733266e+00
1.472882723907502529e-02 1.951225135799973698e+00
1.487210258210860774e-02 1.951216786355954858e+00
1.501677164261799868e-02 1.951208230566551682e+00
1.516284797805393485e-02 1.951199468596733766e+00
1.531034527774784160e-02 1.951190504874775744e+00
1.545927736419477720e-02 1.951181348700741003e+00
1.560965819434872483e-02 1.951171986124865532e+00
1.576150186093060873e-02 1.951161690994729137e+00
1.591482259374891323e-02 1.951152610595854098e+00
1.606963476103326349e-02 1.951142713423144270e+00
1.622595287078087284e-02 1.951132708447980146e+00
1.638379157211618947e-02 1.951122157956807879e+00
1.654316565666366645e-02 1.951111994009695261e+00
1.670409005993399310e-02 1.951101284433585992e+00
1.686657986272368723e-02 1.951090463019454546e+00
1.703065029252844378e-02 1.951079373542136564e+00
1.719631672497009753e-02 1.951067995062144567e+00
1.736359468523754335e-02 1.951056352963560947e+00
1.753249984954170088e-02 1.951044570048080518e+00
1.770304804658450262e-02 1.951032486578603287e+00
1.787525525904235316e-02 1.951015920959374483e+00
1.804913762506383731e-02 1.951002774481578550e+00
1.822471143978214581e-02 1.950989800484364212e+00
1.840199315684210371e-02 1.950977843914980303e+00
1.858099938994215231e-02 1.950966203511360630e+00
1.876174691439120440e-02 1.950949029249044120e+00
1.894425266868081034e-02 1.950935085385515189e+00
1.912853375607242307e-02 1.950920912230185822e+00
1.931460744620030340e-02 1.950906770863533923e+00
1.950249117668984011e-02 1.950896821681715965e+00
1.969220255479172538e-02 1.950881828117287942e+00
1.988375935903200636e-02 1.950866525857825051e+00
2.007717954087816226e-02 1.950850850369211242e+00
2.027248122642137662e-02 1.950834871558551953e+00
2.046968271807520987e-02 1.950818577707664980e+00
2.066880249629082095e-02 1.950801882045444247e+00
2.086985922128879734e-02 1.950784798739631398e+00
2.107287173480786382e-02 1.950767380412179008e+00
2.127785906187062287e-02 1.950749715151202324e+00
2.148484041256648255e-02 1.950731698191087160e+00
2.169383518385184506e-02 1.950713248638181296e+00
2.190486296136792688e-02 1.950694497110812886e+00
2.211794352127614133e-02 1.950675461241213160e+00
2.233309683211144592e-02 1.950656028409385456e+00
2.255034305665360936e-02 1.950636260672573341e+00
2.276970255381680075e-02 1.950616021172150161e+00
2.299119588055741764e-02 1.950595331709889635e+00
2.321484379380064564e-02 1.950574261519530284e+00
2.344066725238556220e-02 1.950552742461385547e+00
2.366868741902936057e-02 1.950530783763777976e+00
2.389892566231050300e-02 1.950508302008302053e+00
2.413140355867127856e-02 1.950485507577038202e+00
2.436614289443983158e-02 1.950462359727470396e+00
2.460316566787181664e-02 1.950438792047966219e+00
2.484249409121190577e-02 1.950414973857077960e+00
2.508415059277539771e-02 1.950390643207688290e+00
2.532815781905008515e-02 1.950371898475982135e+00
2.557453863681850847e-02 1.950346398497342149e+00
2.582331613530085626e-02 1.950320323154939306e+00
2.607451362831877603e-02 1.950293689207503567e+00
2.632815465648021339e-02 1.950261467318440189e+00
2.658426298938541474e-02 1.950234156175598477e+00
2.684286262785454819e-02 1.950206324536037705e+00
2.710397780617682106e-02 1.950178047978786910e+00
2.736763299438163891e-02 1.950149103281814345e+00
2.763385290053169824e-02 1.950121722131986424e+00
2.790266247303856487e-02 1.950089248604209846e+00
2.817408690300057458e-02 1.950058531572405496e+00
2.844815162656363222e-02 1.950027426353441173e+00
2.872488232730495070e-02 1.949995780076672292e+00
2.900430493863991738e-02 1.949963412646053218e+00
2.928644564625237229e-02 1.949930312433389101e+00
2.957133089054861039e-02 1.949896814390886357e+00
2.985898736913520854e-02 1.949862617704541057e+00
3.014944203932094433e-02 1.949827975364790689e+00
3.044272212064302874e-02 1.949791303770052942e+00
3.073885509741795460e-02 1.949755034252313335e+00
3.103786872131722788e-02 1.949718089012816291e+00
3.133979101396793671e-02 1.949680407387425873e+00
3.164465026957891114e-02 1.949642145387556091e+00
3.195247505759213347e-02 1.949603088604829226e+00
3.226329422536015901e-02 1.949563103275756104e+00
3.257713690084949876e-02 1.949523823136520617e+00
3.289403249537032475e-02 1.949481248861352878e+00
3.321401070633261954e-02 1.949438988209282630e+00
3.353710152002930406e-02 1.949395868640201979e+00
3.386333521444636480e-02 1.949351751999890192e+00
3.419274236210027851e-02 1.949306549215545248e+00
3.452535383290306070e-02 1.949260354352357227e+00
3.486120079705520153e-02 1.949213285171997878e+00
3.520031472796678745e-02 1.949165390217729499e+00
3.554272740520694751e-02 1.949116395322128659e+00
3.588847091748199186e-02 1.949067093049850152e+00
3.623757766564258964e-02 1.949016232794996029e+00
3.659008036572020811e-02 1.948964365600281967e+00
3.694601205199302130e-02 1.948910857722938372e+00
3.730540608008161424e-02 1.948857109997389259e+00
3.766829613007490613e-02 1.948802591128505624e+00
3.803471620968648659e-02 1.948746683221308951e+00
3.840470065744145539e-02 1.948688227677218832e+00
3.877828414589457040e-02 1.948631590472877928e+00
3.915550168487941241e-02 1.948572519271612347e+00
3.953638862478930927e-02 1.948512199179575077e+00
3.992098065989020672e-02 1.948450595065329916e+00
4.030931383166566628e-02 1.948387913498973445e+00
4.070142453219438572e-02 1.948323949070425387e+00
4.109734950756069316e-02 1.948258475413571889e+00
4.149712586129815362e-02 1.948191903928671476e+00
4.190079105786669034e-02 1.948123968262435612e+00
4.230838292616342228e-02 1.948054964214070539e+00
4.271993966306778662e-02 1.947984472502667153e+00
4.313549983702118923e-02 1.947912668240980860e+00
4.355510239164130798e-02 1.947839340165766542e+00
4.397878664937160398e-02 1.947764544265746967e+00
4.440659231516640160e-02 1.947688723149097134e+00
4.483855948021186338e-02 1.947611106041104545e+00
4.527472862568297785e-02 1.947532354136568999e+00
4.571514062653719151e-02 1.947451583659217444e+00
4.615983675534499064e-02 1.947367644987621382e+00
4.660885868615767536e-02 1.947283763221248076e+00
4.706224849841281199e-02 1.947198468267077542e+00
4.752004868087766204e-02 1.947114480813313842e+00
4.798230213563085128e-02 1.947025646988003178e+00
4.844905218208294534e-02 1.946935081314736804e+00
4.892034256103611894e-02 1.946842460685627607e+00
4.939621743878321036e-02 1.946744130697833031e+00
4.987672141124663283e-02 1.946651276215559001e+00
5.036189950815770505e-02 1.946552956771969045e+00
5.085179719727656034e-02 1.946451875640524687e+00
5.134646038865306461e-02 1.946350865598377000e+00
5.184593543892913187e-02 1.946248020009450075e+00
5.235026915568305461e-02 1.946143144779770129e+00
5.285950880181603667e-02 1.946036125399321026e+00
5.337370209998133774e-02 1.945926938925572003e+00
5.389289723705643909e-02 1.945815324923897860e+00
5.441714286865893119e-02 1.945701584709262910e+00
5.494648812370611646e-02 1.945585568522177677e+00
5.548098260901916656e-02 1.945466062246019812e+00
5.602067641397187603e-02 1.945345376407145999e+00
5.656562011518465050e-02 1.945224235631636933e+00
5.711586478126431943e-02 1.945098477250528646e+00
5.767146197758996756e-02 1.944970313252365246e+00
5.823246377114527778e-02 1.944839822818462904e+00
5.879892273539785025e-02 1.944705347793440176e+00
5.937089195522609469e-02 1.944570029058342975e+00
5.994842503189409116e-02 1.944432385058686874e+00
6.053157608807464840e-02 1.944291666755863623e+00
6.112039977292132997e-02 1.944148183576675626e+00
6.171495126718981594e-02 1.944001750166835629e+00
6.231528628840921763e-02 1.943852226967833552e+00
6.292146109610344262e-02 1.943699868519402907e+00
6.353353249706343575e-02 1.943544640090420828e+00
6.415155785067082339e-02 1.943386079870687899e+00
6.477559507427335661e-02 1.943224189095314136e+00
6.540570264861225724e-02 1.943058878792468747e+00
6.604193962330305590e-02 1.942889773212768123e+00
6.668436562236895737e-02 1.942717056216151983e+00
6.733304084982863480e-02 1.942542443312431200e+00
6.798802609533814711e-02 1.942363996921434799e+00
6.864938273988777095e-02 1.942182390678217407e+00
6.931717276155408003e-02 1.941997914127978175e+00
6.999145874130821565e-02 1.941810343702131458e+00
7.067230386888070925e-02 1.941619479371382351e+00
7.135977194868306506e-02 1.941425517950462032e+00
7.205392740578704658e-02 1.941228093080906492e+00
7.275483529196229149e-02 1.941028639417634150e+00
7.346256129177256011e-02 1.940822793173582417e+00
7.417717172873124210e-02 1.940612358585007913e+00
7.489873357151664857e-02 1.940396125100019020e+00
7.562731444024800576e-02 1.940176517116033228e+00
7.636298261282241373e-02 1.939952250825047519e+00
7.710580703131336699e-02 1.939723402025258947e+00
7.785585730843146146e-02 1.939490079858128935e+00
7.861320373404813433e-02 1.939252471019828450e+00
7.937791728178281159e-02 1.939009814041994906e+00
8.015006961565404597e-02 1.938762686864621498e+00
8.092973309679550586e-02 1.938510635224858225e+00
8.171698079023696770e-02 1.938256579300996485e+00
8.251188647175167201e-02 1.937996321627529328e+00
8.331452463477014014e-02 1.937731959801281212e+00
8.412497049736118726e-02 1.937462844393026851e+00
8.494330000928071445e-02 1.937188239416254065e+00
8.576958985908941790e-02 1.936908783592310002e+00
8.660391748133952627e-02 1.936623290518039830e+00
8.744636106383144036e-02 1.936331579919675194e+00
8.829699955494091368e-02 1.936033428987981919e+00
8.915591267101763417e-02 1.935729568953896251e+00
9.002318090385581784e-02 1.935419697992510679e+00
9.089888552823731371e-02 1.935103479659365133e+00
9.178310860954806694e-02 1.934781190779917726e+00
9.267593301146882789e-02 1.934453663009789048e+00
9.357744240374062106e-02 1.934116126907182265e+00
9.448772127000577836e-02 1.933775688459822950e+00
9.540685491572513388e-02 1.933430639221436209e+00
9.633492947617222635e-02 1.933079412845470690e+00
9.727203192450542546e-02 1.932720560576428159e+00
9.821825007991856482e-02 1.932353989694767460e+00
9.917367261587073379e-02 1.931979930407653478e+00
1.001383890683960748e-01 1.931598444437637063e+00
1.011124898444945991e-01 1.931210203950412652e+00
1.020960662306047012e-01 1.930814627119949778e+00
1.030892104011576216e-01 1.930411724502594906e+00
1.040920154272158005e-01 1.930000776327970957e+00
1.051045752851944987e-01 1.929582462934592790e+00
1.061269848656690717e-01 1.929153441943481484e+00
1.071593399822671072e-01 1.928714084551054642e+00
1.082017373806478805e-01 1.928270720333451038e+00
1.092542747475682557e-01 1.927817588366086410e+00
1.103170507200377515e-01 1.927357926274296807e+00
1.113901648945616746e-01 1.926890505372770290e+00
1.124737178364751955e-01 1.926412227563183199e+00
1.135678110893671017e-01 1.925924809966739648e+00
1.146725471845963656e-01 1.925428885493502440e+00
1.157880296509002094e-01 1.924921592020716776e+00
1.169143630240966764e-01 1.924404859573120241e+00
1.180516528568804902e-01 1.923877486994196806e+00
1.192000057287153220e-01 1.923341477687099399e+00
1.203595292558212876e-01 1.922796421510924336e+00
1.215303321012602134e-01 1.922239719484543752e+00
1.227125239851190319e-01 1.921674808173569948e+00
1.239062156947916271e-01 1.921097922893891141e+00
1.251115190953615564e-01 1.920508956050823723e+00
1.263285471400849291e-01 1.919907968243898200e+00
1.275574138809759950e-01 1.919297916691486972e+00
1.287982344794950385e-01 1.918676622013775868e+00
1.300511252173409127e-01 1.918040184270221271e+00
1.313162035073478784e-01 1.917394491320999483e+00
1.325935879044890797e-01 1.916735508671459254e+00
1.338833981169864351e-01 1.916063307714328090e+00
1.351857550175293021e-01 1.915378504169469531e+00
1.365007806546013891e-01 1.914681634680335032e+00
1.378285982639189389e-01 1.913974757051528863e+00
1.391693322799789911e-01 1.913253485303122448e+00
1.405231083477211373e-01 1.912516518964296530e+00
1.418900533343016301e-01 1.911764629607722199e+00
1.432702953409830948e-01 1.910997789530686441e+00
1.446639637151387880e-01 1.910217678989052592e+00
1.460711890623745679e-01 1.909422764242977522e+00
1.474921032587684921e-01 1.908615559410943296e+00
1.489268394632288772e-01 1.907791635021607979e+00
1.503755321299738434e-01 1.906953411717662750e+00
1.518383170211306810e-01 1.906098286036682410e+00
1.533153312194593942e-01 1.905228007877476148e+00
1.548067131411984265e-01 1.904341439155557758e+00
1.563126025490369497e-01 1.903438412840403826e+00
1.578331405652117214e-01 1.902518698128968122e+00
1.593684696847328941e-01 1.901579857646264138e+00
1.609187337887370006e-01 1.900623699610977546e+00
1.624840781579713067e-01 1.899651368603112012e+00
1.640646494864078653e-01 1.898659124737477111e+00
1.656605958949914359e-01 1.897650789939755445e+00
1.672720669455196874e-01 1.896624659544380087e+00
1.688992136546599021e-01 1.895578083668856495e+00
1.705421885081006561e-01 1.894511069964941008e+00
1.722011454748421100e-01 1.893424333964366602e+00
1.738762400216251336e-01 1.892317573762325900e+00
1.755676291275001522e-01 1.891191767787988587e+00
1.772754712985387948e-01 1.890044627244594766e+00
1.789999265826875408e-01 1.888876611304575404e+00
1.807411565847668600e-01 1.887688146847397608e+00
1.824993244816152382e-01 1.886477272805011873e+00
1.842745950373816666e-01 1.885242833387032357e+00
1.860671346189656239e-01 1.883985897170336044e+00
1.878771112116086051e-01 1.882708529438905209e+00
1.897046944346358344e-01 1.881406892284515076e+00
1.915500555573527997e-01 1.880082639327921967e+00
1.934133675150944698e-01 1.878730377382524352e+00
1.952948049254327745e-01 1.877354004733021275e+00
1.971945441045395986e-01 1.875956477670291278e+00
1.991127630837108697e-01 1.874533699023082978e+00
2.010496416260497965e-01 1.873081284549250602e+00
2.030053612433137811e-01 1.871604539745646001e+00
2.049801052129238688e-01 1.870102354989317650e+00
2.069740585951406198e-01 1.868575606078479057e+00
2.089874082504071251e-01 1.867014285699131637e+00
2.110203428568595552e-01 1.865426895607989133e+00
2.130730529280097374e-01 1.863812803028979115e+00
2.151457308305980698e-01 1.862171252557609069e+00
2.172385708026215445e-01 1.860500213385086976e+00
2.193517689715359098e-01 1.858799204346846423e+00
2.214855233726360506e-01 1.857068208163273892e+00
2.236400339676138660e-01 1.855305303345034185e+00
2.258155026632983065e-01 1.853511926177294988e+00
2.280121333305757114e-01 1.851685755660191113e+00
2.302301318234963867e-01 1.849829918810082630e+00
2.324697059985647851e-01 1.847937880845869740e+00
2.347310657342196183e-01 1.846014160287191563e+00
2.370144229505012079e-01 1.844057948850452933e+00
2.393199916289123208e-01 1.842067531027041127e+00
2.416479878324700736e-01 1.840041097208592769e+00
2.439986297259550130e-01 1.837978486000424239e+00
2.463721375963552895e-01 1.835877068935460432e+00
2.487687338735107279e-01 1.833746456087552712e+00
2.511886431509580686e-01 1.831578443315424964e+00
2.536320922069775774e-01 1.829371287215222130e+00
2.560993100258459609e-01 1.827124291014855295e+00
2.585905278192945911e-01 1.824840009037833610e+00
2.611059790481781162e-01 1.822515132372022340e+00
2.636458994443517945e-01 1.820152619080164902e+00
2.662105270327638773e-01 1.817750776520125955e+00
2.688001021537606006e-01 1.815307741807175912e+00
2.714148674856106669e-01 1.812822004488531480e+00
2.740550680672460548e-01 1.810294806883723240e+00
2.767209513212268712e-01 1.807724891062983730e+00
2.794127670769268601e-01 1.805110823756417737e+00
2.821307675939472293e-01 1.802455363222708495e+00
2.848752075857552413e-01 1.799752380576797872e+00
2.876463442435557849e-01 1.797008878537270204e+00
2.904444372603925406e-01 1.794219890698266262e+00
2.932697488554852905e-01 1.791383564904023284e+00
2.961225437988035947e-01 1.788497126645531177e+00
2.990030894358785551e-01 1.785564355525285363e+00
3.019116557128577738e-01 1.782585679061420958e+00
3.048485152018017286e-01 1.779560073989142177e+00
3.078139431262288950e-01 1.776485668520523031e+00
3.108082173869063936e-01 1.773358670087614497e+00
3.138316185878944342e-01 1.770179378036420337e+00
3.168844300628416155e-01 1.766950108615872095e+00
3.199669379015380732e-01 1.763673026268434807e+00
3.230794309767249795e-01 1.760343911884939772e+00
3.262222009711669979e-01 1.756958878412370195e+00
3.293955424049855307e-01 1.753519458035589729e+00
3.325997526632606949e-01 1.750030243164604649e+00
3.358351320238990301e-01 1.746481963682730232e+00
3.391019836857747105e-01 1.742878912749538989e+00
3.424006137971423724e-01 1.739223306330421881e+00
3.457313314843284413e-01 1.735510414663499867e+00
3.490944488806992929e-01 1.731737394726748036e+00
3.524902811559130766e-01 1.727911416261795008e+00
3.559191465454557002e-01 1.724026545096248197e+00
3.593813663804627523e-01 1.720077969725797740e+00
3.628772651178337472e-01 1.716071623504449084e+00
3.664071703706370808e-01 1.712007999126860192e+00
3.699714129388128048e-01 1.707882459021479615e+00
3.735703268401719401e-01 1.703695583523752166e+00
3.772042493416999376e-01 1.699448880892935554e+00
3.808735209911614517e-01 1.695137594983127993e+00
3.845784856490158665e-01 1.690759507733545997e+00
3.883194905206404091e-01 1.686323782651943048e+00
3.920968861888690649e-01 1.681827871608884584e+00
3.959110266468458539e-01 1.677261309028703185e+00
3.997622693312000708e-01 1.672628847529108453e+00
4.036509751555413805e-01 1.667929477541622019e+00
4.075775085442840395e-01 1.663174469084752749e+00
4.115422374667966343e-01 1.658348508143675737e+00
4.155455334718875515e-01 1.653449395375324871e+00
4.195877717226225712e-01 1.648483575837351944e+00
4.236693310314835759e-01 1.643458040320942448e+00
4.277905938958687093e-01 1.638359882346803964e+00
4.319519465339363706e-01 1.633192362515878626e+00
4.361537789208005944e-01 1.627956838034361864e+00
4.403964848250754294e-01 1.622651804771610085e+00
4.446804618457780300e-01 1.617278144551465680e+00
4.490061114495874639e-01 1.611832408756732615e+00
4.533738390084691150e-01 1.606316696113561981e+00
4.577840538376618529e-01 1.600732056368077361e+00
4.622371692340384031e-01 1.595072160350294865e+00
4.667336025148346446e-01 1.589345047181154325e+00
4.712737750567601580e-01 1.583544951848551596e+00
4.758581123354846953e-01 1.577673306713469170e+00
4.804870439655131720e-01 1.571733450049876302e+00
4.851610037404442966e-01 1.565708361272390103e+00
4.898804296736250508e-01 1.559625179944166051e+00
4.946457640391963562e-01 1.553467087057772256e+00
4.994574534135413635e-01 1.547232850147507444e+00
5.043159487171361421e-01 1.540925912526306840e+00
5.092217052568053237e-01 1.534547045538706245e+00
5.141751827683928022e-01 1.528096606117849809e+00
5.191768454598426619e-01 1.521570823969187636e+00
5.242271620547044320e-01 1.514975637461787761e+00
5.293266058360561743e-01 1.508306482004174498e+00
5.344756546908600026e-01 1.501563183821793324e+00
5.396747911547442600e-01 1.494749340290900230e+00
5.449245024572260121e-01 1.487863937344712895e+00
5.502252805673685243e-01 1.480905030249950904e+00
5.555776222398878250e-01 1.473873786706273670e+00
5.609820290617031358e-01 1.466772930153276366e+00
5.664390074989449353e-01 1.459594385733873789e+00
5.719490689444144405e-01 1.452355128218818514e+00
5.775127297655114900e-01 1.445038084614142626e+00
5.831305113526221717e-01 1.437650910677791494e+00
5.888029401679826247e-01 1.430196486985818360e+00
5.945305477950136863e-01 1.422670609375436435e+00
6.003138709881384871e-01 1.415078228921114567e+00
6.061534517230839914e-01 1.407414461330342759e+00
6.120498372476699256e-01 1.399682701439786792e+00
6.180035801330957534e-01 1.391887203716275945e+00
6.240152383257209223e-01 1.384009224314279862e+00
6.300853751993553686e-01 1.376088095869442585e+00
6.362145596080520660e-01 1.368093909506520767e+00
6.424033659394193796e-01 1.360035696089274104e+00
6.486523741684461219e-01 1.351909837895277189e+00
6.549621699118558515e-01 1.343721939021581990e+00
6.613333444829840868e-01 1.335476268306650116e+00
6.677664949471955325e-01 1.327163247979922023e+00
6.742622241778342129e-01 1.318774593480447788e+00
6.808211409127237213e-01 1.310364872214415222e+00
6.874438598112112553e-01 1.301878151353720980e+00
6.941310015117725385e-01 1.293331959471048620e+00
7.008831926901714082e-01 1.284730279028920119e+00
7.077010661181889484e-01 1.276078808506968532e+00
7.145852607229240538e-01 1.267367713379063288e+00
7.215364216466665370e-01 1.258604519529979981e+00
7.285552003073593186e-01 1.249793668297379590e+00
7.356422544596413760e-01 1.240928688748539122e+00
7.427982482564918776e-01 1.232017576865173769e+00
7.500238523114668432e-01 1.223058141911539831e+00
7.573197437615483141e-01 1.214055848174088181e+00
7.646866063305975958e-01 1.205003557531299618e+00
7.721251303934327792e-01 1.195912489938240286e+00
7.796360130405233235e-01 1.186778294525148825e+00
7.872199581433195759e-01 1.177603614716355107e+00
7.948776764202123424e-01 1.168391282919541752e+00
8.026098855031396084e-01 1.159141311565717869e+00
8.104173100048355227e-01 1.149857347726735979e+00
8.183006815867394090e-01 1.140541455937490456e+00
8.262607390275591435e-01 1.131189994346579963e+00
8.342982282925082149e-01 1.121807082143410739e+00
8.424139026032094746e-01 1.112399522459352363e+00
8.506085225082840040e-01 1.102963048544691071e+00
8.588828559546254349e-01 1.093503528310335815e+00
8.672376783593644944e-01 1.084016873008902593e+00
8.756737726825394308e-01 1.074511798171215338e+00
8.841919295004664336e-01 1.064985309473236885e+00
8.927929470798307010e-01 1.055442474966816757e+00
9.014776314524917122e-01 1.045882677687615114e+00
9.102467964910225806e-01 1.036309157811608817e+00
9.191012639849772681e-01 1.026722731364809071e+00
9.280418637179072006e-01 1.017125332221386014e+00
9.370694335451198453e-01 1.007522175030298062e+00
9.461848194722002336e-01 9.979074173201695208e-01
9.553888757342895444e-01 9.882990785192184990e-01
9.646824648761427312e-01 9.786734201641122954e-01
9.740664578329562007e-01 9.690556549600891634e-01
9.835417340119908536e-01 9.594378573799022814e-01
9.931091813749796104e-01 9.498203205289683648e-01
1.002769696521346621e+00 9.402120461471671353e-01
1.012524184772224167e+00 9.306034704751917630e-01
1.022373560255302127e+00 9.210134205024534948e-01
1.032318745990486564e+00 9.114258617038420995e-01
1.042360673976402197e+00 9.018562331248980435e-01
1.052500285277732761e+00 8.922997031302231097e-01
1.062738530113414459e+00 8.827533665029461130e-01
1.073076367945679621e+00 8.732356097531492889e-01
1.083514767569973225e+00 8.637328650657181139e-01
1.094054707205742494e+00 8.542521810216356926e-01
1.104697174588111785e+00 8.447929336243048537e-01
1.115443167060441221e+00 8.353624077379013801e-01
1.126293691667795249e+00 8.259596505755514295e-01
1.137249765251314271e+00 8.165854120340599875e-01
1.148312414543511073e+00 8.072415408187590957e-01
1.159482676264482759e+00 7.979297768707497296e-01
1.170761597219069250e+00 7.886538220899059759e-01
1.182150234394952371e+00 7.794139214815940520e-01
1.193649655061713055e+00 7.702098794354647060e-01
1.205260936870842681e+00 7.610466621615243898e-01
1.216985167956738056e+00 7.519234388895017496e-01
1.228823447038673411e+00 7.428431215426265499e-01
1.240776883523764251e+00 7.338039577173155470e-01
1.252846597610937529e+00 7.248178281882479146e-01
1.265033720395903893e+00 7.158745679381133264e-01
1.277339393977160009e+00 7.069746290735589023e-01
1.289764771563017165e+00 6.981268495520968065e-01
1.302311017579677488e+00 6.893334316788344296e-01
1.314979307780347773e+00 6.805950655392083437e-01
1.327770829355430449e+00 6.719097654045056434e-01
1.340686781043774811e+00 6.632702660715876775e-01
1.353728373245021821e+00 6.546917272799972487e-01
1.366896828133026487e+00 6.461718162400931220e-01
1.380193379770397355e+00 6.377131676242092650e-01
1.393619274224142002e+00 6.293096207226083205e-01
1.407175769682446731e+00 6.209690457337214697e-01
1.420864136572576708e+00 6.126868010871340253e-01
1.434685657679937831e+00 6.044692348474849375e-01
1.448641628268290127e+00 5.963181320088374315e-01
1.462733356201129986e+00 5.882304224088574784e-01
1.476962162064259898e+00 5.802047865863824150e-01
1.491329379289537682e+00 5.722455633822202126e-01
1.505836354279841416e+00 5.643550293282835195e-01
1.520484446535244283e+00 5.565330378618135176e-01
1.535275028780422657e+00 5.487778703189650775e-01
1.550209487093291205e+00 5.410906742173511308e-01
1.565289221034902312e+00 5.334747346109313115e-01
1.580515643780601165e+00 5.259283884118742813e-01
1.595890182252465817e+00 5.184523803961280652e-01
1.611414277253019778e+00 5.110465902285841189e-01
1.627089383600260675e+00 5.037147574505754788e-01
1.642916970263993193e+00 4.964522975302166352e-01
1.658898520503498064e+00 4.892642335653104024e-01
1.675035532006524441e+00 4.821467362420993052e-01
1.691329517029648732e+00 4.751048163864322604e-01
1.707782002539993016e+00 4.681339484614200908e-01
1.724394530358320354e+00 4.612377939860968223e-01
1.741168657303530987e+00 4.544138108756889949e-01
1.758105955338547632e+00 4.476645347877138970e-01
1.775208011717636092e+00 4.409894272360736500e-01
1.792476429135148930e+00 4.343869413115226674e-01
1.809912825875727105e+00 4.278604067507290609e-01
1.827518835965944666e+00 4.214061395620165018e-01
1.845296109327445366e+00 4.150268345288996019e-01
1.863246311931559873e+00 4.087217318864461713e-01
1.881371125955437096e+00 4.024913738330746504e-01
1.899672249939675650e+00 3.963299938860118665e-01
1.918151398947507635e+00 3.902478313677548161e-01
1.936810304725519849e+00 3.842364194551244339e-01
1.955650715865949074e+00 3.782984214292047231e-01
1.974674397970537454e+00 3.724347899025235442e-01
1.993883133816001019e+00 3.666416753346012358e-01
2.013278723521096492e+00 3.609248891611473997e-01
2.032862984715323673e+00 3.552765940902633535e-01
2.052637752709252084e+00 3.497037899409674022e-01
2.072604880666519822e+00 3.441998787812571292e-01
2.092766239777499759e+00 3.387661781406216543e-01
2.113123719434652603e+00 3.334082611049803968e-01
2.133679227409597701e+00 3.281166156646111998e-01
2.154434690031884259e+00 3.228967921079815562e-01
2.175392052369522489e+00 3.177460852344193287e-01
2.196553278411258248e+00 3.126644208545426573e-01
2.217920351250634692e+00 3.076536124501088043e-01
2.239495273271823184e+00 3.027091939149751942e-01
2.261280066337279404e+00 2.978321947675761083e-01
2.283276771977218012e+00 2.930233737397447968e-01
2.305487451580938707e+00 2.882818709108120880e-01
2.327914186589993051e+00 2.836054170305306599e-01
2.350559078693253756e+00 2.789959296381987475e-01
2.373424250023866033e+00 2.744513711586296645e-01
2.396511843358130278e+00 2.699698853979558000e-01
2.419824022316292567e+00 2.655535176807006792e-01
2.443362971565319341e+00 2.612011684075591367e-01
2.467130897023623426e+00 2.569124707248302553e-01
2.491130026067788439e+00 2.526840341471801032e-01
2.515362607741312928e+00 2.485169163876115861e-01
2.539830912965362675e+00 2.444120655867587921e-01
2.564537234751594674e+00 2.403690350563101596e-01
2.589483888417040802e+00 2.363833530847284925e-01
2.614673211801092023e+00 2.324575611606550241e-01
2.640107565484572927e+00 2.285898680162950780e-01
2.665789333010967876e+00 2.247804099497091312e-01
2.691720921109787668e+00 2.210292942428935536e-01
2.717904759922122881e+00 2.173338359797647446e-01
2.744343303228365283e+00 2.136946253416945329e-01
2.771039028678170535e+00 2.101093234771522211e-01
2.797994438022641805e+00 2.065796556598251121e-01
2.825212057348790218e+00 2.031050797267954233e-01
2.852694437316245057e+00 1.996546118983621720e-01
2.880444153396297668e+00 1.963132765301171256e-01
2.908463806113254169e+00 1.929953468530795913e-01
2.936756021288137397e+00 1.897293924554581679e-01
2.965323450284773621e+00 1.865148806638873558e-01
2.994168770258243573e+00 1.833496684842691182e-01
3.023294684405779531e+00 1.802102424666148228e-01
3.052703922220086241e+00 1.771671060693759125e-01
3.082399239745143404e+00 1.741480205689066307e-01
3.112383419834465759e+00 1.711772221270279615e-01
3.142659272411905569e+00 1.682529508760866044e-01
3.173229634734976212e+00 1.653753315135658430e-01
3.204097371660752813e+00 1.625424720600167905e-01
3.235265375914330388e+00 1.597551817362642679e-01
3.266736568359921655e+00 1.569943838470652664e-01
3.298513898274578082e+00 1.543132828869906159e-01
3.330600343624588788e+00 1.516571606516213533e-01
3.362998911344535991e+00 1.490440133744620199e-01
3.395712637619100693e+00 1.464721645146467022e-01
3.428744588167585317e+00 1.439427200071330126e-01
3.462097858531227423e+00 1.414531234370347557e-01
3.495775574363275240e+00 1.389826353749692434e-01
3.529780891721914671e+00 1.365938981785079498e-01
3.564116997366032269e+00 1.342237126509800704e-01
3.598787109053855460e+00 1.318916041122839555e-01
3.633794475844513094e+00 1.295976327224509228e-01
3.669142378402494131e+00 1.273399231985547220e-01
3.704834129305105694e+00 1.251198437759384885e-01
3.740873073352900313e+00 1.229359588014384275e-01
3.777262587883141176e+00 1.207871602168818781e-01
3.814006083086284082e+00 1.186737389281398991e-01
3.851107002325572903e+00 1.165949055960791292e-01
3.888568822459721019e+00 1.145506983631372350e-01
3.926395054168756449e+00 1.125389745945976627e-01
3.964589242282997805e+00 1.105614040493576727e-01
4.003154966115265445e+00 1.086154923783449744e-01
4.042095839796306045e+00 1.067015020946311121e-01
4.081415512613501662e+00 1.048196796854174162e-01
4.121117669352832635e+00 1.029682300583681237e-01
4.161206030644208020e+00 1.011476408169168922e-01
4.201684353310133346e+00 9.935677902611882162e-02
4.242556430717777438e+00 9.759566585744512690e-02
4.283826093134470270e+00 9.586411561220652133e-02
4.325497208086633627e+00 9.416082364662850535e-02
4.367573680722233398e+00 9.248556637934005065e-02
4.410059454176736615e+00 9.083816774608888256e-02
4.452958509942654963e+00 8.921819624809247673e-02
4.496274868242640110e+00 8.762514800816684213e-02
4.540012588406244554e+00 8.605855380016580458e-02
4.584175769250333765e+00 8.451785500443637078e-02
4.628768549463215365e+00 8.300394376989414513e-02
4.673795107992464004e+00 8.151262983408787133e-02
4.719259664436561863e+00 8.004806165001637774e-02
4.765166479440326341e+00 7.860628185231442744e-02
4.811519855094205766e+00 7.719000797625293064e-02
4.858324135337417360e+00 7.579668745183021361e-02
4.905583706365050922e+00 7.442723672859440087e-02
4.953302997039108924e+00 7.308033307377902188e-02
5.001486479303548727e+00 7.175576393405526388e-02
5.050138668603383785e+00 7.045299217271576431e-02
5.099264124307808288e+00 6.917245362903851058e-02
5.148867450137498025e+00 6.791333887558788363e-02
5.198953294596024399e+00 6.667538239662028354e-02
5.249526351405507718e+00 6.545787784734961867e-02
5.300591359946452030e+00 6.426039643362028986e-02
5.352153105701904501e+00 6.308356983932768280e-02
5.404216420705915347e+00 6.192643272387258341e-02
5.456786183996381823e+00 6.078866058225387836e-02
5.509867322072253160e+00 5.966960512760395574e-02
5.563464809355226137e+00 5.856813178125914315e-02
5.617583668655908191e+00 5.748813625446425740e-02
5.672228971644543094e+00 5.641593061033953194e-02
5.727405839326266346e+00 5.537935728651201261e-02
5.783119442521027054e+00 5.435129309247185847e-02
5.839375002348160315e+00 5.334071220672350483e-02
5.896177790715694478e+00 5.234724975711868566e-02
5.953533130814370189e+00 5.137030989114168417e-02
6.011446397616513337e+00 5.040989993041521816e-02
6.069923018379741464e+00 4.946561206573852482e-02
6.128968473155564034e+00 4.853737047325544507e-02
6.188588295302960063e+00 4.761815524429034024e-02
6.248788072006894012e+00 4.672471197846055080e-02
6.309573444801936049e+00 4.584742066647369552e-02
6.370950110100935149e+00 4.497851685353443374e-02
6.432923819728876502e+00 4.412613791652613554e-02
6.495500381461869033e+00 4.328814830656771417e-02
6.558685659571435345e+00 4.246430175728575784e-02
6.622485575374063238e+00 4.165455285859091111e-02
6.686906107786136921e+00 4.085847923299069234e-02
6.751953293884205287e+00 4.007596455515572559e-02
6.817633229470763112e+00 3.930674848483500100e-02
6.883952069645496330e+00 3.855063073684222852e-02
6.950916029382126382e+00 3.780739618902714122e-02
7.018531384110795912e+00 3.707601784710307796e-02
7.086804470306189430e+00 3.635854674648202750e-02
7.155741686081340980e+00 3.565246848717627814e-02
7.225349491787214085e+00 3.495879163120112210e-02
7.295634410618154320e+00 3.427700925948594379e-02
7.366603029223159460e+00 3.360660460223826446e-02
7.438261998323163482e+00 3.294791123306519548e-02
7.510618033334286459e+00 3.230034092930578193e-02
7.583677914997190683e+00 3.166395618623218250e-02
7.657448490012479958e+00 3.103847215456168387e-02
7.731936671682362316e+00 3.042383201893128497e-02
7.807149440558499798e+00 2.981974224816490507e-02
7.883093845096216690e+00 2.922542163208339053e-02
7.959777002314985417e+00 2.864265942723182370e-02
8.037206098465421888e+00 2.806931711565223767e-02
8.115388389702712146e+00 2.750584798187118499e-02
8.194331202766655053e+00 2.695223601282691062e-02
8.274041935668218883e+00 2.640750651905561172e-02
8.354528058382872047e+00 2.587357362127042787e-02
8.435797113550611570e+00 2.534835471154793518e-02
8.517856717182803905e+00 2.483224290595290387e-02
8.600714559375941093e+00 2.432479443670544986e-02
8.684378405032257220e+00 2.382706215100598851e-02
8.768856094587436090e+00 2.333744461543006340e-02
8.854155544745349715e+00 2.285614005155289091e-02
8.940284749219998162e+00 2.238391299146207797e-02
9.027251779484577909e+00 2.191973360254787645e-02
9.115064785527916769e+00 2.146370139335215116e-02
9.203731996618220279e+00 2.101532339407151742e-02
9.293261722074316111e+00 2.057572913318116842e-02
9.383662352044273902e+00 2.014348444333935451e-02
9.474942358291729150e+00 1.971741549419685213e-02
9.567110294989774388e+00 1.930193860673511813e-02
9.660174799522645017e+00 1.889234362647710525e-02
9.754144593295098531e+00 1.848997713295374989e-02
9.849028482549766039e+00 1.809367727313454174e-02
9.944835359192397917e+00 1.770701047658634203e-02
1.004157420162519543e+01 1.732601697389067261e-02
1.013925407558815373e+01 1.695158791904727291e-02
1.023788413500867378e+01 1.658441027617223867e-02
1.033747362285940774e+01 1.622368076670821849e-02
1.043803187202444072e+01 1.586945119573108728e-02
1.053956830617394580e+01 1.552165000519152398e-02
1.064209244064724658e+01 1.518018676921114793e-02
1.074561388334458023e+01 1.484496566452849463e-02
1.085014233562746178e+01 1.451586881519321102e-02
1.095568759322787855e+01 1.419281715211369657e-02
1.106225954716621906e+01 1.387582955354863326e-02
1.116986818467823817e+01 1.356444447334831035e-02
1.127852359015096795e+01 1.325871755958845863e-02
1.138823594606782130e+01 1.295909194179295856e-02
1.149901553396274245e+01 1.266484874562910472e-02
1.161087273538378994e+01 1.237602938441660465e-02
1.172381803286598512e+01 1.209266074024882912e-02
1.183786201091373513e+01 1.181461461272692061e-02
1.195301535699265827e+01 1.154174693555631848e-02
1.206928886253119870e+01 1.127406821272194416e-02
1.218669342393191712e+01 1.101142299929768614e-02
1.230524004359261525e+01 1.075384467959505930e-02
1.242493983093746479e+01 1.050103671211309771e-02
1.254580400345803248e+01 1.025317217891547582e-02
1.266784388776455827e+01 1.001004835235440489e-02
1.279107092064739781e+01 9.771539605679615062e-03
1.291549665014884063e+01 9.537649745324198666e-03
1.304113273664525430e+01 9.308333086088272160e-03
1.316799095393986185e+01 9.083416664694764914e-03
1.329608319036608854e+01 8.862906687667660918e-03
1.342542144990170527e+01 8.646653280425601815e-03
1.355601785329368880e+01 8.434759716413794614e-03
1.368788463919415221e+01 8.227065012077580675e-03
1.382103416530724438e+01 8.023330092232367969e-03
1.395547890954729020e+01 7.823720462036679035e-03
1.409123147120805619e+01 7.628106274257959174e-03
1.422830457214353395e+01 7.436365715032573417e-03
1.436671105796013137e+01 7.248829556570314178e-03
1.450646389922046886e+01 7.064448738025904360e-03
1.464757619265895272e+01 6.884101188490883601e-03
1.479006116240903168e+01 6.707446529018431212e-03
1.493393216124253264e+01 6.534343833590682341e-03
1.507920267182097263e+01 6.365047552599354709e-03
1.522588630795911513e+01 6.198844775065687207e-03
1.537399681590069456e+01 6.036249429087734569e-03
1.552354807560667105e+01 5.877036288138650505e-03
1.567455410205595001e+01 5.721143584857794721e-03
1.582702904655883280e+01 5.568806787398960199e-03
1.598098719808309376e+01 5.419147258222095642e-03
1.613644298459311699e+01 5.272187442675832850e-03
1.629341097440194730e+01 5.129807903587558192e-03
1.645190587753662470e+01 4.989791863346183971e-03
1.661194254711659113e+01 4.852547574751188073e-03
1.677353598074571295e+01 4.718569640844322635e-03
1.693670132191772026e+01 4.587483659253798959e-03
1.710145386143542012e+01 4.459112258313302490e-03
1.726780903884355922e+01 4.333552818158421284e-03
1.743578244387577669e+01 4.210876269096044608e-03
1.760538981791556523e+01 4.090887811141183383e-03
1.777664705547142532e+01 3.973153213977897134e-03
1.794957020566648254e+01 3.858815054666370203e-03
1.812417547374237614e+01 3.746922153774923537e-03
1.830047922257800863e+01 3.637052029003898235e-03
1.847849797422290763e+01 3.529952775278812765e-03
1.865824841144566193e+01 3.425347069723797076e-03
1.883974737929719367e+01 3.323099530984037920e-03
1.902301188668945642e+01 3.223218737623717665e-03
1.920805910798935301e+01 3.125716556447938679e-03
1.939490638462828542e+01 3.030469465330198897e-03
1.958357122672716955e+01 2.937449917475269331e-03
1.977407131473744428e+01 2.846684789342162746e-03
1.996642450109793288e+01 2.758040408871219231e-03
2.016064881190793656e+01 2.671523658176826709e-03
2.035676244861640072e+01 2.587132043690307682e-03
2.055478378972772546e+01 2.504854746788765310e-03
2.075473139252405730e+01 2.424472475702361615e-03
2.095662399480432825e+01 2.346128644913352598e-03
2.116048051664034446e+01 2.269704109328574831e-03
2.136632006214970403e+01 2.195234321954289951e-03
2.157416192128621546e+01 2.122573844321604813e-03
2.178402557164756459e+01 2.051856310374009385e-03
2.199593068030074861e+01 1.982869780288989622e-03
2.220989710562497521e+01 1.915654868902498921e-03
2.242594489917278011e+01 1.850279011779080562e-03
2.264409430754907504e+01 1.786475110112699166e-03
2.286436577430861306e+01 1.724414504108871902e-03
2.308677994187169702e+01 1.663970963767583827e-03
2.331135765345874944e+01 1.605155488414753773e-03
2.353811995504354471e+01 1.547892122580767733e-03
2.376708809732560823e+01 1.492239297989064436e-03
2.399828353772154799e+01 1.438091697985768858e-03
2.423172794237600769e+01 1.385423566691401263e-03
2.446744318819203201e+01 1.334212180015455435e-03
2.470545136488123816e+01 1.284442533528044016e-03
2.494577477703398571e+01 1.236072648920524472e-03
2.518843594620949489e+01 1.189085792853272283e-03
2.543345761304651020e+01 1.143438366881572308e-03
2.568086273939435316e+01 1.099132033849994049e-03
2.593067451046487548e+01 1.056105524150595647e-03
2.618291633700505372e+01 1.014349651083946632e-03
2.643761185749101372e+01 9.738374843085569835e-04
2.669478494034320804e+01 9.345435950373196833e-04
2.695445968616333587e+01 8.964402531612900840e-04
2.721666042999271795e+01 8.595077428953356571e-04
2.748141174359293259e+01 8.237011983272862683e-04
2.774873843774846804e+01 7.890296335445685970e-04
2.801866556459195223e+01 7.554410718866973662e-04
2.829121841995168651e+01 7.229178632132927333e-04
2.856642254572233952e+01 6.914484116047706639e-04
2.884430373225852051e+01 6.610041744059323796e-04
2.912488802079168337e+01 6.315555603897803766e-04
2.940820170587063842e+01 6.030852284094139447e-04
2.969427133782552986e+01 5.755682418414002476e-04
2.998312372525609959e+01 5.489869642893675447e-04
3.027478593754393543e+01 5.233155951353211238e-04
3.056928530738937155e+01 4.985381067361758633e-04
3.086664943337274636e+01 4.746258408374707258e-04
3.116690618254088463e+01 4.515569977079743271e-04
3.147008369301855879e+01 4.293340662445862795e-04
3.177621037664554038e+01 4.079127601458552984e-04
3.208531492163897525e+01 3.872813919105213502e-04
3.239742629528198847e+01 3.674188567439894983e-04
3.271257374663825601e+01 3.483075000019887168e-04
3.303078680929315425e+01 3.299294799785263983e-04
3.335209530412127066e+01 3.122656410624145710e-04
3.367652934208116022e+01 2.952954457375391614e-04
3.400411932703705986e+01 2.790002294187751068e-04
3.433489595860830690e+01 2.633679329674329384e-04
3.466889023504609213e+01 2.483742944228465536e-04
3.500613345613854221e+01 2.340100137040602838e-04
3.534665722614391115e+01 2.202499040139014415e-04
3.569049345675229290e+01 2.070836987139731500e-04
3.603767437007633134e+01 1.944894266457395445e-04
3.638823250167062184e+01 1.824554393768152186e-04
3.674220070358090595e+01 1.709644337613563264e-04
3.709961214742267543e+01 1.599997512083439809e-04
3.746050032748993175e+01 1.495468486174654911e-04
3.782489906389385936e+01 1.395911511033760398e-04
3.819284250573236505e+01 1.301120840557748904e-04
3.856436513429023449e+01 1.211050126165449210e-04
3.893950176627063087e+01 1.125474063304890497e-04
3.931828755705770106e+01 1.044295439640498556e-04
3.970075800401124155e+01 9.673242010908171312e-05
4.008694894979318946e+01 8.944763686869634247e-05
4.047689658572676308e+01 8.256123141282805257e-05
4.087063745518780422e+01 7.605251197615046281e-05
4.126820845702955864e+01 6.992269181909602791e-05
4.166964684904057492e+01 6.413799510535526699e-05
4.207499025143619065e+01 5.870211313888536707e-05
4.248427665038425260e+01 5.359717904416808407e-05
4.289754440156466586e+01 4.881252229967302729e-05
4.331483223376402947e+01 4.433354287687376200e-05
4.373617925250492533e+01 4.014912048924611471e-05
4.416162494371084790e+01 3.625108836656440730e-05
4.459120917740628443e+01 3.261824272544224223e-05
4.502497221145327444e+01 2.925588305173988852e-05
4.546295469532399380e+01 2.613630310003936562e-05
4.590519767391037220e+01 2.325694233810612232e-05
4.635174259137027519e+01 2.060276418167836910e-05
4.680263129501155817e+01 1.816886981800134362e-05
4.725790603921362276e+01 1.593803144314201052e-05
4.771760948938745628e+01 1.390437386216692358e-05
4.818178472597362827e+01 1.205703598007833742e-05
4.865047524847972937e+01 1.038677838381833320e-05
4.912372497955678341e+01 8.881086942379965259e-06
4.960157826911540724e+01 7.532517394798626368e-06
5.008407989848212338e+01 6.330655779123028153e-06
5.057127508459573306e+01 5.268051905087140138e-06
5.106320948424492911e+01 4.333711959453586545e-06
5.155992919834686461e+01 3.518945311251114384e-06
5.206148077626762216e+01 2.815064727548906577e-06
5.256791122018424289e+01 2.213853955599521491e-06
5.307926798948964375e+01 1.706132373642405110e-06
5.359559900524011766e+01 1.283970860838494509e-06
5.411695265464637572e+01 9.388753079956651238e-07
5.464337779560780461e+01 6.624694604340758796e-07
5.517492376129128928e+01 4.471386670813423748e-07
5.571164036475430237e+01 2.848655153394299435e-07
5.625357790361330501e+01 1.679062567650712835e-07
5.680078716475694733e+01 8.792327059082677492e-08
5.735331942910571712e+01 3.866327074005309652e-08
5.791122647641758192e+01 1.294259501950316896e-08
5.847456059014062646e+01 2.377692131771231571e-09
5.904337456231242243e+01 0.000000000000000000e+00
