1.000000000000000021e-02 1.993263987820421246e+00
1.009727545900835841e-02 1.993260066562372756e+00
1.019549716950923779e-02 1.993256057980714369e+00
1.029467433620748044e-02 1.993252055109013821e+00
1.039481625334708927e-02 1.993248127718858731e+00
1.049593230558227772e-02 1.993244128856577646e+00
1.059803196885688789e-02 1.993240023649967219e+00
1.070112481129246833e-02 1.993235828658106445e+00
1.080522049408488318e-02 1.993231562475802798e+00
1.091032877240974419e-02 1.993227209737265637e+00
1.101645949633656314e-02 1.993222758269646677e+00
1.112362261175187626e-02 1.993218193219137291e+00
1.123182816129126085e-02 1.993213515045336504e+00
1.134108628528052165e-02 1.993208724165062007e+00
1.145140722268592030e-02 1.993203819489631101e+00
1.156280131207376022e-02 1.993198797950375356e+00
1.167527899257919492e-02 1.993193664399689924e+00
1.178885080488457221e-02 1.993188490421422765e+00
1.190352739220719262e-02 1.993183214000337600e+00
1.201931950129673729e-02 1.993177841562284280e+00
1.213623798344241195e-02 1.993172378894752628e+00
1.225429379548980714e-02 1.993166822077692357e+00
1.237349800086776086e-02 1.993161137250766934e+00
1.249386177062509519e-02 1.993155360663931619e+00
1.261539638447754796e-02 1.993149426852914408e+00
1.273811323186478488e-02 1.993143481302035891e+00
1.286202381301779218e-02 1.993137428377584675e+00
1.298713974003655978e-02 1.993131242044050566e+00
1.311347273797833224e-02 1.993124918642030119e+00
1.324103464595636874e-02 1.993118511731106990e+00
1.336983741824946531e-02 1.993112054560115531e+00
1.349989312542219239e-02 1.993105460748821223e+00
1.363121395545611320e-02 1.993098734871730171e+00
1.376381221489191876e-02 1.993091864778473443e+00
1.389770032998276401e-02 1.993084824167926650e+00
1.403289084785873213e-02 1.993077619068423179e+00
1.416939643770268736e-02 1.993070276513057015e+00
1.430722989193757184e-02 1.993062761046900055e+00
1.444640412742520530e-02 1.993055043014046124e+00
1.458693218667675602e-02 1.993047113174442941e+00
1.472882723907502529e-02 1.993039001098664498e+00
1.487210258210860774e-02 1.993030692008332494e+00
1.501677164261799868e-02 1.993022181490878397e+00
1.516284797805393485e-02 1.993013490644003349e+00
1.531034527774784160e-02 1.993004619886717510e+00
1.545927736419477720e-02 1.992995539482733891e+00
1.560965819434872483e-02 1.992986237924922799e+00
1.576150186093060873e-02 1.992976728332174874e+00
1.591482259374891323e-02 1.992967006557179399e+00
1.606963476103326349e-02 1.992957095916214616e+00
1.622595287078087284e-02 1.992947007189478370e+00
1.638379157211618947e-02 1.992936685257812979e+00
1.654316565666366645e-02 1.992926155971037394e+00
1.670409005993399310e-02 1.992915406657876032e+00
1.686657986272368723e-02 1.992904423880764275e+00
1.703065029252844378e-02 1.992893195404530804e+00
1.719631672497009753e-02 1.992881709394995760e+00
1.736359468523754335e-02 1.992869950094888321e+00
1.753249984954170088e-02 1.992857971017988339e+00
1.770304804658450262e-02 1.992845756881969299e+00
1.787525525904235316e-02 1.992833393235303063e+00
1.804913762506383731e-02 1.992820785719672028e+00
1.822471143978214581e-02 1.992807886224486236e+00
1.840199315684210371e-02 1.992794694040348924e+00
1.858099938994215231e-02 1.992781248577607967e+00
1.876174691439120440e-02 1.992767526861676242e+00
1.894425266868081034e-02 1.992753439275405603e+00
1.912853375607242307e-02 1.992739123093556941e+00
1.931460744620030340e-02 1.992724599207407410e+00
1.950249117668984011e-02 1.992709751318903377e+00
1.969220255479172538e-02 1.992694569548880246e+00
1.988375935903200636e-02 1.992679062109493859e+00
2.007717954087816226e-02 1.992663355351577126e+00
2.027248122642137662e-02 1.992647318288508052e+00
2.046968271807520987e-02 1.992630922641257740e+00
2.066880249629082095e-02 1.992614117499896143e+00
2.086985922128879734e-02 1.992597171762874986e+00
2.107287173480786382e-02 1.992580015359732171e+00
2.127785906187062287e-02 1.992562549296251317e+00
2.148484041256648255e-02 1.992544710747204295e+00
2.169383518385184506e-02 1.992526567769206336e+00
2.190486296136792688e-02 1.992507972859215881e+00
2.211794352127614133e-02 1.992488951098294381e+00
2.233309683211144592e-02 1.992469479843897329e+00
2.255034305665360936e-02 1.992449545146390166e+00
2.276970255381680075e-02 1.992429263536080297e+00
2.299119588055741764e-02 1.992408777068756631e+00
2.321484379380064564e-02 1.992387823849647521e+00
2.344066725238556220e-02 1.992366436215425196e+00
2.366868741902936057e-02 1.992344641922587423e+00
2.389892566231050300e-02 1.992322537308624408e+00
2.413140355867127856e-02 1.992300064457419806e+00
2.436614289443983158e-02 1.992277111182916283e+00
2.460316566787181664e-02 1.992253853592724999e+00
2.484249409121190577e-02 1.992230633420517094e+00
2.508415059277539771e-02 1.992206372833618566e+00
2.532815781905008515e-02 1.992181568194344887e+00
2.557453863681850847e-02 1.992156280791764766e+00
2.582331613530085626e-02 1.992130485671870455e+00
2.607451362831877603e-02 1.992104092632343670e+00
2.632815465648021339e-02 1.992076628069293420e+00
2.658426298938541474e-02 1.992049193193321521e+00
2.684286262785454819e-02 1.992021318461489443e+00
2.710397780617682106e-02 1.991993144416377870e+00
2.736763299438163891e-02 1.991964428518653740e+00
2.763385290053169824e-02 1.991935061642479354e+00
2.790266247303856487e-02 1.991905259097802139e+00
2.817408690300057458e-02 1.991875059453753538e+00
2.844815162656363222e-02 1.991844385240158610e+00
2.872488232730495070e-02 1.991813057561869771e+00
2.900430493863991738e-02 1.991780998593465579e+00
2.928644564625237229e-02 1.991748181692554187e+00
2.957133089054861039e-02 1.991714640406832881e+00
2.985898736913520854e-02 1.991680360700233576e+00
3.014944203932094433e-02 1.991645447286582549e+00
3.044272212064302874e-02 1.991609700949754203e+00
3.073885509741795460e-02 1.991573039588936167e+00
3.103786872131722788e-02 1.991535523788512618e+00
3.133979101396793671e-02 1.991497193802785448e+00
3.164465026957891114e-02 1.991458765671495046e+00
3.195247505759213347e-02 1.991418975790831603e+00
3.226329422536015901e-02 1.991378636368372090e+00
3.257713690084949876e-02 1.991337589934914831e+00
3.289403249537032475e-02 1.991295700840891136e+00
3.321401070633261954e-02 1.991253248498715989e+00
3.353710152002930406e-02 1.991210096005433750e+00
3.386333521444636480e-02 1.991166385994593169e+00
3.419274236210027851e-02 1.991121874439721440e+00
3.452535383290306070e-02 1.991076457276154565e+00
3.486120079705520153e-02 1.991030196237713934e+00
3.520031472796678745e-02 1.990983035828428838e+00
3.554272740520694751e-02 1.990934975534203621e+00
3.588847091748199186e-02 1.990885880815680409e+00
3.623757766564258964e-02 1.990835702883562597e+00
3.659008036572020811e-02 1.990784618779433579e+00
3.694601205199302130e-02 1.990732610140176551e+00
3.730540608008161424e-02 1.990679517209280380e+00
3.766829613007490613e-02 1.990625182148457517e+00
3.803471620968648659e-02 1.990569602816313566e+00
3.840470065744145539e-02 1.990513060776373466e+00
3.877828414589457040e-02 1.990455524938973486e+00
3.915550168487941241e-02 1.990396770904974355e+00
3.953638862478930927e-02 1.990336747407234874e+00
3.992098065989020672e-02 1.990275269418967152e+00
4.030931383166566628e-02 1.990212589336833204e+00
4.070142453219438572e-02 1.990148732396408215e+00
4.109734950756069316e-02 1.990083958177057522e+00
4.149712586129815362e-02 1.990017647253245592e+00
4.190079105786669034e-02 1.989949783950452300e+00
4.230838292616342228e-02 1.989880616909874167e+00
4.271993966306778662e-02 1.989810054393712502e+00
4.313549983702118923e-02 1.989738092678843495e+00
4.355510239164130798e-02 1.989664766798331819e+00
4.397878664937160398e-02 1.989590082059728093e+00
4.440659231516640160e-02 1.989514734918791161e+00
4.483855948021186338e-02 1.989435465878508058e+00
4.527472862568297785e-02 1.989355719448127058e+00
4.571514062653719151e-02 1.989274670340765994e+00
4.615983675534499064e-02 1.989192794342928616e+00
4.660885868615767536e-02 1.989109141118035051e+00
4.706224849841281199e-02 1.989023968923765651e+00
4.752004868087766204e-02 1.988938513952604792e+00
4.798230213563085128e-02 1.988849675201097789e+00
4.844905218208294534e-02 1.988759610087066587e+00
4.892034256103611894e-02 1.988666239034150962e+00
4.939621743878321036e-02 1.988573194036809877e+00
4.987672141124663283e-02 1.988480367079811240e+00
5.036189950815770505e-02 1.988383318041134773e+00
5.085179719727656034e-02 1.988284261107011508e+00
5.134646038865306461e-02 1.988183001737220401e+00
5.184593543892913187e-02 1.988079574784804571e+00
5.235026915568305461e-02 1.987975577194126098e+00
5.285950880181603667e-02 1.987867378046038080e+00
5.337370209998133774e-02 1.987755273830189351e+00
5.389289723705643909e-02 1.987645090507031531e+00
5.441714286865893119e-02 1.987530614282945196e+00
5.494648812370611646e-02 1.987414043852709256e+00
5.548098260901916656e-02 1.987295827487222555e+00
5.602067641397187603e-02 1.987175513525321291e+00
5.656562011518465050e-02 1.987052994201695677e+00
5.711586478126431943e-02 1.986928493603332901e+00
5.767146197758996756e-02 1.986801812333874651e+00
5.823246377114527778e-02 1.986672439722967365e+00
5.879892273539785025e-02 1.986540342860396935e+00
5.937089195522609469e-02 1.986405628965073111e+00
5.994842503189409116e-02 1.986268093755919395e+00
6.053157608807464840e-02 1.986127661469186956e+00
6.112039977292132997e-02 1.985984056193333069e+00
6.171495126718981594e-02 1.985837932487864554e+00
6.231528628840921763e-02 1.985689114600231342e+00
6.292146109610344262e-02 1.985536850085670268e+00
6.353353249706343575e-02 1.985381508273839302e+00
6.415155785067082339e-02 1.985223203271172077e+00
6.477559507427335661e-02 1.985063086334323268e+00
6.540570264861225724e-02 1.984900248391348265e+00
6.604193962330305590e-02 1.984736438975170048e+00
6.668436562236895737e-02 1.984566259832405644e+00
6.733304084982863480e-02 1.984392899573850455e+00
6.798802609533814711e-02 1.984215687139650575e+00
6.864938273988777095e-02 1.984032912803070259e+00
6.931717276155408003e-02 1.983848820586186834e+00
6.999145874130821565e-02 1.983661113167216383e+00
7.067230386888070925e-02 1.983469345514967452e+00
7.135977194868306506e-02 1.983274149614359327e+00
7.205392740578704658e-02 1.983074592445678297e+00
7.275483529196229149e-02 1.982871460035714239e+00
7.346256129177256011e-02 1.982665123363357873e+00
7.417717172873124210e-02 1.982455260029980959e+00
7.489873357151664857e-02 1.982241521556369346e+00
7.562731444024800576e-02 1.982025023402376629e+00
7.636298261282241373e-02 1.981803285342461862e+00
7.710580703131336699e-02 1.981577036090567567e+00
7.785585730843146146e-02 1.981345688693232798e+00
7.861320373404813433e-02 1.981109342958717212e+00
7.937791728178281159e-02 1.980868849041772739e+00
8.015006961565404597e-02 1.980623239662231194e+00
8.092973309679550586e-02 1.980371903534348110e+00
8.171698079023696770e-02 1.980116999525134203e+00
8.251188647175167201e-02 1.979857237279184945e+00
8.331452463477014014e-02 1.979592824941638352e+00
8.412497049736118726e-02 1.979322838939041596e+00
8.494330000928071445e-02 1.979048070949451565e+00
8.576958985908941790e-02 1.978768575261196094e+00
8.660391748133952627e-02 1.978484132061599787e+00
8.744636106383144036e-02 1.978194496119403123e+00
8.829699955494091368e-02 1.977899053093971293e+00
8.915591267101763417e-02 1.977597753329268571e+00
9.002318090385581784e-02 1.977290401303560596e+00
9.089888552823731371e-02 1.976977104556009612e+00
9.178310860954806694e-02 1.976657533900236352e+00
9.267593301146882789e-02 1.976331873289267405e+00
9.357744240374062106e-02 1.975999492727362972e+00
9.448772127000577836e-02 1.975660300794233271e+00
9.540685491572513388e-02 1.975313393029765496e+00
9.633492947617222635e-02 1.974960612791538894e+00
9.727203192450542546e-02 1.974600660566109500e+00
9.821825007991856482e-02 1.974233438052331202e+00
9.917367261587073379e-02 1.973858612699316950e+00
1.001383890683960748e-01 1.973478304168203579e+00
1.011124898444945991e-01 1.973091819658027157e+00
1.020960662306047012e-01 1.972698149611639362e+00
1.030892104011576216e-01 1.972296400093574320e+00
1.040920154272158005e-01 1.971887643889784103e+00
1.051045752851944987e-01 1.971472049670868865e+00
1.061269848656690717e-01 1.971047220875746353e+00
1.071593399822671072e-01 1.970613990401773874e+00
1.082017373806478805e-01 1.970172635800804928e+00
1.092542747475682557e-01 1.969722954516355262e+00
1.103170507200377515e-01 1.969265127095380485e+00
1.113901648945616746e-01 1.968797615629017450e+00
1.124737178364751955e-01 1.968320121085029628e+00
1.135678110893671017e-01 1.967832301175580723e+00
1.146725471845963656e-01 1.967335283909105170e+00
1.157880296509002094e-01 1.966829017928451329e+00
1.169143630240966764e-01 1.966313891921888546e+00
1.180516528568804902e-01 1.965788845120993278e+00
1.192000057287153220e-01 1.965254987795551189e+00
1.203595292558212876e-01 1.964712253387471463e+00
1.215303321012602134e-01 1.964160765967757349e+00
1.227125239851190319e-01 1.963597113638615665e+00
1.239062156947916271e-01 1.963021276535078741e+00
1.251115190953615564e-01 1.962434751693969748e+00
1.263285471400849291e-01 1.961838564706970489e+00
1.275574138809759950e-01 1.961229686209042589e+00
1.287982344794950385e-01 1.960609163860093540e+00
1.300511252173409127e-01 1.959975705353183439e+00
1.313162035073478784e-01 1.959331036764641265e+00
1.325935879044890797e-01 1.958674287163893135e+00
1.338833981169864351e-01 1.958005328982657556e+00
1.351857550175293021e-01 1.957322728812054713e+00
1.365007806546013891e-01 1.956627493793885453e+00
1.378285982639189389e-01 1.955920500096633763e+00
1.391693322799789911e-01 1.955200405474375902e+00
1.405231083477211373e-01 1.954466914767851282e+00
1.418900533343016301e-01 1.953720781016898167e+00
1.432702953409830948e-01 1.952959309384356468e+00
1.446639637151387880e-01 1.952184003102968468e+00
1.460711890623745679e-01 1.951393591305642827e+00
1.474921032587684921e-01 1.950587782393051528e+00
1.489268394632288772e-01 1.949766661142704249e+00
1.503755321299738434e-01 1.948928975357679061e+00
1.518383170211306810e-01 1.948075311941717569e+00
1.533153312194593942e-01 1.947207951370469647e+00
1.548067131411984265e-01 1.946323897985564155e+00
1.563126025490369497e-01 1.945423935522768266e+00
1.578331405652117214e-01 1.944507492506633684e+00
1.593684696847328941e-01 1.943574535949411874e+00
1.609187337887370006e-01 1.942623460561726745e+00
1.624840781579713067e-01 1.941654014756246882e+00
1.640646494864078653e-01 1.940666328560019860e+00
1.656605958949914359e-01 1.939660343576519619e+00
1.672720669455196874e-01 1.938637165396347450e+00
1.688992136546599021e-01 1.937595479199487158e+00
1.705421885081006561e-01 1.936531778401157311e+00
1.722011454748421100e-01 1.935449498777392252e+00
1.738762400216251336e-01 1.934346898943071880e+00
1.755676291275001522e-01 1.933223769257622626e+00
1.772754712985387948e-01 1.932080872227699420e+00
1.789999265826875408e-01 1.930918193742020339e+00
1.807411565847668600e-01 1.929732406040491233e+00
1.824993244816152382e-01 1.928524787967417220e+00
1.842745950373816666e-01 1.927294392446636806e+00
1.860671346189656239e-01 1.926042432752926636e+00
1.878771112116086051e-01 1.924768555845675744e+00
1.897046944346358344e-01 1.923471421416263816e+00
1.915500555573527997e-01 1.922150650823236662e+00
1.934133675150944698e-01 1.920808351968522176e+00
1.952948049254327745e-01 1.919441009943524179e+00
1.971945441045395986e-01 1.918046229508036271e+00
1.991127630837108697e-01 1.916625747929338708e+00
2.010496416260497965e-01 1.915180956274064705e+00
2.030053612433137811e-01 1.913710328296845287e+00
2.049801052129238688e-01 1.912212432264980055e+00
2.069740585951406198e-01 1.910685792775040914e+00
2.089874082504071251e-01 1.909131542603146103e+00
2.110203428568595552e-01 1.907550851310846562e+00
2.130730529280097374e-01 1.905944239574327792e+00
2.151457308305980698e-01 1.904307973165228596e+00
2.172385708026215445e-01 1.902641505579238057e+00
2.193517689715359098e-01 1.900945131593089643e+00
2.214855233726360506e-01 1.899219024308187898e+00
2.236400339676138660e-01 1.897461612154385246e+00
2.258155026632983065e-01 1.895674557066620913e+00
2.280121333305757114e-01 1.893856568743885305e+00
2.302301318234963867e-01 1.892007396201420777e+00
2.324697059985647851e-01 1.890125021474687861e+00
2.347310657342196183e-01 1.888208138684133619e+00
2.370144229505012079e-01 1.886257391982818943e+00
2.393199916289123208e-01 1.884269578727101768e+00
2.416479878324700736e-01 1.882249346208153540e+00
2.439986297259550130e-01 1.880196947295105891e+00
2.463721375963552895e-01 1.878107726070422423e+00
2.487687338735107279e-01 1.875980492015450585e+00
2.511886431509580686e-01 1.873815476073248387e+00
2.536320922069775774e-01 1.871614894865010870e+00
2.560993100258459609e-01 1.869375921358634063e+00
2.585905278192945911e-01 1.867101409624940311e+00
2.611059790481781162e-01 1.864790407507260106e+00
2.636458994443517945e-01 1.862435848552709272e+00
2.662105270327638773e-01 1.860035893681138308e+00
2.688001021537606006e-01 1.857597955887957619e+00
2.714148674856106669e-01 1.855123756889113684e+00
2.740550680672460548e-01 1.852608643035592806e+00
2.767209513212268712e-01 1.850045673064552476e+00
2.794127670769268601e-01 1.847438696221582521e+00
2.821307675939472293e-01 1.844795899175640130e+00
2.848752075857552413e-01 1.842102940411044498e+00
2.876463442435557849e-01 1.839363845828357213e+00
2.904444372603925406e-01 1.836577781419052924e+00
2.932697488554852905e-01 1.833752359364025253e+00
2.961225437988035947e-01 1.830880285137925556e+00
2.990030894358785551e-01 1.827959805571886864e+00
3.019116557128577738e-01 1.824989266161831436e+00
3.048485152018017286e-01 1.821972329795395806e+00
3.078139431262288950e-01 1.818906317210400081e+00
3.108082173869063936e-01 1.815789233832740823e+00
3.138316185878944342e-01 1.812622459370379024e+00
3.168844300628416155e-01 1.809404206425307082e+00
3.199669379015380732e-01 1.806135278561723512e+00
3.230794309767249795e-01 1.802811383205127571e+00
3.262222009711669979e-01 1.799441452025813515e+00
3.293955424049855307e-01 1.796018559833044925e+00
3.325997526632606949e-01 1.792535202474668576e+00
3.358351320238990301e-01 1.788998165886919400e+00
3.391019836857747105e-01 1.785407040492168251e+00
3.424006137971423724e-01 1.781762501467132331e+00
3.457313314843284413e-01 1.778061782459433804e+00
3.490944488806992929e-01 1.774302904428438632e+00
3.524902811559130766e-01 1.770485244050059359e+00
3.559191465454557002e-01 1.766609013814786522e+00
3.593813663804627523e-01 1.762675519159252469e+00
3.628772651178337472e-01 1.758681533558534182e+00
3.664071703706370808e-01 1.754631355684195482e+00
3.699714129388128048e-01 1.750516791211678580e+00
3.735703268401719401e-01 1.746343411870261431e+00
3.772042493416999376e-01 1.742106739474620136e+00
3.808735209911614517e-01 1.737810460497342557e+00
3.845784856490158665e-01 1.733447414938860121e+00
3.883194905206404091e-01 1.729021303134041121e+00
3.920968861888690649e-01 1.724535924082195804e+00
3.959110266468458539e-01 1.719983609862808516e+00
3.997622693312000708e-01 1.715368475912913304e+00
4.036509751555413805e-01 1.710684858549993859e+00
4.075775085442840395e-01 1.705935345143701598e+00
4.115422374667966343e-01 1.701122092985113854e+00
4.155455334718875515e-01 1.696240255817216047e+00
4.195877717226225712e-01 1.691293917734381314e+00
4.236693310314835759e-01 1.686278782676809085e+00
4.277905938958687093e-01 1.681193118351440141e+00
4.319519465339363706e-01 1.676037762942530263e+00
4.361537789208005944e-01 1.670818167916390928e+00
4.403964848250754294e-01 1.665529620847939540e+00
4.446804618457780300e-01 1.660166656409295838e+00
4.490061114495874639e-01 1.654736934984603058e+00
4.533738390084691150e-01 1.649236320289273028e+00
4.577840538376618529e-01 1.643665097206632897e+00
4.622371692340384031e-01 1.638021617740525793e+00
4.667336025148346446e-01 1.632306262472378533e+00
4.712737750567601580e-01 1.626525103727253452e+00
4.758581123354846953e-01 1.620662614141635149e+00
4.804870439655131720e-01 1.614738269213827015e+00
4.851610037404442966e-01 1.608737910762150447e+00
4.898804296736250508e-01 1.602661658846239234e+00
4.946457640391963562e-01 1.596518058344560176e+00
4.994574534135413635e-01 1.590298535824967718e+00
5.043159487171361421e-01 1.584008586066833812e+00
5.092217052568053237e-01 1.577643560583895654e+00
5.141751827683928022e-01 1.571211116934949192e+00
5.191768454598426619e-01 1.564701338750261739e+00
5.242271620547044320e-01 1.558113959327783959e+00
5.293266058360561743e-01 1.551463826274545932e+00
5.344756546908600026e-01 1.544737992349781708e+00
5.396747911547442600e-01 1.537943007477952317e+00
5.449245024572260121e-01 1.531065727559653755e+00
5.502252805673685243e-01 1.524119812379391981e+00
5.555776222398878250e-01 1.517109277809623125e+00
5.609820290617031358e-01 1.510021655623064563e+00
5.664390074989449353e-01 1.502858999309811150e+00
5.719490689444144405e-01 1.495630506363465395e+00
5.775127297655114900e-01 1.488331071864528843e+00
5.831305113526221717e-01 1.480960884504526565e+00
5.888029401679826247e-01 1.473517796319230078e+00
5.945305477950136863e-01 1.466007714974572496e+00
6.003138709881384871e-01 1.458426928302070547e+00
6.061534517230839914e-01 1.450781049036255599e+00
6.120498372476699256e-01 1.443062469341147569e+00
6.180035801330957534e-01 1.435280329620038708e+00
6.240152383257209223e-01 1.427429267270418300e+00
6.300853751993553686e-01 1.419511506213846141e+00
6.362145596080520660e-01 1.411531198944336429e+00
6.424033659394193796e-01 1.403480295730937577e+00
6.486523741684461219e-01 1.395378274444396327e+00
6.549621699118558515e-01 1.387196446313844422e+00
6.613333444829840868e-01 1.378962123551197960e+00
6.677664949471955325e-01 1.370666378129405949e+00
6.742622241778342129e-01 1.362308193301696280e+00
6.808211409127237213e-01 1.353892823301591664e+00
6.874438598112112553e-01 1.345413213023759491e+00
6.941310015117725385e-01 1.336884039492373111e+00
7.008831926901714082e-01 1.328292006776266465e+00
7.077010661181889484e-01 1.319648849796795309e+00
7.145852607229240538e-01 1.310952497223951019e+00
7.215364216466665370e-01 1.302199144775211259e+00
7.285552003073593186e-01 1.293397603875271251e+00
7.356422544596413760e-01 1.284544912335781275e+00
7.427982482564918776e-01 1.275642272210877337e+00
7.500238523114668432e-01 1.266693176483236094e+00
7.573197437615483141e-01 1.257697983697983801e+00
7.646866063305975958e-01 1.248654172070685853e+00
7.721251303934327792e-01 1.239574575621946728e+00
7.796360130405233235e-01 1.230447344056376791e+00
7.872199581433195759e-01 1.221281068453725860e+00
7.948776764202123424e-01 1.212076283179343461e+00
8.026098855031396084e-01 1.202833357051574348e+00
8.104173100048355227e-01 1.193556097390093385e+00
8.183006815867394090e-01 1.184243062108389477e+00
8.262607390275591435e-01 1.174899956711634719e+00
8.342982282925082149e-01 1.165523835768081717e+00
8.424139026032094746e-01 1.156117612899647540e+00
8.506085225082840040e-01 1.146684827458857026e+00
8.588828559546254349e-01 1.137229958918506867e+00
8.672376783593644944e-01 1.127749001507370341e+00
8.756737726825394308e-01 1.118243754253164690e+00
8.841919295004664336e-01 1.108718841422698276e+00
8.927929470798307010e-01 1.099181437303277109e+00
9.014776314524917122e-01 1.089622138033691012e+00
9.102467964910225806e-01 1.080048091939177057e+00
9.191012639849772681e-01 1.070461787197681369e+00
9.280418637179072006e-01 1.060864704829761473e+00
9.370694335451198453e-01 1.051258901785412148e+00
9.461848194722002336e-01 1.041646970661420424e+00
9.553888757342895444e-01 1.032030535709045349e+00
9.646824648761427312e-01 1.022406675034210233e+00
9.740664578329562007e-01 1.012781316061241332e+00
9.835417340119908536e-01 1.003161205794509847e+00
9.931091813749796104e-01 9.935408130596420362e-01
1.002769696521346621e+00 9.839254278674868237e-01
1.012524184772224167e+00 9.743146869467856908e-01
1.022373560255302127e+00 9.647135189175400916e-01
1.032318745990486564e+00 9.551201768141353021e-01
1.042360673976402197e+00 9.455418878702365193e-01
1.052500285277732761e+00 9.359778539981319367e-01
1.062738530113414459e+00 9.264265085153977619e-01
1.073076367945679621e+00 9.168949997217556991e-01
1.083514767569973225e+00 9.073795569784151027e-01
1.094054707205742494e+00 8.978896617876540587e-01
1.104697174588111785e+00 8.884210505611865871e-01
1.115443167060441221e+00 8.789769358362652385e-01
1.126293691667795249e+00 8.695579765072304346e-01
1.137249765251314271e+00 8.601718248992089588e-01
1.148312414543511073e+00 8.508113039107363385e-01
1.159482676264482759e+00 8.414871030244729377e-01
1.170761597219069250e+00 8.321927281689790457e-01
1.182150234394952371e+00 8.229355203373845962e-01
1.193649655061713055e+00 8.137144010372391323e-01
1.205260936870842681e+00 8.045313432408951471e-01
1.216985167956738056e+00 7.953904518304913962e-01
1.228823447038673411e+00 7.862899061402265355e-01
1.240776883523764251e+00 7.772315643671775520e-01
1.252846597610937529e+00 7.682196694729848119e-01
1.265033720395903893e+00 7.592529851192028056e-01
1.277339393977160009e+00 7.503339860921833804e-01
1.289764771563017165e+00 7.414686026927184148e-01
1.302311017579677488e+00 7.326410085959689233e-01
1.314979307780347773e+00 7.238781353632836035e-01
1.327770829355430449e+00 7.151640498737451557e-01
1.340686781043774811e+00 7.065018846356946325e-01
1.353728373245021821e+00 6.978973557275222062e-01
1.366896828133026487e+00 6.893472890349325866e-01
1.380193379770397355e+00 6.808576192827091589e-01
1.393619274224142002e+00 6.724250037301546801e-01
1.407175769682446731e+00 6.640523068269741369e-01
1.420864136572576708e+00 6.557424467758145026e-01
1.434685657679937831e+00 6.474900096755918932e-01
1.448641628268290127e+00 6.393036227731647703e-01
1.462733356201129986e+00 6.311826407775686931e-01
1.476962162064259898e+00 6.231219432530922253e-01
1.491329379289537682e+00 6.151289009576021982e-01
1.505836354279841416e+00 6.072008622547065970e-01
1.520484446535244283e+00 5.993390001221432506e-01
1.535275028780422657e+00 5.915493734204498866e-01
1.550209487093291205e+00 5.838227163163052236e-01
1.565289221034902312e+00 5.761653562540959284e-01
1.580515643780601165e+00 5.685786183868799526e-01
1.595890182252465817e+00 5.610612370920770031e-01
1.611414277253019778e+00 5.536147999017843047e-01
1.627089383600260675e+00 5.462382089509900673e-01
1.642916970263993193e+00 5.389334874354925198e-01
1.658898520503498064e+00 5.316985193238287222e-01
1.675035532006524441e+00 5.245363158494028566e-01
1.691329517029648732e+00 5.174464754944045897e-01
1.707782002539993016e+00 5.104317772640017958e-01
1.724394530358320354e+00 5.034864455407321859e-01
1.741168657303530987e+00 4.966124352137619713e-01
1.758105955338547632e+00 4.898128695180706260e-01
1.775208011717636092e+00 4.830897868501956571e-01
1.792476429135148930e+00 4.764370801527676447e-01
1.809912825875727105e+00 4.698565021531591612e-01
1.827518835965944666e+00 4.633497682078254742e-01
1.845296109327445366e+00 4.569156942803958565e-01
1.863246311931559873e+00 4.505567317648612735e-01
1.881371125955437096e+00 4.442702304224819265e-01
1.899672249939675650e+00 4.380573841030625526e-01
1.918151398947507635e+00 4.319151132270301896e-01
1.936810304725519849e+00 4.258449080383215901e-01
1.955650715865949074e+00 4.198507073288235136e-01
1.974674397970537454e+00 4.139273034953276920e-01
1.993883133816001019e+00 4.080762349302501368e-01
2.013278723521096492e+00 4.022949097698704235e-01
2.032862984715323673e+00 3.965864578811194030e-01
2.052637752709252084e+00 3.909496542389290230e-01
2.072604880666519822e+00 3.853840445784691426e-01
2.092766239777499759e+00 3.798885154770636485e-01
2.113123719434652603e+00 3.744616635928648130e-01
2.133679227409597701e+00 3.691070540648354048e-01
2.154434690031884259e+00 3.638197687195586782e-01
2.175392052369522489e+00 3.586019762245374332e-01
2.196553278411258248e+00 3.534534731561506105e-01
2.217920351250634692e+00 3.483721509478650002e-01
2.239495273271823184e+00 3.433580014344491116e-01
2.261280066337279404e+00 3.384116245567813652e-01
2.283276771977218012e+00 3.335311809314090437e-01
2.305487451580938707e+00 3.287179788500414479e-01
2.327914186589993051e+00 3.239689040017573740e-01
2.350559078693253756e+00 3.192853787657169429e-01
2.373424250023866033e+00 3.146656103377490354e-01
2.396511843358130278e+00 3.101106056337007422e-01
2.419824022316292567e+00 3.056185659918282949e-01
2.443362971565319341e+00 3.011887115272869342e-01
2.467130897023623426e+00 2.968215005129496986e-01
2.491130026067788439e+00 2.925152021843847039e-01
2.515362607741312928e+00 2.882701950319354611e-01
2.539830912965362675e+00 2.840858292695240261e-01
2.564537234751594674e+00 2.799614225621102626e-01
2.589483888417040802e+00 2.758928491482165457e-01
2.614673211801092023e+00 2.718862674054238759e-01
2.640107565484572927e+00 2.679362368354588075e-01
2.665789333010967876e+00 2.640427142584970688e-01
2.691720921109787668e+00 2.602069017739569445e-01
2.717904759922122881e+00 2.564249231357462189e-01
2.744343303228365283e+00 2.527007621411762051e-01
2.771039028678170535e+00 2.490290832878241933e-01
2.797994438022641805e+00 2.454127259961955965e-01
2.825212057348790218e+00 2.418492249414860573e-01
2.852694437316245057e+00 2.383362036691532848e-01
2.880444153396297668e+00 2.348784825350803129e-01
2.908463806113254169e+00 2.314706231044828810e-01
2.936756021288137397e+00 2.281128724963097654e-01
2.965323450284773621e+00 2.248051747001779954e-01
2.994168770258243573e+00 2.215473315988604475e-01
3.023294684405779531e+00 2.183383807300158241e-01
3.052703922220086241e+00 2.151776203334224147e-01
3.082399239745143404e+00 2.120635452687062716e-01
3.112383419834465759e+00 2.089963761242046303e-01
3.142659272411905569e+00 2.059759638053229314e-01
3.173229634734976212e+00 2.030009184814222378e-01
3.204097371660752813e+00 2.000704209014404489e-01
3.235265375914330388e+00 1.971850141934162193e-01
3.266736568359921655e+00 1.943422021742875205e-01
3.298513898274578082e+00 1.915428326130679815e-01
3.330600343624588788e+00 1.887852379898092015e-01
3.362998911344535991e+00 1.860717160688530880e-01
3.395712637619100693e+00 1.833981472049003858e-01
3.428744588167585317e+00 1.807638498302695795e-01
3.462097858531227423e+00 1.781706968347674391e-01
3.495775574363275240e+00 1.756170690760376074e-01
3.529780891721914671e+00 1.731034428509542478e-01
3.564116997366032269e+00 1.706265579705137092e-01
3.598787109053855460e+00 1.681875085058641695e-01
3.633794475844513094e+00 1.657855980299409726e-01
3.669142378402494131e+00 1.634208343899282989e-01
3.704834129305105694e+00 1.610927279562434367e-01
3.740873073352900313e+00 1.587990564395807269e-01
3.777262587883141176e+00 1.565407724582504878e-01
3.814006083086284082e+00 1.543161994288602124e-01
3.851107002325572903e+00 1.521259448963031280e-01
3.888568822459721019e+00 1.499699138865446812e-01
3.926395054168756449e+00 1.478462633976346530e-01
3.964589242282997805e+00 1.457544323801133468e-01
4.003154966115265445e+00 1.436943322418351154e-01
4.042095839796306045e+00 1.416662702597810686e-01
4.081415512613501662e+00 1.396690879669655050e-01
4.121117669352832635e+00 1.377019079746600316e-01
4.161206030644208020e+00 1.357645409006555393e-01
4.201684353310133346e+00 1.338566775997449831e-01
4.242556430717777438e+00 1.319779495632947275e-01
4.283826093134470270e+00 1.301274425202052498e-01
4.325497208086633627e+00 1.283049002362516844e-01
4.367573680722233398e+00 1.265103330497315270e-01
4.410059454176736615e+00 1.247426172156165802e-01
4.452958509942654963e+00 1.230016213490786187e-01
4.496274868242640110e+00 1.212866729280621808e-01
4.540012588406244554e+00 1.195981356035890758e-01
4.584175769250333765e+00 1.179345530667754161e-01
4.628768549463215365e+00 1.162962890123470927e-01
4.673795107992464004e+00 1.146822488834680770e-01
4.719259664436561863e+00 1.130926730057291718e-01
4.765166479440326341e+00 1.115270033707420616e-01
4.811519855094205766e+00 1.099844902846226075e-01
4.858324135337417360e+00 1.084652391887968859e-01
4.905583706365050922e+00 1.069684625942942668e-01
4.953302997039108924e+00 1.054939004999158603e-01
5.001486479303548727e+00 1.040418592781050672e-01
5.050138668603383785e+00 1.026111990513774719e-01
5.099264124307808288e+00 1.012009190073516335e-01
5.148867450137498025e+00 9.981251639386184982e-02
5.198953294596024399e+00 9.844418890285376589e-02
5.249526351405507718e+00 9.709623454431526302e-02
5.300591359946452030e+00 9.576779232397547581e-02
5.352153105701904501e+00 9.445907057362080972e-02
5.404216420705915347e+00 9.317009079900111235e-02
5.456786183996381823e+00 9.189923838481472984e-02
5.509867322072253160e+00 9.064758029413523543e-02
5.563464809355226137e+00 8.941375953160961287e-02
5.617583668655908191e+00 8.819780942964024206e-02
5.672228971644543094e+00 8.700037995861950590e-02
5.727405839326266346e+00 8.581950141306206314e-02
5.783119442521027054e+00 8.465618460291966796e-02
5.839375002348160315e+00 8.350941306110981621e-02
5.896177790715694478e+00 8.237927820193732820e-02
5.953533130814370189e+00 8.126576999631952847e-02
6.011446397616513337e+00 8.016796829234563992e-02
6.069923018379741464e+00 7.908575684293416008e-02
6.128968473155564034e+00 7.801926909760922846e-02
6.188588295302960063e+00 7.696814938206023027e-02
6.248788072006894012e+00 7.593178090522385848e-02
6.309573444801936049e+00 7.491041587433987237e-02
6.370950110100935149e+00 7.390349196912220087e-02
6.432923819728876502e+00 7.291047446039486402e-02
6.495500381461869033e+00 7.193175842326068881e-02
6.558685659571435345e+00 7.096702937988486060e-02
6.622485575374063238e+00 7.001603447393960067e-02
6.686906107786136921e+00 6.907795169333071084e-02
6.751953293884205287e+00 6.815301287855068946e-02
6.817633229470763112e+00 6.724139379638080505e-02
6.883952069645496330e+00 6.634254009615360437e-02
6.950916029382126382e+00 6.545586031012141925e-02
7.018531384110795912e+00 6.458161096783449073e-02
7.086804470306189430e+00 6.371942210852606092e-02
7.155741686081340980e+00 6.286920065474393970e-02
7.225349491787214085e+00 6.203106723255422117e-02
7.295634410618154320e+00 6.120414823935220461e-02
7.366603029223159460e+00 6.038873205091990076e-02
7.438261998323163482e+00 5.958417086354808601e-02
7.510618033334286459e+00 5.879089962474257774e-02
7.583677914997190683e+00 5.800870338716847957e-02
7.657448490012479958e+00 5.723106429770929288e-02
7.731936671682362316e+00 5.647555319351772740e-02
7.807149440558499798e+00 5.572451464865641607e-02
7.883093845096216690e+00 5.498376216534388294e-02
7.959777002314985417e+00 5.425303664317587121e-02
8.037206098465421888e+00 5.353215293564504013e-02
8.115388389702712146e+00 5.282092314856528387e-02
8.194331202766655053e+00 5.211923470900584054e-02
8.274041935668218883e+00 5.142684599458521161e-02
8.354528058382872047e+00 5.074388460536511519e-02
8.435797113550611570e+00 5.006991286309415284e-02
8.517856717182803905e+00 4.940502022617044436e-02
8.600714559375941093e+00 4.874872774312329765e-02
8.684378405032257220e+00 4.810136942658147646e-02
8.768856094587436090e+00 4.746231499396273007e-02
8.854155544745349715e+00 4.683200616164836377e-02
8.940284749219998162e+00 4.620970677577856262e-02
9.027251779484577909e+00 4.559576057036199281e-02
9.115064785527916769e+00 4.498974407463730840e-02
9.203731996618220279e+00 4.439179283924064856e-02
9.293261722074316111e+00 4.380147396218781602e-02
9.383662352044273902e+00 4.321779357137789379e-02
9.474942358291729150e+00 4.264387706226824976e-02
9.567110294989774388e+00 4.207643643050058835e-02
9.660174799522645017e+00 4.151624193415291708e-02
9.754144593295098531e+00 4.096336093522825322e-02
9.849028482549766039e+00 4.041734385212591985e-02
9.944835359192397917e+00 3.987860849549108161e-02
1.004157420162519543e+01 3.934673963366331489e-02
1.013925407558815373e+01 3.882160541832385681e-02
1.023788413500867378e+01 3.830331874279401666e-02
1.033747362285940774e+01 3.779142660615427557e-02
1.043803187202444072e+01 3.728637167587106616e-02
1.053956830617394580e+01 3.678743316185772994e-02
1.064209244064724658e+01 3.629508592906228320e-02
1.074561388334458023e+01 3.580879838291148309e-02
1.085014233562746178e+01 3.532862065972831173e-02
1.095568759322787855e+01 3.485474280746618525e-02
1.106225954716621906e+01 3.438666433613760814e-02
1.116986818467823817e+01 3.392449092806899130e-02
1.127852359015096795e+01 3.346811326216153626e-02
1.138823594606782130e+01 3.301741832175886238e-02
1.149901553396274245e+01 3.257254217232403992e-02
1.161087273538378994e+01 3.213315394176773782e-02
1.172381803286598512e+01 3.169908255398803248e-02
1.183786201091373513e+01 3.127056049177271563e-02
1.195301535699265827e+01 3.084739521453996533e-02
1.206928886253119870e+01 3.042944465884868388e-02
1.218669342393191712e+01 3.001665674056590641e-02
1.230524004359261525e+01 2.960905438476265500e-02
1.242493983093746479e+01 2.920634752687518640e-02
1.254580400345803248e+01 2.880875986218772028e-02
1.266784388776455827e+01 2.841612912343059391e-02
1.279107092064739781e+01 2.802818556123991972e-02
1.291549665014884063e+01 2.764496257413369754e-02
1.304113273664525430e+01 2.726646750921866980e-02
1.316799095393986185e+01 2.689281788704412854e-02
1.329608319036608854e+01 2.652353576784774111e-02
1.342542144990170527e+01 2.615892934346327608e-02
1.355601785329368880e+01 2.579864744754384320e-02
1.368788463919415221e+01 2.544291258231128061e-02
1.382103416530724438e+01 2.509147676115313155e-02
1.395547890954729020e+01 2.474429368730070994e-02
1.409123147120805619e+01 2.440133050984003016e-02
1.422830457214353395e+01 2.406254127796951178e-02
1.436671105796013137e+01 2.372789348766784698e-02
1.450646389922046886e+01 2.339731622543493247e-02
1.464757619265895272e+01 2.307078879708939628e-02
1.479006116240903168e+01 2.274810141181500545e-02
1.493393216124253264e+01 2.242941388477747919e-02
1.507920267182097263e+01 2.211461450621925173e-02
1.522588630795911513e+01 2.180359498984716163e-02
1.537399681590069456e+01 2.149636440564929238e-02
1.552354807560667105e+01 2.119277835107983426e-02
1.567455410205595001e+01 2.089293291239169986e-02
1.582702904655883280e+01 2.059676375500979831e-02
1.598098719808309376e+01 2.030406001001307248e-02
1.613644298459311699e+01 2.001497110558623019e-02
1.629341097440194730e+01 1.972928696861532549e-02
1.645190587753662470e+01 1.944712340544624968e-02
1.661194254711659113e+01 1.916835767258717044e-02
1.677353598074571295e+01 1.889295736567466952e-02
1.693670132191772026e+01 1.862088565250626798e-02
1.710145386143542012e+01 1.835207856647436825e-02
1.726780903884355922e+01 1.808653714412886832e-02
1.743578244387577669e+01 1.782420087275240345e-02
1.760538981791556523e+01 1.756500109038085233e-02
1.777664705547142532e+01 1.730898190298735956e-02
1.794957020566648254e+01 1.705602555151283783e-02
1.812417547374237614e+01 1.680611902676784966e-02
1.830047922257800863e+01 1.655927584031544053e-02
1.847849797422290763e+01 1.631536691782011980e-02
1.865824841144566193e+01 1.607442632449760170e-02
1.883974737929719367e+01 1.583638178721931411e-02
1.902301188668945642e+01 1.560126776590600728e-02
1.920805910798935301e+01 1.536897033741886111e-02
1.939490638462828542e+01 1.513947804202475829e-02
1.958357122672716955e+01 1.491284520216595855e-02
1.977407131473744428e+01 1.468889068359470126e-02
1.996642450109793288e+01 1.446772636175478605e-02
2.016064881190793656e+01 1.424914728084952092e-02
2.035676244861640072e+01 1.403324573847962442e-02
2.055478378972772546e+01 1.382005007500013323e-02
2.075473139252405730e+01 1.360943373417028077e-02
2.095662399480432825e+01 1.340137052729076413e-02
2.116048051664034446e+01 1.319586134033182839e-02
2.136632006214970403e+01 1.299286107253550156e-02
2.157416192128621546e+01 1.279237376911645553e-02
2.178402557164756459e+01 1.259427532769926555e-02
2.199593068030074861e+01 1.239867541563206485e-02
2.220989710562497521e+01 1.220546898281723441e-02
2.242594489917278011e+01 1.201463782377812373e-02
2.264409430754907504e+01 1.182616296059091701e-02
2.286436577430861306e+01 1.164001465421892617e-02
2.308677994187169702e+01 1.145595010644764357e-02
2.331135765345874944e+01 1.127463551179006852e-02
2.353811995504354471e+01 1.109535229448458012e-02
2.376708809732560823e+01 1.091826204540709104e-02
2.399828353772154799e+01 1.074339692506771221e-02
2.423172794237600769e+01 1.057072164150496887e-02
2.446744318819203201e+01 1.040019960336984947e-02
2.470545136488123816e+01 1.023183789851556634e-02
2.494577477703398571e+01 1.006557015113403175e-02
2.518843594620949489e+01 9.901407158098871758e-03
2.543345761304651020e+01 9.739338131298454909e-03
2.568086273939435316e+01 9.579285035871716938e-03
2.593067451046487548e+01 9.421276684958150224e-03
2.618291633700505372e+01 9.265689453842304579e-03
2.643761185749101372e+01 9.111275630109669579e-03
2.669478494034320804e+01 8.959233649990358886e-03
2.695445968616333587e+01 8.809161241008302973e-03
2.721666042999271795e+01 8.660958770750279423e-03
2.748141174359293259e+01 8.514714143385879175e-03
2.774873843774846804e+01 8.370345572860409672e-03
2.801866556459195223e+01 8.227864069548403159e-03
2.829121841995168651e+01 8.087213405402464417e-03
2.856642254572233952e+01 7.948398792332386081e-03
2.884430373225852051e+01 7.811408984650492805e-03
2.912488802079168337e+01 7.676201062330017567e-03
2.940820170587063842e+01 7.542766952802588791e-03
2.969427133782552986e+01 7.411127906242289537e-03
2.998312372525609959e+01 7.281179742750740723e-03
3.027478593754393543e+01 7.152874845380469658e-03
3.056928530738937155e+01 7.026483674030798224e-03
3.086664943337274636e+01 6.901682042094848570e-03
3.116690618254088463e+01 6.778544940572540055e-03
3.147008369301855879e+01 6.657076528725635808e-03
3.177621037664554038e+01 6.537258518948793444e-03
3.208531492163897525e+01 6.419038220084363235e-03
3.239742629528198847e+01 6.302448691378372513e-03
3.271257374663825601e+01 6.187424580558821899e-03
3.303078680929315425e+01 6.074023191022810859e-03
3.335209530412127066e+01 5.962105894543358320e-03
3.367652934208116022e+01 5.851729236445745753e-03
3.400411932703705986e+01 5.742997114800207220e-03
3.433489595860830690e+01 5.635715441997275928e-03
3.466889023504609213e+01 5.529922411514435858e-03
3.500613345613854221e+01 5.425632400200067207e-03
3.534665722614391115e+01 5.322792647197214025e-03
3.569049345675229290e+01 5.221422678239876457e-03
3.603767437007633134e+01 5.121454286340199058e-03
3.638823250167062184e+01 5.022959256230739335e-03
3.674220070358090595e+01 4.925887511381186849e-03
3.709961214742267543e+01 4.830156734470279246e-03
3.746050032748993175e+01 4.735842673080128615e-03
3.782489906389385936e+01 4.642899813829653652e-03
3.819284250573236505e+01 4.551303482061492753e-03
3.856436513429023449e+01 4.461136692388309108e-03
3.893950176627063087e+01 4.372136427947673383e-03
3.931828755705770106e+01 4.284527150149872350e-03
3.970075800401124155e+01 4.198229771799754685e-03
4.008694894979318946e+01 4.113217059394039775e-03
4.047689658572676308e+01 4.029509009929785855e-03
4.087063745518780422e+01 3.947010187491862242e-03
4.126820845702955864e+01 3.865802249486995079e-03
4.166964684904057492e+01 3.785784118130323169e-03
4.207499025143619065e+01 3.707011913309517497e-03
4.248427665038425260e+01 3.629460629392690461e-03
4.289754440156466586e+01 3.553114262616850587e-03
4.331483223376402947e+01 3.477942454330255201e-03
4.373617925250492533e+01 3.403971533027422541e-03
4.416162494371084790e+01 3.331128048713538885e-03
4.459120917740628443e+01 3.259468439371688512e-03
4.502497221145327444e+01 3.188934665719270548e-03
4.546295469532399380e+01 3.119530550195908497e-03
4.590519767391037220e+01 3.051243840380290454e-03
4.635174259137027519e+01 2.984015751096493613e-03
4.680263129501155817e+01 2.917945339246768178e-03
4.725790603921362276e+01 2.852933609757545442e-03
4.771760948938745628e+01 2.788988314339609521e-03
4.818178472597362827e+01 2.726098075621470173e-03
4.865047524847972937e+01 2.664251759025352845e-03
4.912372497955678341e+01 2.603438607386983610e-03
4.960157826911540724e+01 2.543651930414989049e-03
5.008407989848212338e+01 2.484871840488725534e-03
5.057127508459573306e+01 2.427097236770042830e-03
5.106320948424492911e+01 2.370314410620071467e-03
5.155992919834686461e+01 2.314506596793091103e-03
5.206148077626762216e+01 2.259667187853453638e-03
5.256791122018424289e+01 2.205785070782777680e-03
5.307926798948964375e+01 2.152850323618829206e-03
5.359559900524011766e+01 2.100837509342977014e-03
5.411695265464637572e+01 2.049775897690813819e-03
5.464337779560780461e+01 1.999601810704652437e-03
5.517492376129128928e+01 1.950347874785081674e-03
5.571164036475430237e+01 1.901992127301002341e-03
5.625357790361330501e+01 1.854514797761136263e-03
5.680078716475694733e+01 1.807888573256366972e-03
5.735331942910571712e+01 1.762156728142891217e-03
5.791122647641758192e+01 1.717254956508337035e-03
5.847456059014062646e+01 1.673196779594809122e-03
5.904337456231242243e+01 1.629981021708171900e-03
5.961772169850755887e+01 1.587585870161490470e-03
6.019765582283304184e+01 1.546010743441470934e-03
6.078323128297230227e+01 1.505261672557733172e-03
6.137450295527852973e+01 1.465206718030875356e-03
6.197152624991698389e+01 1.425983565282188054e-03
6.257435711605789663e+01 1.387541007520620576e-03
6.318305204711957401e+01 1.349869559435362687e-03
6.379766808606282069e+01 1.312939705193251179e-03
6.441826283073628190e+01 1.276748400884880055e-03
6.504489443927437264e+01 1.241311045613793275e-03
6.567762163554736787e+01 1.206578001790198015e-03
6.631650371466487570e+01 1.172558667484697699e-03
6.696160054853221766e+01 1.139256698398539037e-03
6.761297259146149941e+01 1.106642369488201882e-03
6.827068088583682481e+01 1.074712411973213809e-03
6.893478706783510290e+01 1.043468895809541433e-03
6.960535337320180815e+01 1.012885100409438187e-03
7.028244264308352740e+01 9.829599275123495229e-04
7.096611832991698066e+01 9.536846462531532037e-04
7.165644450337531168e+01 9.250495627461618976e-04
7.235348585637258623e+01 8.970487093124261853e-04
7.305730771112592947e+01 8.696719000743225033e-04
7.376797602527737752e+01 8.429011440965955082e-04
7.448555739807494547e+01 8.167378766028005445e-04
7.521011907661404905e+01 7.911718785184239334e-04
7.594172896213913759e+01 7.661911756345892799e-04
7.668045561640717267e+01 7.417890398942354529e-04
7.742636826811269657e+01 7.179628365614352994e-04
7.817953681937576960e+01 6.946948513433048129e-04
7.894003185229233566e+01 6.719769829938235109e-04
7.970792463554894880e+01 6.498043726376152374e-04
8.048328713110151966e+01 6.281611127863115590e-04
8.126619200091946027e+01 6.070550389500835092e-04
8.205671261379453085e+01 5.864692748073681034e-04
8.285492305221690401e+01 5.663904639851250096e-04
8.366089811931756515e+01 5.468117504038179887e-04
8.447471334587828551e+01 5.277314701815928035e-04
8.529644499741024788e+01 5.091350884065421476e-04
8.612617008130067120e+01 4.910219370599328090e-04
8.696396635402970787e+01 4.733789542187746271e-04
8.780991232845718741e+01 4.561915404768387364e-04
8.866408728118061333e+01 4.394654116150678168e-04
8.952657125996400111e+01 4.231859117843569679e-04
9.039744509123974581e+01 4.073412848794127320e-04
9.127679038768296493e+01 3.919314208152906934e-04
9.216468955586012157e+01 3.769501950685310177e-04
9.306122580395103228e+01 3.623783940125355489e-04
9.396648314954700254e+01 3.482195114497725424e-04
9.488054642752423717e+01 3.344594445964423480e-04
9.580350129799435877e+01 3.210945176133121965e-04
9.673543425433136633e+01 3.081166671032760916e-04
9.767643263127766318e+01 2.955202389743607702e-04
9.862658461312820180e+01 2.832918215112539568e-04
9.958597924199507645e+01 2.714313517676918358e-04
1.005547064261513555e+02 2.599282585977776136e-04
1.015328569484565975e+02 2.487755759370256260e-04
1.025205224748657002e+02 2.379667814096519550e-04
1.035177955630176285e+02 2.274972383770089218e-04
1.045247696709102172e+02 2.173565508542999293e-04
1.055415391656582784e+02 2.075430554321330606e-04
1.065681993323370733e+02 1.980404640663172965e-04
1.076048463829117878e+02 1.888523381892464508e-04
1.086515774652539505e+02 1.799676059764423173e-04
1.097084906722451905e+02 1.713751883359598425e-04
1.107756850509708642e+02 1.630872744134061886e-04
1.118532606120007102e+02 1.550658175166674737e-04
1.129413183387621018e+02 1.473284545297398650e-04
1.140399601970033103e+02 1.398622230090392784e-04
1.151492891443491402e+02 1.326621925562186080e-04
1.162694091399494027e+02 1.257207831205979195e-04
1.174004251542213098e+02 1.190288758401824155e-04
1.185424431786863977e+02 1.125920717923124332e-04
1.196955702359042846e+02 1.063925938739341404e-04
1.208599143895007444e+02 1.004252614224559906e-04
1.220355847542956980e+02 9.468629361769222001e-05
1.232226915065284345e+02 8.917077976484033205e-05
1.244213458941827213e+02 8.387422337802761304e-05
1.256316602474121424e+02 7.878968254896392975e-05
1.268537479890670454e+02 7.390708357830100034e-05
1.280877236453237629e+02 6.922569935974504443e-05
1.293337028564169486e+02 6.473852691015770638e-05
1.305918023874777987e+02 6.044053899589804147e-05
1.318621401394748602e+02 5.632336082315630895e-05
1.331448351602640230e+02 5.238364064557898191e-05
1.344400076557447221e+02 4.861426310357119606e-05
1.357477790011246839e+02 4.501167953310566131e-05
1.370682717522946348e+02 4.156767116096209022e-05
1.384016096573132870e+02 3.827726185840494758e-05
1.397479176680040780e+02 3.513373382994155949e-05
1.411073219516657957e+02 3.213166534090673970e-05
1.424799499028946457e+02 2.926343539104589669e-05
1.438659301555238414e+02 2.652245680973304358e-05
1.452653925946781328e+02 2.390060933579704445e-05
1.466784683689457722e+02 2.138857205835041303e-05
1.481052899026690000e+02 1.897637637537860983e-05
1.495459909083537866e+02 1.665086280654138711e-05
1.510007063992007659e+02 1.439481130878386351e-05
1.524695727017573006e+02 1.218336927742072671e-05
1.539527274686944622e+02 9.976228342831006222e-06
1.554503096917050300e+02 7.695429810644129144e-06
1.569624597145302403e+02 5.136472927911435846e-06
1.584893192461114211e+02 0.000000000000000000e+00
