1.000000000000000021e-02 1.238825337131840953e+00
1.009727545900835841e-02 1.238798361327807296e+00
1.019549716950923779e-02 1.238793059019080767e+00
1.029467433620748044e-02 1.238787586929062545e+00
1.039481625334708927e-02 1.238781965493243931e+00
1.049593230558227772e-02 1.238798892573859556e+00
1.059803196885688789e-02 1.238793047343572429e+00
1.070112481129246833e-02 1.238764440002382283e+00
1.080522049408488318e-02 1.238758166669967631e+00
1.091032877240974419e-02 1.238751966665084359e+00
1.101645949633656314e-02 1.238745652251448615e+00
1.112362261175187626e-02 1.238738846988443942e+00
1.123182816129126085e-02 1.238732281957815040e+00
1.134108628528052165e-02 1.238725592572467837e+00
1.145140722268592030e-02 1.238718727107582351e+00
1.156280131207376022e-02 1.238711767385547446e+00
1.167527899257919492e-02 1.238704390902023666e+00
1.178885080488457221e-02 1.238697198651961262e+00
1.190352739220719262e-02 1.238686760036694423e+00
1.201931950129673729e-02 1.238682121638708500e+00
1.213623798344241195e-02 1.238674791084349636e+00
1.225429379548980714e-02 1.238666956893315296e+00
1.237349800086776086e-02 1.238658889815630104e+00
1.249386177062509519e-02 1.238650748884377428e+00
1.261539638447754796e-02 1.238642494787838499e+00
1.273811323186478488e-02 1.238633990911355287e+00
1.286202381301779218e-02 1.238625362638076099e+00
1.298713974003655978e-02 1.238616550717963394e+00
1.311347273797833224e-02 1.238607508042312011e+00
1.324103464595636874e-02 1.238598335532917094e+00
1.336983741824946531e-02 1.238588986711479878e+00
1.349989312542219239e-02 1.238579446222765057e+00
1.363121395545611320e-02 1.238569706268275894e+00
1.376381221489191876e-02 1.238559763425583604e+00
1.389770032998276401e-02 1.238549606532187708e+00
1.403289084785873213e-02 1.238539322619638394e+00
1.416939643770268736e-02 1.238528886840282395e+00
1.430722989193757184e-02 1.238518128084395320e+00
1.444640412742520530e-02 1.238507154919841424e+00
1.458693218667675602e-02 1.238495982431309317e+00
1.472882723907502529e-02 1.238484485832254123e+00
1.487210258210860774e-02 1.238472796325121639e+00
1.501677164261799868e-02 1.238460867639364915e+00
1.516284797805393485e-02 1.238448580015842015e+00
1.531034527774784160e-02 1.238435825722324246e+00
1.545927736419477720e-02 1.238423504135078179e+00
1.560965819434872483e-02 1.238410796077165976e+00
1.576150186093060873e-02 1.238397738785752988e+00
1.591482259374891323e-02 1.238384407570609858e+00
1.606963476103326349e-02 1.238370417842572291e+00
1.622595287078087284e-02 1.238356548976378813e+00
1.638379157211618947e-02 1.238342923225203673e+00
1.654316565666366645e-02 1.238328897084602032e+00
1.670409005993399310e-02 1.238314325483024669e+00
1.686657986272368723e-02 1.238299374444796319e+00
1.703065029252844378e-02 1.238283274130596912e+00
1.719631672497009753e-02 1.238267632955958764e+00
1.736359468523754335e-02 1.238251681758089529e+00
1.753249984954170088e-02 1.238235280874381949e+00
1.770304804658450262e-02 1.238218910060418398e+00
1.787525525904235316e-02 1.238202226341542866e+00
1.804913762506383731e-02 1.238185093630033151e+00
1.822471143978214581e-02 1.238167968551914688e+00
1.840199315684210371e-02 1.238150123456190688e+00
1.858099938994215231e-02 1.238132240312342924e+00
1.876174691439120440e-02 1.238113091803291210e+00
1.894425266868081034e-02 1.238094835155188367e+00
1.912853375607242307e-02 1.238075574150282021e+00
1.931460744620030340e-02 1.238055889093106154e+00
1.950249117668984011e-02 1.238035798128522380e+00
1.969220255479172538e-02 1.238015271316891486e+00
1.988375935903200636e-02 1.237994360439723884e+00
2.007717954087816226e-02 1.237972961774034486e+00
2.027248122642137662e-02 1.237951421583858069e+00
2.046968271807520987e-02 1.237929149973954646e+00
2.066880249629082095e-02 1.237906485428917236e+00
2.086985922128879734e-02 1.237883540661286474e+00
2.107287173480786382e-02 1.237860371139196669e+00
2.127785906187062287e-02 1.237836500411555463e+00
2.148484041256648255e-02 1.237814086037442918e+00
2.169383518385184506e-02 1.237787347435488128e+00
2.190486296136792688e-02 1.237762195117177999e+00
2.211794352127614133e-02 1.237736355158234547e+00
2.233309683211144592e-02 1.237710018399429623e+00
2.255034305665360936e-02 1.237683104824485625e+00
2.276970255381680075e-02 1.237655323887400627e+00
2.299119588055741764e-02 1.237627450644358085e+00
2.321484379380064564e-02 1.237598794506744371e+00
2.344066725238556220e-02 1.237569761864695250e+00
2.366868741902936057e-02 1.237540697114360988e+00
2.389892566231050300e-02 1.237510086240333651e+00
2.413140355867127856e-02 1.237479286363550868e+00
2.436614289443983158e-02 1.237447643335605196e+00
2.460316566787181664e-02 1.237415828659988781e+00
2.484249409121190577e-02 1.237383429123324330e+00
2.508415059277539771e-02 1.237350203941204096e+00
2.532815781905008515e-02 1.237315510624421799e+00
2.557453863681850847e-02 1.237281483637703072e+00
2.582331613530085626e-02 1.237246188975604344e+00
2.607451362831877603e-02 1.237210223533997011e+00
2.632815465648021339e-02 1.237173425431835172e+00
2.658426298938541474e-02 1.237135940905364606e+00
2.684286262785454819e-02 1.237097942240019233e+00
2.710397780617682106e-02 1.237059209509933311e+00
2.736763299438163891e-02 1.237020001016269521e+00
2.763385290053169824e-02 1.236978134306679022e+00
2.790266247303856487e-02 1.236938603725234120e+00
2.817408690300057458e-02 1.236896357822816039e+00
2.844815162656363222e-02 1.236853837443282256e+00
2.872488232730495070e-02 1.236810170219670768e+00
2.900430493863991738e-02 1.236765702424487801e+00
2.928644564625237229e-02 1.236720636498987114e+00
2.957133089054861039e-02 1.236674634717980448e+00
2.985898736913520854e-02 1.236627598692754404e+00
3.014944203932094433e-02 1.236578555014214098e+00
3.044272212064302874e-02 1.236530109472613770e+00
3.073885509741795460e-02 1.236479238950945136e+00
3.103786872131722788e-02 1.236428452294215719e+00
3.133979101396793671e-02 1.236376859188566657e+00
3.164465026957891114e-02 1.236323177986358601e+00
3.195247505759213347e-02 1.236269494874146613e+00
3.226329422536015901e-02 1.236214286001990681e+00
3.257713690084949876e-02 1.236158236776905062e+00
3.289403249537032475e-02 1.236101865628161711e+00
3.321401070633261954e-02 1.236043962337442403e+00
3.353710152002930406e-02 1.235984450087152631e+00
3.386333521444636480e-02 1.235922984986132844e+00
3.419274236210027851e-02 1.235861547286296824e+00
3.452535383290306070e-02 1.235798419639591250e+00
3.486120079705520153e-02 1.235734876525587111e+00
3.520031472796678745e-02 1.235668924118619616e+00
3.554272740520694751e-02 1.235602396139501957e+00
3.588847091748199186e-02 1.235534290980740968e+00
3.623757766564258964e-02 1.235464875181367272e+00
3.659008036572020811e-02 1.235394328409159304e+00
3.694601205199302130e-02 1.235322434050708074e+00
3.730540608008161424e-02 1.235249247757720603e+00
3.766829613007490613e-02 1.235175489204615618e+00
3.803471620968648659e-02 1.235098997630284634e+00
3.840470065744145539e-02 1.235020631070405939e+00
3.877828414589457040e-02 1.234941225190974601e+00
3.915550168487941241e-02 1.234859995193520410e+00
3.953638862478930927e-02 1.234777144162117590e+00
3.992098065989020672e-02 1.234693545223312983e+00
4.030931383166566628e-02 1.234607684999621702e+00
4.070142453219438572e-02 1.234520207343441811e+00
4.109734950756069316e-02 1.234430935054815492e+00
4.149712586129815362e-02 1.234340196639378773e+00
4.190079105786669034e-02 1.234247771865620180e+00
4.230838292616342228e-02 1.234153593122653492e+00
4.271993966306778662e-02 1.234057610094918100e+00
4.313549983702118923e-02 1.233959686885846008e+00
4.355510239164130798e-02 1.233859613134743238e+00
4.397878664937160398e-02 1.233757689080295039e+00
4.440659231516640160e-02 1.233653961943031563e+00
4.483855948021186338e-02 1.233548275395294658e+00
4.527472862568297785e-02 1.233440155620596723e+00
4.571514062653719151e-02 1.233330083618817685e+00
4.615983675534499064e-02 1.233217803218318975e+00
4.660885868615767536e-02 1.233103258845605898e+00
4.706224849841281199e-02 1.232986394800974272e+00
4.752004868087766204e-02 1.232867139241174748e+00
4.798230213563085128e-02 1.232745945028984824e+00
4.844905218208294534e-02 1.232621919990806392e+00
4.892034256103611894e-02 1.232496712162507890e+00
4.939621743878321036e-02 1.232366801308571569e+00
4.987672141124663283e-02 1.232235984840707621e+00
5.036189950815770505e-02 1.232102913510335407e+00
5.085179719727656034e-02 1.231966931871726123e+00
5.134646038865306461e-02 1.231827862414725194e+00
5.184593543892913187e-02 1.231686575039885545e+00
5.235026915568305461e-02 1.231542486549680238e+00
5.285950880181603667e-02 1.231396257587471288e+00
5.337370209998133774e-02 1.231245111065454756e+00
5.389289723705643909e-02 1.231093319453475665e+00
5.441714286865893119e-02 1.230936851247295793e+00
5.494648812370611646e-02 1.230778969369151765e+00
5.548098260901916656e-02 1.230616483145828610e+00
5.602067641397187603e-02 1.230451403248761677e+00
5.656562011518465050e-02 1.230283900187463253e+00
5.711586478126431943e-02 1.230112362387011382e+00
5.767146197758996756e-02 1.229937421382328866e+00
5.823246377114527778e-02 1.229759602940331709e+00
5.879892273539785025e-02 1.229578662462161631e+00
5.937089195522609469e-02 1.229393440736766152e+00
5.994842503189409116e-02 1.229204961975284283e+00
6.053157608807464840e-02 1.229018710239581091e+00
6.112039977292132997e-02 1.228817027366950976e+00
6.171495126718981594e-02 1.228616825436560811e+00
6.231528628840921763e-02 1.228413585067639646e+00
6.292146109610344262e-02 1.228206318088190807e+00
6.353353249706343575e-02 1.227993621455630180e+00
6.415155785067082339e-02 1.227778413410783420e+00
6.477559507427335661e-02 1.227561068802412336e+00
6.540570264861225724e-02 1.227334138860486368e+00
6.604193962330305590e-02 1.227105640592777380e+00
6.668436562236895737e-02 1.226873615600899248e+00
6.733304084982863480e-02 1.226635983349867232e+00
6.798802609533814711e-02 1.226395666301386633e+00
6.864938273988777095e-02 1.226147880510366495e+00
6.931717276155408003e-02 1.225897151889470349e+00
6.999145874130821565e-02 1.225641065124105200e+00
7.067230386888070925e-02 1.225379775606931121e+00
7.135977194868306506e-02 1.225115006848432886e+00
7.205392740578704658e-02 1.224842596736714029e+00
7.275483529196229149e-02 1.224565822014599847e+00
7.346256129177256011e-02 1.224283951039398355e+00
7.417717172873124210e-02 1.223996190455165722e+00
7.489873357151664857e-02 1.223704179906798473e+00
7.562731444024800576e-02 1.223406125814679335e+00
7.636298261282241373e-02 1.223102670717009843e+00
7.710580703131336699e-02 1.222792374833684859e+00
7.785585730843146146e-02 1.222476913125300158e+00
7.861320373404813433e-02 1.222155061806013077e+00
7.937791728178281159e-02 1.221827057362302460e+00
8.015006961565404597e-02 1.221492839033233135e+00
8.092973309679550586e-02 1.221151999894815043e+00
8.171698079023696770e-02 1.220804694372582766e+00
8.251188647175167201e-02 1.220468987938464256e+00
8.331452463477014014e-02 1.220090475461524715e+00
8.412497049736118726e-02 1.219723368383347273e+00
8.494330000928071445e-02 1.219348944169623028e+00
8.576958985908941790e-02 1.218967414148784290e+00
8.660391748133952627e-02 1.218587067183049211e+00
8.744636106383144036e-02 1.218181465113360229e+00
8.829699955494091368e-02 1.217777034713059203e+00
8.915591267101763417e-02 1.217364793510439469e+00
9.002318090385581784e-02 1.216947081600568303e+00
9.089888552823731371e-02 1.216518514749290070e+00
9.178310860954806694e-02 1.216084284859084264e+00
9.267593301146882789e-02 1.215640124273613232e+00
9.357744240374062106e-02 1.215187107108125275e+00
9.448772127000577836e-02 1.214726713263556412e+00
9.540685491572513388e-02 1.214255766009262327e+00
9.633492947617222635e-02 1.213777059491336408e+00
9.727203192450542546e-02 1.213287134387747157e+00
9.821825007991856482e-02 1.212793827192111262e+00
9.917367261587073379e-02 1.212285615910406289e+00
1.001383890683960748e-01 1.211769732157801149e+00
1.011124898444945991e-01 1.211240484075009283e+00
1.020960662306047012e-01 1.210707880076659304e+00
1.030892104011576216e-01 1.210161510576404309e+00
1.040920154272158005e-01 1.209604665339159224e+00
1.051045752851944987e-01 1.209037758658685124e+00
1.061269848656690717e-01 1.208461124499980333e+00
1.071593399822671072e-01 1.207872490649364972e+00
1.082017373806478805e-01 1.207273228332973458e+00
1.092542747475682557e-01 1.206663466771792814e+00
1.103170507200377515e-01 1.206040345813308434e+00
1.113901648945616746e-01 1.205406538134610406e+00
1.124737178364751955e-01 1.204760530872961422e+00
1.135678110893671017e-01 1.204103924041581397e+00
1.146725471845963656e-01 1.203435115915334475e+00
1.157880296509002094e-01 1.202749441136769182e+00
1.169143630240966764e-01 1.202053758647749548e+00
1.180516528568804902e-01 1.201344491588860031e+00
1.192000057287153220e-01 1.200621782833478424e+00
1.203595292558212876e-01 1.199886995264173084e+00
1.215303321012602134e-01 1.199147356756487204e+00
1.227125239851190319e-01 1.198374411902163317e+00
1.239062156947916271e-01 1.197596718333461485e+00
1.251115190953615564e-01 1.196804703238073531e+00
1.263285471400849291e-01 1.195998756773521299e+00
1.275574138809759950e-01 1.195176533079450376e+00
1.287982344794950385e-01 1.194339389042586852e+00
1.300511252173409127e-01 1.193487519722942647e+00
1.313162035073478784e-01 1.192618358495086683e+00
1.325935879044890797e-01 1.191734327634473178e+00
1.338833981169864351e-01 1.190834276570750916e+00
1.351857550175293021e-01 1.189916849523229736e+00
1.365007806546013891e-01 1.188981586295061010e+00
1.378285982639189389e-01 1.188030366016157080e+00
1.391693322799789911e-01 1.187061632852809634e+00
1.405231083477211373e-01 1.186074848188930053e+00
1.418900533343016301e-01 1.185070607273634335e+00
1.432702953409830948e-01 1.184046145075635881e+00
1.446639637151387880e-01 1.182959813555521489e+00
1.460711890623745679e-01 1.181944562040641022e+00
1.474921032587684921e-01 1.180863786316741493e+00
1.489268394632288772e-01 1.179763755646207501e+00
1.503755321299738434e-01 1.178643193873359696e+00
1.518383170211306810e-01 1.177501454317983365e+00
1.533153312194593942e-01 1.176340904524506792e+00
1.548067131411984265e-01 1.175158222267349339e+00
1.563126025490369497e-01 1.173955212542484583e+00
1.578331405652117214e-01 1.172729194439229961e+00
1.593684696847328941e-01 1.171480881355011716e+00
1.609187337887370006e-01 1.170210804266465621e+00
1.624840781579713067e-01 1.168927868196685038e+00
1.640646494864078653e-01 1.167601716994026262e+00
1.656605958949914359e-01 1.166262012562281125e+00
1.672720669455196874e-01 1.164897742497431610e+00
1.688992136546599021e-01 1.163510261615783747e+00
1.705421885081006561e-01 1.162111372859483183e+00
1.722011454748421100e-01 1.160658720116648057e+00
1.738762400216251336e-01 1.159194372829398301e+00
1.755676291275001522e-01 1.157705393650275472e+00
1.772754712985387948e-01 1.156189236469407300e+00
1.789999265826875408e-01 1.154646567945799562e+00
1.807411565847668600e-01 1.153075716962923547e+00
1.824993244816152382e-01 1.151477906217403424e+00
1.842745950373816666e-01 1.149852441572514206e+00
1.860671346189656239e-01 1.148198109696944691e+00
1.878771112116086051e-01 1.146514498882269528e+00
1.897046944346358344e-01 1.144801575310621988e+00
1.915500555573527997e-01 1.143059417394629129e+00
1.934133675150944698e-01 1.141287024990564003e+00
1.952948049254327745e-01 1.139483187166344447e+00
1.971945441045395986e-01 1.137648345854286092e+00
1.991127630837108697e-01 1.135781968854272295e+00
2.010496416260497965e-01 1.133883562094216924e+00
2.030053612433137811e-01 1.131952352944222806e+00
2.049801052129238688e-01 1.129988158049018976e+00
2.069740585951406198e-01 1.127990449095903402e+00
2.089874082504071251e-01 1.125958276445420791e+00
2.110203428568595552e-01 1.123891842745902592e+00
2.130730529280097374e-01 1.121791937277065276e+00
2.151457308305980698e-01 1.119655649367623074e+00
2.172385708026215445e-01 1.117492915124794761e+00
2.193517689715359098e-01 1.115273443826254818e+00
2.214855233726360506e-01 1.113027549071184952e+00
2.236400339676138660e-01 1.110743629760712281e+00
2.258155026632983065e-01 1.108422406977646713e+00
2.280121333305757114e-01 1.106062795011813815e+00
2.302301318234963867e-01 1.103664156379500438e+00
2.324697059985647851e-01 1.101225617844031612e+00
2.347310657342196183e-01 1.098747387470307535e+00
2.370144229505012079e-01 1.096221101163998624e+00
2.393199916289123208e-01 1.093687573274720215e+00
2.416479878324700736e-01 1.091067353214680624e+00
2.439986297259550130e-01 1.088424330896185399e+00
2.463721375963552895e-01 1.085736776970400719e+00
2.487687338735107279e-01 1.083008861184042271e+00
2.511886431509580686e-01 1.080236523410455174e+00
2.536320922069775774e-01 1.077420875443025006e+00
2.560993100258459609e-01 1.074559753240494908e+00
2.585905278192945911e-01 1.071651951124080515e+00
2.611059790481781162e-01 1.068699950656115671e+00
2.636458994443517945e-01 1.065701309630393334e+00
2.662105270327638773e-01 1.062657531996154425e+00
2.688001021537606006e-01 1.059564781351937990e+00
2.714148674856106669e-01 1.056425482539526728e+00
2.740550680672460548e-01 1.053238876476823238e+00
2.767209513212268712e-01 1.050001165254249136e+00
2.794127670769268601e-01 1.046714407897338273e+00
2.821307675939472293e-01 1.043379878771907965e+00
2.848752075857552413e-01 1.039994854707508853e+00
2.876463442435557849e-01 1.036558370136857254e+00
2.904444372603925406e-01 1.033070350928757541e+00
2.932697488554852905e-01 1.029537137205725816e+00
2.961225437988035947e-01 1.025944932242774055e+00
2.990030894358785551e-01 1.022298432996937123e+00
3.019116557128577738e-01 1.018603980439647172e+00
3.048485152018017286e-01 1.014854641089314224e+00
3.078139431262288950e-01 1.011050632070227495e+00
3.108082173869063936e-01 1.007196774535361383e+00
3.138316185878944342e-01 1.003281567023375676e+00
3.168844300628416155e-01 9.993157132965302392e-01
3.199669379015380732e-01 9.952934278734253404e-01
3.230794309767249795e-01 9.912159973845966476e-01
3.262222009711669979e-01 9.870815775552405080e-01
3.293955424049855307e-01 9.828918606856378304e-01
3.325997526632606949e-01 9.786440941624132694e-01
3.358351320238990301e-01 9.743391771619753783e-01
3.391019836857747105e-01 9.699788377768452374e-01
3.424006137971423724e-01 9.655597083651431545e-01
3.457313314843284413e-01 9.610819195845753393e-01
3.490944488806992929e-01 9.565464040252220634e-01
3.524902811559130766e-01 9.519503785470510016e-01
3.559191465454557002e-01 9.472990623806439858e-01
3.593813663804627523e-01 9.425877622269165368e-01
3.628772651178337472e-01 9.378177288188871419e-01
3.664071703706370808e-01 9.329866460264701900e-01
3.699714129388128048e-01 9.280973442537767681e-01
3.735703268401719401e-01 9.231484405250920400e-01
3.772042493416999376e-01 9.181390319297684233e-01
3.808735209911614517e-01 9.130706412439442143e-01
3.845784856490158665e-01 9.079425858019755102e-01
3.883194905206404091e-01 9.027545106062616620e-01
3.920968861888690649e-01 8.975068520323435939e-01
3.959110266468458539e-01 8.921998494921535849e-01
3.997622693312000708e-01 8.868318785209521327e-01
4.036509751555413805e-01 8.814034695884112036e-01
4.075775085442840395e-01 8.759178108949443597e-01
4.115422374667966343e-01 8.703719285911010184e-01
4.155455334718875515e-01 8.647663705896043718e-01
4.195877717226225712e-01 8.591013703003356206e-01
4.236693310314835759e-01 8.533787109382605651e-01
4.277905938958687093e-01 8.475961088692948175e-01
4.319519465339363706e-01 8.417658841582286167e-01
4.361537789208005944e-01 8.358583759791814449e-01
4.403964848250754294e-01 8.299015985713462662e-01
4.446804618457780300e-01 8.238932356775989785e-01
4.490061114495874639e-01 8.178187848046252206e-01
4.533738390084691150e-01 8.116929170404501015e-01
4.577840538376618529e-01 8.055096903182663581e-01
4.622371692340384031e-01 7.992727713121683397e-01
4.667336025148346446e-01 7.929796332808692894e-01
4.712737750567601580e-01 7.866340614261698727e-01
4.758581123354846953e-01 7.802333359304997051e-01
4.804870439655131720e-01 7.737799136743606088e-01
4.851610037404442966e-01 7.672745202417291521e-01
4.898804296736250508e-01 7.607177679189114361e-01
4.946457640391963562e-01 7.541092597264725805e-01
4.994574534135413635e-01 7.474538371440895279e-01
5.043159487171361421e-01 7.407460624588007025e-01
5.092217052568053237e-01 7.339923054574521988e-01
5.141751827683928022e-01 7.271934593785752687e-01
5.191768454598426619e-01 7.203460383187858529e-01
5.242271620547044320e-01 7.134584298866338825e-01
5.293266058360561743e-01 7.065082579724475398e-01
5.344756546908600026e-01 6.995400176291778349e-01
5.396747911547442600e-01 6.925209103634507590e-01
5.449245024572260121e-01 6.854577567302240215e-01
5.502252805673685243e-01 6.783591081542580392e-01
5.555776222398878250e-01 6.712215643150408750e-01
5.609820290617031358e-01 6.640446956543719637e-01
5.664390074989449353e-01 6.568374368512945871e-01
5.719490689444144405e-01 6.495940107089009929e-01
5.775127297655114900e-01 6.423175555771382106e-01
5.831305113526221717e-01 6.350122332258515412e-01
5.888029401679826247e-01 6.276765798035656152e-01
5.945305477950136863e-01 6.203122664201805581e-01
6.003138709881384871e-01 6.129220923497543660e-01
6.061534517230839914e-01 6.055068341253195818e-01
6.120498372476699256e-01 5.980703512754971252e-01
6.180035801330957534e-01 5.906101384109205821e-01
6.240152383257209223e-01 5.831525240786981090e-01
6.300853751993553686e-01 5.756356772390555099e-01
6.362145596080520660e-01 5.681227340294970896e-01
6.424033659394193796e-01 5.605970629574245079e-01
6.486523741684461219e-01 5.530591643566517002e-01
6.549621699118558515e-01 5.455080614613114776e-01
6.613333444829840868e-01 5.379511541183715773e-01
6.677664949471955325e-01 5.303890144680361018e-01
6.742622241778342129e-01 5.228157571232456835e-01
6.808211409127237213e-01 5.152414649412159209e-01
6.874438598112112553e-01 5.076649286205542344e-01
6.941310015117725385e-01 5.000987734889912328e-01
7.008831926901714082e-01 4.925300990489735464e-01
7.077010661181889484e-01 4.849669317600692198e-01
7.145852607229240538e-01 4.774107227009761756e-01
7.215364216466665370e-01 4.698642902263417409e-01
7.285552003073593186e-01 4.623290285814893319e-01
7.356422544596413760e-01 4.547992375959126199e-01
7.427982482564918776e-01 4.473005140382164679e-01
7.500238523114668432e-01 4.398115100090901897e-01
7.573197437615483141e-01 4.323459356951938615e-01
7.646866063305975958e-01 4.248966290923893441e-01
7.721251303934327792e-01 4.174738736572615738e-01
7.796360130405233235e-01 4.100771883068323742e-01
7.872199581433195759e-01 4.027086299540433290e-01
7.948776764202123424e-01 3.953706932914420880e-01
8.026098855031396084e-01 3.880628233401820504e-01
8.104173100048355227e-01 3.807930792076087423e-01
8.183006815867394090e-01 3.735555948047830088e-01
8.262607390275591435e-01 3.663715291668384055e-01
8.342982282925082149e-01 3.592031194924996673e-01
8.424139026032094746e-01 3.520908859960912296e-01
8.506085225082840040e-01 3.450112393982217585e-01
8.588828559546254349e-01 3.379938520171933969e-01
8.672376783593644944e-01 3.310176708016386304e-01
8.756737726825394308e-01 3.240985672965335240e-01
8.841919295004664336e-01 3.172189422648094004e-01
8.927929470798307010e-01 3.104068256022874395e-01
9.014776314524917122e-01 3.036511404577939555e-01
9.102467964910225806e-01 2.969408694586396780e-01
9.191012639849772681e-01 2.902915403823193574e-01
9.280418637179072006e-01 2.837057672206987347e-01
9.370694335451198453e-01 2.771863331754580440e-01
9.461848194722002336e-01 2.707233254503029207e-01
9.553888757342895444e-01 2.643297286703892301e-01
9.646824648761427312e-01 2.580034428496225107e-01
9.740664578329562007e-01 2.517447552082144324e-01
9.835417340119908536e-01 2.455554254203586584e-01
9.931091813749796104e-01 2.394435981172386707e-01
1.002769696521346621e+00 2.333982326659078954e-01
1.012524184772224167e+00 2.274283091732971496e-01
1.022373560255302127e+00 2.215319355537369861e-01
1.032318745990486564e+00 2.157160523563532717e-01
1.042360673976402197e+00 2.099762642024134984e-01
1.052500285277732761e+00 2.043121221542312516e-01
1.062738530113414459e+00 1.987315658269581398e-01
1.073076367945679621e+00 1.932260866069119010e-01
1.083514767569973225e+00 1.878094387413350719e-01
1.094054707205742494e+00 1.824728768669791334e-01
1.104697174588111785e+00 1.772121617459244125e-01
1.115443167060441221e+00 1.720449481741110620e-01
1.126293691667795249e+00 1.669542857963694227e-01
1.137249765251314271e+00 1.619559109826656240e-01
1.148312414543511073e+00 1.570388344661194646e-01
1.159482676264482759e+00 1.522084934841733683e-01
1.170761597219069250e+00 1.474644092897071934e-01
1.182150234394952371e+00 1.428066684980668355e-01
1.193649655061713055e+00 1.382385778121753284e-01
1.205260936870842681e+00 1.337544193103082923e-01
1.216985167956738056e+00 1.293560563440411815e-01
1.228823447038673411e+00 1.250475619220964840e-01
1.240776883523764251e+00 1.208362527205353171e-01
1.252846597610937529e+00 1.166929016291141791e-01
1.265033720395903893e+00 1.126469487555830790e-01
1.277339393977160009e+00 1.086898134350492845e-01
1.289764771563017165e+00 1.048130588336783769e-01
1.302311017579677488e+00 1.010324356633149762e-01
1.314979307780347773e+00 9.733703781858667192e-02
1.327770829355430449e+00 9.372542518930562783e-02
1.340686781043774811e+00 9.019407874634217948e-02
1.353728373245021821e+00 8.675832163598184987e-02
1.366896828133026487e+00 8.342359375932222043e-02
1.380193379770397355e+00 8.013930197440409520e-02
1.393619274224142002e+00 7.694745278656876797e-02
1.407175769682446731e+00 7.384470901156925393e-02
1.420864136572576708e+00 7.082477721917740388e-02
1.434685657679937831e+00 6.788656880702569063e-02
1.448641628268290127e+00 6.502831513593164414e-02
1.462733356201129986e+00 6.225342532735864826e-02
1.476962162064259898e+00 5.955646694691911491e-02
1.491329379289537682e+00 5.693867888539926037e-02
1.505836354279841416e+00 5.439572332529793441e-02
1.520484446535244283e+00 5.193542344901610347e-02
1.535275028780422657e+00 4.954826424150105685e-02
1.550209487093291205e+00 4.723597493067793751e-02
1.565289221034902312e+00 4.499827980954170664e-02
1.580515643780601165e+00 4.283219040812027284e-02
1.595890182252465817e+00 4.073896536816019182e-02
1.611414277253019778e+00 3.871557215437075594e-02
1.627089383600260675e+00 3.676225622272688565e-02
1.642916970263993193e+00 3.487712915089086901e-02
1.658898520503498064e+00 3.305941529504193011e-02
1.675035532006524441e+00 3.130752942826892787e-02
1.691329517029648732e+00 2.962235784826825619e-02
1.707782002539993016e+00 2.799843995915579989e-02
1.724394530358320354e+00 2.643638023606829229e-02
1.741168657303530987e+00 2.493529021068570731e-02
1.758105955338547632e+00 2.349614190159927951e-02
1.775208011717636092e+00 2.211509188115813596e-02
1.792476429135148930e+00 2.079024155299437002e-02
1.809912825875727105e+00 1.952293130985586697e-02
1.827518835965944666e+00 1.830919652989041954e-02
1.845296109327445366e+00 1.714968705804691823e-02
1.863246311931559873e+00 1.604103010047052205e-02
1.881371125955437096e+00 1.498302554115750473e-02
1.899672249939675650e+00 1.397581205203727618e-02
1.918151398947507635e+00 1.301661747136033907e-02
1.936810304725519849e+00 1.210431574305252146e-02
1.955650715865949074e+00 1.123621172888494314e-02
1.974674397970537454e+00 1.041336746042507110e-02
1.993883133816001019e+00 9.633303115083752602e-03
2.013278723521096492e+00 8.894932023046128733e-03
2.032862984715323673e+00 8.196642638128599084e-03
2.052637752709252084e+00 7.538225958158457050e-03
2.072604880666519822e+00 6.916770308383369224e-03
2.092766239777499759e+00 6.332143469756770955e-03
2.113123719434652603e+00 5.782721389445868131e-03
2.133679227409597701e+00 5.267471812961623499e-03
2.154434690031884259e+00 4.784685783138985411e-03
2.175392052369522489e+00 4.333989321074621648e-03
2.196553278411258248e+00 3.913456832383744449e-03
2.217920351250634692e+00 3.522090247255986375e-03
2.239495273271823184e+00 3.158943493586873624e-03
2.261280066337279404e+00 2.822121060100150902e-03
2.283276771977218012e+00 2.511199597538056778e-03
2.305487451580938707e+00 2.224816428306879233e-03
2.327914186589993051e+00 1.961784648766459228e-03
2.350559078693253756e+00 1.721031358403431102e-03
2.373424250023866033e+00 1.501445928360521610e-03
2.396511843358130278e+00 1.301969277103783322e-03
2.419824022316292567e+00 1.121492513644667790e-03
2.443362971565319341e+00 9.589749227720268917e-04
2.467130897023623426e+00 8.134046536228752185e-04
2.491130026067788439e+00 6.837168878112276490e-04
2.515362607741312928e+00 5.689395516406792848e-04
2.539830912965362675e+00 4.680772690009737968e-04
2.564537234751594674e+00 3.801492543017862620e-04
2.589483888417040802e+00 3.042055081623680794e-04
2.614673211801092023e+00 2.393022184153586823e-04
2.640107565484572927e+00 1.845145836774839652e-04
2.665789333010967876e+00 1.389326385299277482e-04
2.691720921109787668e+00 1.016595615110530646e-04
2.717904759922122881e+00 7.182025668575507595e-05
2.744343303228365283e+00 4.854807920360778033e-05
2.771039028678170535e+00 3.099369004195141452e-05
2.797994438022641805e+00 1.832271150871633974e-05
2.825212057348790218e+00 9.715380994890055087e-06
2.852694437316245057e+00 4.365164763601964630e-06
2.880444153396297668e+00 1.479492268600428506e-06
2.908463806113254169e+00 2.794292335685197048e-07
2.936756021288137397e+00 0.000000000000000000e+00
