1.000000000000000021e-02 1.296419107581204821e+00
1.009727545900835841e-02 1.296388241586982515e+00
1.019549716950923779e-02 1.296383050611885857e+00
1.029467433620748044e-02 1.296377182142508078e+00
1.039481625334708927e-02 1.296371784968097129e+00
1.049593230558227772e-02 1.296366322269896676e+00
1.059803196885688789e-02 1.296383809337346760e+00
1.070112481129246833e-02 1.296378309445685106e+00
1.080522049408488318e-02 1.296349617950832034e+00
1.091032877240974419e-02 1.296343734597697361e+00
1.101645949633656314e-02 1.296337609474467190e+00
1.112362261175187626e-02 1.296331482674788260e+00
1.123182816129126085e-02 1.296325987463621709e+00
1.134108628528052165e-02 1.296320930669998317e+00
1.145140722268592030e-02 1.296312233583705842e+00
1.156280131207376022e-02 1.296305481255359604e+00
1.167527899257919492e-02 1.296298453883164115e+00
1.178885080488457221e-02 1.296291456126698716e+00
1.190352739220719262e-02 1.296283972413298846e+00
1.201931950129673729e-02 1.296276729801620675e+00
1.213623798344241195e-02 1.296269344427665171e+00
1.225429379548980714e-02 1.296261802010374220e+00
1.237349800086776086e-02 1.296254095122314709e+00
1.249386177062509519e-02 1.296246265921157992e+00
1.261539638447754796e-02 1.296238235733340627e+00
1.273811323186478488e-02 1.296229970342910764e+00
1.286202381301779218e-02 1.296217151994330630e+00
1.298713974003655978e-02 1.296212945078352163e+00
1.311347273797833224e-02 1.296204736759583476e+00
1.324103464595636874e-02 1.296195925304525431e+00
1.336983741824946531e-02 1.296186861090512510e+00
1.349989312542219239e-02 1.296177700240360720e+00
1.363121395545611320e-02 1.296168367267047206e+00
1.376381221489191876e-02 1.296158840757521080e+00
1.389770032998276401e-02 1.296149134739888353e+00
1.403289084785873213e-02 1.296139224021792380e+00
1.416939643770268736e-02 1.296129062018928746e+00
1.430722989193757184e-02 1.296118743464311329e+00
1.444640412742520530e-02 1.296108226685518838e+00
1.458693218667675602e-02 1.296097493704541748e+00
1.472882723907502529e-02 1.296086536320613325e+00
1.487210258210860774e-02 1.296075351139482690e+00
1.501677164261799868e-02 1.296063925658850646e+00
1.516284797805393485e-02 1.296052372142632692e+00
1.531034527774784160e-02 1.296040547927600706e+00
1.545927736419477720e-02 1.296028522769383962e+00
1.560965819434872483e-02 1.296016206089611433e+00
1.576150186093060873e-02 1.296003884626849789e+00
1.591482259374891323e-02 1.295990727853685742e+00
1.606963476103326349e-02 1.295977595645446234e+00
1.622595287078087284e-02 1.295963909712699813e+00
1.638379157211618947e-02 1.295949912872512932e+00
1.654316565666366645e-02 1.295936044163515044e+00
1.670409005993399310e-02 1.295922302859154884e+00
1.686657986272368723e-02 1.295905506742219604e+00
1.703065029252844378e-02 1.295893220822219583e+00
1.719631672497009753e-02 1.295878241773825268e+00
1.736359468523754335e-02 1.295862570274630698e+00
1.753249984954170088e-02 1.295847229376668963e+00
1.770304804658450262e-02 1.295832118838736724e+00
1.787525525904235316e-02 1.295815949149806023e+00
1.804913762506383731e-02 1.295799501214374150e+00
1.822471143978214581e-02 1.295782708424511931e+00
1.840199315684210371e-02 1.295764679090113169e+00
1.858099938994215231e-02 1.295747225817825310e+00
1.876174691439120440e-02 1.295729193401129020e+00
1.894425266868081034e-02 1.295710777459435414e+00
1.912853375607242307e-02 1.295692386082535785e+00
1.931460744620030340e-02 1.295673509337568419e+00
1.950249117668984011e-02 1.295654463678715063e+00
1.969220255479172538e-02 1.295635157998966447e+00
1.988375935903200636e-02 1.295615385238375161e+00
2.007717954087816226e-02 1.295595009008247755e+00
2.027248122642137662e-02 1.295573578957096128e+00
2.046968271807520987e-02 1.295552993502910866e+00
2.066880249629082095e-02 1.295531361129250270e+00
2.086985922128879734e-02 1.295509255345480115e+00
2.107287173480786382e-02 1.295486691070384166e+00
2.127785906187062287e-02 1.295463640622700918e+00
2.148484041256648255e-02 1.295440158467845881e+00
2.169383518385184506e-02 1.295416137187477723e+00
2.190486296136792688e-02 1.295391979865752052e+00
2.211794352127614133e-02 1.295366843007115021e+00
2.233309683211144592e-02 1.295341520493289655e+00
2.255034305665360936e-02 1.295315763665394249e+00
2.276970255381680075e-02 1.295289765615206035e+00
2.299119588055741764e-02 1.295263146948723465e+00
2.321484379380064564e-02 1.295235776053227372e+00
2.344066725238556220e-02 1.295207779449796925e+00
2.366868741902936057e-02 1.295179519023231585e+00
2.389892566231050300e-02 1.295150508524120170e+00
2.413140355867127856e-02 1.295120938553714351e+00
2.436614289443983158e-02 1.295090725426846667e+00
2.460316566787181664e-02 1.295059891663341567e+00
2.484249409121190577e-02 1.295028301219492528e+00
2.508415059277539771e-02 1.294996121129613931e+00
2.532815781905008515e-02 1.294963564440976045e+00
2.557453863681850847e-02 1.294930865524738461e+00
2.582331613530085626e-02 1.294896880880030299e+00
2.607451362831877603e-02 1.294862273165388489e+00
2.632815465648021339e-02 1.294826668564357242e+00
2.658426298938541474e-02 1.294790713949458327e+00
2.684286262785454819e-02 1.294754295597430271e+00
2.710397780617682106e-02 1.294716761515835257e+00
2.736763299438163891e-02 1.294678666783956267e+00
2.763385290053169824e-02 1.294639913122733965e+00
2.790266247303856487e-02 1.294600323313201073e+00
2.817408690300057458e-02 1.294559968859383181e+00
2.844815162656363222e-02 1.294518689441984893e+00
2.872488232730495070e-02 1.294476949652154874e+00
2.900430493863991738e-02 1.294434274852118927e+00
2.928644564625237229e-02 1.294390530928783978e+00
2.957133089054861039e-02 1.294345008632658223e+00
2.985898736913520854e-02 1.294299701090726229e+00
3.014944203932094433e-02 1.294255148201759020e+00
3.044272212064302874e-02 1.294207912743826405e+00
3.073885509741795460e-02 1.294160160864011422e+00
3.103786872131722788e-02 1.294111210371657661e+00
3.133979101396793671e-02 1.294061291084797061e+00
3.164465026957891114e-02 1.294010288585068835e+00
3.195247505759213347e-02 1.293958360366086247e+00
3.226329422536015901e-02 1.293906254922133625e+00
3.257713690084949876e-02 1.293851738226443171e+00
3.289403249537032475e-02 1.293796751877366313e+00
3.321401070633261954e-02 1.293739795740965759e+00
3.353710152002930406e-02 1.293682755534345974e+00
3.386333521444636480e-02 1.293624805508159170e+00
3.419274236210027851e-02 1.293564647772521781e+00
3.452535383290306070e-02 1.293504459133915763e+00
3.486120079705520153e-02 1.293442519260073142e+00
3.520031472796678745e-02 1.293379616332734461e+00
3.554272740520694751e-02 1.293316750278022731e+00
3.588847091748199186e-02 1.293250551433279716e+00
3.623757766564258964e-02 1.293184091450823470e+00
3.659008036572020811e-02 1.293115700567585069e+00
3.694601205199302130e-02 1.293046763166262991e+00
3.730540608008161424e-02 1.292975819799896620e+00
3.766829613007490613e-02 1.292904407451039406e+00
3.803471620968648659e-02 1.292830722057576986e+00
3.840470065744145539e-02 1.292755859377456851e+00
3.877828414589457040e-02 1.292679495733315642e+00
3.915550168487941241e-02 1.292601581642753628e+00
3.953638862478930927e-02 1.292522431878790234e+00
3.992098065989020672e-02 1.292441771834163866e+00
4.030931383166566628e-02 1.292359684248295615e+00
4.070142453219438572e-02 1.292276797117415166e+00
4.109734950756069316e-02 1.292191081630943872e+00
4.149712586129815362e-02 1.292103174180548653e+00
4.190079105786669034e-02 1.292014155156924193e+00
4.230838292616342228e-02 1.291923029046239568e+00
4.271993966306778662e-02 1.291830117936542566e+00
4.313549983702118923e-02 1.291736263945336471e+00
4.355510239164130798e-02 1.291639924183817678e+00
4.397878664937160398e-02 1.291541762607816723e+00
4.440659231516640160e-02 1.291441284845344706e+00
4.483855948021186338e-02 1.291339817105542354e+00
4.527472862568297785e-02 1.291236145102824695e+00
4.571514062653719151e-02 1.291130507138494199e+00
4.615983675534499064e-02 1.291022873870545817e+00
4.660885868615767536e-02 1.290913054529578163e+00
4.706224849841281199e-02 1.290800834511163231e+00
4.752004868087766204e-02 1.290686527886503399e+00
4.798230213563085128e-02 1.290570191090771202e+00
4.844905218208294534e-02 1.290451640375582798e+00
4.892034256103611894e-02 1.290330522798430302e+00
4.939621743878321036e-02 1.290206933404519862e+00
4.987672141124663283e-02 1.290081085547365225e+00
5.036189950815770505e-02 1.289952556024454022e+00
5.085179719727656034e-02 1.289821477685097806e+00
5.134646038865306461e-02 1.289687824260383309e+00
5.184593543892913187e-02 1.289551769417985438e+00
5.235026915568305461e-02 1.289413347543702848e+00
5.285950880181603667e-02 1.289273137498760935e+00
5.337370209998133774e-02 1.289126738437694986e+00
5.389289723705643909e-02 1.288979765929338051e+00
5.441714286865893119e-02 1.288830721396294177e+00
5.494648812370611646e-02 1.288678293854709223e+00
5.548098260901916656e-02 1.288522349517993604e+00
5.602067641397187603e-02 1.288366039791845497e+00
5.656562011518465050e-02 1.288202310946132245e+00
5.711586478126431943e-02 1.288042422650245600e+00
5.767146197758996756e-02 1.287868953185193455e+00
5.823246377114527778e-02 1.287698269066084977e+00
5.879892273539785025e-02 1.287523350242633313e+00
5.937089195522609469e-02 1.287346145100483286e+00
5.994842503189409116e-02 1.287164194365955749e+00
6.053157608807464840e-02 1.286979870874709997e+00
6.112039977292132997e-02 1.286791218416972971e+00
6.171495126718981594e-02 1.286598881669999583e+00
6.231528628840921763e-02 1.286402729538674183e+00
6.292146109610344262e-02 1.286203367249232787e+00
6.353353249706343575e-02 1.286000522708608429e+00
6.415155785067082339e-02 1.285792913837936480e+00
6.477559507427335661e-02 1.285581663851524947e+00
6.540570264861225724e-02 1.285366301506660092e+00
6.604193962330305590e-02 1.285146583355508243e+00
6.668436562236895737e-02 1.284922759891470534e+00
6.733304084982863480e-02 1.284694605726598660e+00
6.798802609533814711e-02 1.284462283452504128e+00
6.864938273988777095e-02 1.284224824649396135e+00
6.931717276155408003e-02 1.283982665678326862e+00
6.999145874130821565e-02 1.283738857840177827e+00
7.067230386888070925e-02 1.283484751021891190e+00
7.135977194868306506e-02 1.283228642848649015e+00
7.205392740578704658e-02 1.282968621898050277e+00
7.275483529196229149e-02 1.282702515026045598e+00
7.346256129177256011e-02 1.282468499103582404e+00
7.417717172873124210e-02 1.282155398138590918e+00
7.489873357151664857e-02 1.281874390586599688e+00
7.562731444024800576e-02 1.281587402500551587e+00
7.636298261282241373e-02 1.281295065082586060e+00
7.710580703131336699e-02 1.280997868448453980e+00
7.785585730843146146e-02 1.280692392591214146e+00
7.861320373404813433e-02 1.280382635147032655e+00
7.937791728178281159e-02 1.280066795735013807e+00
8.015006961565404597e-02 1.279744557869604060e+00
8.092973309679550586e-02 1.279417410790330445e+00
8.171698079023696770e-02 1.279083330268657503e+00
8.251188647175167201e-02 1.278743462722807367e+00
8.331452463477014014e-02 1.278396372869723630e+00
8.412497049736118726e-02 1.278042445104427216e+00
8.494330000928071445e-02 1.277681889633370815e+00
8.576958985908941790e-02 1.277314619145289099e+00
8.660391748133952627e-02 1.276940047821740087e+00
8.744636106383144036e-02 1.276558066543405534e+00
8.829699955494091368e-02 1.276169427958395053e+00
8.915591267101763417e-02 1.275774111810806133e+00
9.002318090385581784e-02 1.275369565936041338e+00
9.089888552823731371e-02 1.274958496897008020e+00
9.178310860954806694e-02 1.274539193196190467e+00
9.267593301146882789e-02 1.274124214224343854e+00
9.357744240374062106e-02 1.273685737835245968e+00
9.448772127000577836e-02 1.273238493894855106e+00
9.540685491572513388e-02 1.272779177295636055e+00
9.633492947617222635e-02 1.272317632204840177e+00
9.727203192450542546e-02 1.271849291149625083e+00
9.821825007991856482e-02 1.271370190203107153e+00
9.917367261587073379e-02 1.270883953016826551e+00
1.001383890683960748e-01 1.270386783271667541e+00
1.011124898444945991e-01 1.269881670792908812e+00
1.020960662306047012e-01 1.269364483673360855e+00
1.030892104011576216e-01 1.268837433746505372e+00
1.040920154272158005e-01 1.268301668674505889e+00
1.051045752851944987e-01 1.267753644185488637e+00
1.061269848656690717e-01 1.267201689262240194e+00
1.071593399822671072e-01 1.266633739287514215e+00
1.082017373806478805e-01 1.266055454204669584e+00
1.092542747475682557e-01 1.265464084918732857e+00
1.103170507200377515e-01 1.264866192127409361e+00
1.113901648945616746e-01 1.264256296583276429e+00
1.124737178364751955e-01 1.263633423700302627e+00
1.135678110893671017e-01 1.262999244126407072e+00
1.146725471845963656e-01 1.262354196856217081e+00
1.157880296509002094e-01 1.261695895099522069e+00
1.169143630240966764e-01 1.261025766395293957e+00
1.180516528568804902e-01 1.260343545871542847e+00
1.192000057287153220e-01 1.259646883472779200e+00
1.203595292558212876e-01 1.258938132487373629e+00
1.215303321012602134e-01 1.258215805238155571e+00
1.227125239851190319e-01 1.257481594749249254e+00
1.239062156947916271e-01 1.256734072050754047e+00
1.251115190953615564e-01 1.255967327926544419e+00
1.263285471400849291e-01 1.255189838465357255e+00
1.275574138809759950e-01 1.254397152727195541e+00
1.287982344794950385e-01 1.253590117106929025e+00
1.300511252173409127e-01 1.252768115855453779e+00
1.313162035073478784e-01 1.251941642824350609e+00
1.325935879044890797e-01 1.251078015807538524e+00
1.338833981169864351e-01 1.250209167118517595e+00
1.351857550175293021e-01 1.249324387576739692e+00
1.365007806546013891e-01 1.248424004893305739e+00
1.378285982639189389e-01 1.247505559895171423e+00
1.391693322799789911e-01 1.246570562866516241e+00
1.405231083477211373e-01 1.245619152806807239e+00
1.418900533343016301e-01 1.244648579464628257e+00
1.432702953409830948e-01 1.243661529400326149e+00
1.446639637151387880e-01 1.242656650054040357e+00
1.460711890623745679e-01 1.241632221602342545e+00
1.474921032587684921e-01 1.240588367463662856e+00
1.489268394632288772e-01 1.239526610358722580e+00
1.503755321299738434e-01 1.238445510251974913e+00
1.518383170211306810e-01 1.237344146545496182e+00
1.533153312194593942e-01 1.236223714319547806e+00
1.548067131411984265e-01 1.235080784684449151e+00
1.563126025490369497e-01 1.233919014559574867e+00
1.578331405652117214e-01 1.232736227643022042e+00
1.593684696847328941e-01 1.231530836689810116e+00
1.609187337887370006e-01 1.230304048489202939e+00
1.624840781579713067e-01 1.229054515072468101e+00
1.640646494864078653e-01 1.227782073793794781e+00
1.656605958949914359e-01 1.226487764533700009e+00
1.672720669455196874e-01 1.225169494914292834e+00
1.688992136546599021e-01 1.223828228264596252e+00
1.705421885081006561e-01 1.222462234846731333e+00
1.722011454748421100e-01 1.221072365746454613e+00
1.738762400216251336e-01 1.219656453953598341e+00
1.755676291275001522e-01 1.218226333183345611e+00
1.772754712985387948e-01 1.216750425395695334e+00
1.789999265826875408e-01 1.215258068784029755e+00
1.807411565847668600e-01 1.213739273380410433e+00
1.824993244816152382e-01 1.212194186063146661e+00
1.842745950373816666e-01 1.210636691881779470e+00
1.860671346189656239e-01 1.209020113265282692e+00
1.878771112116086051e-01 1.207390545192430276e+00
1.897046944346358344e-01 1.205733855988587733e+00
1.915500555573527997e-01 1.204047026597908188e+00
1.934133675150944698e-01 1.202331076363159834e+00
1.952948049254327745e-01 1.200584238556442696e+00
1.971945441045395986e-01 1.198807467456405096e+00
1.991127630837108697e-01 1.197000288523699219e+00
2.010496416260497965e-01 1.195161346269399294e+00
2.030053612433137811e-01 1.193290181440459952e+00
2.049801052129238688e-01 1.191386809012626502e+00
2.069740585951406198e-01 1.189451635274769270e+00
2.089874082504071251e-01 1.187482533150427289e+00
2.110203428568595552e-01 1.185479143833305882e+00
2.130730529280097374e-01 1.183441897105766749e+00
2.151457308305980698e-01 1.181369960889568249e+00
2.172385708026215445e-01 1.179263008068278218e+00
2.193517689715359098e-01 1.177119829480998137e+00
2.214855233726360506e-01 1.174940538613840069e+00
2.236400339676138660e-01 1.172724656818708411e+00
2.258155026632983065e-01 1.170470964812483139e+00
2.280121333305757114e-01 1.168179684400168172e+00
2.302301318234963867e-01 1.165851949723236913e+00
2.324697059985647851e-01 1.163484306826837233e+00
2.347310657342196183e-01 1.161086847626768392e+00
2.370144229505012079e-01 1.158629216432416120e+00
2.393199916289123208e-01 1.156141899867515255e+00
2.416479878324700736e-01 1.153613045316248531e+00
2.439986297259550130e-01 1.151043482549208852e+00
2.463721375963552895e-01 1.148432045721488715e+00
2.487687338735107279e-01 1.145778254506607974e+00
2.511886431509580686e-01 1.143080711732149091e+00
2.536320922069775774e-01 1.140340187741486933e+00
2.560993100258459609e-01 1.137546237705628904e+00
2.585905278192945911e-01 1.134726133712242069e+00
2.611059790481781162e-01 1.131851650854307945e+00
2.636458994443517945e-01 1.128932082241374868e+00
2.662105270327638773e-01 1.125964052944858906e+00
2.688001021537606006e-01 1.122952236973068008e+00
2.714148674856106669e-01 1.119892429075107998e+00
2.740550680672460548e-01 1.116785588050935196e+00
2.767209513212268712e-01 1.113629578998869052e+00
2.794127670769268601e-01 1.110423497805849369e+00
2.821307675939472293e-01 1.107168987691551143e+00
2.848752075857552413e-01 1.103864476485266533e+00
2.876463442435557849e-01 1.100511109123700537e+00
2.904444372603925406e-01 1.097104715133114583e+00
2.932697488554852905e-01 1.093649416196781354e+00
2.961225437988035947e-01 1.090141637729723056e+00
2.990030894358785551e-01 1.086579718041734921e+00
3.019116557128577738e-01 1.082964828094166831e+00
3.048485152018017286e-01 1.079298620400063413e+00
3.078139431262288950e-01 1.075578417182392998e+00
3.108082173869063936e-01 1.071802894517714710e+00
3.138316185878944342e-01 1.067972463465612476e+00
3.168844300628416155e-01 1.064093238015590526e+00
3.199669379015380732e-01 1.060150994233504784e+00
3.230794309767249795e-01 1.056151367133455254e+00
3.262222009711669979e-01 1.052100067437276465e+00
3.293955424049855307e-01 1.047990442551539170e+00
3.325997526632606949e-01 1.043822818900826288e+00
3.358351320238990301e-01 1.039599113470936587e+00
3.391019836857747105e-01 1.035315584999575211e+00
3.424006137971423724e-01 1.030975743194520788e+00
3.457313314843284413e-01 1.026576040691552061e+00
3.490944488806992929e-01 1.022117400227455342e+00
3.524902811559130766e-01 1.017599714290748247e+00
3.559191465454557002e-01 1.013023041380496370e+00
3.593813663804627523e-01 1.008384996176534765e+00
3.628772651178337472e-01 1.003686816845909435e+00
3.664071703706370808e-01 9.989302101472719020e-01
3.699714129388128048e-01 9.941118966351203401e-01
3.735703268401719401e-01 9.892319160965209468e-01
3.772042493416999376e-01 9.842916360767133277e-01
3.808735209911614517e-01 9.792880346195201868e-01
3.845784856490158665e-01 9.742261691509384036e-01
3.883194905206404091e-01 9.691019175436865751e-01
3.920968861888690649e-01 9.639166338636492304e-01
3.959110266468458539e-01 9.586674973612273609e-01
3.997622693312000708e-01 9.533582134599954960e-01
4.036509751555413805e-01 9.479868770343869988e-01
4.075775085442840395e-01 9.425528447243401997e-01
4.115422374667966343e-01 9.370586342184903383e-01
4.155455334718875515e-01 9.315014235836959200e-01
4.195877717226225712e-01 9.258830717419085365e-01
4.236693310314835759e-01 9.202034218155831224e-01
4.277905938958687093e-01 9.144629051700658984e-01
4.319519465339363706e-01 9.086598847063853679e-01
4.361537789208005944e-01 9.027949947563992383e-01
4.403964848250754294e-01 8.968718874819981979e-01
4.446804618457780300e-01 8.908872359812248787e-01
4.490061114495874639e-01 8.848419604699206964e-01
4.533738390084691150e-01 8.787364934769106295e-01
4.577840538376618529e-01 8.725726798581037169e-01
4.622371692340384031e-01 8.663482525617167695e-01
4.667336025148346446e-01 8.600662136358860899e-01
4.712737750567601580e-01 8.537262768292964710e-01
4.758581123354846953e-01 8.473268315251606397e-01
4.804870439655131720e-01 8.408764033990692166e-01
4.851610037404442966e-01 8.343597452236091172e-01
4.898804296736250508e-01 8.277921419974706430e-01
4.946457640391963562e-01 8.211681061900012457e-01
4.994574534135413635e-01 8.144899353750254534e-01
5.043159487171361421e-01 8.077574814469866693e-01
5.092217052568053237e-01 8.009728061745254868e-01
5.141751827683928022e-01 7.941354131158200325e-01
5.191768454598426619e-01 7.872463633262176685e-01
5.242271620547044320e-01 7.803062427538831614e-01
5.293266058360561743e-01 7.733169516040480085e-01
5.344756546908600026e-01 7.662791835304314514e-01
5.396747911547442600e-01 7.591938577039528679e-01
5.449245024572260121e-01 7.520594623079357444e-01
5.502252805673685243e-01 7.448819243403428381e-01
5.555776222398878250e-01 7.376624761472155845e-01
5.609820290617031358e-01 7.303967874101867652e-01
5.664390074989449353e-01 7.230946555007315979e-01
5.719490689444144405e-01 7.157308807251788751e-01
5.775127297655114900e-01 7.083549781837308323e-01
5.831305113526221717e-01 7.009279259088082581e-01
5.888029401679826247e-01 6.934664149519769172e-01
5.945305477950136863e-01 6.859705263134412423e-01
6.003138709881384871e-01 6.784398811557286191e-01
6.061534517230839914e-01 6.708732487686314139e-01
6.120498372476699256e-01 6.632824926697391543e-01
6.180035801330957534e-01 6.556593682534839207e-01
6.240152383257209223e-01 6.480080516977884120e-01
6.300853751993553686e-01 6.403328296228734118e-01
6.362145596080520660e-01 6.326326154375870869e-01
6.424033659394193796e-01 6.249089035598253128e-01
6.486523741684461219e-01 6.171649035845663267e-01
6.549621699118558515e-01 6.094014586481544260e-01
6.613333444829840868e-01 6.016226495146268505e-01
6.677664949471955325e-01 5.938260155254284633e-01
6.742622241778342129e-01 5.860436912972613044e-01
6.808211409127237213e-01 5.781972829371613276e-01
6.874438598112112553e-01 5.703669927266477035e-01
6.941310015117725385e-01 5.625298871220058006e-01
7.008831926901714082e-01 5.546877257233453484e-01
7.077010661181889484e-01 5.468389064689618273e-01
7.145852607229240538e-01 5.389912115339976495e-01
7.215364216466665370e-01 5.311452835435397368e-01
7.285552003073593186e-01 5.232955783873386446e-01
7.356422544596413760e-01 5.154508857133753841e-01
7.427982482564918776e-01 5.076124316036828565e-01
7.500238523114668432e-01 4.997918035291558092e-01
7.573197437615483141e-01 4.919759999196567368e-01
7.646866063305975958e-01 4.841730145927100604e-01
7.721251303934327792e-01 4.763845628828882739e-01
7.796360130405233235e-01 4.686135930670129457e-01
7.872199581433195759e-01 4.608614266755730604e-01
7.948776764202123424e-01 4.531270917825920841e-01
8.026098855031396084e-01 4.454223961108242924e-01
8.104173100048355227e-01 4.377397670697624199e-01
8.183006815867394090e-01 4.300888535381692246e-01
8.262607390275591435e-01 4.224553154409134148e-01
8.342982282925082149e-01 4.148682124410090211e-01
8.424139026032094746e-01 4.073092254333448570e-01
8.506085225082840040e-01 3.997860175507113034e-01
8.588828559546254349e-01 3.923012965958201925e-01
8.672376783593644944e-01 3.848544274382138530e-01
8.756737726825394308e-01 3.774534615279915850e-01
8.841919295004664336e-01 3.700922347279484992e-01
8.927929470798307010e-01 3.627940391822174759e-01
9.014776314524917122e-01 3.555151880039823520e-01
9.102467964910225806e-01 3.483020968718456567e-01
9.191012639849772681e-01 3.411281215875968109e-01
9.280418637179072006e-01 3.340247862123955080e-01
9.370694335451198453e-01 3.269752873005053462e-01
9.461848194722002336e-01 3.199785549613480828e-01
9.553888757342895444e-01 3.130335100505938217e-01
9.646824648761427312e-01 3.061637499689786601e-01
9.740664578329562007e-01 2.993568828752506961e-01
9.835417340119908536e-01 2.925972116266742917e-01
9.931091813749796104e-01 2.859144615254880506e-01
1.002769696521346621e+00 2.792969905504670280e-01
1.012524184772224167e+00 2.727522183012448531e-01
1.022373560255302127e+00 2.662697555457841370e-01
1.032318745990486564e+00 2.598627684077025601e-01
1.042360673976402197e+00 2.535287432925679152e-01
1.052500285277732761e+00 2.472682857446997506e-01
1.062738530113414459e+00 2.410866964792911793e-01
1.073076367945679621e+00 2.349795156962793119e-01
1.083514767569973225e+00 2.289479967908512881e-01
1.094054707205742494e+00 2.229969923134604293e-01
1.104697174588111785e+00 2.171242551002753596e-01
1.115443167060441221e+00 2.113366848255121555e-01
1.126293691667795249e+00 2.056295786602077846e-01
1.137249765251314271e+00 2.000023316708544607e-01
1.148312414543511073e+00 1.944627748666580280e-01
1.159482676264482759e+00 1.890020468540409282e-01
1.170761597219069250e+00 1.836338938296626644e-01
1.182150234394952371e+00 1.783493538710597404e-01
1.193649655061713055e+00 1.731438039209048652e-01
1.205260936870842681e+00 1.680350546683501423e-01
1.216985167956738056e+00 1.630055483558592033e-01
1.228823447038673411e+00 1.580712972174993791e-01
1.240776883523764251e+00 1.532203832090203721e-01
1.252846597610937529e+00 1.484593213416516011e-01
1.265033720395903893e+00 1.437863058490505275e-01
1.277339393977160009e+00 1.392016352734098128e-01
1.289764771563017165e+00 1.347083790828375871e-01
1.302311017579677488e+00 1.303007280346764607e-01
1.314979307780347773e+00 1.259803755907988321e-01
1.327770829355430449e+00 1.217511431468800837e-01
1.340686781043774811e+00 1.176208347619741579e-01
1.353728373245021821e+00 1.135582082485829536e-01
1.366896828133026487e+00 1.095943922951894411e-01
1.380193379770397355e+00 1.057200232175983662e-01
1.393619274224142002e+00 1.019265007484672358e-01
1.407175769682446731e+00 9.822952744810370396e-02
1.420864136572576708e+00 9.461789902825187837e-02
1.434685657679937831e+00 9.109014423361325163e-02
1.448641628268290127e+00 8.764265987159956806e-02
1.462733356201129986e+00 8.429036804665608618e-02
1.476962162064259898e+00 8.103851489863295177e-02
1.491329379289537682e+00 7.783724230300789748e-02
1.505836354279841416e+00 7.472763076098655477e-02
1.520484446535244283e+00 7.170637023874797122e-02
1.535275028780422657e+00 6.876712747710947427e-02
1.550209487093291205e+00 6.590871163186980131e-02
1.565289221034902312e+00 6.312928779369710031e-02
1.580515643780601165e+00 6.043208848660310689e-02
1.595890182252465817e+00 5.781168609370763295e-02
1.611414277253019778e+00 5.526920075114496317e-02
1.627089383600260675e+00 5.279998327204337566e-02
1.642916970263993193e+00 5.041251821536520128e-02
1.658898520503498064e+00 4.809649205531810190e-02
1.675035532006524441e+00 4.585380173779091129e-02
1.691329517029648732e+00 4.368416926434070396e-02
1.707782002539993016e+00 4.158451427809514711e-02
1.724394530358320354e+00 3.955563092124952246e-02
1.741168657303530987e+00 3.759571828475306160e-02
1.758105955338547632e+00 3.570372167839680477e-02
1.775208011717636092e+00 3.387814691983082049e-02
1.792476429135148930e+00 3.211832012992919816e-02
1.809912825875727105e+00 3.042224037031680123e-02
1.827518835965944666e+00 2.879111599583000780e-02
1.845296109327445366e+00 2.721949533481967873e-02
1.863246311931559873e+00 2.570785134582142736e-02
1.881371125955437096e+00 2.425533757270523227e-02
1.899672249939675650e+00 2.286284158588107809e-02
1.918151398947507635e+00 2.152659840058370605e-02
1.936810304725519849e+00 2.024474109902416746e-02
1.955650715865949074e+00 1.901852196293370850e-02
1.974674397970537454e+00 1.784408709225641584e-02
1.993883133816001019e+00 1.672203291364592753e-02
2.013278723521096492e+00 1.564908685711579803e-02
2.032862984715323673e+00 1.462502045253411681e-02
2.052637752709252084e+00 1.364994879505735878e-02
2.072604880666519822e+00 1.272118001864090166e-02
2.092766239777499759e+00 1.183756079527342568e-02
2.113123719434652603e+00 1.099663238011812372e-02
2.133679227409597701e+00 1.019924179690594353e-02
2.154434690031884259e+00 9.443051010385431279e-03
2.175392052369522489e+00 8.727000305655157816e-03
2.196553278411258248e+00 8.049528434875016444e-03
2.217920351250634692e+00 7.410429593218401979e-03
2.239495273271823184e+00 6.806894751391843676e-03
2.261280066337279404e+00 6.238793989432574356e-03
2.283276771977218012e+00 5.704561906495188295e-03
2.305487451580938707e+00 5.203207400951625691e-03
2.327914186589993051e+00 4.733075907694592015e-03
2.350559078693253756e+00 4.293828958633737897e-03
2.373424250023866033e+00 3.883602572463775056e-03
2.396511843358130278e+00 3.501444689859217752e-03
2.419824022316292567e+00 3.146453206228299639e-03
2.443362971565319341e+00 2.816809551980489941e-03
2.467130897023623426e+00 2.512110604272499350e-03
2.491130026067788439e+00 2.231051031115852037e-03
2.515362607741312928e+00 1.972509038238738893e-03
2.539830912965362675e+00 1.735463783383979670e-03
2.564537234751594674e+00 1.518845762523646442e-03
2.589483888417040802e+00 1.321634019386786580e-03
2.614673211801092023e+00 1.142807364301620795e-03
2.640107565484572927e+00 9.813572173798855523e-04
2.665789333010967876e+00 8.363270551957508467e-04
2.691720921109787668e+00 7.067040395609691401e-04
2.717904759922122881e+00 5.915671822094611520e-04
2.744343303228365283e+00 4.899726339892882367e-04
2.771039028678170535e+00 4.009930819733852612e-04
2.797994438022641805e+00 3.237225753636235274e-04
2.825212057348790218e+00 2.572744203182834237e-04
2.852694437316245057e+00 2.007722320006105035e-04
2.880444153396297668e+00 1.533540358306955298e-04
2.908463806113254169e+00 1.141738791794436763e-04
2.936756021288137397e+00 8.240595452068548204e-05
2.965323450284773621e+00 5.722921184423593023e-05
2.994168770258243573e+00 3.784523344917919182e-05
3.023294684405779531e+00 2.346729394195954573e-05
3.052703922220086241e+00 1.332082605288881419e-05
3.082399239745143404e+00 6.646635792649147681e-06
3.112383419834465759e+00 2.697833725186399841e-06
3.142659272411905569e+00 7.390611449455318899e-07
3.173229634734976212e+00 0.000000000000000000e+00
