1.000000000000000021e-02 1.176173370229815385e+00
1.009727545900835841e-02 1.176167852416677650e+00
1.019549716950923779e-02 1.176161832683648267e+00
1.029467433620748044e-02 1.176156092565884048e+00
1.039481625334708927e-02 1.176150214101270519e+00
1.049593230558227772e-02 1.176144194433965895e+00
1.059803196885688789e-02 1.176138092187797746e+00
1.070112481129246833e-02 1.176131631185008741e+00
1.080522049408488318e-02 1.176125284426540185e+00
1.091032877240974419e-02 1.176118755115036496e+00
1.101645949633656314e-02 1.176112104833757499e+00
1.112362261175187626e-02 1.176105612325561989e+00
1.123182816129126085e-02 1.176098741996426167e+00
1.134108628528052165e-02 1.176091657181691508e+00
1.145140722268592030e-02 1.176084520699113289e+00
1.156280131207376022e-02 1.176077322932416402e+00
1.167527899257919492e-02 1.176069832232160772e+00
1.178885080488457221e-02 1.176062265706381949e+00
1.190352739220719262e-02 1.176054536823041508e+00
1.201931950129673729e-02 1.176046598512065389e+00
1.213623798344241195e-02 1.176038553073589288e+00
1.225429379548980714e-02 1.176030341151074854e+00
1.237349800086776086e-02 1.176021991139371226e+00
1.249386177062509519e-02 1.176013450056824894e+00
1.261539638447754796e-02 1.176004731289054916e+00
1.273811323186478488e-02 1.175995824700117431e+00
1.286202381301779218e-02 1.175986793102492545e+00
1.298713974003655978e-02 1.175977516304632875e+00
1.311347273797833224e-02 1.175968216633794583e+00
1.324103464595636874e-02 1.175958618633565544e+00
1.336983741824946531e-02 1.175948982999618142e+00
1.349989312542219239e-02 1.175938668444642898e+00
1.363121395545611320e-02 1.175928404230779822e+00
1.376381221489191876e-02 1.175917931191509780e+00
1.389770032998276401e-02 1.175907100759013613e+00
1.403289084785873213e-02 1.175896371976500987e+00
1.416939643770268736e-02 1.175884879442052888e+00
1.430722989193757184e-02 1.175873606806143945e+00
1.444640412742520530e-02 1.175862507562585924e+00
1.458693218667675602e-02 1.175850819032132621e+00
1.472882723907502529e-02 1.175838491777251527e+00
1.487210258210860774e-02 1.175826308767524697e+00
1.501677164261799868e-02 1.175813976223351265e+00
1.516284797805393485e-02 1.175802055115778844e+00
1.531034527774784160e-02 1.175789266126142429e+00
1.545927736419477720e-02 1.175775479508698984e+00
1.560965819434872483e-02 1.175761935764634281e+00
1.576150186093060873e-02 1.175748195150399411e+00
1.591482259374891323e-02 1.175734058060236897e+00
1.606963476103326349e-02 1.175719803736643865e+00
1.622595287078087284e-02 1.175705380193978744e+00
1.638379157211618947e-02 1.175690518542968022e+00
1.654316565666366645e-02 1.175675622185870850e+00
1.670409005993399310e-02 1.175660665003040783e+00
1.686657986272368723e-02 1.175644984432113072e+00
1.703065029252844378e-02 1.175629261940251080e+00
1.719631672497009753e-02 1.175612991939376739e+00
1.736359468523754335e-02 1.175597395089062358e+00
1.753249984954170088e-02 1.175579474344320641e+00
1.770304804658450262e-02 1.175562173088410267e+00
1.787525525904235316e-02 1.175544517613940076e+00
1.804913762506383731e-02 1.175526476442846135e+00
1.822471143978214581e-02 1.175508098887802610e+00
1.840199315684210371e-02 1.175489287972377950e+00
1.858099938994215231e-02 1.175470329649843659e+00
1.876174691439120440e-02 1.175450742034937601e+00
1.894425266868081034e-02 1.175430832598004960e+00
1.912853375607242307e-02 1.175410801546539208e+00
1.931460744620030340e-02 1.175390275827247422e+00
1.950249117668984011e-02 1.175369292356063688e+00
1.969220255479172538e-02 1.175349650269144064e+00
1.988375935903200636e-02 1.175326081996470595e+00
2.007717954087816226e-02 1.175303480895266928e+00
2.027248122642137662e-02 1.175281102961338142e+00
2.046968271807520987e-02 1.175258118125731777e+00
2.066880249629082095e-02 1.175234455481735329e+00
2.086985922128879734e-02 1.175209976361254460e+00
2.107287173480786382e-02 1.175185794000978223e+00
2.127785906187062287e-02 1.175160502673358032e+00
2.148484041256648255e-02 1.175134728798927775e+00
2.169383518385184506e-02 1.175108627442839504e+00
2.190486296136792688e-02 1.175082254248266622e+00
2.211794352127614133e-02 1.175055173637479911e+00
2.233309683211144592e-02 1.175027365542546498e+00
2.255034305665360936e-02 1.174999428489113207e+00
2.276970255381680075e-02 1.174970980894097128e+00
2.299119588055741764e-02 1.174941760610615393e+00
2.321484379380064564e-02 1.174911540288838374e+00
2.344066725238556220e-02 1.174881228793112742e+00
2.366868741902936057e-02 1.174850227270556324e+00
2.389892566231050300e-02 1.174818586824469380e+00
2.413140355867127856e-02 1.174786206656180942e+00
2.436614289443983158e-02 1.174753221194327013e+00
2.460316566787181664e-02 1.174720060504529151e+00
2.484249409121190577e-02 1.174685929297189624e+00
2.508415059277539771e-02 1.174651231280342101e+00
2.532815781905008515e-02 1.174614372199780377e+00
2.557453863681850847e-02 1.174579346434647009e+00
2.582331613530085626e-02 1.174542736389946329e+00
2.607451362831877603e-02 1.174505113577501092e+00
2.632815465648021339e-02 1.174466437940943964e+00
2.658426298938541474e-02 1.174427364376881000e+00
2.684286262785454819e-02 1.174387949256050279e+00
2.710397780617682106e-02 1.174347374301130786e+00
2.736763299438163891e-02 1.174305995515701584e+00
2.763385290053169824e-02 1.174263294079857189e+00
2.790266247303856487e-02 1.174220327154135157e+00
2.817408690300057458e-02 1.174175263337416730e+00
2.844815162656363222e-02 1.174130834167782078e+00
2.872488232730495070e-02 1.174085501478279392e+00
2.900430493863991738e-02 1.174038207034917569e+00
2.928644564625237229e-02 1.173990933499366118e+00
2.957133089054861039e-02 1.173942353083309076e+00
2.985898736913520854e-02 1.173893054275771730e+00
3.014944203932094433e-02 1.173843565893381014e+00
3.044272212064302874e-02 1.173792632133509262e+00
3.073885509741795460e-02 1.173740292749226866e+00
3.103786872131722788e-02 1.173686206528033349e+00
3.133979101396793671e-02 1.173632086197924362e+00
3.164465026957891114e-02 1.173576915338613968e+00
3.195247505759213347e-02 1.173520676858216705e+00
3.226329422536015901e-02 1.173462636267740278e+00
3.257713690084949876e-02 1.173404590611574649e+00
3.289403249537032475e-02 1.173344143084776414e+00
3.321401070633261954e-02 1.173283104750068917e+00
3.353710152002930406e-02 1.173221043757526783e+00
3.386333521444636480e-02 1.173157759219263019e+00
3.419274236210027851e-02 1.173093451030285506e+00
3.452535383290306070e-02 1.173028491911852100e+00
3.486120079705520153e-02 1.172960680382588050e+00
3.520031472796678745e-02 1.172892158437412569e+00
3.554272740520694751e-02 1.172822278146634201e+00
3.588847091748199186e-02 1.172750801774788076e+00
3.623757766564258964e-02 1.172678320097286342e+00
3.659008036572020811e-02 1.172604359964094511e+00
3.694601205199302130e-02 1.172528822784767222e+00
3.730540608008161424e-02 1.172451868392987651e+00
3.766829613007490613e-02 1.172373312256481448e+00
3.803471620968648659e-02 1.172293468444287168e+00
3.840470065744145539e-02 1.172212115369875018e+00
3.877828414589457040e-02 1.172129238963344866e+00
3.915550168487941241e-02 1.172044733276375039e+00
3.953638862478930927e-02 1.171958532306331735e+00
3.992098065989020672e-02 1.171870428323912527e+00
4.030931383166566628e-02 1.171780706545509476e+00
4.070142453219438572e-02 1.171689405550599972e+00
4.109734950756069316e-02 1.171596382874224851e+00
4.149712586129815362e-02 1.171501202037778411e+00
4.190079105786669034e-02 1.171404327506646137e+00
4.230838292616342228e-02 1.171305462086875915e+00
4.271993966306778662e-02 1.171204653541372931e+00
4.313549983702118923e-02 1.171101828616267548e+00
4.355510239164130798e-02 1.170996837685945424e+00
4.397878664937160398e-02 1.170890182085869924e+00
4.440659231516640160e-02 1.170780983519021268e+00
4.483855948021186338e-02 1.170670949076143774e+00
4.527472862568297785e-02 1.170556418697530132e+00
4.571514062653719151e-02 1.170441241738315430e+00
4.615983675534499064e-02 1.170324055378356487e+00
4.660885868615767536e-02 1.170204015846729284e+00
4.706224849841281199e-02 1.170081866713706065e+00
4.752004868087766204e-02 1.169957418623454037e+00
4.798230213563085128e-02 1.169830644863844471e+00
4.844905218208294534e-02 1.169701388057767799e+00
4.892034256103611894e-02 1.169570862709654824e+00
4.939621743878321036e-02 1.169435117598759621e+00
4.987672141124663283e-02 1.169297309466464929e+00
5.036189950815770505e-02 1.169158198015115779e+00
5.085179719727656034e-02 1.169015183590753182e+00
5.134646038865306461e-02 1.168869869184117949e+00
5.184593543892913187e-02 1.168722213596519843e+00
5.235026915568305461e-02 1.168571388309983305e+00
5.285950880181603667e-02 1.168417367522010197e+00
5.337370209998133774e-02 1.168257044233233177e+00
5.389289723705643909e-02 1.168101257221763056e+00
5.441714286865893119e-02 1.167938299431175997e+00
5.494648812370611646e-02 1.167772291638609072e+00
5.548098260901916656e-02 1.167608656480312090e+00
5.602067641397187603e-02 1.167430632428501980e+00
5.656562011518465050e-02 1.167254340651852740e+00
5.711586478126431943e-02 1.167075277086935703e+00
5.767146197758996756e-02 1.166892695335415286e+00
5.823246377114527778e-02 1.166705589518566510e+00
5.879892273539785025e-02 1.166515833086214871e+00
5.937089195522609469e-02 1.166324565257949031e+00
5.994842503189409116e-02 1.166124445274428156e+00
6.053157608807464840e-02 1.165923226616428110e+00
6.112039977292132997e-02 1.165718806325563461e+00
6.171495126718981594e-02 1.165509544313887424e+00
6.231528628840921763e-02 1.165299140516433463e+00
6.292146109610344262e-02 1.165079429193241145e+00
6.353353249706343575e-02 1.164858575270222518e+00
6.415155785067082339e-02 1.164632568072925478e+00
6.477559507427335661e-02 1.164403240141069329e+00
6.540570264861225724e-02 1.164169037139515694e+00
6.604193962330305590e-02 1.163929485447970480e+00
6.668436562236895737e-02 1.163685602333077052e+00
6.733304084982863480e-02 1.163438254846984599e+00
6.798802609533814711e-02 1.163183531738557930e+00
6.864938273988777095e-02 1.162926207910038867e+00
6.931717276155408003e-02 1.162663728848777556e+00
6.999145874130821565e-02 1.162396369589060896e+00
7.067230386888070925e-02 1.162122801082247969e+00
7.135977194868306506e-02 1.161844791655425979e+00
7.205392740578704658e-02 1.161561155379549071e+00
7.275483529196229149e-02 1.161272076465406311e+00
7.346256129177256011e-02 1.160977894817219802e+00
7.417717172873124210e-02 1.160677043916378715e+00
7.489873357151664857e-02 1.160370892828375577e+00
7.562731444024800576e-02 1.160074281004522367e+00
7.636298261282241373e-02 1.159741272224255937e+00
7.710580703131336699e-02 1.159417382652401241e+00
7.785585730843146146e-02 1.159087610397993240e+00
7.861320373404813433e-02 1.158751178828195449e+00
7.937791728178281159e-02 1.158416206697519435e+00
8.015006961565404597e-02 1.158058014671640157e+00
8.092973309679550586e-02 1.157701586749412037e+00
8.171698079023696770e-02 1.157338093472652263e+00
8.251188647175167201e-02 1.156969832258498698e+00
8.331452463477014014e-02 1.156590603966509923e+00
8.412497049736118726e-02 1.156208396693986007e+00
8.494330000928071445e-02 1.155817367639619064e+00
8.576958985908941790e-02 1.155418132971551159e+00
8.660391748133952627e-02 1.155011569163905349e+00
8.744636106383144036e-02 1.154596097261398446e+00
8.829699955494091368e-02 1.154173869935542163e+00
8.915591267101763417e-02 1.153741442905434456e+00
9.002318090385581784e-02 1.153306825004617675e+00
9.089888552823731371e-02 1.152858045405920073e+00
9.178310860954806694e-02 1.152402878474547920e+00
9.267593301146882789e-02 1.151935166475201555e+00
9.357744240374062106e-02 1.151465917917682269e+00
9.448772127000577836e-02 1.150983740318242354e+00
9.540685491572513388e-02 1.150492397397809841e+00
9.633492947617222635e-02 1.149991993507909038e+00
9.727203192450542546e-02 1.149482801035999868e+00
9.821825007991856482e-02 1.148968210553672264e+00
9.917367261587073379e-02 1.148434587234477000e+00
1.001383890683960748e-01 1.147896397480955510e+00
1.011124898444945991e-01 1.147346204839585049e+00
1.020960662306047012e-01 1.146786668252513852e+00
1.030892104011576216e-01 1.146216447638479741e+00
1.040920154272158005e-01 1.145636614070753678e+00
1.051045752851944987e-01 1.145045701819182415e+00
1.061269848656690717e-01 1.144440417874184712e+00
1.071593399822671072e-01 1.143826012822374505e+00
1.082017373806478805e-01 1.143202517154063846e+00
1.092542747475682557e-01 1.142561057765904664e+00
1.103170507200377515e-01 1.141912041895916108e+00
1.113901648945616746e-01 1.141258614188581433e+00
1.124737178364751955e-01 1.140575796133554753e+00
1.135678110893671017e-01 1.139888857293972935e+00
1.146725471845963656e-01 1.139188684693460685e+00
1.157880296509002094e-01 1.138476471104014953e+00
1.169143630240966764e-01 1.137749817906420047e+00
1.180516528568804902e-01 1.137009843324013669e+00
1.192000057287153220e-01 1.136256891879650066e+00
1.203595292558212876e-01 1.135488507957987503e+00
1.215303321012602134e-01 1.134706859605613127e+00
1.227125239851190319e-01 1.133910769128475549e+00
1.239062156947916271e-01 1.133099834959482521e+00
1.251115190953615564e-01 1.132272710222606005e+00
1.263285471400849291e-01 1.131431436383684597e+00
1.275574138809759950e-01 1.130574491529739767e+00
1.287982344794950385e-01 1.129701597645034861e+00
1.300511252173409127e-01 1.128813117725334436e+00
1.313162035073478784e-01 1.127906597090037488e+00
1.325935879044890797e-01 1.126947225081962767e+00
1.338833981169864351e-01 1.126047008381888981e+00
1.351857550175293021e-01 1.125090317387295036e+00
1.365007806546013891e-01 1.124116592648050528e+00
1.378285982639189389e-01 1.123124593811831273e+00
1.391693322799789911e-01 1.122114021874814016e+00
1.405231083477211373e-01 1.121085949557010908e+00
1.418900533343016301e-01 1.120038505990627931e+00
1.432702953409830948e-01 1.118973367384014539e+00
1.446639637151387880e-01 1.117887068332158229e+00
1.460711890623745679e-01 1.116781031299848959e+00
1.474921032587684921e-01 1.115650269329241162e+00
1.489268394632288772e-01 1.114519455373007339e+00
1.503755321299738434e-01 1.113343425109524665e+00
1.518383170211306810e-01 1.112155838809488984e+00
1.533153312194593942e-01 1.110946047598755371e+00
1.548067131411984265e-01 1.109716193134052453e+00
1.563126025490369497e-01 1.108476148825074947e+00
1.578331405652117214e-01 1.107187302348432434e+00
1.593684696847328941e-01 1.105888395834401239e+00
1.609187337887370006e-01 1.104567302110834204e+00
1.624840781579713067e-01 1.103221974831654739e+00
1.640646494864078653e-01 1.101852963052418088e+00
1.656605958949914359e-01 1.100458515450417396e+00
1.672720669455196874e-01 1.099040116123557453e+00
1.688992136546599021e-01 1.097596758226959013e+00
1.705421885081006561e-01 1.096127614551683838e+00
1.722011454748421100e-01 1.094632216779569678e+00
1.738762400216251336e-01 1.093110551525143137e+00
1.755676291275001522e-01 1.091562655717966734e+00
1.772754712985387948e-01 1.089987413509217573e+00
1.789999265826875408e-01 1.088384030331149388e+00
1.807411565847668600e-01 1.086752800627296622e+00
1.824993244816152382e-01 1.085093196158565032e+00
1.842745950373816666e-01 1.083404797586555723e+00
1.860671346189656239e-01 1.081686841816233313e+00
1.878771112116086051e-01 1.079939259660835038e+00
1.897046944346358344e-01 1.078161402009171876e+00
1.915500555573527997e-01 1.076352545451777498e+00
1.934133675150944698e-01 1.074512850552437504e+00
1.952948049254327745e-01 1.072642826834320884e+00
1.971945441045395986e-01 1.070740538258109886e+00
1.991127630837108697e-01 1.068814310396374090e+00
2.010496416260497965e-01 1.066835580861125399e+00
2.030053612433137811e-01 1.064833752148571122e+00
2.049801052129238688e-01 1.062797579398105929e+00
2.069740585951406198e-01 1.060727331264621265e+00
2.089874082504071251e-01 1.058623169536013542e+00
2.110203428568595552e-01 1.056482977234828757e+00
2.130730529280097374e-01 1.054306172149837462e+00
2.151457308305980698e-01 1.052094486564637998e+00
2.172385708026215445e-01 1.049839783363566426e+00
2.193517689715359098e-01 1.047559561001018213e+00
2.214855233726360506e-01 1.045235540438766986e+00
2.236400339676138660e-01 1.042874013780184184e+00
2.258155026632983065e-01 1.040471394298548624e+00
2.280121333305757114e-01 1.038032347919824128e+00
2.302301318234963867e-01 1.035552813430395513e+00
2.324697059985647851e-01 1.033033984578526576e+00
2.347310657342196183e-01 1.030473624933397669e+00
2.370144229505012079e-01 1.027870448053589847e+00
2.393199916289123208e-01 1.025226948374963198e+00
2.416479878324700736e-01 1.022540985985456174e+00
2.439986297259550130e-01 1.019813639011301509e+00
2.463721375963552895e-01 1.017041637700979884e+00
2.487687338735107279e-01 1.014226654536876104e+00
2.511886431509580686e-01 1.011368810487277781e+00
2.536320922069775774e-01 1.008463777334395628e+00
2.560993100258459609e-01 1.005513658230648089e+00
2.585905278192945911e-01 1.002519831900980263e+00
2.611059790481781162e-01 9.994793512405091285e-01
2.636458994443517945e-01 9.963916915184355405e-01
2.662105270327638773e-01 9.932571467071624749e-01
2.688001021537606006e-01 9.900796505553333127e-01
2.714148674856106669e-01 9.868484656192891835e-01
2.740550680672460548e-01 9.835665892947902389e-01
2.767209513212268712e-01 9.802402571513826324e-01
2.794127670769268601e-01 9.768640735009394005e-01
2.821307675939472293e-01 9.734368126073201788e-01
2.848752075857552413e-01 9.699634257532461223e-01
2.876463442435557849e-01 9.664326791941479922e-01
2.904444372603925406e-01 9.628550110270455153e-01
2.932697488554852905e-01 9.592249457208000818e-01
2.961225437988035947e-01 9.555433861463629164e-01
2.990030894358785551e-01 9.518087717524187363e-01
3.019116557128577738e-01 9.480225375628225093e-01
3.048485152018017286e-01 9.441818881671577568e-01
3.078139431262288950e-01 9.402877846713352250e-01
3.108082173869063936e-01 9.363417431697736992e-01
3.138316185878944342e-01 9.323406269979238603e-01
3.168844300628416155e-01 9.282843771640579833e-01
3.199669379015380732e-01 9.241736384682899264e-01
3.230794309767249795e-01 9.200062648948754696e-01
3.262222009711669979e-01 9.157862563061166528e-01
3.293955424049855307e-01 9.115098621333918016e-01
3.325997526632606949e-01 9.071776983981825193e-01
3.358351320238990301e-01 9.027879096676846293e-01
3.391019836857747105e-01 8.983426619364636156e-01
3.424006137971423724e-01 8.938402631073043558e-01
3.457313314843284413e-01 8.892813883838792677e-01
3.490944488806992929e-01 8.846662019737184801e-01
3.524902811559130766e-01 8.799932063518181025e-01
3.559191465454557002e-01 8.752630937850106596e-01
3.593813663804627523e-01 8.704761227775338339e-01
3.628772651178337472e-01 8.656316656350463434e-01
3.664071703706370808e-01 8.607287281378710464e-01
3.699714129388128048e-01 8.557676287243279889e-01
3.735703268401719401e-01 8.507511611288307574e-01
3.772042493416999376e-01 8.456763803587373785e-01
3.808735209911614517e-01 8.405437990144503102e-01
3.845784856490158665e-01 8.353533786015970852e-01
3.883194905206404091e-01 8.301067960873765861e-01
3.920968861888690649e-01 8.248018034576997115e-01
3.959110266468458539e-01 8.194490980061138741e-01
3.997622693312000708e-01 8.140224327160051621e-01
4.036509751555413805e-01 8.085478968710834158e-01
4.075775085442840395e-01 8.030195277683666033e-01
4.115422374667966343e-01 7.974275139314560557e-01
4.155455334718875515e-01 7.917842563959814894e-01
4.195877717226225712e-01 7.860841272688166015e-01
4.236693310314835759e-01 7.803306701310824822e-01
4.277905938958687093e-01 7.745204320783720675e-01
4.319519465339363706e-01 7.686578043913475655e-01
4.361537789208005944e-01 7.627396519076028447e-01
4.403964848250754294e-01 7.567683502272736229e-01
4.446804618457780300e-01 7.507426586333458829e-01
4.490061114495874639e-01 7.446680658580454581e-01
4.533738390084691150e-01 7.385389717032483370e-01
4.577840538376618529e-01 7.323615512104861835e-01
4.622371692340384031e-01 7.261308850234724499e-01
4.667336025148346446e-01 7.198521337327270508e-01
4.712737750567601580e-01 7.135259210587547862e-01
4.758581123354846953e-01 7.071496535610245493e-01
4.804870439655131720e-01 7.007303159352968880e-01
4.851610037404442966e-01 6.942747909304648468e-01
4.898804296736250508e-01 6.877422402904597165e-01
4.946457640391963562e-01 6.811785829162757544e-01
4.994574534135413635e-01 6.745793224256676490e-01
5.043159487171361421e-01 6.679352249987270396e-01
5.092217052568053237e-01 6.612488660305841925e-01
5.141751827683928022e-01 6.545218601298864458e-01
5.191768454598426619e-01 6.477559992686573453e-01
5.242271620547044320e-01 6.409518997482637204e-01
5.293266058360561743e-01 6.341112091893514879e-01
5.344756546908600026e-01 6.272367991151439615e-01
5.396747911547442600e-01 6.203274340390934061e-01
5.449245024572260121e-01 6.133846601783596864e-01
5.502252805673685243e-01 6.064109365036194355e-01
5.555776222398878250e-01 5.994069449683939732e-01
5.609820290617031358e-01 5.923762520852807745e-01
5.664390074989449353e-01 5.853173478518622908e-01
5.719490689444144405e-01 5.782486041979670865e-01
5.775127297655114900e-01 5.711201473860140210e-01
5.831305113526221717e-01 5.639942769006923706e-01
5.888029401679826247e-01 5.568446542905909347e-01
5.945305477950136863e-01 5.496763395354929971e-01
6.003138709881384871e-01 5.424882885373755181e-01
6.061534517230839914e-01 5.352875343040106593e-01
6.120498372476699256e-01 5.280746904998240288e-01
6.180035801330957534e-01 5.208436641639669906e-01
6.240152383257209223e-01 5.136050319807791142e-01
6.300853751993553686e-01 5.063559387528285827e-01
6.362145596080520660e-01 4.991093344604240478e-01
6.424033659394193796e-01 4.918531566114943132e-01
6.486523741684461219e-01 4.845947808638511045e-01
6.549621699118558515e-01 4.773355389669663995e-01
6.613333444829840868e-01 4.700780338261928981e-01
6.677664949471955325e-01 4.628238222794145984e-01
6.742622241778342129e-01 4.555742533547713080e-01
6.808211409127237213e-01 4.483328153156392881e-01
6.874438598112112553e-01 4.411003693793459357e-01
6.941310015117725385e-01 4.338853220382051235e-01
7.008831926901714082e-01 4.266729594303581563e-01
7.077010661181889484e-01 4.194815475802727289e-01
7.145852607229240538e-01 4.123076162167380043e-01
7.215364216466665370e-01 4.051533211669727241e-01
7.285552003073593186e-01 3.980209546197964188e-01
7.356422544596413760e-01 3.909105516299732908e-01
7.427982482564918776e-01 3.838293336360124597e-01
7.500238523114668432e-01 3.767720664507076545e-01
7.573197437615483141e-01 3.697445374829058107e-01
7.646866063305975958e-01 3.627542446073362958e-01
7.721251303934327792e-01 3.557963835657758089e-01
7.796360130405233235e-01 3.488637326753047385e-01
7.872199581433195759e-01 3.419836986836590764e-01
7.948776764202123424e-01 3.351372127339835583e-01
8.026098855031396084e-01 3.283388391274837947e-01
8.104173100048355227e-01 3.215727458514544002e-01
8.183006815867394090e-01 3.148649987154902852e-01
8.262607390275591435e-01 3.082061140471210048e-01
8.342982282925082149e-01 3.015762979909525354e-01
8.424139026032094746e-01 2.950166291310612476e-01
8.506085225082840040e-01 2.885042622944096191e-01
8.588828559546254349e-01 2.820505184257315889e-01
8.672376783593644944e-01 2.756460025989918017e-01
8.756737726825394308e-01 2.693034333084480814e-01
8.841919295004664336e-01 2.630208462083674648e-01
8.927929470798307010e-01 2.567990652732415335e-01
9.014776314524917122e-01 2.506410344839288262e-01
9.102467964910225806e-01 2.445509143751783687e-01
9.191012639849772681e-01 2.385222556127365445e-01
9.280418637179072006e-01 2.325625476349976184e-01
9.370694335451198453e-01 2.266743617305971847e-01
9.461848194722002336e-01 2.208522336919964690e-01
9.553888757342895444e-01 2.151045199005020281e-01
9.646824648761427312e-01 2.094268118219734243e-01
9.740664578329562007e-01 2.038271002659673148e-01
9.835417340119908536e-01 1.982973339607334573e-01
9.931091813749796104e-01 1.928511322741919276e-01
1.002769696521346621e+00 1.874801023417128065e-01
1.012524184772224167e+00 1.821804329953765345e-01
1.022373560255302127e+00 1.769694426354883610e-01
1.032318745990486564e+00 1.718310055765498723e-01
1.042360673976402197e+00 1.667804708005086178e-01
1.052500285277732761e+00 1.618074866704915238e-01
1.062738530113414459e+00 1.569175533601742945e-01
1.073076367945679621e+00 1.521103924334277213e-01
1.083514767569973225e+00 1.473862757457170547e-01
1.094054707205742494e+00 1.427487779219452635e-01
1.104697174588111785e+00 1.381923436316217779e-01
1.115443167060441221e+00 1.337189631771245890e-01
1.126293691667795249e+00 1.293330152014628143e-01
1.137249765251314271e+00 1.250412418167044237e-01
1.148312414543511073e+00 1.208168224856590034e-01
1.159482676264482759e+00 1.166871724844706359e-01
1.170761597219069250e+00 1.126446392383017719e-01
1.182150234394952371e+00 1.086810588014022610e-01
1.193649655061713055e+00 1.048121077477544433e-01
1.205260936870842681e+00 1.010273254109151642e-01
1.216985167956738056e+00 9.732533377464638868e-02
1.228823447038673411e+00 9.370274058373830040e-02
1.240776883523764251e+00 9.017525278931366739e-02
1.252846597610937529e+00 8.674865235875418856e-02
1.265033720395903893e+00 8.337139875402620193e-02
1.277339393977160009e+00 8.008673334132244970e-02
1.289764771563017165e+00 7.689120876664812254e-02
1.302311017579677488e+00 7.377862161634837768e-02
1.314979307780347773e+00 7.074802880549757589e-02
1.327770829355430449e+00 6.779776140937179840e-02
1.340686781043774811e+00 6.493143491172814752e-02
1.353728373245021821e+00 6.214365960256099802e-02
1.366896828133026487e+00 5.943582223702859740e-02
1.380193379770397355e+00 5.680276340679387553e-02
1.393619274224142002e+00 5.425519846603292506e-02
1.407175769682446731e+00 5.178092694655023892e-02
1.420864136572576708e+00 4.938278458166325130e-02
1.434685657679937831e+00 4.706032082005465883e-02
1.448641628268290127e+00 4.481090681600174291e-02
1.462733356201129986e+00 4.263579009950110160e-02
1.476962162064259898e+00 4.053197384463570752e-02
1.491329379289537682e+00 3.849980962453548178e-02
1.505836354279841416e+00 3.653746105930719135e-02
1.520484446535244283e+00 3.464420454912329334e-02
1.535275028780422657e+00 3.281849579199299510e-02
1.550209487093291205e+00 3.106132799338203951e-02
1.565289221034902312e+00 2.936714033859469386e-02
1.580515643780601165e+00 2.773671496065670955e-02
1.595890182252465817e+00 2.616908740876413772e-02
1.611414277253019778e+00 2.466538863301940068e-02
1.627089383600260675e+00 2.322162553067364313e-02
1.642916970263993193e+00 2.183610633858528230e-02
1.658898520503498064e+00 2.051008313472778288e-02
1.675035532006524441e+00 1.923955605564031668e-02
1.691329517029648732e+00 1.802526424471737401e-02
1.707782002539993016e+00 1.686372677047072097e-02
1.724394530358320354e+00 1.575481266660004251e-02
1.741168657303530987e+00 1.469870499428080866e-02
1.758105955338547632e+00 1.369255848687690215e-02
1.775208011717636092e+00 1.273523938269821749e-02
1.792476429135148930e+00 1.182397496121432440e-02
1.809912825875727105e+00 1.095992717653240973e-02
1.827518835965944666e+00 1.014051767007109056e-02
1.845296109327445366e+00 9.364653070335420340e-03
1.863246311931559873e+00 8.630593460626910518e-03
1.881371125955437096e+00 7.938431493511836565e-03
1.899672249939675650e+00 7.284807635981297921e-03
1.918151398947507635e+00 6.669771726683183799e-03
1.936810304725519849e+00 6.091624606978009865e-03
1.955650715865949074e+00 5.549301668859492505e-03
1.974674397970537454e+00 5.041028894926163038e-03
1.993883133816001019e+00 4.566438559078889008e-03
2.013278723521096492e+00 4.123518947200598833e-03
2.032862984715323673e+00 3.711239582160261261e-03
2.052637752709252084e+00 3.328620807247923037e-03
2.072604880666519822e+00 2.973682366069626930e-03
2.092766239777499759e+00 2.645990891488877051e-03
2.113123719434652603e+00 2.344122314148279571e-03
2.133679227409597701e+00 2.066841272803335728e-03
2.154434690031884259e+00 1.813022574018135179e-03
2.175392052369522489e+00 1.581502166826884376e-03
2.196553278411258248e+00 1.371186395030569386e-03
2.217920351250634692e+00 1.180887878967557631e-03
2.239495273271823184e+00 1.009532520557739109e-03
2.261280066337279404e+00 8.560530734160207243e-04
2.283276771977218012e+00 7.193300993162513078e-04
2.305487451580938707e+00 5.983415798611699948e-04
2.327914186589993051e+00 4.920391672004754665e-04
2.350559078693253756e+00 3.993901374232023305e-04
2.373424250023866033e+00 3.193919093288169757e-04
2.396511843358130278e+00 2.510497789845837486e-04
2.419824022316292567e+00 1.933868372258998086e-04
2.443362971565319341e+00 1.454419576244689316e-04
2.467130897023623426e+00 1.062672925523354699e-04
2.491130026067788439e+00 7.493657382652750228e-05
2.515362607741312928e+00 5.053392465670462344e-05
2.539830912965362675e+00 3.215869278716919767e-05
2.564537234751594674e+00 1.892727368605687707e-05
2.589483888417040802e+00 9.970634074904867114e-06
2.614673211801092023e+00 4.433332046092025012e-06
2.640107565484572927e+00 1.474320935778708344e-06
2.665789333010967876e+00 2.666741848531031844e-07
2.691720921109787668e+00 0.000000000000000000e+00
