1.000000000000000021e-02 1.976021437875281395e+00
1.009727545900835841e-02 1.976017865293560716e+00
1.019549716950923779e-02 1.976014199304319430e+00
1.029467433620748044e-02 1.976010436819472194e+00
1.039481625334708927e-02 1.976006586586068092e+00
1.049593230558227772e-02 1.976002648334953982e+00
1.059803196885688789e-02 1.975998582581897534e+00
1.070112481129246833e-02 1.975994397433879834e+00
1.080522049408488318e-02 1.975990117847218119e+00
1.091032877240974419e-02 1.975985733834574765e+00
1.101645949633656314e-02 1.975981239139038115e+00
1.112362261175187626e-02 1.975976638756668846e+00
1.123182816129126085e-02 1.975971929936622518e+00
1.134108628528052165e-02 1.975967103243077672e+00
1.145140722268592030e-02 1.975962160459750372e+00
1.156280131207376022e-02 1.975957106573540401e+00
1.167527899257919492e-02 1.975951935163517748e+00
1.178885080488457221e-02 1.975946646233874615e+00
1.190352739220719262e-02 1.975941247711642035e+00
1.201931950129673729e-02 1.975935723806346855e+00
1.213623798344241195e-02 1.975930114608197341e+00
1.225429379548980714e-02 1.975924405179465104e+00
1.237349800086776086e-02 1.975918572430817033e+00
1.249386177062509519e-02 1.975912611920054074e+00
1.261539638447754796e-02 1.975906508122651228e+00
1.273811323186478488e-02 1.975900261892735266e+00
1.286202381301779218e-02 1.975893873887668795e+00
1.298713974003655978e-02 1.975887344845499882e+00
1.311347273797833224e-02 1.975880705713835894e+00
1.324103464595636874e-02 1.975873925595214020e+00
1.336983741824946531e-02 1.975866992089649443e+00
1.349989312542219239e-02 1.975859900844337158e+00
1.363121395545611320e-02 1.975852572247238204e+00
1.376381221489191876e-02 1.975845187371515710e+00
1.389770032998276401e-02 1.975837600902489166e+00
1.403289084785873213e-02 1.975829864074153397e+00
1.416939643770268736e-02 1.975822018499813426e+00
1.430722989193757184e-02 1.975814029086015999e+00
1.444640412742520530e-02 1.975805804124443066e+00
1.458693218667675602e-02 1.975797405850293398e+00
1.472882723907502529e-02 1.975788908960693036e+00
1.487210258210860774e-02 1.975780223448531103e+00
1.501677164261799868e-02 1.975771347563692215e+00
1.516284797805393485e-02 1.975762255078161500e+00
1.531034527774784160e-02 1.975753056610048963e+00
1.545927736419477720e-02 1.975743693854151939e+00
1.560965819434872483e-02 1.975734115407823621e+00
1.576150186093060873e-02 1.975724367600462550e+00
1.591482259374891323e-02 1.975714420034782925e+00
1.606963476103326349e-02 1.975704216289366544e+00
1.622595287078087284e-02 1.975693756439711235e+00
1.638379157211618947e-02 1.975683050771902982e+00
1.654316565666366645e-02 1.975672091219168980e+00
1.670409005993399310e-02 1.975660977230805138e+00
1.686657986272368723e-02 1.975649794544125593e+00
1.703065029252844378e-02 1.975638367123163430e+00
1.719631672497009753e-02 1.975626713874943041e+00
1.736359468523754335e-02 1.975614842500920121e+00
1.753249984954170088e-02 1.975602056437941734e+00
1.770304804658450262e-02 1.975590627489091755e+00
1.787525525904235316e-02 1.975578134094771565e+00
1.804913762506383731e-02 1.975565539923493041e+00
1.822471143978214581e-02 1.975552653064761133e+00
1.840199315684210371e-02 1.975539477213946737e+00
1.858099938994215231e-02 1.975525998067064304e+00
1.876174691439120440e-02 1.975512238734356218e+00
1.894425266868081034e-02 1.975498227080682678e+00
1.912853375607242307e-02 1.975483883509595362e+00
1.931460744620030340e-02 1.975468419069976500e+00
1.950249117668984011e-02 1.975453517057500497e+00
1.969220255479172538e-02 1.975438438704687272e+00
1.988375935903200636e-02 1.975423202379323895e+00
2.007717954087816226e-02 1.975407685230383237e+00
2.027248122642137662e-02 1.975391851745916583e+00
2.046968271807520987e-02 1.975375839607903083e+00
2.066880249629082095e-02 1.975360540019982514e+00
2.086985922128879734e-02 1.975344074186400123e+00
2.107287173480786382e-02 1.975327269512875628e+00
2.127785906187062287e-02 1.975310071627272235e+00
2.148484041256648255e-02 1.975292485591942260e+00
2.169383518385184506e-02 1.975273618104381956e+00
2.190486296136792688e-02 1.975255301562884203e+00
2.211794352127614133e-02 1.975236579056377284e+00
2.233309683211144592e-02 1.975218373034203223e+00
2.255034305665360936e-02 1.975198662425826424e+00
2.276970255381680075e-02 1.975178489474717303e+00
2.299119588055741764e-02 1.975157872489393007e+00
2.321484379380064564e-02 1.975136872639909003e+00
2.344066725238556220e-02 1.975115470571963128e+00
2.366868741902936057e-02 1.975093663710338676e+00
2.389892566231050300e-02 1.975071491405200996e+00
2.413140355867127856e-02 1.975048879367897525e+00
2.436614289443983158e-02 1.975025910147902186e+00
2.460316566787181664e-02 1.975002667800295431e+00
2.484249409121190577e-02 1.974979227009794558e+00
2.508415059277539771e-02 1.974955357685116430e+00
2.532815781905008515e-02 1.974931058739732181e+00
2.557453863681850847e-02 1.974906343474395642e+00
2.582331613530085626e-02 1.974881093287161216e+00
2.607451362831877603e-02 1.974855302978074212e+00
2.632815465648021339e-02 1.974829017625815641e+00
2.658426298938541474e-02 1.974802278968483149e+00
2.684286262785454819e-02 1.974775020263163317e+00
2.710397780617682106e-02 1.974747236201385148e+00
2.736763299438163891e-02 1.974718807277269894e+00
2.763385290053169824e-02 1.974689715372176746e+00
2.790266247303856487e-02 1.974661848101126216e+00
2.817408690300057458e-02 1.974631299285031005e+00
2.844815162656363222e-02 1.974600236234505868e+00
2.872488232730495070e-02 1.974568540734680910e+00
2.900430493863991738e-02 1.974536077393350686e+00
2.928644564625237229e-02 1.974502841190056479e+00
2.957133089054861039e-02 1.974468909592722810e+00
2.985898736913520854e-02 1.974434200063796219e+00
3.014944203932094433e-02 1.974398918567259686e+00
3.044272212064302874e-02 1.974362874491434106e+00
3.073885509741795460e-02 1.974325960110566491e+00
3.103786872131722788e-02 1.974288494744661504e+00
3.133979101396793671e-02 1.974250204053342506e+00
3.164465026957891114e-02 1.974211110598982799e+00
3.195247505759213347e-02 1.974171374580770300e+00
3.226329422536015901e-02 1.974130923140749339e+00
3.257713690084949876e-02 1.974089669691525328e+00
3.289403249537032475e-02 1.974047358764801086e+00
3.321401070633261954e-02 1.974006162551548371e+00
3.353710152002930406e-02 1.973962708966952917e+00
3.386333521444636480e-02 1.973918681811842601e+00
3.419274236210027851e-02 1.973871291797685945e+00
3.452535383290306070e-02 1.973825218768174183e+00
3.486120079705520153e-02 1.973779624858720938e+00
3.520031472796678745e-02 1.973729319839275131e+00
3.554272740520694751e-02 1.973682802476191211e+00
3.588847091748199186e-02 1.973635996254159641e+00
3.623757766564258964e-02 1.973580453084304187e+00
3.659008036572020811e-02 1.973528494820096624e+00
3.694601205199302130e-02 1.973478902069947472e+00
3.730540608008161424e-02 1.973423655016155465e+00
3.766829613007490613e-02 1.973369001880203699e+00
3.803471620968648659e-02 1.973315706630560662e+00
3.840470065744145539e-02 1.973256325182660031e+00
3.877828414589457040e-02 1.973197983268488942e+00
3.915550168487941241e-02 1.973138459308023895e+00
3.953638862478930927e-02 1.973077721247878280e+00
3.992098065989020672e-02 1.973016114985315816e+00
4.030931383166566628e-02 1.972953624419901297e+00
4.070142453219438572e-02 1.972890165844195964e+00
4.109734950756069316e-02 1.972828286303414780e+00
4.149712586129815362e-02 1.972759803192488226e+00
4.190079105786669034e-02 1.972694114271899668e+00
4.230838292616342228e-02 1.972625612827727526e+00
4.271993966306778662e-02 1.972555564817322749e+00
4.313549983702118923e-02 1.972484062281330219e+00
4.355510239164130798e-02 1.972411300635180442e+00
4.397878664937160398e-02 1.972337059009854343e+00
4.440659231516640160e-02 1.972261258245230575e+00
4.483855948021186338e-02 1.972183575841110370e+00
4.527472862568297785e-02 1.972104544169106077e+00
4.571514062653719151e-02 1.972024146851647730e+00
4.615983675534499064e-02 1.971941879801917263e+00
4.660885868615767536e-02 1.971857988388870941e+00
4.706224849841281199e-02 1.971772333886029349e+00
4.752004868087766204e-02 1.971685537026243606e+00
4.798230213563085128e-02 1.971597304981152821e+00
4.844905218208294534e-02 1.971511236684114765e+00
4.892034256103611894e-02 1.971419114318828658e+00
4.939621743878321036e-02 1.971325346148602442e+00
4.987672141124663283e-02 1.971229439079511758e+00
5.036189950815770505e-02 1.971131493277391122e+00
5.085179719727656034e-02 1.971031472417574815e+00
5.134646038865306461e-02 1.970926484302903736e+00
5.184593543892913187e-02 1.970822570820208064e+00
5.235026915568305461e-02 1.970716902012297433e+00
5.285950880181603667e-02 1.970608921228395927e+00
5.337370209998133774e-02 1.970499183242133467e+00
5.389289723705643909e-02 1.970387558164713004e+00
5.441714286865893119e-02 1.970273764946726791e+00
5.494648812370611646e-02 1.970157857981181371e+00
5.548098260901916656e-02 1.970040889555749741e+00
5.602067641397187603e-02 1.969920459041887506e+00
5.656562011518465050e-02 1.969797925428800056e+00
5.711586478126431943e-02 1.969672555996102137e+00
5.767146197758996756e-02 1.969544405725015324e+00
5.823246377114527778e-02 1.969414228554278390e+00
5.879892273539785025e-02 1.969281161190213014e+00
5.937089195522609469e-02 1.969145910737052363e+00
5.994842503189409116e-02 1.969006115227648124e+00
6.053157608807464840e-02 1.968865396062351003e+00
6.112039977292132997e-02 1.968722139884260924e+00
6.171495126718981594e-02 1.968575918200778263e+00
6.231528628840921763e-02 1.968427437237742605e+00
6.292146109610344262e-02 1.968276123148306578e+00
6.353353249706343575e-02 1.968121978510141590e+00
6.415155785067082339e-02 1.967965810420816641e+00
6.477559507427335661e-02 1.967805755769633791e+00
6.540570264861225724e-02 1.967643001864499253e+00
6.604193962330305590e-02 1.967476649609477546e+00
6.668436562236895737e-02 1.967306904978773252e+00
6.733304084982863480e-02 1.967133384988543954e+00
6.798802609533814711e-02 1.966956433642237378e+00
6.864938273988777095e-02 1.966775582187335614e+00
6.931717276155408003e-02 1.966591111533068315e+00
6.999145874130821565e-02 1.966402604181880731e+00
7.067230386888070925e-02 1.966210671312124791e+00
7.135977194868306506e-02 1.966014680977430817e+00
7.205392740578704658e-02 1.965814613625061602e+00
7.275483529196229149e-02 1.965610150439086823e+00
7.346256129177256011e-02 1.965403298331098503e+00
7.417717172873124210e-02 1.965193365801603642e+00
7.489873357151664857e-02 1.964979509773649990e+00
7.562731444024800576e-02 1.964761031879456166e+00
7.636298261282241373e-02 1.964538794985361436e+00
7.710580703131336699e-02 1.964311719134013368e+00
7.785585730843146146e-02 1.964082674392686467e+00
7.861320373404813433e-02 1.963846977811445127e+00
7.937791728178281159e-02 1.963606837295357899e+00
8.015006961565404597e-02 1.963361855407388612e+00
8.092973309679550586e-02 1.963113768447377394e+00
8.171698079023696770e-02 1.962858917671632231e+00
8.251188647175167201e-02 1.962598426369343674e+00
8.331452463477014014e-02 1.962332103163555885e+00
8.412497049736118726e-02 1.962059070921827297e+00
8.494330000928071445e-02 1.961783411712622494e+00
8.576958985908941790e-02 1.961502292096066746e+00
8.660391748133952627e-02 1.961215411703265632e+00
8.744636106383144036e-02 1.960927310884211128e+00
8.829699955494091368e-02 1.960628213963416577e+00
8.915591267101763417e-02 1.960327805384904920e+00
9.002318090385581784e-02 1.960019993082808165e+00
9.089888552823731371e-02 1.959706729849941098e+00
9.178310860954806694e-02 1.959385713755923852e+00
9.267593301146882789e-02 1.959058979366599562e+00
9.357744240374062106e-02 1.958728072166593170e+00
9.448772127000577836e-02 1.958388721734058757e+00
9.540685491572513388e-02 1.958042481157834303e+00
9.633492947617222635e-02 1.957689647842984826e+00
9.727203192450542546e-02 1.957329430044683960e+00
9.821825007991856482e-02 1.956962196068150917e+00
9.917367261587073379e-02 1.956587602509996193e+00
1.001383890683960748e-01 1.956206638707365109e+00
1.011124898444945991e-01 1.955819597353186889e+00
1.020960662306047012e-01 1.955425698262208023e+00
1.030892104011576216e-01 1.955024231790226441e+00
1.040920154272158005e-01 1.954616024984524580e+00
1.051045752851944987e-01 1.954198128551550395e+00
1.061269848656690717e-01 1.953772288265427148e+00
1.071593399822671072e-01 1.953338454131887891e+00
1.082017373806478805e-01 1.952895988757187729e+00
1.092542747475682557e-01 1.952444581839797522e+00
1.103170507200377515e-01 1.951984069347839412e+00
1.113901648945616746e-01 1.951514153581497935e+00
1.124737178364751955e-01 1.951037159295832213e+00
1.135678110893671017e-01 1.950550440437054389e+00
1.146725471845963656e-01 1.950055439243713939e+00
1.157880296509002094e-01 1.949549908913751128e+00
1.169143630240966764e-01 1.949035859017070660e+00
1.180516528568804902e-01 1.948511914106056286e+00
1.192000057287153220e-01 1.947977824322260965e+00
1.203595292558212876e-01 1.947433538765004801e+00
1.215303321012602134e-01 1.946878509020080417e+00
1.227125239851190319e-01 1.946313054109682694e+00
1.239062156947916271e-01 1.945737267317059649e+00
1.251115190953615564e-01 1.945149348507231979e+00
1.263285471400849291e-01 1.944550656092092655e+00
1.275574138809759950e-01 1.943940527698949428e+00
1.287982344794950385e-01 1.943318533228804101e+00
1.300511252173409127e-01 1.942684505200682477e+00
1.313162035073478784e-01 1.942039780517803571e+00
1.325935879044890797e-01 1.941381862679659731e+00
1.338833981169864351e-01 1.940711088633640058e+00
1.351857550175293021e-01 1.940027885324653978e+00
1.365007806546013891e-01 1.939337240628188130e+00
1.378285982639189389e-01 1.938627750158073759e+00
1.391693322799789911e-01 1.937904032536227783e+00
1.405231083477211373e-01 1.937169903812880900e+00
1.418900533343016301e-01 1.936423283520253946e+00
1.432702953409830948e-01 1.935662970933981430e+00
1.446639637151387880e-01 1.934886584344992944e+00
1.460711890623745679e-01 1.934094288009360785e+00
1.474921032587684921e-01 1.933287693955265230e+00
1.489268394632288772e-01 1.932465950311818670e+00
1.503755321299738434e-01 1.931628136456279066e+00
1.518383170211306810e-01 1.930773626348257110e+00
1.533153312194593942e-01 1.929902970973196297e+00
1.548067131411984265e-01 1.929017978375501929e+00
1.563126025490369497e-01 1.928118178383697368e+00
1.578331405652117214e-01 1.927201042417624688e+00
1.593684696847328941e-01 1.926262209188200014e+00
1.609187337887370006e-01 1.925310230257889277e+00
1.624840781579713067e-01 1.924339298635575179e+00
1.640646494864078653e-01 1.923350363106097083e+00
1.656605958949914359e-01 1.922344906517374996e+00
1.672720669455196874e-01 1.921319629972028542e+00
1.688992136546599021e-01 1.920278689219129475e+00
1.705421885081006561e-01 1.919214417550360485e+00
1.722011454748421100e-01 1.918131364902130764e+00
1.738762400216251336e-01 1.917029882008344899e+00
1.755676291275001522e-01 1.915903497419133128e+00
1.772754712985387948e-01 1.914758208734818501e+00
1.789999265826875408e-01 1.913594845343269624e+00
1.807411565847668600e-01 1.912407787579637697e+00
1.824993244816152382e-01 1.911199097495498878e+00
1.842745950373816666e-01 1.909965564654134251e+00
1.860671346189656239e-01 1.908712603853981227e+00
1.878771112116086051e-01 1.907437366030925174e+00
1.897046944346358344e-01 1.906140812540456642e+00
1.915500555573527997e-01 1.904821137572962675e+00
1.934133675150944698e-01 1.903474748640200831e+00
1.952948049254327745e-01 1.902100434404050633e+00
1.971945441045395986e-01 1.900702854961851651e+00
1.991127630837108697e-01 1.899283023756917821e+00
2.010496416260497965e-01 1.897838576090810081e+00
2.030053612433137811e-01 1.896364461669922230e+00
2.049801052129238688e-01 1.894864709984895201e+00
2.069740585951406198e-01 1.893341131478068373e+00
2.089874082504071251e-01 1.891785913302337141e+00
2.110203428568595552e-01 1.890200756344748712e+00
2.130730529280097374e-01 1.888587831093387015e+00
2.151457308305980698e-01 1.886949882038609916e+00
2.172385708026215445e-01 1.885284255938667775e+00
2.193517689715359098e-01 1.883587947782868532e+00
2.214855233726360506e-01 1.881859796421865072e+00
2.236400339676138660e-01 1.880101853540284917e+00
2.258155026632983065e-01 1.878313113602761764e+00
2.280121333305757114e-01 1.876491154493280744e+00
2.302301318234963867e-01 1.874636679266951766e+00
2.324697059985647851e-01 1.872750222032606437e+00
2.347310657342196183e-01 1.870830035065056407e+00
2.370144229505012079e-01 1.868875996292337360e+00
2.393199916289123208e-01 1.866892272579860679e+00
2.416479878324700736e-01 1.864873530078042574e+00
2.439986297259550130e-01 1.862815626561027393e+00
2.463721375963552895e-01 1.860721708629890614e+00
2.487687338735107279e-01 1.858591016200009216e+00
2.511886431509580686e-01 1.856427359937327770e+00
2.536320922069775774e-01 1.854227522660863769e+00
2.560993100258459609e-01 1.851987028033970306e+00
2.585905278192945911e-01 1.849706704178699423e+00
2.611059790481781162e-01 1.847387452265365049e+00
2.636458994443517945e-01 1.845029166173671520e+00
2.662105270327638773e-01 1.842631056500626530e+00
2.688001021537606006e-01 1.840195215717572497e+00
2.714148674856106669e-01 1.837713515848623524e+00
2.740550680672460548e-01 1.835194671876981376e+00
2.767209513212268712e-01 1.832630944087318969e+00
2.794127670769268601e-01 1.830023129573286944e+00
2.821307675939472293e-01 1.827371408602015412e+00
2.848752075857552413e-01 1.824675032594872404e+00
2.876463442435557849e-01 1.821937119973271235e+00
2.904444372603925406e-01 1.819152634593864892e+00
2.932697488554852905e-01 1.816323280339050106e+00
2.961225437988035947e-01 1.813445149128184442e+00
2.990030894358785551e-01 1.810518429561430054e+00
3.019116557128577738e-01 1.807546998153804818e+00
3.048485152018017286e-01 1.804526301089595330e+00
3.078139431262288950e-01 1.801457862608002891e+00
3.108082173869063936e-01 1.798338915509485991e+00
3.138316185878944342e-01 1.795166308696559243e+00
3.168844300628416155e-01 1.791942237170310648e+00
3.199669379015380732e-01 1.788673420808356784e+00
3.230794309767249795e-01 1.785350018108634584e+00
3.262222009711669979e-01 1.781972329577180769e+00
3.293955424049855307e-01 1.778542455898803443e+00
3.325997526632606949e-01 1.775057437039462505e+00
3.358351320238990301e-01 1.771518804827939109e+00
3.391019836857747105e-01 1.767924719125061772e+00
3.424006137971423724e-01 1.764273612057958296e+00
3.457313314843284413e-01 1.760569997562394962e+00
3.490944488806992929e-01 1.756803306745045257e+00
3.524902811559130766e-01 1.752985848194063445e+00
3.559191465454557002e-01 1.749108008608430964e+00
3.593813663804627523e-01 1.745168235238073517e+00
3.628772651178337472e-01 1.741171710277263918e+00
3.664071703706370808e-01 1.737114061899147410e+00
3.699714129388128048e-01 1.732997205520522721e+00
3.735703268401719401e-01 1.728818178562325558e+00
3.772042493416999376e-01 1.724581901028216624e+00
3.808735209911614517e-01 1.720277602055922284e+00
3.845784856490158665e-01 1.715906873274433808e+00
3.883194905206404091e-01 1.711481809776689955e+00
3.920968861888690649e-01 1.706992570139029830e+00
3.959110266468458539e-01 1.702437056800031101e+00
3.997622693312000708e-01 1.697810925619242628e+00
4.036509751555413805e-01 1.693123875419934476e+00
4.075775085442840395e-01 1.688377943652301649e+00
4.115422374667966343e-01 1.683557030451592107e+00
4.155455334718875515e-01 1.678667351207117520e+00
4.195877717226225712e-01 1.673717509855740193e+00
4.236693310314835759e-01 1.668696549394559359e+00
4.277905938958687093e-01 1.663607976130962562e+00
4.319519465339363706e-01 1.658450288444726972e+00
4.361537789208005944e-01 1.653223572188889268e+00
4.403964848250754294e-01 1.647927766735480581e+00
4.446804618457780300e-01 1.642564521667859045e+00
4.490061114495874639e-01 1.637126894754979078e+00
4.533738390084691150e-01 1.631623482358719679e+00
4.577840538376618529e-01 1.626046135636808554e+00
4.622371692340384031e-01 1.620397856782141988e+00
4.667336025148346446e-01 1.614680592133773018e+00
4.712737750567601580e-01 1.608887734807168179e+00
4.758581123354846953e-01 1.603032549055041667e+00
4.804870439655131720e-01 1.597092270938351266e+00
4.851610037404442966e-01 1.591085333255821688e+00
4.898804296736250508e-01 1.585009677963395314e+00
4.946457640391963562e-01 1.578860217940958766e+00
4.994574534135413635e-01 1.572637797243511049e+00
5.043159487171361421e-01 1.566338904501432649e+00
5.092217052568053237e-01 1.559972925655989107e+00
5.141751827683928022e-01 1.553528789412053746e+00
5.191768454598426619e-01 1.547016158530196472e+00
5.242271620547044320e-01 1.540430783988128161e+00
5.293266058360561743e-01 1.533771040359661830e+00
5.344756546908600026e-01 1.527038951742718975e+00
5.396747911547442600e-01 1.520234352767719122e+00
5.449245024572260121e-01 1.513357277851937743e+00
5.502252805673685243e-01 1.506408703566315177e+00
5.555776222398878250e-01 1.499388602659341707e+00
5.609820290617031358e-01 1.492292593645575538e+00
5.664390074989449353e-01 1.485132504943960985e+00
5.719490689444144405e-01 1.477897107602554883e+00
5.775127297655114900e-01 1.470589985194466376e+00
5.831305113526221717e-01 1.463215179724452808e+00
5.888029401679826247e-01 1.455767221190872540e+00
5.945305477950136863e-01 1.448254235974864024e+00
6.003138709881384871e-01 1.440668281225262470e+00
6.061534517230839914e-01 1.433014207346510860e+00
6.120498372476699256e-01 1.425294753249196189e+00
6.180035801330957534e-01 1.417504940793900658e+00
6.240152383257209223e-01 1.409647287191354570e+00
6.300853751993553686e-01 1.401727909454382193e+00
6.362145596080520660e-01 1.393742237512821891e+00
6.424033659394193796e-01 1.385689563385793521e+00
6.486523741684461219e-01 1.377572477432306375e+00
6.549621699118558515e-01 1.369397859423375330e+00
6.613333444829840868e-01 1.361155540351796978e+00
6.677664949471955325e-01 1.352853468968170159e+00
6.742622241778342129e-01 1.344491059541983446e+00
6.808211409127237213e-01 1.336070583907986720e+00
6.874438598112112553e-01 1.327589053022841137e+00
6.941310015117725385e-01 1.319052912845952719e+00
7.008831926901714082e-01 1.310462662980149906e+00
7.077010661181889484e-01 1.301811965038124574e+00
7.145852607229240538e-01 1.293107848420381067e+00
7.215364216466665370e-01 1.284355137532942059e+00
7.285552003073593186e-01 1.275547894669168070e+00
7.356422544596413760e-01 1.266691551326723841e+00
7.427982482564918776e-01 1.257785835445357492e+00
7.500238523114668432e-01 1.248834114950180041e+00
7.573197437615483141e-01 1.239831512870177788e+00
7.646866063305975958e-01 1.230788719903159079e+00
7.721251303934327792e-01 1.221704567489408699e+00
7.796360130405233235e-01 1.212573541214788220e+00
7.872199581433195759e-01 1.203405352384366411e+00
7.948776764202123424e-01 1.194194131468421016e+00
8.026098855031396084e-01 1.184952213594172576e+00
8.104173100048355227e-01 1.175672312630592131e+00
8.183006815867394090e-01 1.166355488684783559e+00
8.262607390275591435e-01 1.157006010742906543e+00
8.342982282925082149e-01 1.147632019447135665e+00
8.424139026032094746e-01 1.138223424384473104e+00
8.506085225082840040e-01 1.128790481236277898e+00
8.588828559546254349e-01 1.119330968226433409e+00
8.672376783593644944e-01 1.109848672495322708e+00
8.756737726825394308e-01 1.100343891402894014e+00
8.841919295004664336e-01 1.090817989436960955e+00
8.927929470798307010e-01 1.081275932339790025e+00
9.014776314524917122e-01 1.071716792601889123e+00
9.102467964910225806e-01 1.062140995916204922e+00
9.191012639849772681e-01 1.052555989289220451e+00
9.280418637179072006e-01 1.042957779538354668e+00
9.370694335451198453e-01 1.033350696152102177e+00
9.461848194722002336e-01 1.023743184951646956e+00
9.553888757342895444e-01 1.014114181736154530e+00
9.646824648761427312e-01 1.004499242395943570e+00
9.740664578329562007e-01 9.948773064015439260e-01
9.835417340119908536e-01 9.852533222952937209e-01
9.931091813749796104e-01 9.756345937027880444e-01
1.002769696521346621e+00 9.660179606161044541e-01
1.012524184772224167e+00 9.564109683905497317e-01
1.022373560255302127e+00 9.468098043277637377e-01
1.032318745990486564e+00 9.372197355811030528e-01
1.042360673976402197e+00 9.276434913652696901e-01
1.052500285277732761e+00 9.180764589436989365e-01
1.062738530113414459e+00 9.085293294400057507e-01
1.073076367945679621e+00 8.990016812106031985e-01
1.083514767569973225e+00 8.894891178052130032e-01
1.094054707205742494e+00 8.800006302091072374e-01
1.104697174588111785e+00 8.705345372791376546e-01
1.115443167060441221e+00 8.610916207403438438e-01
1.126293691667795249e+00 8.516826446472218759e-01
1.137249765251314271e+00 8.422953127694897679e-01
1.148312414543511073e+00 8.329392749871397106e-01
1.159482676264482759e+00 8.236180813836994075e-01
1.170761597219069250e+00 8.143290842207568936e-01
1.182150234394952371e+00 8.050767726059744334e-01
1.193649655061713055e+00 7.958607410758868905e-01
1.205260936870842681e+00 7.866832635226420622e-01
1.216985167956738056e+00 7.775462810867189711e-01
1.228823447038673411e+00 7.684507257514092693e-01
1.240776883523764251e+00 7.593974778927042868e-01
1.252846597610937529e+00 7.503937832458824619e-01
1.265033720395903893e+00 7.414332333332223079e-01
1.277339393977160009e+00 7.325183476289672813e-01
1.289764771563017165e+00 7.236542627530069272e-01
1.302311017579677488e+00 7.148452081184381024e-01
1.314979307780347773e+00 7.060836958241659689e-01
1.327770829355430449e+00 6.973755210314694919e-01
1.340686781043774811e+00 6.887221976281704405e-01
1.353728373245021821e+00 6.801237360705677526e-01
1.366896828133026487e+00 6.715846833945322558e-01
1.380193379770397355e+00 6.631016558600764110e-01
1.393619274224142002e+00 6.546797549850256193e-01
1.407175769682446731e+00 6.463150305780120952e-01
1.420864136572576708e+00 6.380099642800849402e-01
1.434685657679937831e+00 6.297717163597511547e-01
1.448641628268290127e+00 6.215943183433786379e-01
1.462733356201129986e+00 6.134815805601883110e-01
1.476962162064259898e+00 6.054307469414694776e-01
1.491329379289537682e+00 5.974464533780560194e-01
1.505836354279841416e+00 5.895306907140218655e-01
1.520484446535244283e+00 5.816820464287529857e-01
1.535275028780422657e+00 5.738991935530827204e-01
1.550209487093291205e+00 5.661850869142857068e-01
1.565289221034902312e+00 5.585405349758890692e-01
1.580515643780601165e+00 5.509647257207582749e-01
1.595890182252465817e+00 5.434591715284149416e-01
1.611414277253019778e+00 5.360254191891936637e-01
1.627089383600260675e+00 5.286612474935563633e-01
1.642916970263993193e+00 5.213681327554535727e-01
1.658898520503498064e+00 5.141479885420868756e-01
1.675035532006524441e+00 5.069988277602056614e-01
1.691329517029648732e+00 4.999239903631492177e-01
1.707782002539993016e+00 4.929196234877928351e-01
1.724394530358320354e+00 4.859892334399187885e-01
1.741168657303530987e+00 4.791308792516179582e-01
1.758105955338547632e+00 4.723471248182690707e-01
1.775208011717636092e+00 4.656362690441427366e-01
1.792476429135148930e+00 4.589980375930157730e-01
1.809912825875727105e+00 4.524342419496208412e-01
1.827518835965944666e+00 4.459430422989285048e-01
1.845296109327445366e+00 4.395259458172712241e-01
1.863246311931559873e+00 4.331827413287637762e-01
1.881371125955437096e+00 4.269135475497529142e-01
1.899672249939675650e+00 4.207124748494642241e-01
1.918151398947507635e+00 4.145901137201491449e-01
1.936810304725519849e+00 4.085390186718408922e-01
1.955650715865949074e+00 4.025595423390730954e-01
1.974674397970537454e+00 3.966542564695505479e-01
1.993883133816001019e+00 3.908188921972802765e-01
2.013278723521096492e+00 3.850593781110320246e-01
2.032862984715323673e+00 3.793681638421234625e-01
2.052637752709252084e+00 3.737508058697964208e-01
2.072604880666519822e+00 3.682038838142607240e-01
2.092766239777499759e+00 3.627244540180254995e-01
2.113123719434652603e+00 3.573207370899374458e-01
2.133679227409597701e+00 3.519845231732373625e-01
2.154434690031884259e+00 3.467175760394023420e-01
2.175392052369522489e+00 3.415193155624223209e-01
2.196553278411258248e+00 3.363907563459277439e-01
2.217920351250634692e+00 3.313307964027724095e-01
2.239495273271823184e+00 3.263386357027986406e-01
2.261280066337279404e+00 3.214127384250370922e-01
2.283276771977218012e+00 3.165537754061840126e-01
2.305487451580938707e+00 3.117619846205180179e-01
2.327914186589993051e+00 3.070356835883470970e-01
2.350559078693253756e+00 3.023739500506854028e-01
2.373424250023866033e+00 2.977777055771547721e-01
2.396511843358130278e+00 2.932447108947666137e-01
2.419824022316292567e+00 2.887755033317920272e-01
2.443362971565319341e+00 2.843680511987373150e-01
2.467130897023623426e+00 2.800265805875492009e-01
2.491130026067788439e+00 2.757447809382565507e-01
2.515362607741312928e+00 2.715218404897887794e-01
2.539830912965362675e+00 2.673603072570150396e-01
2.564537234751594674e+00 2.632609896955425133e-01
2.589483888417040802e+00 2.592210423610250558e-01
2.614673211801092023e+00 2.552377585381536140e-01
2.640107565484572927e+00 2.513125540857805151e-01
2.665789333010967876e+00 2.474445905713341110e-01
2.691720921109787668e+00 2.436344781769688439e-01
2.717904759922122881e+00 2.398809457738530215e-01
2.744343303228365283e+00 2.361816224503592576e-01
2.771039028678170535e+00 2.325377005206762104e-01
2.797994438022641805e+00 2.289471835134701261e-01
2.825212057348790218e+00 2.254099363050596494e-01
2.852694437316245057e+00 2.219274048476878314e-01
2.880444153396297668e+00 2.184963348986416198e-01
2.908463806113254169e+00 2.151155258229895950e-01
2.936756021288137397e+00 2.117859759322708313e-01
2.965323450284773621e+00 2.085074768889510766e-01
2.994168770258243573e+00 2.052789638793089122e-01
3.023294684405779531e+00 2.020988138167691406e-01
3.052703922220086241e+00 1.989668248247473681e-01
3.082399239745143404e+00 1.958827333374945356e-01
3.112383419834465759e+00 1.928458783234719420e-01
3.142659272411905569e+00 1.898551196712539024e-01
3.173229634734976212e+00 1.869100100838290979e-01
3.204097371660752813e+00 1.840108711385453899e-01
3.235265375914330388e+00 1.811554802277721699e-01
3.266736568359921655e+00 1.783444828848437247e-01
3.298513898274578082e+00 1.755762410689608588e-01
3.330600343624588788e+00 1.728516314244704366e-01
3.362998911344535991e+00 1.701683884039421335e-01
3.395712637619100693e+00 1.675267362506560609e-01
3.428744588167585317e+00 1.649260795615343222e-01
3.462097858531227423e+00 1.623659707416417464e-01
3.495775574363275240e+00 1.598453313722069669e-01
3.529780891721914671e+00 1.573635240202472252e-01
3.564116997366032269e+00 1.549208833291552956e-01
3.598787109053855460e+00 1.525157544351574967e-01
3.633794475844513094e+00 1.501478993390815697e-01
3.669142378402494131e+00 1.478178585776435683e-01
3.704834129305105694e+00 1.455238341895955245e-01
3.740873073352900313e+00 1.432642284188228310e-01
3.777262587883141176e+00 1.410415592630684944e-01
3.814006083086284082e+00 1.388526368052709070e-01
3.851107002325572903e+00 1.366982414599288431e-01
3.888568822459721019e+00 1.345769432282073741e-01
3.926395054168756449e+00 1.324889884568515031e-01
3.964589242282997805e+00 1.304345252366239660e-01
4.003154966115265445e+00 1.284108737108551890e-01
4.042095839796306045e+00 1.264199237348645199e-01
4.081415512613501662e+00 1.244591905294986367e-01
4.121117669352832635e+00 1.225288298278171956e-01
4.161206030644208020e+00 1.206301547471788499e-01
4.201684353310133346e+00 1.187597574916394311e-01
4.242556430717777438e+00 1.169189803868927457e-01
4.283826093134470270e+00 1.151067924837784195e-01
4.325497208086633627e+00 1.133228682647109964e-01
4.367573680722233398e+00 1.115673220343253169e-01
4.410059454176736615e+00 1.098386358877034702e-01
4.452958509942654963e+00 1.081366925757902137e-01
4.496274868242640110e+00 1.064615622941086914e-01
4.540012588406244554e+00 1.048127248367154291e-01
4.584175769250333765e+00 1.031891166918970509e-01
4.628768549463215365e+00 1.015912159632242212e-01
4.673795107992464004e+00 1.000181048045390569e-01
4.719259664436561863e+00 9.846876364310792884e-02
4.765166479440326341e+00 9.694397388717028441e-02
4.811519855094205766e+00 9.544316632081088769e-02
4.858324135337417360e+00 9.396565162699194174e-02
4.905583706365050922e+00 9.251033596175518847e-02
4.953302997039108924e+00 9.107776721158894473e-02
5.001486479303548727e+00 8.966784492591285682e-02
5.050138668603383785e+00 8.827978155697474572e-02
5.099264124307808288e+00 8.691255079326959399e-02
5.148867450137498025e+00 8.556673761144070744e-02
5.198953294596024399e+00 8.424133094773710029e-02
5.249526351405507718e+00 8.293674395727966553e-02
5.300591359946452030e+00 8.165239919225007748e-02
5.352153105701904501e+00 8.038775860481013613e-02
5.404216420705915347e+00 7.914252832880172561e-02
5.456786183996381823e+00 7.791593686175823930e-02
5.509867322072253160e+00 7.670850603086051822e-02
5.563464809355226137e+00 7.552021525442030592e-02
5.617583668655908191e+00 7.433976595243869945e-02
5.672228971644543094e+00 7.319654911229149519e-02
5.727405839326266346e+00 7.206129139079715806e-02
5.783119442521027054e+00 7.094356676956120600e-02
5.839375002348160315e+00 6.984298987425505145e-02
5.896177790715694478e+00 6.875910079669812769e-02
5.953533130814370189e+00 6.769163895912813644e-02
6.011446397616513337e+00 6.664050232750180769e-02
6.069923018379741464e+00 6.560515450011165928e-02
6.128968473155564034e+00 6.458579630546414097e-02
6.188588295302960063e+00 6.358178742493428293e-02
6.248788072006894012e+00 6.259305127850808836e-02
6.309573444801936049e+00 6.161906519613107730e-02
6.370950110100935149e+00 6.066002662249724703e-02
6.432923819728876502e+00 5.971519257777963691e-02
6.495500381461869033e+00 5.878498998234379241e-02
6.558685659571435345e+00 5.786855206515693906e-02
6.622485575374063238e+00 5.696609658868051485e-02
6.686906107786136921e+00 5.607703220199119348e-02
6.751953293884205287e+00 5.520159652203966705e-02
6.817633229470763112e+00 5.433900103150336031e-02
6.883952069645496330e+00 5.348949919320636348e-02
6.950916029382126382e+00 5.265256743594787930e-02
7.018531384110795912e+00 5.182848493465289086e-02
7.086804470306189430e+00 5.101650793501807946e-02
7.155741686081340980e+00 5.021680782224274137e-02
7.225349491787214085e+00 4.942870529698878412e-02
7.295634410618154320e+00 4.865263086046250213e-02
7.366603029223159460e+00 4.788806701501980428e-02
7.438261998323163482e+00 4.713495992601603179e-02
7.510618033334286459e+00 4.639278947192449626e-02
7.583677914997190683e+00 4.566174630332432011e-02
7.657448490012479958e+00 4.494186696917051166e-02
7.731936671682362316e+00 4.423223550209275795e-02
7.807149440558499798e+00 4.353349408405966792e-02
7.883093845096216690e+00 4.284480670407427028e-02
7.959777002314985417e+00 4.216628794060538199e-02
8.037206098465421888e+00 4.149813238290295941e-02
8.115388389702712146e+00 4.083959622626033570e-02
8.194331202766655053e+00 4.019079874737927632e-02
8.274041935668218883e+00 3.955154971131420727e-02
8.354528058382872047e+00 3.892168347319664712e-02
8.435797113550611570e+00 3.830132181207875075e-02
8.517856717182803905e+00 3.768998481246110116e-02
8.600714559375941093e+00 3.708741949900483392e-02
8.684378405032257220e+00 3.649390317382928545e-02
8.768856094587436090e+00 3.590909268872297111e-02
8.854155544745349715e+00 3.533281056152783040e-02
8.940284749219998162e+00 3.476507373575148802e-02
9.027251779484577909e+00 3.420569329967095701e-02
9.115064785527916769e+00 3.365428858808943574e-02
9.203731996618220279e+00 3.310647745843182943e-02
9.293261722074316111e+00 3.257609831508440773e-02
9.383662352044273902e+00 3.204862482322962808e-02
9.474942358291729150e+00 3.152879303645989006e-02
9.567110294989774388e+00 3.101659991609154524e-02
9.660174799522645017e+00 3.051214255055570077e-02
9.754144593295098531e+00 3.001481451671299261e-02
9.849028482549766039e+00 2.952492962795692441e-02
9.944835359192397917e+00 2.904201731203516490e-02
1.004157420162519543e+01 2.856629531844335004e-02
1.013925407558815373e+01 2.809751589177897010e-02
1.023788413500867378e+01 2.763559742850022274e-02
1.033747362285940774e+01 2.718034543459717234e-02
1.043803187202444072e+01 2.673172526777642735e-02
1.053956830617394580e+01 2.628968125513169232e-02
1.064209244064724658e+01 2.585410493677029256e-02
1.074561388334458023e+01 2.542492862129838022e-02
1.085014233562746178e+01 2.500185323835259557e-02
1.095568759322787855e+01 2.458505196542504906e-02
1.106225954716621906e+01 2.417436563489991364e-02
1.116986818467823817e+01 2.376964972517415370e-02
1.127852359015096795e+01 2.337086502580980329e-02
1.138823594606782130e+01 2.297782103823116720e-02
1.149901553396274245e+01 2.259059250695289248e-02
1.161087273538378994e+01 2.220904663440977436e-02
1.172381803286598512e+01 2.183301723993327781e-02
1.183786201091373513e+01 2.146253379417953355e-02
1.195301535699265827e+01 2.109739207415462642e-02
1.206928886253119870e+01 2.073766758027088125e-02
1.218669342393191712e+01 2.038322492645358933e-02
1.230524004359261525e+01 2.003395768332071059e-02
1.242493983093746479e+01 1.968978861895201785e-02
1.254580400345803248e+01 1.935066378329349662e-02
1.266784388776455827e+01 1.901656617679756828e-02
1.279107092064739781e+01 1.868734246614080913e-02
1.291549665014884063e+01 1.836293559619137442e-02
1.304113273664525430e+01 1.804335843595559694e-02
1.316799095393986185e+01 1.772846701792114496e-02
1.329608319036608854e+01 1.741824074293548200e-02
1.342542144990170527e+01 1.711257138749966433e-02
1.355601785329368880e+01 1.681141971408115984e-02
1.368788463919415221e+01 1.651471891084334287e-02
1.382103416530724438e+01 1.622236163747043519e-02
1.395547890954729020e+01 1.593448751395201701e-02
1.409123147120805619e+01 1.565070993038507677e-02
1.422830457214353395e+01 1.537119717320427868e-02
1.436671105796013137e+01 1.509592175618119404e-02
1.450646389922046886e+01 1.482466263194231332e-02
1.464757619265895272e+01 1.455755344653070389e-02
1.479006116240903168e+01 1.429433982518901226e-02
1.493393216124253264e+01 1.403502663860767968e-02
1.507920267182097263e+01 1.377971914591464772e-02
1.522588630795911513e+01 1.352819688440525664e-02
1.537399681590069456e+01 1.328044112381161941e-02
1.552354807560667105e+01 1.303642793428418274e-02
1.567455410205595001e+01 1.279609184202435898e-02
1.582702904655883280e+01 1.255942731112343579e-02
1.598098719808309376e+01 1.232624316569411009e-02
1.613644298459311699e+01 1.209667912442031860e-02
1.629341097440194730e+01 1.187058639041174354e-02
1.645190587753662470e+01 1.164792211654554384e-02
1.661194254711659113e+01 1.142866532917913118e-02
1.677353598074571295e+01 1.121275530108157073e-02
1.693670132191772026e+01 1.100001117095248705e-02
1.710145386143542012e+01 1.079068227208181997e-02
1.726780903884355922e+01 1.058476668207126471e-02
1.743578244387577669e+01 1.038180049289252893e-02
1.760538981791556523e+01 1.018200273977768085e-02
1.777664705547142532e+01 9.985305813678280878e-03
1.794957020566648254e+01 9.791653401568211831e-03
1.812417547374237614e+01 9.600852418355482198e-03
1.830047922257800863e+01 9.413383514536431684e-03
1.847849797422290763e+01 9.228671914223978562e-03
1.865824841144566193e+01 9.046879920400421535e-03
1.883974737929719367e+01 8.867918450727660731e-03
1.902301188668945642e+01 8.691789533753623009e-03
1.920805910798935301e+01 8.518418876038161974e-03
1.939490638462828542e+01 8.346300542475305201e-03
1.958357122672716955e+01 8.179984374251601451e-03
1.977407131473744428e+01 8.014832350788691009e-03
1.996642450109793288e+01 7.852141939775838728e-03
2.016064881190793656e+01 7.692328800760641835e-03
2.035676244861640072e+01 7.534970976022352558e-03
2.055478378972772546e+01 7.380182154133753392e-03
2.075473139252405730e+01 7.227868674009643377e-03
2.095662399480432825e+01 7.078045342625287339e-03
2.116048051664034446e+01 6.930675549723763762e-03
2.136632006214970403e+01 6.785708021951710953e-03
2.157416192128621546e+01 6.643111450601915310e-03
2.178402557164756459e+01 6.502928625842363877e-03
2.199593068030074861e+01 6.364992202303952976e-03
2.220989710562497521e+01 6.229280810038561635e-03
2.242594489917278011e+01 6.096028989413046148e-03
2.264409430754907504e+01 5.964908742147116867e-03
2.286436577430861306e+01 5.835984701314353602e-03
2.308677994187169702e+01 5.709251002575098377e-03
2.331135765345874944e+01 5.584666974762714405e-03
2.353811995504354471e+01 5.462178701521978354e-03
2.376708809732560823e+01 5.341804275947864729e-03
2.399828353772154799e+01 5.223464971015504693e-03
2.423172794237600769e+01 5.107207394067009819e-03
2.446744318819203201e+01 4.992889837080903212e-03
2.470545136488123816e+01 4.880543665497849744e-03
2.494577477703398571e+01 4.770359052222231805e-03
2.518843594620949489e+01 4.661881065414910132e-03
2.543345761304651020e+01 4.555368449153589933e-03
2.568086273939435316e+01 4.450766029601722212e-03
2.593067451046487548e+01 4.348019991579869271e-03
2.618291633700505372e+01 4.247057065800802569e-03
2.643761185749101372e+01 4.147903315750034285e-03
2.669478494034320804e+01 4.050584903422029329e-03
2.695445968616333587e+01 3.955033016753548361e-03
2.721666042999271795e+01 3.861151242201503377e-03
2.748141174359293259e+01 3.769015567662249364e-03
2.774873843774846804e+01 3.678580130233223382e-03
2.801866556459195223e+01 3.589787576294864793e-03
2.829121841995168651e+01 3.502748243406990716e-03
2.856642254572233952e+01 3.417146533676243634e-03
2.884430373225852051e+01 3.333227776450008260e-03
2.912488802079168337e+01 3.250897655894565644e-03
2.940820170587063842e+01 3.170100855243696090e-03
2.969427133782552986e+01 3.090901610648932093e-03
2.998312372525609959e+01 3.013146876434209896e-03
3.027478593754393543e+01 2.936905804548368970e-03
3.056928530738937155e+01 2.862123666933731169e-03
3.086664943337274636e+01 2.788801939698370373e-03
3.116690618254088463e+01 2.717044281708635208e-03
3.147008369301855879e+01 2.646375178144154666e-03
3.177621037664554038e+01 2.577174428469026102e-03
3.208531492163897525e+01 2.509663772562200496e-03
3.239742629528198847e+01 2.443323376882487307e-03
3.271257374663825601e+01 2.378283888190452743e-03
3.303078680929315425e+01 2.314558502200689000e-03
3.335209530412127066e+01 2.252133084177698578e-03
3.367652934208116022e+01 2.191044968061000350e-03
3.400411932703705986e+01 2.131125213237175086e-03
3.433489595860830690e+01 2.072522388280905511e-03
3.466889023504609213e+01 2.015182560158520174e-03
3.500613345613854221e+01 1.958806917123749342e-03
3.534665722614391115e+01 1.903887038386934630e-03
3.569049345675229290e+01 1.850134890505471036e-03
3.603767437007633134e+01 1.797333887212756521e-03
3.638823250167062184e+01 1.745767381886616579e-03
3.674220070358090595e+01 1.695316926451063532e-03
3.709961214742267543e+01 1.645969820933279636e-03
3.746050032748993175e+01 1.597692472662857587e-03
3.782489906389385936e+01 1.550512772238988235e-03
3.819284250573236505e+01 1.504350455614031530e-03
3.856436513429023449e+01 1.459253310749326427e-03
3.893950176627063087e+01 1.415166467748400162e-03
3.931828755705770106e+01 1.372077960288191822e-03
3.970075800401124155e+01 1.329975154654812995e-03
4.008694894979318946e+01 1.288833309348293371e-03
4.047689658572676308e+01 1.248665112009203926e-03
4.087063745518780422e+01 1.209436178659323378e-03
4.126820845702955864e+01 1.171133164401587379e-03
4.166964684904057492e+01 1.133725264383211428e-03
4.207499025143619065e+01 1.097235719315288981e-03
4.248427665038425260e+01 1.061588946987526401e-03
4.289754440156466586e+01 1.026850409775274852e-03
4.331483223376402947e+01 9.929576175013751609e-04
4.373617925250492533e+01 9.598946258131537757e-04
4.416162494371084790e+01 9.276495512584968664e-04
4.459120917740628443e+01 8.962265453612108020e-04
4.502497221145327444e+01 8.655938005663433655e-04
4.546295469532399380e+01 8.357361229744357653e-04
4.590519767391037220e+01 8.066609580961000203e-04
4.635174259137027519e+01 7.783305851620629396e-04
4.680263129501155817e+01 7.507536804270447317e-04
4.725790603921362276e+01 7.239004020608912852e-04
4.771760948938745628e+01 6.977600559133349031e-04
4.818178472597362827e+01 6.723198208866524878e-04
4.865047524847972937e+01 6.475691419446067505e-04
4.912372497955678341e+01 6.235066625918696259e-04
4.960157826911540724e+01 6.001037051300788351e-04
5.008407989848212338e+01 5.773510868599254298e-04
5.057127508459573306e+01 5.552474139962418342e-04
5.106320948424492911e+01 5.337652396757697464e-04
5.155992919834686461e+01 5.129012286765142082e-04
5.206148077626762216e+01 4.926415203106404269e-04
5.256791122018424289e+01 4.729764344794047714e-04
5.307926798948964375e+01 4.538923187822313087e-04
5.359559900524011766e+01 4.353811208686638574e-04
5.411695265464637572e+01 4.174237896109253554e-04
5.464337779560780461e+01 4.000161154135686761e-04
5.517492376129128928e+01 3.831449731620568825e-04
5.571164036475430237e+01 3.667962266381930925e-04
5.625357790361330501e+01 3.509684764303681978e-04
5.680078716475694733e+01 3.356426131607247046e-04
5.735331942910571712e+01 3.208100195642644742e-04
5.791122647641758192e+01 3.064595774143177766e-04
5.847456059014062646e+01 2.925816908577264777e-04
5.904337456231242243e+01 2.791651610235279545e-04
5.961772169850755887e+01 2.662073606398520959e-04
6.019765582283304184e+01 2.536829091930810397e-04
6.078323128297230227e+01 2.415970182989295894e-04
6.137450295527852973e+01 2.299290361402539572e-04
6.197152624991698389e+01 2.186772459944514733e-04
6.257435711605789663e+01 2.078307315956604028e-04
6.318305204711957401e+01 1.973739648347214311e-04
6.379766808606282069e+01 1.873051842338699369e-04
6.441826283073628190e+01 1.776100484286415515e-04
6.504489443927437264e+01 1.682830970338662678e-04
6.567762163554736787e+01 1.593154964036190178e-04
6.631650371466487570e+01 1.506883886913620873e-04
6.696160054853221766e+01 1.424111233615699037e-04
6.761297259146149941e+01 1.344649991674786457e-04
6.827068088583682481e+01 1.268312428542990545e-04
6.893478706783510290e+01 1.195277131656691477e-04
6.960535337320180815e+01 1.125222107280126807e-04
7.028244264308352740e+01 1.058184478358829833e-04
7.096611832991698066e+01 9.939916834207186485e-05
7.165644450337531168e+01 9.326614945800873815e-05
7.235348585637258623e+01 8.740536152177289355e-05
7.305730771112592947e+01 8.181267963608712288e-05
7.376797602527737752e+01 7.647843098837641177e-05
7.448555739807494547e+01 7.139555086771041861e-05
7.521011907661404905e+01 6.655638551563675229e-05
7.594172896213913759e+01 6.195653377258190800e-05
7.668045561640717267e+01 5.758345361738014326e-05
7.742636826811269657e+01 5.343660832218478154e-05
7.817953681937576960e+01 4.949967089472193322e-05
7.894003185229233566e+01 4.577566927795437464e-05
7.970792463554894880e+01 4.225262004724454065e-05
8.048328713110151966e+01 3.892230946902633040e-05
8.126619200091946027e+01 3.578500676477948882e-05
8.205671261379453085e+01 3.282575236034038105e-05
8.285492305221690401e+01 3.004305464705901013e-05
8.366089811931756515e+01 2.742906819135011007e-05
8.447471334587828551e+01 2.497934984941112157e-05
8.529644499741024788e+01 2.268569359623760754e-05
8.612617008130067120e+01 2.054250825621930501e-05
8.696396635402970787e+01 1.854604500898158982e-05
8.780991232845718741e+01 1.668814062143747834e-05
8.866408728118061333e+01 1.496305312650740529e-05
8.952657125996400111e+01 1.336417519891050188e-05
9.039744509123974581e+01 1.188914930455509069e-05
9.127679038768296493e+01 1.052956107555233864e-05
9.216468955586012157e+01 9.282713575022718148e-06
9.306122580395103228e+01 8.140161692623813466e-06
9.396648314954700254e+01 7.098455050241750073e-06
9.488054642752423717e+01 6.152447025787115074e-06
9.580350129799435877e+01 5.296873178593727701e-06
9.673543425433136633e+01 4.526619555889862207e-06
9.767643263127766318e+01 3.836572068757489428e-06
9.862658461312820180e+01 3.221823479139661281e-06
9.958597924199507645e+01 2.678556628352856848e-06
1.005547064261513555e+02 2.201124247175609789e-06
1.015328569484565975e+02 1.785065822461323122e-06
1.025205224748657002e+02 1.425912615674015772e-06
1.035177955630176285e+02 1.119444700386919753e-06
1.045247696709102172e+02 8.609281755269573195e-07
1.055415391656582784e+02 6.462812387170490497e-07
1.065681993323370733e+02 4.711249822146277918e-07
1.076048463829117878e+02 3.311397846554440438e-07
1.086515774652539505e+02 2.223947246653370532e-07
1.097084906722451905e+02 1.399368754863872700e-07
1.107756850509708642e+02 8.153337244393093947e-08
1.118532606120007102e+02 4.211871603276038588e-08
1.129413183387621018e+02 1.826792663567070969e-08
1.140399601970033103e+02 5.876051527828814035e-09
1.151492891443491402e+02 9.840777137922193528e-10
1.162694091399494027e+02 0.000000000000000000e+00
