1.000000000000000021e-02 1.954395268078578107e+00
1.009727545900835841e-02 1.954391148984894855e+00
1.019549716950923779e-02 1.954386934185750935e+00
1.029467433620748044e-02 1.954382647252270955e+00
1.039481625334708927e-02 1.954378265805009285e+00
1.049593230558227772e-02 1.954373789168514008e+00
1.059803196885688789e-02 1.954369214892710538e+00
1.070112481129246833e-02 1.954364631527540919e+00
1.080522049408488318e-02 1.954360046263122985e+00
1.091032877240974419e-02 1.954355411162802758e+00
1.101645949633656314e-02 1.954350710791413537e+00
1.112362261175187626e-02 1.954345955271907131e+00
1.123182816129126085e-02 1.954341115480776159e+00
1.134108628528052165e-02 1.954336254488941549e+00
1.145140722268592030e-02 1.954331288850366555e+00
1.156280131207376022e-02 1.954326214989348776e+00
1.167527899257919492e-02 1.954321055174963684e+00
1.178885080488457221e-02 1.954315846778325705e+00
1.190352739220719262e-02 1.954310521774509146e+00
1.201931950129673729e-02 1.954305053386374613e+00
1.213623798344241195e-02 1.954299448643523895e+00
1.225429379548980714e-02 1.954293695232184991e+00
1.237349800086776086e-02 1.954287811597490654e+00
1.249386177062509519e-02 1.954281799804586273e+00
1.261539638447754796e-02 1.954275671046905360e+00
1.273811323186478488e-02 1.954269425101643254e+00
1.286202381301779218e-02 1.954263000752688884e+00
1.298713974003655978e-02 1.954256438201918300e+00
1.311347273797833224e-02 1.954249736988102226e+00
1.324103464595636874e-02 1.954242869300211183e+00
1.336983741824946531e-02 1.954238967568763030e+00
1.349989312542219239e-02 1.954232060931350379e+00
1.363121395545611320e-02 1.954225015841086543e+00
1.376381221489191876e-02 1.954217870565984727e+00
1.389770032998276401e-02 1.954210664274263154e+00
1.403289084785873213e-02 1.954203312550315541e+00
1.416939643770268736e-02 1.954195776283914165e+00
1.430722989193757184e-02 1.954188214748726837e+00
1.444640412742520530e-02 1.954180571167448255e+00
1.458693218667675602e-02 1.954172748495752732e+00
1.472882723907502529e-02 1.954164742147708855e+00
1.487210258210860774e-02 1.954156531798640684e+00
1.501677164261799868e-02 1.954148158059676010e+00
1.516284797805393485e-02 1.954139585345862962e+00
1.531034527774784160e-02 1.954130739338345579e+00
1.545927736419477720e-02 1.954121755932874294e+00
1.560965819434872483e-02 1.954112607457221262e+00
1.576150186093060873e-02 1.954103239579023432e+00
1.591482259374891323e-02 1.954093654747460107e+00
1.606963476103326349e-02 1.954083833190445763e+00
1.622595287078087284e-02 1.954073783264893338e+00
1.638379157211618947e-02 1.954063335444379934e+00
1.654316565666366645e-02 1.954052604192597853e+00
1.670409005993399310e-02 1.954041651486055686e+00
1.686657986272368723e-02 1.954030609591620227e+00
1.703065029252844378e-02 1.954019168689058228e+00
1.719631672497009753e-02 1.954007540698232681e+00
1.736359468523754335e-02 1.953997176126269775e+00
1.753249984954170088e-02 1.953985142365429972e+00
1.770304804658450262e-02 1.953973390302870872e+00
1.787525525904235316e-02 1.953961090680220281e+00
1.804913762506383731e-02 1.953948645032412612e+00
1.822471143978214581e-02 1.953935933100730882e+00
1.840199315684210371e-02 1.953922904435007712e+00
1.858099938994215231e-02 1.953909569298675653e+00
1.876174691439120440e-02 1.953896059930913198e+00
1.894425266868081034e-02 1.953882213904097220e+00
1.912853375607242307e-02 1.953863447077260007e+00
1.931460744620030340e-02 1.953848705029641142e+00
1.950249117668984011e-02 1.953833831142818056e+00
1.969220255479172538e-02 1.953819885316050664e+00
1.988375935903200636e-02 1.953807152903317412e+00
2.007717954087816226e-02 1.953787246681561784e+00
2.027248122642137662e-02 1.953771281845168906e+00
2.046968271807520987e-02 1.953755060624684070e+00
2.066880249629082095e-02 1.953738794293343295e+00
2.086985922128879734e-02 1.953726937627955795e+00
2.107287173480786382e-02 1.953709778427673571e+00
2.127785906187062287e-02 1.953692261812451703e+00
2.148484041256648255e-02 1.953674327580114500e+00
2.169383518385184506e-02 1.953656053596101394e+00
2.190486296136792688e-02 1.953637426849050840e+00
2.211794352127614133e-02 1.953618352982153139e+00
2.233309683211144592e-02 1.953598838203078003e+00
2.255034305665360936e-02 1.953578947337592631e+00
2.276970255381680075e-02 1.953558776224701754e+00
2.299119588055741764e-02 1.953538209495919054e+00
2.321484379380064564e-02 1.953517147230854345e+00
2.344066725238556220e-02 1.953495731316118311e+00
2.366868741902936057e-02 1.953473992129439951e+00
2.389892566231050300e-02 1.953451801401757892e+00
2.413140355867127856e-02 1.953429207298539527e+00
2.436614289443983158e-02 1.953406063010186822e+00
2.460316566787181664e-02 1.953382420327120839e+00
2.484249409121190577e-02 1.953358351071120325e+00
2.508415059277539771e-02 1.953333760436897215e+00
2.532815781905008515e-02 1.953308675671081351e+00
2.557453863681850847e-02 1.953282996270820693e+00
2.582331613530085626e-02 1.953256958291561540e+00
2.607451362831877603e-02 1.953230504409079860e+00
2.632815465648021339e-02 1.953203497475830996e+00
2.658426298938541474e-02 1.953176296810325896e+00
2.684286262785454819e-02 1.953154579640836053e+00
2.710397780617682106e-02 1.953126097545784035e+00
2.736763299438163891e-02 1.953096911398091606e+00
2.763385290053169824e-02 1.953067071153877121e+00
2.790266247303856487e-02 1.953036585069628295e+00
2.817408690300057458e-02 1.953000566389849091e+00
2.844815162656363222e-02 1.952969279233705002e+00
2.872488232730495070e-02 1.952937385085907529e+00
2.900430493863991738e-02 1.952904985067644317e+00
2.928644564625237229e-02 1.952871833815793989e+00
2.957133089054861039e-02 1.952837916892075976e+00
2.985898736913520854e-02 1.952805132523989018e+00
3.014944203932094433e-02 1.952768152706289229e+00
3.044272212064302874e-02 1.952732529962170061e+00
3.073885509741795460e-02 1.952696252274462863e+00
3.103786872131722788e-02 1.952659145284897590e+00
3.133979101396793671e-02 1.952621197606169368e+00
3.164465026957891114e-02 1.952582807894307715e+00
3.195247505759213347e-02 1.952543586892476757e+00
3.226329422536015901e-02 1.952503862694644710e+00
3.257713690084949876e-02 1.952461887098774440e+00
3.289403249537032475e-02 1.952420274042483195e+00
3.321401070633261954e-02 1.952377974259949855e+00
3.353710152002930406e-02 1.952334832785077801e+00
3.386333521444636480e-02 1.952291040982134129e+00
3.419274236210027851e-02 1.952246344392436717e+00
3.452535383290306070e-02 1.952200601791576506e+00
3.486120079705520153e-02 1.952155371342079171e+00
3.520031472796678745e-02 1.952107073159073725e+00
3.554272740520694751e-02 1.952058596425348957e+00
3.588847091748199186e-02 1.952009247124335767e+00
3.623757766564258964e-02 1.951958761680347099e+00
3.659008036572020811e-02 1.951907038665294802e+00
3.694601205199302130e-02 1.951854183709941459e+00
3.730540608008161424e-02 1.951800290139267480e+00
3.766829613007490613e-02 1.951745443478315467e+00
3.803471620968648659e-02 1.951689340227689584e+00
3.840470065744145539e-02 1.951632751702678359e+00
3.877828414589457040e-02 1.951574492317681209e+00
3.915550168487941241e-02 1.951515069684647719e+00
3.953638862478930927e-02 1.951453915938920813e+00
3.992098065989020672e-02 1.951392384049375650e+00
4.030931383166566628e-02 1.951329944596176258e+00
4.070142453219438572e-02 1.951266039689293130e+00
4.109734950756069316e-02 1.951199219529863749e+00
4.149712586129815362e-02 1.951134380336166929e+00
4.190079105786669034e-02 1.951066837058867964e+00
4.230838292616342228e-02 1.950997855817808491e+00
4.271993966306778662e-02 1.950927398208511132e+00
4.313549983702118923e-02 1.950855686369833863e+00
4.355510239164130798e-02 1.950782511402008534e+00
4.397878664937160398e-02 1.950707614608257812e+00
4.440659231516640160e-02 1.950631384044952066e+00
4.483855948021186338e-02 1.950553637353416914e+00
4.527472862568297785e-02 1.950474612553311893e+00
4.571514062653719151e-02 1.950393899817951970e+00
4.615983675534499064e-02 1.950311674748165025e+00
4.660885868615767536e-02 1.950227741636184842e+00
4.706224849841281199e-02 1.950142131649096999e+00
4.752004868087766204e-02 1.950055259532853968e+00
4.798230213563085128e-02 1.949966566610592977e+00
4.844905218208294534e-02 1.949876450948657469e+00
4.892034256103611894e-02 1.949782206501474269e+00
4.939621743878321036e-02 1.949688595964433668e+00
4.987672141124663283e-02 1.949592719608371105e+00
5.036189950815770505e-02 1.949497945120625575e+00
5.085179719727656034e-02 1.949398474460430020e+00
5.134646038865306461e-02 1.949296790446390482e+00
5.184593543892913187e-02 1.949193235165576521e+00
5.235026915568305461e-02 1.949087345036619734e+00
5.285950880181603667e-02 1.948975482331632092e+00
5.337370209998133774e-02 1.948868530295091883e+00
5.389289723705643909e-02 1.948756013355352312e+00
5.441714286865893119e-02 1.948640736112205341e+00
5.494648812370611646e-02 1.948525102253434005e+00
5.548098260901916656e-02 1.948407425532701742e+00
5.602067641397187603e-02 1.948287410559252031e+00
5.656562011518465050e-02 1.948164925608468767e+00
5.711586478126431943e-02 1.948039951634016775e+00
5.767146197758996756e-02 1.947912186480181385e+00
5.823246377114527778e-02 1.947782011600082797e+00
5.879892273539785025e-02 1.947649234879998525e+00
5.937089195522609469e-02 1.947514427413095772e+00
5.994842503189409116e-02 1.947374713568881921e+00
6.053157608807464840e-02 1.947235579540256944e+00
6.112039977292132997e-02 1.947091690228312855e+00
6.171495126718981594e-02 1.946945088873291541e+00
6.231528628840921763e-02 1.946795873952078537e+00
6.292146109610344262e-02 1.946642014808862786e+00
6.353353249706343575e-02 1.946487280236924189e+00
6.415155785067082339e-02 1.946329903949680196e+00
6.477559507427335661e-02 1.946169042969698060e+00
6.540570264861225724e-02 1.946005011454281508e+00
6.604193962330305590e-02 1.945837585690170402e+00
6.668436562236895737e-02 1.945666603614111256e+00
6.733304084982863480e-02 1.945492444660930520e+00
6.798802609533814711e-02 1.945314926897864005e+00
6.864938273988777095e-02 1.945133667928259369e+00
6.931717276155408003e-02 1.944948646985326324e+00
6.999145874130821565e-02 1.944759750324058567e+00
7.067230386888070925e-02 1.944566551943806454e+00
7.135977194868306506e-02 1.944369437390303545e+00
7.205392740578704658e-02 1.944170159713007440e+00
7.275483529196229149e-02 1.943965806163442167e+00
7.346256129177256011e-02 1.943758231160515049e+00
7.417717172873124210e-02 1.943547352696677999e+00
7.489873357151664857e-02 1.943332889065245705e+00
7.562731444024800576e-02 1.943114611861275209e+00
7.636298261282241373e-02 1.942892710628042252e+00
7.710580703131336699e-02 1.942666844481127031e+00
7.785585730843146146e-02 1.942438331684742892e+00
7.861320373404813433e-02 1.942202904501561633e+00
7.937791728178281159e-02 1.941962363049530405e+00
8.015006961565404597e-02 1.941715420565118144e+00
8.092973309679550586e-02 1.941464449171338869e+00
8.171698079023696770e-02 1.941208188500030074e+00
8.251188647175167201e-02 1.940946709657710878e+00
8.331452463477014014e-02 1.940680130343968468e+00
8.412497049736118726e-02 1.940408679067420206e+00
8.494330000928071445e-02 1.940131589153962333e+00
8.576958985908941790e-02 1.939849442207201013e+00
8.660391748133952627e-02 1.939561650323162745e+00
8.744636106383144036e-02 1.939271142754403154e+00
8.829699955494091368e-02 1.938973695118888951e+00
8.915591267101763417e-02 1.938671448362442318e+00
9.002318090385581784e-02 1.938363817156733893e+00
9.089888552823731371e-02 1.938050002328926436e+00
9.178310860954806694e-02 1.937730667329916390e+00
9.267593301146882789e-02 1.937404487436269251e+00
9.357744240374062106e-02 1.937071220885510314e+00
9.448772127000577836e-02 1.936730639763283968e+00
9.540685491572513388e-02 1.936383359276930172e+00
9.633492947617222635e-02 1.936029498597944931e+00
9.727203192450542546e-02 1.935668571794952886e+00
9.821825007991856482e-02 1.935300792295828076e+00
9.917367261587073379e-02 1.934926580640883742e+00
1.001383890683960748e-01 1.934541625472930848e+00
1.011124898444945991e-01 1.934152991389946230e+00
1.020960662306047012e-01 1.933758824474064886e+00
1.030892104011576216e-01 1.933357584086842440e+00
1.040920154272158005e-01 1.932947800638733060e+00
1.051045752851944987e-01 1.932529210532128561e+00
1.061269848656690717e-01 1.932102002816362463e+00
1.071593399822671072e-01 1.931666486034730124e+00
1.082017373806478805e-01 1.931223284739910007e+00
1.092542747475682557e-01 1.930771822210270106e+00
1.103170507200377515e-01 1.930311913491258968e+00
1.113901648945616746e-01 1.929842871326142184e+00
1.124737178364751955e-01 1.929365406627708168e+00
1.135678110893671017e-01 1.928876032955535003e+00
1.146725471845963656e-01 1.928375241551876895e+00
1.157880296509002094e-01 1.927868987871089956e+00
1.169143630240966764e-01 1.927352290477434948e+00
1.180516528568804902e-01 1.926827850883568116e+00
1.192000057287153220e-01 1.926294373336033150e+00
1.203595292558212876e-01 1.925748864937729898e+00
1.215303321012602134e-01 1.925192912329235506e+00
1.227125239851190319e-01 1.924627118175288087e+00
1.239062156947916271e-01 1.924048657591326483e+00
1.251115190953615564e-01 1.923459360125849615e+00
1.263285471400849291e-01 1.922858307728589899e+00
1.275574138809759950e-01 1.922247029324442247e+00
1.287982344794950385e-01 1.921625224703000789e+00
1.300511252173409127e-01 1.920990886415486543e+00
1.313162035073478784e-01 1.920346588555616352e+00
1.325935879044890797e-01 1.919688819612219710e+00
1.338833981169864351e-01 1.919017441971348159e+00
1.351857550175293021e-01 1.918332500637093707e+00
1.365007806546013891e-01 1.917637212496203336e+00
1.378285982639189389e-01 1.916929286342692995e+00
1.391693322799789911e-01 1.916204517560601284e+00
1.405231083477211373e-01 1.915468561901609412e+00
1.418900533343016301e-01 1.914717827019381868e+00
1.432702953409830948e-01 1.913952201849723700e+00
1.446639637151387880e-01 1.913172473498832238e+00
1.460711890623745679e-01 1.912378964279822124e+00
1.474921032587684921e-01 1.911573373978411094e+00
1.489268394632288772e-01 1.910751855731140258e+00
1.503755321299738434e-01 1.909912951323011754e+00
1.518383170211306810e-01 1.909057193469153813e+00
1.533153312194593942e-01 1.908184517352135900e+00
1.548067131411984265e-01 1.907296806984023929e+00
1.563126025490369497e-01 1.906392517290762312e+00
1.578331405652117214e-01 1.905473757313703054e+00
1.593684696847328941e-01 1.904536523037252849e+00
1.609187337887370006e-01 1.903582717951873393e+00
1.624840781579713067e-01 1.902609797405903747e+00
1.640646494864078653e-01 1.901619912440203564e+00
1.656605958949914359e-01 1.900611695929731892e+00
1.672720669455196874e-01 1.899584917116736937e+00
1.688992136546599021e-01 1.898539233167350515e+00
1.705421885081006561e-01 1.897471947315193530e+00
1.722011454748421100e-01 1.896382405505030899e+00
1.738762400216251336e-01 1.895280101530315120e+00
1.755676291275001522e-01 1.894153131502974263e+00
1.772754712985387948e-01 1.893007423896340580e+00
1.789999265826875408e-01 1.891841412106449738e+00
1.807411565847668600e-01 1.890652663157889046e+00
1.824993244816152382e-01 1.889441018303787079e+00
1.842745950373816666e-01 1.888207188339594556e+00
1.860671346189656239e-01 1.886950699269455356e+00
1.878771112116086051e-01 1.885672882121138816e+00
1.897046944346358344e-01 1.884370857245013076e+00
1.915500555573527997e-01 1.883045701167607167e+00
1.934133675150944698e-01 1.881697237430003611e+00
1.952948049254327745e-01 1.880323455557731727e+00
1.971945441045395986e-01 1.878923471958975133e+00
1.991127630837108697e-01 1.877498246265155712e+00
2.010496416260497965e-01 1.876049866553626266e+00
2.030053612433137811e-01 1.874574345037585354e+00
2.049801052129238688e-01 1.873073515928465049e+00
2.069740585951406198e-01 1.871541340655634267e+00
2.089874082504071251e-01 1.869981848447039186e+00
2.110203428568595552e-01 1.868398723169281128e+00
2.130730529280097374e-01 1.866787597552121314e+00
2.151457308305980698e-01 1.865143493725096357e+00
2.172385708026215445e-01 1.863471380491398932e+00
2.193517689715359098e-01 1.861771011366886164e+00
2.214855233726360506e-01 1.860043479221949569e+00
2.236400339676138660e-01 1.858277789915267819e+00
2.258155026632983065e-01 1.856482437368313088e+00
2.280121333305757114e-01 1.854657201602909478e+00
2.302301318234963867e-01 1.852801510586167710e+00
2.324697059985647851e-01 1.850912593691553587e+00
2.347310657342196183e-01 1.848990385090848232e+00
2.370144229505012079e-01 1.847034469710310267e+00
2.393199916289123208e-01 1.845043441236738690e+00
2.416479878324700736e-01 1.843018543480187565e+00
2.439986297259550130e-01 1.840956982976519996e+00
2.463721375963552895e-01 1.838862426163483832e+00
2.487687338735107279e-01 1.836727889860837237e+00
2.511886431509580686e-01 1.834558001207431621e+00
2.536320922069775774e-01 1.832351636358527935e+00
2.560993100258459609e-01 1.830107829405615893e+00
2.585905278192945911e-01 1.827824519685434135e+00
2.611059790481781162e-01 1.825500395466537640e+00
2.636458994443517945e-01 1.823133960077347737e+00
2.662105270327638773e-01 1.820734553305680015e+00
2.688001021537606006e-01 1.818293875201087761e+00
2.714148674856106669e-01 1.815809894981356587e+00
2.740550680672460548e-01 1.813282092725883921e+00
2.767209513212268712e-01 1.810713331618774680e+00
2.794127670769268601e-01 1.808099631639311422e+00
2.821307675939472293e-01 1.805444530983982832e+00
2.848752075857552413e-01 1.802745758605255322e+00
2.876463442435557849e-01 1.800002033827973413e+00
2.904444372603925406e-01 1.797211179468734432e+00
2.932697488554852905e-01 1.794374830028009571e+00
2.961225437988035947e-01 1.791491742029911238e+00
2.990030894358785551e-01 1.788560363695838484e+00
3.019116557128577738e-01 1.785583137841916912e+00
3.048485152018017286e-01 1.782554065030077961e+00
3.078139431262288950e-01 1.779480622665458256e+00
3.108082173869063936e-01 1.776357226574199366e+00
3.138316185878944342e-01 1.773180064229567199e+00
3.168844300628416155e-01 1.769952927338316329e+00
3.199669379015380732e-01 1.766673035874430919e+00
3.230794309767249795e-01 1.763342958750025335e+00
3.262222009711669979e-01 1.759961623824016552e+00
3.293955424049855307e-01 1.756526984310331052e+00
3.325997526632606949e-01 1.753035954721184009e+00
3.358351320238990301e-01 1.749488107361349076e+00
3.391019836857747105e-01 1.745885923969231257e+00
3.424006137971423724e-01 1.742231764179347664e+00
3.457313314843284413e-01 1.738521366213294561e+00
3.490944488806992929e-01 1.734750556026151136e+00
3.524902811559130766e-01 1.730921256159550170e+00
3.559191465454557002e-01 1.727038232200692525e+00
3.593813663804627523e-01 1.723091794450942293e+00
3.628772651178337472e-01 1.719086155913540637e+00
3.664071703706370808e-01 1.715023822860885838e+00
3.699714129388128048e-01 1.710900499574032230e+00
3.735703268401719401e-01 1.706712433885009261e+00
3.772042493416999376e-01 1.702467534489496837e+00
3.808735209911614517e-01 1.698160083162719269e+00
3.845784856490158665e-01 1.693784630918942380e+00
3.883194905206404091e-01 1.689347809388634269e+00
3.920968861888690649e-01 1.684849394714570181e+00
3.959110266468458539e-01 1.680285220396850798e+00
3.997622693312000708e-01 1.675656099877269378e+00
4.036509751555413805e-01 1.670963403915076917e+00
4.075775085442840395e-01 1.666202973465127135e+00
4.115422374667966343e-01 1.661371547926732584e+00
4.155455334718875515e-01 1.656479140221772228e+00
4.195877717226225712e-01 1.651523182713570792e+00
4.236693310314835759e-01 1.646493170491917235e+00
4.277905938958687093e-01 1.641394361975974547e+00
4.319519465339363706e-01 1.636225035872672207e+00
4.361537789208005944e-01 1.630997099822409035e+00
4.403964848250754294e-01 1.625695213088691693e+00
4.446804618457780300e-01 1.620317394375729636e+00
4.490061114495874639e-01 1.614870252473910028e+00
4.533738390084691150e-01 1.609360658435400104e+00
4.577840538376618529e-01 1.603775575350662397e+00
4.622371692340384031e-01 1.598119054470528821e+00
4.667336025148346446e-01 1.592392233674994939e+00
4.712737750567601580e-01 1.586593654957543009e+00
4.758581123354846953e-01 1.580724362571441999e+00
4.804870439655131720e-01 1.574781137163362432e+00
4.851610037404442966e-01 1.568766307346903144e+00
4.898804296736250508e-01 1.562680993107843586e+00
4.946457640391963562e-01 1.556518854538284646e+00
4.994574534135413635e-01 1.550288455580483227e+00
5.043159487171361421e-01 1.543983802545914052e+00
5.092217052568053237e-01 1.537606403160784341e+00
5.141751827683928022e-01 1.531160900400354796e+00
5.191768454598426619e-01 1.524628485729050409e+00
5.242271620547044320e-01 1.518038641614110951e+00
5.293266058360561743e-01 1.511372892397454093e+00
5.344756546908600026e-01 1.504631160727304628e+00
5.396747911547442600e-01 1.497817279727657880e+00
5.449245024572260121e-01 1.490931511540509069e+00
5.502252805673685243e-01 1.483975081011398967e+00
5.555776222398878250e-01 1.476943922151517263e+00
5.609820290617031358e-01 1.469845337707579747e+00
5.664390074989449353e-01 1.462672230646428595e+00
5.719490689444144405e-01 1.455427199089807999e+00
5.775127297655114900e-01 1.448113550048677478e+00
5.831305113526221717e-01 1.440730350054310049e+00
5.888029401679826247e-01 1.433275462306531578e+00
5.945305477950136863e-01 1.425751131535543337e+00
6.003138709881384871e-01 1.418159618072711403e+00
6.061534517230839914e-01 1.410493347007007792e+00
6.120498372476699256e-01 1.402769644685740280e+00
6.180035801330957534e-01 1.394971270272524544e+00
6.240152383257209223e-01 1.387106693629058585e+00
6.300853751993553686e-01 1.379178754870180379e+00
6.362145596080520660e-01 1.371183510778332115e+00
6.424033659394193796e-01 1.363126133820106389e+00
6.486523741684461219e-01 1.355002226984478808e+00
6.549621699118558515e-01 1.346815453815789043e+00
6.613333444829840868e-01 1.338569788982342690e+00
6.677664949471955325e-01 1.330220985202303696e+00
6.742622241778342129e-01 1.321889245845282002e+00
6.808211409127237213e-01 1.313460992009355843e+00
6.874438598112112553e-01 1.304976300249699683e+00
6.941310015117725385e-01 1.296430668399094266e+00
7.008831926901714082e-01 1.287829890410336908e+00
7.077010661181889484e-01 1.279178463502381957e+00
7.145852607229240538e-01 1.270467450778406393e+00
7.215364216466665370e-01 1.261714953285629104e+00
7.285552003073593186e-01 1.252895348450608459e+00
7.356422544596413760e-01 1.244033740438138746e+00
7.427982482564918776e-01 1.235121812389016860e+00
7.500238523114668432e-01 1.226162691482377998e+00
7.573197437615483141e-01 1.217162400463690730e+00
7.646866063305975958e-01 1.208111996354055417e+00
7.721251303934327792e-01 1.199018545349322951e+00
7.796360130405233235e-01 1.189887286832471247e+00
7.872199581433195759e-01 1.180712327695025987e+00
7.948776764202123424e-01 1.171501559907457635e+00
8.026098855031396084e-01 1.162251451710383243e+00
8.104173100048355227e-01 1.152969554225513615e+00
8.183006815867394090e-01 1.143649065783173047e+00
8.262607390275591435e-01 1.134300455685429920e+00
8.342982282925082149e-01 1.124919813710217875e+00
8.424139026032094746e-01 1.115475313278593728e+00
8.506085225082840040e-01 1.106074660215793370e+00
8.588828559546254349e-01 1.096612883966989971e+00
8.672376783593644944e-01 1.087129099912605312e+00
8.756737726825394308e-01 1.077625388623916436e+00
8.841919295004664336e-01 1.068098706163616463e+00
8.927929470798307010e-01 1.058552922625347170e+00
9.014776314524917122e-01 1.048994786099396226e+00
9.102467964910225806e-01 1.039420292328275597e+00
9.191012639849772681e-01 1.029835795797541254e+00
9.280418637179072006e-01 1.020237023039249902e+00
9.370694335451198453e-01 1.010632683876016680e+00
9.461848194722002336e-01 1.001019946635893554e+00
9.553888757342895444e-01 9.914041253350315275e-01
9.646824648761427312e-01 9.817846658903366386e-01
9.740664578329562007e-01 9.721643186696645733e-01
9.835417340119908536e-01 9.625448256942945591e-01
9.931091813749796104e-01 9.529274913717434847e-01
1.002769696521346621e+00 9.433181964815415821e-01
1.012524184772224167e+00 9.337100807681899539e-01
1.022373560255302127e+00 9.241215022024801273e-01
1.032318745990486564e+00 9.145289374870715360e-01
1.042360673976402197e+00 9.049589805976016033e-01
1.052500285277732761e+00 8.954013934035240929e-01
1.062738530113414459e+00 8.858575528922459918e-01
1.073076367945679621e+00 8.763360403467649329e-01
1.083514767569973225e+00 8.668277212188211234e-01
1.094054707205742494e+00 8.573505851929968946e-01
1.104697174588111785e+00 8.478893852805934328e-01
1.115443167060441221e+00 8.384588055505375337e-01
1.126293691667795249e+00 8.290541286116106523e-01
1.137249765251314271e+00 8.196727582216535302e-01
1.148312414543511073e+00 8.103319766465822971e-01
1.159482676264482759e+00 8.010189336164371676e-01
1.170761597219069250e+00 7.917401429730429596e-01
1.182150234394952371e+00 7.824952235693147795e-01
1.193649655061713055e+00 7.732907414990464190e-01
1.205260936870842681e+00 7.641259605809139765e-01
1.216985167956738056e+00 7.550013999615903248e-01
1.228823447038673411e+00 7.459184440647727010e-01
1.240776883523764251e+00 7.368790187932834357e-01
1.252846597610937529e+00 7.278864587200275515e-01
1.265033720395903893e+00 7.189406678422242125e-01
1.277339393977160009e+00 7.100415174001802887e-01
1.289764771563017165e+00 7.011935947272643910e-01
1.302311017579677488e+00 6.923956751717611491e-01
1.314979307780347773e+00 6.836505858024460869e-01
1.327770829355430449e+00 6.749565557705397012e-01
1.340686781043774811e+00 6.663246765196979560e-01
1.353728373245021821e+00 6.577449696571323612e-01
1.366896828133026487e+00 6.492177510954051378e-01
1.380193379770397355e+00 6.407511293779301065e-01
1.393619274224142002e+00 6.323472787988513311e-01
1.407175769682446731e+00 6.240063640674882173e-01
1.420864136572576708e+00 6.157234032596314854e-01
1.434685657679937831e+00 6.075002474232812366e-01
1.448641628268290127e+00 5.993420150206463237e-01
1.462733356201129986e+00 5.912495218288400523e-01
1.476962162064259898e+00 5.832247607406908507e-01
1.491329379289537682e+00 5.752618542675772551e-01
1.505836354279841416e+00 5.673678460393855039e-01
1.520484446535244283e+00 5.595381917948070161e-01
1.535275028780422657e+00 5.517792344040993724e-01
1.550209487093291205e+00 5.440909577227758254e-01
1.565289221034902312e+00 5.364715185196621272e-01
1.580515643780601165e+00 5.289190916737142034e-01
1.595890182252465817e+00 5.214374657194532636e-01
1.611414277253019778e+00 5.140286497216235428e-01
1.627089383600260675e+00 5.066921702552533713e-01
1.642916970263993193e+00 4.994261751357585433e-01
1.658898520503498064e+00 4.922322173512548860e-01
1.675035532006524441e+00 4.851111020053756051e-01
1.691329517029648732e+00 4.780630653906003946e-01
1.707782002539993016e+00 4.710878850015725594e-01
1.724394530358320354e+00 4.641852838024957961e-01
1.741168657303530987e+00 4.573584101628138110e-01
1.758105955338547632e+00 4.506031845893330723e-01
1.775208011717636092e+00 4.439229389614630650e-01
1.792476429135148930e+00 4.373150390336067450e-01
1.809912825875727105e+00 4.307834753397890570e-01
1.827518835965944666e+00 4.243239095631980984e-01
1.845296109327445366e+00 4.179394122742480788e-01
1.863246311931559873e+00 4.116275030655645595e-01
1.881371125955437096e+00 4.053902918748368833e-01
1.899672249939675650e+00 3.992270511878783235e-01
1.918151398947507635e+00 3.931361571023039292e-01
1.936810304725519849e+00 3.871204423246446535e-01
1.955650715865949074e+00 3.811763707498387888e-01
1.974674397970537454e+00 3.753061605448002602e-01
1.993883133816001019e+00 3.695089906681791048e-01
2.013278723521096492e+00 3.637850637467072157e-01
2.032862984715323673e+00 3.581290209378453770e-01
2.052637752709252084e+00 3.525499580377665643e-01
2.072604880666519822e+00 3.470399696689520641e-01
2.092766239777499759e+00 3.416013637003635917e-01
2.113123719434652603e+00 3.362347345392919795e-01
2.133679227409597701e+00 3.309364876197051220e-01
2.154434690031884259e+00 3.257116615347785404e-01
2.175392052369522489e+00 3.205530477227582775e-01
2.196553278411258248e+00 3.154667962044800378e-01
2.217920351250634692e+00 3.104466419222549622e-01
2.239495273271823184e+00 3.054939100702837029e-01
2.261280066337279404e+00 3.006132553908073546e-01
2.283276771977218012e+00 2.957959893110539973e-01
2.305487451580938707e+00 2.910469597269290665e-01
2.327914186589993051e+00 2.863635988511407104e-01
2.350559078693253756e+00 2.817457154981187761e-01
2.373424250023866033e+00 2.771946369778388597e-01
2.396511843358130278e+00 2.727066484680769620e-01
2.419824022316292567e+00 2.682820957937209760e-01
2.443362971565319341e+00 2.639216889388519838e-01
2.467130897023623426e+00 2.596245444898213628e-01
2.491130026067788439e+00 2.553884865314681729e-01
2.515362607741312928e+00 2.512151114342858205e-01
2.539830912965362675e+00 2.471024942976813021e-01
2.564537234751594674e+00 2.430488188008830541e-01
2.589483888417040802e+00 2.390558519031512064e-01
2.614673211801092023e+00 2.351225827634228771e-01
2.640107565484572927e+00 2.312484314311839262e-01
2.665789333010967876e+00 2.274302425502564284e-01
2.691720921109787668e+00 2.236688576843765819e-01
2.717904759922122881e+00 2.199652273503155675e-01
2.744343303228365283e+00 2.163187480552201669e-01
2.771039028678170535e+00 2.127253136961990976e-01
2.797994438022641805e+00 2.091871239331134225e-01
2.825212057348790218e+00 2.057024912321285814e-01
2.852694437316245057e+00 2.022714887117222915e-01
2.880444153396297668e+00 1.988833859459090692e-01
2.908463806113254169e+00 1.955678268324557711e-01
2.936756021288137397e+00 1.922931819468584325e-01
2.965323450284773621e+00 1.890679699759608146e-01
2.994168770258243573e+00 1.858936858775661338e-01
3.023294684405779531e+00 1.827697803709159574e-01
3.052703922220086241e+00 1.796680716175256265e-01
3.082399239745143404e+00 1.766657319696567086e-01
3.112383419834465759e+00 1.736848597434981212e-01
3.142659272411905569e+00 1.707513452711258151e-01
3.173229634734976212e+00 1.678646549234745489e-01
3.204097371660752813e+00 1.650228192798120774e-01
3.235265375914330388e+00 1.622046127629333812e-01
3.266736568359921655e+00 1.594734894569957429e-01
3.298513898274578082e+00 1.567643787980557979e-01
3.330600343624588788e+00 1.540990313361053354e-01
3.362998911344535991e+00 1.514760520275547362e-01
3.395712637619100693e+00 1.488948867396186204e-01
3.428744588167585317e+00 1.463544356148530623e-01
3.462097858531227423e+00 1.438551795040013404e-01
3.495775574363275240e+00 1.413799314495071680e-01
3.529780891721914671e+00 1.389765166233123683e-01
3.564116997366032269e+00 1.365956944119862959e-01
3.598787109053855460e+00 1.342536226634006569e-01
3.633794475844513094e+00 1.319487764229768934e-01
3.669142378402494131e+00 1.296821157169892325e-01
3.704834129305105694e+00 1.274513320289041296e-01
3.740873073352900313e+00 1.252568582868932301e-01
3.777262587883141176e+00 1.230976815080055270e-01
3.814006083086284082e+00 1.209742940367166675e-01
3.851107002325572903e+00 1.188850741011906603e-01
3.888568822459721019e+00 1.168301159664167643e-01
3.926395054168756449e+00 1.148076607776102182e-01
3.964589242282997805e+00 1.128190520012303660e-01
4.003154966115265445e+00 1.108628536429111661e-01
4.042095839796306045e+00 1.089381038407923191e-01
4.081415512613501662e+00 1.070450517984059963e-01
4.121117669352832635e+00 1.051829786636322567e-01
4.161206030644208020e+00 1.033519050629577996e-01
4.201684353310133346e+00 1.015499032611103802e-01
4.242556430717777438e+00 9.977847650301611970e-02
4.283826093134470270e+00 9.803525388398202922e-02
4.325497208086633627e+00 9.632073888567715958e-02
4.367573680722233398e+00 9.463490124038642648e-02
4.410059454176736615e+00 9.297620348449002481e-02
4.452958509942654963e+00 9.134507652412972301e-02
4.496274868242640110e+00 8.974049832129349369e-02
4.540012588406244554e+00 8.816247999126426704e-02
4.584175769250333765e+00 8.661086464471422219e-02
4.628768549463215365e+00 8.508444770045256456e-02
4.673795107992464004e+00 8.358305293056121632e-02
4.719259664436561863e+00 8.210651099784338491e-02
4.765166479440326341e+00 8.065443247971074148e-02
4.811519855094205766e+00 7.922636386695920685e-02
4.858324135337417360e+00 7.782187202414922456e-02
4.905583706365050922e+00 7.644048256205554503e-02
4.953302997039108924e+00 7.508156243505126337e-02
5.001486479303548727e+00 7.374557808828866023e-02
5.050138668603383785e+00 7.243202907254679690e-02
5.099264124307808288e+00 7.113877882001945485e-02
5.148867450137498025e+00 6.986825772857041539e-02
5.198953294596024399e+00 6.861818171615771678e-02
5.249526351405507718e+00 6.738936851219155810e-02
5.300591359946452030e+00 6.618063612381214211e-02
5.352153105701904501e+00 6.499179562381443565e-02
5.404216420705915347e+00 6.382235943925131105e-02
5.456786183996381823e+00 6.267273334097056559e-02
5.509867322072253160e+00 6.154217875374351499e-02
5.563464809355226137e+00 6.043046473480539332e-02
5.617583668655908191e+00 5.933695977852971454e-02
5.672228971644543094e+00 5.826129602734996665e-02
5.727405839326266346e+00 5.720399689627752443e-02
5.783119442521027054e+00 5.616424164034159588e-02
5.839375002348160315e+00 5.514172906568128030e-02
5.896177790715694478e+00 5.413587863223957852e-02
5.953533130814370189e+00 5.314563977628961045e-02
6.011446397616513337e+00 5.217461764002408880e-02
6.069923018379741464e+00 5.121039406466522392e-02
6.128968473155564034e+00 5.027808190772979635e-02
6.188588295302960063e+00 4.935325440043873690e-02
6.248788072006894012e+00 4.844400165388191432e-02
6.309573444801936049e+00 4.754999296778062573e-02
6.370950110100935149e+00 4.667069689619986195e-02
6.432923819728876502e+00 4.580612690269360299e-02
6.495500381461869033e+00 4.495591843272517263e-02
6.558685659571435345e+00 4.412000645585201913e-02
6.622485575374063238e+00 4.329210351141085655e-02
6.686906107786136921e+00 4.248722114029198499e-02
6.751953293884205287e+00 4.169678003838749730e-02
6.817633229470763112e+00 4.091370275052420152e-02
6.883952069645496330e+00 4.014536711092923926e-02
6.950916029382126382e+00 3.938988385719809082e-02
7.018531384110795912e+00 3.864701034837712823e-02
7.086804470306189430e+00 3.791670738130700075e-02
7.155741686081340980e+00 3.719859872557413488e-02
7.225349491787214085e+00 3.649258369345576014e-02
7.295634410618154320e+00 3.579843065785446449e-02
7.366603029223159460e+00 3.511596320794151821e-02
7.438261998323163482e+00 3.444499054240469232e-02
7.510618033334286459e+00 3.378459622780836946e-02
7.583677914997190683e+00 3.313661834752863744e-02
7.657448490012479958e+00 3.249880624190408518e-02
7.731936671682362316e+00 3.187203640018713285e-02
7.807149440558499798e+00 3.125595473685053444e-02
7.883093845096216690e+00 3.064999858992878412e-02
7.959777002314985417e+00 3.005450652431883654e-02
8.037206098465421888e+00 2.946895047161761372e-02
8.115388389702712146e+00 2.889339028615102445e-02
8.194331202766655053e+00 2.832757189567810391e-02
8.274041935668218883e+00 2.777144919746272686e-02
8.354528058382872047e+00 2.722475843830205952e-02
8.435797113550611570e+00 2.668679711150475850e-02
8.517856717182803905e+00 2.615917483170385541e-02
8.600714559375941093e+00 2.563999899677926048e-02
8.684378405032257220e+00 2.512964416516628996e-02
8.768856094587436090e+00 2.462811296734925687e-02
8.854155544745349715e+00 2.413450739341922724e-02
8.940284749219998162e+00 2.365061823840891239e-02
9.027251779484577909e+00 2.317450932220388449e-02
9.115064785527916769e+00 2.270655748206163241e-02
9.203731996618220279e+00 2.224637287074741551e-02
9.293261722074316111e+00 2.179486795863330717e-02
9.383662352044273902e+00 2.135067639842667953e-02
9.474942358291729150e+00 2.091391732017119920e-02
9.567110294989774388e+00 2.048530324377842438e-02
9.660174799522645017e+00 2.006390576823263716e-02
9.754144593295098531e+00 1.964981743560048275e-02
9.849028482549766039e+00 1.924259490372630388e-02
9.944835359192397917e+00 1.884326234468802069e-02
1.004157420162519543e+01 1.845053207027580813e-02
1.013925407558815373e+01 1.806333532621360455e-02
1.023788413500867378e+01 1.768565689810977157e-02
1.033747362285940774e+01 1.731326408189654345e-02
1.043803187202444072e+01 1.694736653784215119e-02
1.053956830617394580e+01 1.658692569629979796e-02
1.064209244064724658e+01 1.623503326120756193e-02
1.074561388334458023e+01 1.588846073184980306e-02
1.085014233562746178e+01 1.554767793938648633e-02
1.095568759322787855e+01 1.521282125177085554e-02
1.106225954716621906e+01 1.488498632714083635e-02
1.116986818467823817e+01 1.456239016968387430e-02
1.127852359015096795e+01 1.424558196173349514e-02
1.138823594606782130e+01 1.393448231281312066e-02
1.149901553396274245e+01 1.362901642209157597e-02
1.161087273538378994e+01 1.332904865871530412e-02
1.172381803286598512e+01 1.303454010988642359e-02
1.183786201091373513e+01 1.274549887439316992e-02
1.195301535699265827e+01 1.246150974120848257e-02
1.206928886253119870e+01 1.218262139669561844e-02
1.218669342393191712e+01 1.190924439831752939e-02
1.230524004359261525e+01 1.164069022915597586e-02
1.242493983093746479e+01 1.137709584167517426e-02
1.254580400345803248e+01 1.111837960712899406e-02
1.266784388776455827e+01 1.086449684402961829e-02
1.279107092064739781e+01 1.061527677832275508e-02
1.291549665014884063e+01 1.037074790234843863e-02
1.304113273664525430e+01 1.013076809589865193e-02
1.316799095393986185e+01 9.895370975088038645e-03
1.329608319036608854e+01 9.664286205468951979e-03
1.342542144990170527e+01 9.437673371338585471e-03
1.355601785329368880e+01 9.215352484890186602e-03
1.368788463919415221e+01 8.997224084200814570e-03
1.382103416530724438e+01 8.783243281714909687e-03
1.395547890954729020e+01 8.573421556823291809e-03
1.409123147120805619e+01 8.367643337656077707e-03
1.422830457214353395e+01 8.165740682466832503e-03
1.436671105796013137e+01 7.967743195778106621e-03
1.450646389922046886e+01 7.773720027764349436e-03
1.464757619265895272e+01 7.583493200543924527e-03
1.479006116240903168e+01 7.396857727058261424e-03
1.493393216124253264e+01 7.213964880549601777e-03
1.507920267182097263e+01 7.034704053257336172e-03
1.522588630795911513e+01 6.858946719388123170e-03
1.537399681590069456e+01 6.686732426795974349e-03
1.552354807560667105e+01 6.517947319102705694e-03
1.567455410205595001e+01 6.352540520047931204e-03
1.582702904655883280e+01 6.190491637106831924e-03
1.598098719808309376e+01 6.031670624910337279e-03
1.613644298459311699e+01 5.876308795149050128e-03
1.629341097440194730e+01 5.723763287797872107e-03
1.645190587753662470e+01 5.574497308593771502e-03
1.661194254711659113e+01 5.428308157302062613e-03
1.677353598074571295e+01 5.285140943527175464e-03
1.693670132191772026e+01 5.145209800733417486e-03
1.710145386143542012e+01 5.007715818799115572e-03
1.726780903884355922e+01 4.873534008226538053e-03
1.743578244387577669e+01 4.741821947602009243e-03
1.760538981791556523e+01 4.613114081873946615e-03
1.777664705547142532e+01 4.487021800369143248e-03
1.794957020566648254e+01 4.363727549870961668e-03
1.812417547374237614e+01 4.243045879892787080e-03
1.830047922257800863e+01 4.125200286898001757e-03
1.847849797422290763e+01 4.009544340923763481e-03
1.865824841144566193e+01 3.896649470069522662e-03
1.883974737929719367e+01 3.786208163957992257e-03
1.902301188668945642e+01 3.677830152288070597e-03
1.920805910798935301e+01 3.572542855449952794e-03
1.939490638462828542e+01 3.469496523775242227e-03
1.958357122672716955e+01 3.368321012060090849e-03
1.977407131473744428e+01 3.269648225269341374e-03
1.996642450109793288e+01 3.173238926183249552e-03
2.016064881190793656e+01 3.079017061108190421e-03
2.035676244861640072e+01 2.986938967550213739e-03
2.055478378972772546e+01 2.897039239416602987e-03
2.075473139252405730e+01 2.809219290805279549e-03
2.095662399480432825e+01 2.723429598498024878e-03
2.116048051664034446e+01 2.639703727601889517e-03
2.136632006214970403e+01 2.557917785268382267e-03
2.157416192128621546e+01 2.478084495507946929e-03
2.178402557164756459e+01 2.400198378250368615e-03
2.199593068030074861e+01 2.324244416614967834e-03
2.220989710562497521e+01 2.250029998729846398e-03
2.242594489917278011e+01 2.177683869628532082e-03
2.264409430754907504e+01 2.107097758972483435e-03
2.286436577430861306e+01 2.038305326458318082e-03
2.308677994187169702e+01 1.971171126609248120e-03
2.331135765345874944e+01 1.905767151562246962e-03
2.353811995504354471e+01 1.842059077778553620e-03
2.376708809732560823e+01 1.779923126255127542e-03
2.399828353772154799e+01 1.719527077148746584e-03
2.423172794237600769e+01 1.660471329036579619e-03
2.446744318819203201e+01 1.603058564305290734e-03
2.470545136488123816e+01 1.547150533644086993e-03
2.494577477703398571e+01 1.492733786533280557e-03
2.518843594620949489e+01 1.439766713723440250e-03
2.543345761304651020e+01 1.388242052990828774e-03
2.568086273939435316e+01 1.338092854374231012e-03
2.593067451046487548e+01 1.289331305437852859e-03
2.618291633700505372e+01 1.241903735385250021e-03
2.643761185749101372e+01 1.195802975227282109e-03
2.669478494034320804e+01 1.150992369085226345e-03
2.695445968616333587e+01 1.107450544983442980e-03
2.721666042999271795e+01 1.065144701023542024e-03
2.748141174359293259e+01 1.024074317267527172e-03
2.774873843774846804e+01 9.841824693196084620e-04
2.801866556459195223e+01 9.454614867168319647e-04
2.829121841995168651e+01 9.078863537055824025e-04
2.856642254572233952e+01 8.714344352826885066e-04
2.884430373225852051e+01 8.360801929531370882e-04
2.912488802079168337e+01 8.018052288691417898e-04
2.940820170587063842e+01 7.685757595032032419e-04
2.969427133782552986e+01 7.363788685944249986e-04
2.998312372525609959e+01 7.051912918068014647e-04
3.027478593754393543e+01 6.749845574223563207e-04
3.056928530738937155e+01 6.457505259843981287e-04
3.086664943337274636e+01 6.174634868219310273e-04
3.116690618254088463e+01 5.900956854214982122e-04
3.147008369301855879e+01 5.636326620555511153e-04
3.177621037664554038e+01 5.380487188917726718e-04
3.208531492163897525e+01 5.133284132224700917e-04
3.239742629528198847e+01 4.894526483337721147e-04
3.271257374663825601e+01 4.664013023113795656e-04
3.303078680929315425e+01 4.441504866115708974e-04
3.335209530412127066e+01 4.226852919946377340e-04
3.367652934208116022e+01 4.019907018124984884e-04
3.400411932703705986e+01 3.820438290344719732e-04
3.433489595860830690e+01 3.628276960035889376e-04
3.466889023504609213e+01 3.443237201251039196e-04
3.500613345613854221e+01 3.265150313119583839e-04
3.534665722614391115e+01 3.093854104187765126e-04
3.569049345675229290e+01 2.929172454979022408e-04
3.603767437007633134e+01 2.770917199889336873e-04
3.638823250167062184e+01 2.618913491057916283e-04
3.674220070358090595e+01 2.473058909879421899e-04
3.709961214742267543e+01 2.333121387112419606e-04
3.746050032748993175e+01 2.199020315195657758e-04
3.782489906389385936e+01 2.070522182870240585e-04
3.819284250573236505e+01 1.947533618111538288e-04
3.856436513429023449e+01 1.829851059835766347e-04
3.893950176627063087e+01 1.717334001188794391e-04
3.931828755705770106e+01 1.609927511913650450e-04
3.970075800401124155e+01 1.507372867207249791e-04
4.008694894979318946e+01 1.409571058421384517e-04
4.047689658572676308e+01 1.316388741155956907e-04
4.087063745518780422e+01 1.227630585137840587e-04
4.126820845702955864e+01 1.143262018604478749e-04
4.166964684904057492e+01 1.063077093936560245e-04
4.207499025143619065e+01 9.869767050839591048e-05
4.248427665038425260e+01 9.147914786084652820e-05
4.289754440156466586e+01 8.464577818082834261e-05
4.331483223376402947e+01 7.818001523457796301e-05
4.373617925250492533e+01 7.206652560813066582e-05
4.416162494371084790e+01 6.630776592559866147e-05
4.459120917740628443e+01 6.086950514821288074e-05
4.502497221145327444e+01 5.575631595364430310e-05
4.546295469532399380e+01 5.095114813156883361e-05
4.590519767391037220e+01 4.644561269981386489e-05
4.635174259137027519e+01 4.222397492035908837e-05
4.680263129501155817e+01 3.827841056102037687e-05
4.725790603921362276e+01 3.460010413247975299e-05
4.771760948938745628e+01 3.116911576476221645e-05
4.818178472597362827e+01 2.799091325582279708e-05
4.865047524847972937e+01 2.503965070335822945e-05
4.912372497955678341e+01 2.231307450860693059e-05
4.960157826911540724e+01 1.979719641125377759e-05
5.008407989848212338e+01 1.748758320501589376e-05
5.057127508459573306e+01 1.536819919527990905e-05
5.106320948424492911e+01 1.343367607392379842e-05
5.155992919834686461e+01 1.167394455942438099e-05
5.206148077626762216e+01 1.008045977250555973e-05
5.256791122018424289e+01 8.641618480701832546e-06
5.307926798948964375e+01 7.350544067421998641e-06
5.359559900524011766e+01 6.197585299668807790e-06
5.411695265464637572e+01 5.175865916164560178e-06
5.464337779560780461e+01 4.275176352029253063e-06
5.517492376129128928e+01 3.487496643481285245e-06
5.571164036475430237e+01 2.804752768953160247e-06
5.625357790361330501e+01 2.219355644475442469e-06
5.680078716475694733e+01 1.722787847448338677e-06
5.735331942910571712e+01 1.307709383664421154e-06
5.791122647641758192e+01 9.662503479905710989e-07
5.847456059014062646e+01 6.906426882807393879e-07
5.904337456231242243e+01 4.738362997596455454e-07
5.961772169850755887e+01 3.084006150582249815e-07
6.019765582283304184e+01 1.871576466204044387e-07
6.078323128297230227e+01 1.022411017596597563e-07
6.137450295527852973e+01 4.834444113344817234e-08
6.197152624991698389e+01 1.805533136825739560e-08
6.257435711605789663e+01 4.253738736667601994e-09
6.318305204711957401e+01 0.000000000000000000e+00
