1.000000000000000021e-02 1.852270975091799388e+00
1.009727545900835841e-02 1.852266531016786733e+00
1.019549716950923779e-02 1.852262758217030125e+00
1.029467433620748044e-02 1.852258611460752213e+00
1.039481625334708927e-02 1.852254184751522148e+00
1.049593230558227772e-02 1.852250750558172010e+00
1.059803196885688789e-02 1.852245916305964801e+00
1.070112481129246833e-02 1.852241312661733419e+00
1.080522049408488318e-02 1.852236278413204928e+00
1.091032877240974419e-02 1.852231422783826575e+00
1.101645949633656314e-02 1.852226740831492302e+00
1.112362261175187626e-02 1.852223195011766688e+00
1.123182816129126085e-02 1.852218246539459212e+00
1.134108628528052165e-02 1.852212601894761557e+00
1.145140722268592030e-02 1.852208190929951703e+00
1.156280131207376022e-02 1.852202368324753490e+00
1.167527899257919492e-02 1.852197005684651954e+00
1.178885080488457221e-02 1.852191647222183990e+00
1.190352739220719262e-02 1.852186098804571524e+00
1.201931950129673729e-02 1.852180453884538114e+00
1.213623798344241195e-02 1.852174660312747800e+00
1.225429379548980714e-02 1.852168786403934675e+00
1.237349800086776086e-02 1.852162779685421201e+00
1.249386177062509519e-02 1.852156492387560638e+00
1.261539638447754796e-02 1.852150198053224006e+00
1.273811323186478488e-02 1.852143949348676877e+00
1.286202381301779218e-02 1.852138046434940399e+00
1.298713974003655978e-02 1.852131054369477781e+00
1.311347273797833224e-02 1.852124399600925120e+00
1.324103464595636874e-02 1.852117620481535054e+00
1.336983741824946531e-02 1.852110685745880225e+00
1.349989312542219239e-02 1.852103607431128784e+00
1.363121395545611320e-02 1.852096526148720113e+00
1.376381221489191876e-02 1.852089138699404947e+00
1.389770032998276401e-02 1.852081645947315280e+00
1.403289084785873213e-02 1.852074043240315326e+00
1.416939643770268736e-02 1.852066301824138117e+00
1.430722989193757184e-02 1.852058373612318176e+00
1.444640412742520530e-02 1.852050309194511968e+00
1.458693218667675602e-02 1.852041718159358252e+00
1.472882723907502529e-02 1.852033489970771107e+00
1.487210258210860774e-02 1.852024941170891337e+00
1.501677164261799868e-02 1.852016258195668508e+00
1.516284797805393485e-02 1.852007555872017486e+00
1.531034527774784160e-02 1.851998366363731385e+00
1.545927736419477720e-02 1.851989306154545156e+00
1.560965819434872483e-02 1.851979828597828392e+00
1.576150186093060873e-02 1.851970096882349148e+00
1.591482259374891323e-02 1.851960012713908199e+00
1.606963476103326349e-02 1.851949999181888407e+00
1.622595287078087284e-02 1.851939638315544645e+00
1.638379157211618947e-02 1.851929094370425410e+00
1.654316565666366645e-02 1.851918365021333779e+00
1.670409005993399310e-02 1.851905491045329422e+00
1.686657986272368723e-02 1.851894126954467312e+00
1.703065029252844378e-02 1.851882531380867114e+00
1.719631672497009753e-02 1.851870710079532190e+00
1.736359468523754335e-02 1.851858721194265867e+00
1.753249984954170088e-02 1.851847197763589525e+00
1.770304804658450262e-02 1.851834778574947604e+00
1.787525525904235316e-02 1.851821309028832685e+00
1.804913762506383731e-02 1.851808269516022287e+00
1.822471143978214581e-02 1.851797707543602955e+00
1.840199315684210371e-02 1.851784240408505200e+00
1.858099938994215231e-02 1.851770572112976909e+00
1.876174691439120440e-02 1.851757761626188437e+00
1.894425266868081034e-02 1.851743706284304514e+00
1.912853375607242307e-02 1.851729341980113075e+00
1.931460744620030340e-02 1.851714662855687088e+00
1.950249117668984011e-02 1.851699659062048697e+00
1.969220255479172538e-02 1.851684326745872022e+00
1.988375935903200636e-02 1.851668684172343760e+00
2.007717954087816226e-02 1.851652798237445552e+00
2.027248122642137662e-02 1.851636630118304039e+00
2.046968271807520987e-02 1.851620075876995619e+00
2.066880249629082095e-02 1.851600152409891287e+00
2.086985922128879734e-02 1.851585028467189087e+00
2.107287173480786382e-02 1.851568105758509164e+00
2.127785906187062287e-02 1.851550801943086411e+00
2.148484041256648255e-02 1.851533101662884206e+00
2.169383518385184506e-02 1.851514340898424704e+00
2.190486296136792688e-02 1.851495471224941847e+00
2.211794352127614133e-02 1.851476246391090319e+00
2.233309683211144592e-02 1.851458471445825094e+00
2.255034305665360936e-02 1.851438404014694949e+00
2.276970255381680075e-02 1.851418511146504464e+00
2.299119588055741764e-02 1.851397933394655970e+00
2.321484379380064564e-02 1.851376948418866686e+00
2.344066725238556220e-02 1.851355467622153084e+00
2.366868741902936057e-02 1.851333206940726672e+00
2.389892566231050300e-02 1.851310576393192520e+00
2.413140355867127856e-02 1.851287732912896944e+00
2.436614289443983158e-02 1.851264394693685089e+00
2.460316566787181664e-02 1.851240560580061256e+00
2.484249409121190577e-02 1.851216356693350606e+00
2.508415059277539771e-02 1.851191437841498422e+00
2.532815781905008515e-02 1.851166086973720537e+00
2.557453863681850847e-02 1.851140213276468272e+00
2.582331613530085626e-02 1.851113775448929522e+00
2.607451362831877603e-02 1.851086703999454963e+00
2.632815465648021339e-02 1.851059113504568421e+00
2.658426298938541474e-02 1.851029655835050525e+00
2.684286262785454819e-02 1.851001381242265431e+00
2.710397780617682106e-02 1.850972371005819905e+00
2.736763299438163891e-02 1.850942868906877203e+00
2.763385290053169824e-02 1.850913021299933403e+00
2.790266247303856487e-02 1.850882116430499602e+00
2.817408690300057458e-02 1.850850542218544170e+00
2.844815162656363222e-02 1.850818406521462789e+00
2.872488232730495070e-02 1.850785690671100436e+00
2.900430493863991738e-02 1.850752162615498131e+00
2.928644564625237229e-02 1.850716745922653894e+00
2.957133089054861039e-02 1.850681959011353239e+00
2.985898736913520854e-02 1.850646625464922534e+00
3.014944203932094433e-02 1.850610673018623809e+00
3.044272212064302874e-02 1.850574238885137612e+00
3.073885509741795460e-02 1.850537868900190785e+00
3.103786872131722788e-02 1.850500178690276165e+00
3.133979101396793671e-02 1.850461488459574255e+00
3.164465026957891114e-02 1.850422329734902505e+00
3.195247505759213347e-02 1.850384615367805186e+00
3.226329422536015901e-02 1.850343619881749113e+00
3.257713690084949876e-02 1.850302986727622834e+00
3.289403249537032475e-02 1.850259253958633554e+00
3.321401070633261954e-02 1.850215813164818091e+00
3.353710152002930406e-02 1.850171557966833635e+00
3.386333521444636480e-02 1.850126539610938758e+00
3.419274236210027851e-02 1.850080419588122194e+00
3.452535383290306070e-02 1.850033359410692357e+00
3.486120079705520153e-02 1.849985068387774323e+00
3.520031472796678745e-02 1.849936263949762072e+00
3.554272740520694751e-02 1.849887083616989836e+00
3.588847091748199186e-02 1.849838898352328842e+00
3.623757766564258964e-02 1.849787122678002271e+00
3.659008036572020811e-02 1.849734529082490697e+00
3.694601205199302130e-02 1.849679425070970940e+00
3.730540608008161424e-02 1.849622427741556496e+00
3.766829613007490613e-02 1.849568014536394411e+00
3.803471620968648659e-02 1.849510988991291294e+00
3.840470065744145539e-02 1.849452665409205165e+00
3.877828414589457040e-02 1.849393901072107216e+00
3.915550168487941241e-02 1.849333837262297386e+00
3.953638862478930927e-02 1.849272484292495244e+00
3.992098065989020672e-02 1.849210023715839979e+00
4.030931383166566628e-02 1.849146250910291389e+00
4.070142453219438572e-02 1.849081130232874459e+00
4.109734950756069316e-02 1.849014284033162259e+00
4.149712586129815362e-02 1.848946450658508045e+00
4.190079105786669034e-02 1.848877921519569645e+00
4.230838292616342228e-02 1.848807335702344012e+00
4.271993966306778662e-02 1.848735227110634316e+00
4.313549983702118923e-02 1.848661890795797014e+00
4.355510239164130798e-02 1.848589699850910151e+00
4.397878664937160398e-02 1.848513101724027718e+00
4.440659231516640160e-02 1.848434893493767994e+00
4.483855948021186338e-02 1.848355280395931777e+00
4.527472862568297785e-02 1.848274088737170917e+00
4.571514062653719151e-02 1.848191613518912924e+00
4.615983675534499064e-02 1.848108083229229592e+00
4.660885868615767536e-02 1.848022931889118592e+00
4.706224849841281199e-02 1.847936117161164793e+00
4.752004868087766204e-02 1.847847484511145222e+00
4.798230213563085128e-02 1.847757001641195718e+00
4.844905218208294534e-02 1.847665193655170901e+00
4.892034256103611894e-02 1.847571191964477944e+00
4.939621743878321036e-02 1.847475552934845222e+00
4.987672141124663283e-02 1.847378121004950025e+00
5.036189950815770505e-02 1.847278803448903606e+00
5.085179719727656034e-02 1.847177295350110882e+00
5.134646038865306461e-02 1.847073637446079664e+00
5.184593543892913187e-02 1.846967087458241341e+00
5.235026915568305461e-02 1.846860155089228961e+00
5.285950880181603667e-02 1.846750769198095332e+00
5.337370209998133774e-02 1.846638967181866597e+00
5.389289723705643909e-02 1.846524712696988368e+00
5.441714286865893119e-02 1.846408568233233183e+00
5.494648812370611646e-02 1.846290221917156638e+00
5.548098260901916656e-02 1.846168533253111699e+00
5.602067641397187603e-02 1.846046074136838522e+00
5.656562011518465050e-02 1.845921674053476735e+00
5.711586478126431943e-02 1.845794367852322093e+00
5.767146197758996756e-02 1.845664441564572877e+00
5.823246377114527778e-02 1.845531608210296604e+00
5.879892273539785025e-02 1.845395515284305121e+00
5.937089195522609469e-02 1.845257734201467548e+00
5.994842503189409116e-02 1.845116130271493127e+00
6.053157608807464840e-02 1.844973282252804214e+00
6.112039977292132997e-02 1.844827558229239495e+00
6.171495126718981594e-02 1.844677318111466402e+00
6.231528628840921763e-02 1.844526942585877016e+00
6.292146109610344262e-02 1.844369830293125290e+00
6.353353249706343575e-02 1.844212564274900990e+00
6.415155785067082339e-02 1.844051714249735907e+00
6.477559507427335661e-02 1.843887789836375024e+00
6.540570264861225724e-02 1.843718406708798829e+00
6.604193962330305590e-02 1.843547285004322189e+00
6.668436562236895737e-02 1.843372653538657868e+00
6.733304084982863480e-02 1.843195382571366059e+00
6.798802609533814711e-02 1.843014534009974170e+00
6.864938273988777095e-02 1.842832637712020549e+00
6.931717276155408003e-02 1.842643223593337876e+00
6.999145874130821565e-02 1.842452358231246645e+00
7.067230386888070925e-02 1.842257261632839649e+00
7.135977194868306506e-02 1.842058209412139602e+00
7.205392740578704658e-02 1.841856368537741151e+00
7.275483529196229149e-02 1.841650246306313798e+00
7.346256129177256011e-02 1.841438904995565951e+00
7.417717172873124210e-02 1.841221521197752953e+00
7.489873357151664857e-02 1.841006444389222230e+00
7.562731444024800576e-02 1.840782449760131945e+00
7.636298261282241373e-02 1.840555942983953974e+00
7.710580703131336699e-02 1.840324359585896907e+00
7.785585730843146146e-02 1.840086867392765058e+00
7.861320373404813433e-02 1.839845286867988206e+00
7.937791728178281159e-02 1.839598199118306798e+00
8.015006961565404597e-02 1.839348500748999804e+00
8.092973309679550586e-02 1.839092833207026434e+00
8.171698079023696770e-02 1.838832765303223926e+00
8.251188647175167201e-02 1.838568014681346785e+00
8.331452463477014014e-02 1.838297818856196253e+00
8.412497049736118726e-02 1.838021937618129487e+00
8.494330000928071445e-02 1.837741079485389228e+00
8.576958985908941790e-02 1.837451804528267729e+00
8.660391748133952627e-02 1.837163045407143258e+00
8.744636106383144036e-02 1.836865341014213504e+00
8.829699955494091368e-02 1.836562126973118270e+00
8.915591267101763417e-02 1.836254331555466024e+00
9.002318090385581784e-02 1.835938895578856478e+00
9.089888552823731371e-02 1.835620010088214960e+00
9.178310860954806694e-02 1.835293389396019492e+00
9.267593301146882789e-02 1.834958967546631348e+00
9.357744240374062106e-02 1.834618380496943146e+00
9.448772127000577836e-02 1.834273436957998493e+00
9.540685491572513388e-02 1.833921047997772558e+00
9.633492947617222635e-02 1.833561538702278559e+00
9.727203192450542546e-02 1.833194931836973129e+00
9.821825007991856482e-02 1.832820895993825694e+00
9.917367261587073379e-02 1.832440804719093430e+00
1.001383890683960748e-01 1.832053111311212179e+00
1.011124898444945991e-01 1.831657343032992769e+00
1.020960662306047012e-01 1.831252857976538362e+00
1.030892104011576216e-01 1.830841960240186195e+00
1.040920154272158005e-01 1.830422379952572509e+00
1.051045752851944987e-01 1.829994414344908282e+00
1.061269848656690717e-01 1.829559005845386555e+00
1.071593399822671072e-01 1.829116327002095144e+00
1.082017373806478805e-01 1.828666002558505532e+00
1.092542747475682557e-01 1.828206865930998237e+00
1.103170507200377515e-01 1.827738775237760072e+00
1.113901648945616746e-01 1.827260595511042141e+00
1.124737178364751955e-01 1.826773506925010615e+00
1.135678110893671017e-01 1.826279007057832970e+00
1.146725471845963656e-01 1.825773086425057201e+00
1.157880296509002094e-01 1.825257865330966345e+00
1.169143630240966764e-01 1.824732072164481522e+00
1.180516528568804902e-01 1.824196048246108370e+00
1.192000057287153220e-01 1.823650442962051477e+00
1.203595292558212876e-01 1.823094148930549441e+00
1.215303321012602134e-01 1.822527165937704918e+00
1.227125239851190319e-01 1.821949207434727658e+00
1.239062156947916271e-01 1.821361222190821971e+00
1.251115190953615564e-01 1.820760909338316358e+00
1.263285471400849291e-01 1.820150776556849648e+00
1.275574138809759950e-01 1.819530666473685221e+00
1.287982344794950385e-01 1.818897846410459929e+00
1.300511252173409127e-01 1.818251789741354152e+00
1.313162035073478784e-01 1.817594224100371303e+00
1.325935879044890797e-01 1.816923727746219575e+00
1.338833981169864351e-01 1.816239805461099310e+00
1.351857550175293021e-01 1.815543973353386686e+00
1.365007806546013891e-01 1.814835276306025369e+00
1.378285982639189389e-01 1.814112998745976535e+00
1.391693322799789911e-01 1.813376894383900817e+00
1.405231083477211373e-01 1.812627594053861646e+00
1.418900533343016301e-01 1.811860653935615018e+00
1.432702953409830948e-01 1.811082857485619035e+00
1.446639637151387880e-01 1.810309128667699330e+00
1.460711890623745679e-01 1.809495982368626299e+00
1.474921032587684921e-01 1.808660433207095686e+00
1.489268394632288772e-01 1.807823486249451106e+00
1.503755321299738434e-01 1.806969062200749709e+00
1.518383170211306810e-01 1.806099415748059656e+00
1.533153312194593942e-01 1.805213669905030738e+00
1.548067131411984265e-01 1.804310259885004264e+00
1.563126025490369497e-01 1.803391749227074570e+00
1.578331405652117214e-01 1.802455828190644427e+00
1.593684696847328941e-01 1.801501433713664335e+00
1.609187337887370006e-01 1.800528096814999923e+00
1.624840781579713067e-01 1.799537983302095689e+00
1.640646494864078653e-01 1.798530345018499288e+00
1.656605958949914359e-01 1.797503520573188185e+00
1.672720669455196874e-01 1.796459150812499628e+00
1.688992136546599021e-01 1.795394657361093493e+00
1.705421885081006561e-01 1.794310157317555054e+00
1.722011454748421100e-01 1.793205392609472204e+00
1.738762400216251336e-01 1.792081577382553137e+00
1.755676291275001522e-01 1.790935480044090200e+00
1.772754712985387948e-01 1.789767758215951465e+00
1.789999265826875408e-01 1.788577233463635396e+00
1.807411565847668600e-01 1.787370387302575914e+00
1.824993244816152382e-01 1.786138204324288825e+00
1.842745950373816666e-01 1.784918967137596013e+00
1.860671346189656239e-01 1.783654491946591092e+00
1.878771112116086051e-01 1.782346588753339622e+00
1.897046944346358344e-01 1.780981864708051310e+00
1.915500555573527997e-01 1.779632788778406249e+00
1.934133675150944698e-01 1.778260232461825074e+00
1.952948049254327745e-01 1.776865436163348910e+00
1.971945441045395986e-01 1.775439219123071233e+00
1.991127630837108697e-01 1.773989091829704323e+00
2.010496416260497965e-01 1.772514892731455349e+00
2.030053612433137811e-01 1.771014355268448082e+00
2.049801052129238688e-01 1.769494621862817141e+00
2.069740585951406198e-01 1.767930528802566847e+00
2.089874082504071251e-01 1.766348032523358036e+00
2.110203428568595552e-01 1.764737520627212897e+00
2.130730529280097374e-01 1.763095852203461211e+00
2.151457308305980698e-01 1.761422061245138559e+00
2.172385708026215445e-01 1.759720471843443823e+00
2.193517689715359098e-01 1.757994592572025505e+00
2.214855233726360506e-01 1.756232455753351962e+00
2.236400339676138660e-01 1.754441740278668727e+00
2.258155026632983065e-01 1.752618025502101107e+00
2.280121333305757114e-01 1.750762356911510498e+00
2.302301318234963867e-01 1.748874080301472400e+00
2.324697059985647851e-01 1.746952908257798809e+00
2.347310657342196183e-01 1.744998947608442208e+00
2.370144229505012079e-01 1.743006364775071537e+00
2.393199916289123208e-01 1.740984876790033331e+00
2.416479878324700736e-01 1.738925155317640581e+00
2.439986297259550130e-01 1.736830814107808818e+00
2.463721375963552895e-01 1.734700961773154138e+00
2.487687338735107279e-01 1.732532335433954129e+00
2.511886431509580686e-01 1.730325796210680167e+00
2.536320922069775774e-01 1.728081596138775877e+00
2.560993100258459609e-01 1.725801148119856299e+00
2.585905278192945911e-01 1.723480536800198859e+00
2.611059790481781162e-01 1.721120068366823741e+00
2.636458994443517945e-01 1.718719632329630098e+00
2.662105270327638773e-01 1.716278031624316025e+00
2.688001021537606006e-01 1.713796323299341173e+00
2.714148674856106669e-01 1.711272425052147161e+00
2.740550680672460548e-01 1.708705030859931862e+00
2.767209513212268712e-01 1.706094827785632706e+00
2.794127670769268601e-01 1.703442482450158835e+00
2.821307675939472293e-01 1.700744767690298032e+00
2.848752075857552413e-01 1.698001735580197291e+00
2.876463442435557849e-01 1.695214608941349788e+00
2.904444372603925406e-01 1.692379970646752607e+00
2.932697488554852905e-01 1.689497631828758228e+00
2.961225437988035947e-01 1.686571521266811091e+00
2.990030894358785551e-01 1.683594453395924395e+00
3.019116557128577738e-01 1.680570300999843836e+00
3.048485152018017286e-01 1.677496977214237406e+00
3.078139431262288950e-01 1.674374732214926276e+00
3.108082173869063936e-01 1.671203663481681367e+00
3.138316185878944342e-01 1.667977931433917593e+00
3.168844300628416155e-01 1.664701255638335153e+00
3.199669379015380732e-01 1.661375241760905563e+00
3.230794309767249795e-01 1.657995904207326232e+00
3.262222009711669979e-01 1.654560621365650963e+00
3.293955424049855307e-01 1.651072285824345620e+00
3.325997526632606949e-01 1.647531411240679811e+00
3.358351320238990301e-01 1.643933203599571513e+00
3.391019836857747105e-01 1.640279832051084075e+00
3.424006137971423724e-01 1.636601461796380219e+00
3.457313314843284413e-01 1.632802746978145647e+00
3.490944488806992929e-01 1.628976951154957886e+00
3.524902811559130766e-01 1.625095298268815380e+00
3.559191465454557002e-01 1.621160067297138463e+00
3.593813663804627523e-01 1.617156950137417004e+00
3.628772651178337472e-01 1.613094794944487598e+00
3.664071703706370808e-01 1.608972623644453925e+00
3.699714129388128048e-01 1.604790291696597038e+00
3.735703268401719401e-01 1.600546976021260948e+00
3.772042493416999376e-01 1.596242116715647086e+00
3.808735209911614517e-01 1.591873525928133359e+00
3.845784856490158665e-01 1.587441302611285465e+00
3.883194905206404091e-01 1.582945992241785449e+00
3.920968861888690649e-01 1.578386555729287988e+00
3.959110266468458539e-01 1.573761969972080621e+00
3.997622693312000708e-01 1.569070180402673875e+00
4.036509751555413805e-01 1.564337995836163175e+00
4.075775085442840395e-01 1.559492682153010401e+00
4.115422374667966343e-01 1.554605755331061712e+00
4.155455334718875515e-01 1.549647957717655622e+00
4.195877717226225712e-01 1.544620861163582104e+00
4.236693310314835759e-01 1.539532781599060263e+00
4.277905938958687093e-01 1.534371085171275517e+00
4.319519465339363706e-01 1.529140916631072766e+00
4.361537789208005944e-01 1.523842910995535149e+00
4.403964848250754294e-01 1.518473938209541574e+00
4.446804618457780300e-01 1.513036796727642797e+00
4.490061114495874639e-01 1.507528306168993470e+00
4.533738390084691150e-01 1.501964766504464421e+00
4.577840538376618529e-01 1.496298379848419735e+00
4.622371692340384031e-01 1.490578475877381459e+00
4.667336025148346446e-01 1.484785810804936101e+00
4.712737750567601580e-01 1.478920202224907277e+00
4.758581123354846953e-01 1.472986643630525894e+00
4.804870439655131720e-01 1.466974383449692443e+00
4.851610037404442966e-01 1.460900212261016629e+00
4.898804296736250508e-01 1.454744618099661269e+00
4.946457640391963562e-01 1.448519713964452116e+00
4.994574534135413635e-01 1.442222670823357644e+00
5.043159487171361421e-01 1.435851243707753522e+00
5.092217052568053237e-01 1.429410131131591433e+00
5.141751827683928022e-01 1.422894625677036951e+00
5.191768454598426619e-01 1.416310600086011284e+00
5.242271620547044320e-01 1.409647417454529039e+00
5.293266058360561743e-01 1.402918073664549237e+00
5.344756546908600026e-01 1.396114202976201701e+00
5.396747911547442600e-01 1.389235784797373086e+00
5.449245024572260121e-01 1.382288448584590990e+00
5.502252805673685243e-01 1.375267006636483602e+00
5.555776222398878250e-01 1.368178417767974109e+00
5.609820290617031358e-01 1.361015341360602093e+00
5.664390074989449353e-01 1.353781318065142125e+00
5.719490689444144405e-01 1.346480087972613093e+00
5.775127297655114900e-01 1.339105313192380686e+00
5.831305113526221717e-01 1.331660907556615481e+00
5.888029401679826247e-01 1.324150864307503062e+00
5.945305477950136863e-01 1.316570365424701627e+00
6.003138709881384871e-01 1.308918900751706582e+00
6.061534517230839914e-01 1.301204639392255613e+00
6.120498372476699256e-01 1.293420609076033401e+00
6.180035801330957534e-01 1.285569593564143576e+00
6.240152383257209223e-01 1.277656664402682107e+00
6.300853751993553686e-01 1.269677271677779107e+00
6.362145596080520660e-01 1.261632200532613268e+00
6.424033659394193796e-01 1.253524162884605442e+00
6.486523741684461219e-01 1.245354828527163393e+00
6.549621699118558515e-01 1.237122366770660564e+00
6.613333444829840868e-01 1.228833614686289488e+00
6.677664949471955325e-01 1.220479408777763064e+00
6.742622241778342129e-01 1.212068336955591352e+00
6.808211409127237213e-01 1.203602405791424745e+00
6.874438598112112553e-01 1.195077304971424059e+00
6.941310015117725385e-01 1.186498586748534700e+00
7.008831926901714082e-01 1.177862393718062117e+00
7.077010661181889484e-01 1.169177394617446408e+00
7.145852607229240538e-01 1.160436886419586200e+00
7.215364216466665370e-01 1.151647268685627834e+00
7.285552003073593186e-01 1.142811413835221446e+00
7.356422544596413760e-01 1.133925462520468663e+00
7.427982482564918776e-01 1.124990252350015929e+00
7.500238523114668432e-01 1.116012650864835587e+00
7.573197437615483141e-01 1.106940557302968475e+00
7.646866063305975958e-01 1.097927488858437162e+00
7.721251303934327792e-01 1.088822841779014894e+00
7.796360130405233235e-01 1.079677697453686802e+00
7.872199581433195759e-01 1.070495995324381111e+00
7.948776764202123424e-01 1.061279842208113777e+00
8.026098855031396084e-01 1.052029682375943409e+00
8.104173100048355227e-01 1.042743163542966922e+00
8.183006815867394090e-01 1.033428670077083389e+00
8.262607390275591435e-01 1.024071677456498186e+00
8.342982282925082149e-01 1.014714303606998991e+00
8.424139026032094746e-01 1.005313926916649336e+00
8.506085225082840040e-01 9.958504318882280826e-01
8.588828559546254349e-01 9.864492127918984554e-01
8.672376783593644944e-01 9.769877984700512386e-01
8.756737726825394308e-01 9.675039120780157820e-01
8.841919295004664336e-01 9.580081699168158105e-01
8.927929470798307010e-01 9.484938352425901220e-01
9.014776314524917122e-01 9.389318689431156439e-01
9.102467964910225806e-01 9.294287068198113788e-01
9.191012639849772681e-01 9.198855564513452876e-01
9.280418637179072006e-01 9.103319900624106120e-01
9.370694335451198453e-01 9.007760103268057650e-01
9.461848194722002336e-01 8.912130108644796822e-01
9.553888757342895444e-01 8.816516814401101909e-01
9.646824648761427312e-01 8.720918335336260707e-01
9.740664578329562007e-01 8.625310199228334307e-01
9.835417340119908536e-01 8.529776427998024824e-01
9.931091813749796104e-01 8.434296575596954559e-01
1.002769696521346621e+00 8.338962122732888060e-01
1.012524184772224167e+00 8.243667401423815377e-01
1.022373560255302127e+00 8.148541261069249808e-01
1.032318745990486564e+00 8.053540523240876325e-01
1.042360673976402197e+00 7.958677158594781309e-01
1.052500285277732761e+00 7.864051578763728845e-01
1.062738530113414459e+00 7.769590859164512420e-01
1.073076367945679621e+00 7.675360431227983282e-01
1.083514767569973225e+00 7.581393860248988315e-01
1.094054707205742494e+00 7.487653765180131149e-01
1.104697174588111785e+00 7.394237146964141028e-01
1.115443167060441221e+00 7.301095092321681079e-01
1.126293691667795249e+00 7.208169518243898732e-01
1.137249765251314271e+00 7.115762304308468345e-01
1.148312414543511073e+00 7.023103567789573676e-01
1.159482676264482759e+00 6.931851227402475724e-01
1.170761597219069250e+00 6.840464979864332440e-01
1.182150234394952371e+00 6.749482415895983189e-01
1.193649655061713055e+00 6.658885981204982762e-01
1.205260936870842681e+00 6.568749550618641075e-01
1.216985167956738056e+00 6.479121217478832628e-01
1.228823447038673411e+00 6.389886381107798830e-01
1.240776883523764251e+00 6.301144218021168530e-01
1.252846597610937529e+00 6.212902229781480656e-01
1.265033720395903893e+00 6.125212371555807112e-01
1.277339393977160009e+00 6.038014555140939210e-01
1.289764771563017165e+00 5.951371540381390490e-01
1.302311017579677488e+00 5.865259587439919375e-01
1.314979307780347773e+00 5.779726652037618928e-01
1.327770829355430449e+00 5.694803280830752490e-01
1.340686781043774811e+00 5.610447987598001784e-01
1.353728373245021821e+00 5.526699840746414072e-01
1.366896828133026487e+00 5.443549649630695653e-01
1.380193379770397355e+00 5.361053483854488766e-01
1.393619274224142002e+00 5.279200131513751559e-01
1.407175769682446731e+00 5.197997801722320510e-01
1.420864136572576708e+00 5.117421246613562680e-01
1.434685657679937831e+00 5.037521071792734340e-01
1.448641628268290127e+00 4.958340375876378880e-01
1.462733356201129986e+00 4.879821948823631073e-01
1.476962162064259898e+00 4.802005976505235862e-01
1.491329379289537682e+00 4.724870332473464218e-01
1.505836354279841416e+00 4.648480397847664647e-01
1.520484446535244283e+00 4.572371036106804842e-01
1.535275028780422657e+00 4.497821415016443614e-01
1.550209487093291205e+00 4.423599161697188697e-01
1.565289221034902312e+00 4.350082808179350780e-01
1.580515643780601165e+00 4.277333268204567829e-01
1.595890182252465817e+00 4.205332888850321638e-01
1.611414277253019778e+00 4.134075766778933514e-01
1.627089383600260675e+00 4.063620372035869899e-01
1.642916970263993193e+00 3.993841256044213806e-01
1.658898520503498064e+00 3.924871587329643585e-01
1.675035532006524441e+00 3.856666654629422042e-01
1.691329517029648732e+00 3.789222844144960467e-01
1.707782002539993016e+00 3.722571213929040668e-01
1.724394530358320354e+00 3.656667151884842593e-01
1.741168657303530987e+00 3.591561574898723408e-01
1.758105955338547632e+00 3.527222517407905267e-01
1.775208011717636092e+00 3.463664145819269624e-01
1.792476429135148930e+00 3.400884507967525949e-01
1.809912825875727105e+00 3.338805827513595115e-01
1.827518835965944666e+00 3.277646670314499078e-01
1.845296109327445366e+00 3.217224396372062034e-01
1.863246311931559873e+00 3.157521666128518256e-01
1.881371125955437096e+00 3.098643241881334220e-01
1.899672249939675650e+00 3.040512905940473409e-01
1.918151398947507635e+00 2.983178177091582173e-01
1.936810304725519849e+00 2.926549977876740649e-01
1.955650715865949074e+00 2.870769248827586551e-01
1.974674397970537454e+00 2.815736293378744426e-01
1.993883133816001019e+00 2.761449467107092159e-01
2.013278723521096492e+00 2.707872998561666189e-01
2.032862984715323673e+00 2.655168833877670220e-01
2.052637752709252084e+00 2.602942503869356550e-01
2.072604880666519822e+00 2.551926611084598950e-01
2.092766239777499759e+00 2.501405291011977727e-01
2.113123719434652603e+00 2.451641265955280813e-01
2.133679227409597701e+00 2.402513158495971080e-01
2.154434690031884259e+00 2.354310477446507899e-01
2.175392052369522489e+00 2.306748574527602569e-01
2.196553278411258248e+00 2.259906295614348692e-01
2.217920351250634692e+00 2.213740757669697967e-01
2.239495273271823184e+00 2.168368540730060967e-01
2.261280066337279404e+00 2.123675755387417485e-01
2.283276771977218012e+00 2.079664835375024667e-01
2.305487451580938707e+00 2.036363492488142968e-01
2.327914186589993051e+00 1.993755033840053370e-01
2.350559078693253756e+00 1.951785707509224588e-01
2.373424250023866033e+00 1.910543660159495227e-01
2.396511843358130278e+00 1.870012415869322653e-01
2.419824022316292567e+00 1.830102540047111870e-01
2.443362971565319341e+00 1.790698678393808363e-01
2.467130897023623426e+00 1.752279628471902218e-01
2.491130026067788439e+00 1.714341695103986651e-01
2.515362607741312928e+00 1.677029916986380043e-01
2.539830912965362675e+00 1.640023665102040562e-01
2.564537234751594674e+00 1.604349707428566751e-01
2.589483888417040802e+00 1.568939358354504987e-01
2.614673211801092023e+00 1.534118723228974634e-01
2.640107565484572927e+00 1.499894629069472851e-01
2.665789333010967876e+00 1.466371383767481329e-01
2.691720921109787668e+00 1.433377693255847851e-01
2.717904759922122881e+00 1.400976180389440773e-01
2.744343303228365283e+00 1.369113974674949774e-01
2.771039028678170535e+00 1.337905419741945434e-01
2.797994438022641805e+00 1.307224878539765545e-01
2.825212057348790218e+00 1.277102697480910487e-01
2.852694437316245057e+00 1.247540826131958991e-01
2.880444153396297668e+00 1.218511929628077611e-01
2.908463806113254169e+00 1.190043153871251785e-01
2.936756021288137397e+00 1.162078165420465936e-01
2.965323450284773621e+00 1.134699422913065942e-01
2.994168770258243573e+00 1.107743672306876898e-01
3.023294684405779531e+00 1.081348675797441095e-01
3.052703922220086241e+00 1.055457873564452920e-01
3.082399239745143404e+00 1.030061109444016104e-01
3.112383419834465759e+00 1.005156004999731151e-01
3.142659272411905569e+00 9.807344797270792225e-02
3.173229634734976212e+00 9.567917590706913333e-02
3.204097371660752813e+00 9.333163835486958659e-02
3.235265375914330388e+00 9.102933339603222485e-02
3.266736568359921655e+00 8.877489441617096577e-02
3.298513898274578082e+00 8.656917284965749693e-02
3.330600343624588788e+00 8.439814601990701382e-02
3.362998911344535991e+00 8.227553594990884289e-02
3.395712637619100693e+00 8.019446743156583013e-02
3.428744588167585317e+00 7.815873364207064078e-02
3.462097858531227423e+00 7.616262549774334423e-02
3.495775574363275240e+00 7.420862197463649890e-02
3.529780891721914671e+00 7.229524807249781970e-02
3.564116997366032269e+00 7.042022358467411869e-02
3.598787109053855460e+00 6.858503432386114929e-02
3.633794475844513094e+00 6.678858355390672463e-02
3.669142378402494131e+00 6.502961207877827610e-02
3.704834129305105694e+00 6.331102035099224479e-02
3.740873073352900313e+00 6.162366466960457478e-02
3.777262587883141176e+00 5.997497607756991506e-02
3.814006083086284082e+00 5.836042990358086130e-02
3.851107002325572903e+00 5.678360725583715685e-02
3.888568822459721019e+00 5.524074791039714633e-02
3.926395054168756449e+00 5.373004397862674031e-02
3.964589242282997805e+00 5.225314799178908121e-02
4.003154966115265445e+00 5.080874050340132564e-02
4.042095839796306045e+00 4.939429525193903686e-02
4.081415512613501662e+00 4.801591431880136013e-02
4.121117669352832635e+00 4.666635059161048510e-02
4.161206030644208020e+00 4.534718419752221952e-02
4.201684353310133346e+00 4.405802170976162030e-02
4.242556430717777438e+00 4.279797547817693060e-02
4.283826093134470270e+00 4.156592016564822356e-02
4.325497208086633627e+00 4.036429901779210044e-02
4.367573680722233398e+00 3.919043229440004328e-02
4.410059454176736615e+00 3.804368279710176881e-02
4.452958509942654963e+00 3.692284136516681831e-02
4.496274868242640110e+00 3.582806512347049693e-02
4.540012588406244554e+00 3.475800654637369730e-02
4.584175769250333765e+00 3.371726102632706390e-02
4.628768549463215365e+00 3.269954487400418552e-02
4.673795107992464004e+00 3.170802799333791860e-02
4.719259664436561863e+00 3.073705121593350853e-02
4.765166479440326341e+00 2.979142932158862500e-02
4.811519855094205766e+00 2.886900490979160683e-02
4.858324135337417360e+00 2.797012765308850429e-02
4.905583706365050922e+00 2.709183798590155887e-02
4.953302997039108924e+00 2.623626174501338809e-02
5.001486479303548727e+00 2.540214868440223914e-02
5.050138668603383785e+00 2.458894765502485022e-02
5.099264124307808288e+00 2.379672736798160021e-02
5.148867450137498025e+00 2.302423724432921953e-02
5.198953294596024399e+00 2.227192645517876018e-02
5.249526351405507718e+00 2.153777971861275953e-02
5.300591359946452030e+00 2.082508413518826054e-02
5.352153105701904501e+00 2.012973605470155455e-02
5.404216420705915347e+00 1.945286147045195008e-02
5.456786183996381823e+00 1.879368592763336690e-02
5.509867322072253160e+00 1.815238728605185828e-02
5.563464809355226137e+00 1.752827366124724146e-02
5.617583668655908191e+00 1.692065923068946168e-02
5.672228971644543094e+00 1.633004880525362398e-02
5.727405839326266346e+00 1.575524146552105542e-02
5.783119442521027054e+00 1.519649720694286367e-02
5.839375002348160315e+00 1.465206483940812918e-02
5.896177790715694478e+00 1.412513272028364728e-02
5.953533130814370189e+00 1.361241450215955849e-02
6.011446397616513337e+00 1.311338523918056595e-02
6.069923018379741464e+00 1.262877709876080584e-02
6.128968473155564034e+00 1.215832970434541603e-02
6.188588295302960063e+00 1.170155322232802400e-02
6.248788072006894012e+00 1.125809983151575440e-02
6.309573444801936049e+00 1.082754859033102299e-02
6.370950110100935149e+00 1.041006709040437697e-02
6.432923819728876502e+00 1.000457695021663221e-02
6.495500381461869033e+00 9.611706295594033000e-03
6.558685659571435345e+00 9.230672008178628443e-03
6.622485575374063238e+00 8.861066173409310257e-03
6.686906107786136921e+00 8.502707025978930785e-03
6.751953293884205287e+00 8.156519364946761275e-03
6.817633229470763112e+00 7.820937408538434013e-03
6.883952069645496330e+00 7.495535884378768353e-03
6.950916029382126382e+00 7.180420895659613174e-03
7.018531384110795912e+00 6.874842832201239276e-03
7.086804470306189430e+00 6.582855686295804344e-03
7.155741686081340980e+00 6.296331434395468878e-03
7.225349491787214085e+00 6.020034361169762996e-03
7.295634410618154320e+00 5.753557947006672155e-03
7.366603029223159460e+00 5.496080258338772659e-03
7.438261998323163482e+00 5.247288170611373245e-03
7.510618033334286459e+00 5.007311849505822858e-03
7.583677914997190683e+00 4.775515720604662021e-03
7.657448490012479958e+00 4.551882469769180303e-03
7.731936671682362316e+00 4.336213184441392067e-03
7.807149440558499798e+00 4.128758934891411415e-03
7.883093845096216690e+00 3.927889003294621900e-03
7.959777002314985417e+00 3.734852869554838601e-03
8.037206098465421888e+00 3.549046237825506395e-03
8.115388389702712146e+00 3.370134540091874759e-03
8.194331202766655053e+00 3.197993913790591908e-03
8.274041935668218883e+00 3.032456391763368921e-03
8.354528058382872047e+00 2.873348493667280193e-03
8.435797113550611570e+00 2.720586779595113823e-03
8.517856717182803905e+00 2.573849678138462067e-03
8.600714559375941093e+00 2.433060606627250513e-03
8.684378405032257220e+00 2.297935916683293590e-03
8.768856094587436090e+00 2.168667662988722506e-03
8.854155544745349715e+00 2.044582396143780623e-03
8.940284749219998162e+00 1.925813088674949939e-03
9.027251779484577909e+00 1.812119602869473800e-03
9.115064785527916769e+00 1.703560189195274044e-03
9.203731996618220279e+00 1.599784903651232113e-03
9.293261722074316111e+00 1.500671845530841169e-03
9.383662352044273902e+00 1.406144241655005482e-03
9.474942358291729150e+00 1.315943700868422300e-03
9.567110294989774388e+00 1.230044657198911410e-03
9.660174799522645017e+00 1.148284309065163719e-03
9.754144593295098531e+00 1.070514652938992861e-03
9.849028482549766039e+00 9.966058487521022545e-04
9.944835359192397917e+00 9.264737769308278642e-04
1.004157420162519543e+01 8.599524416693465857e-04
1.013925407558815373e+01 7.969290851098409815e-04
1.023788413500867378e+01 7.372832997113950605e-04
1.033747362285940774e+01 6.809017902641238120e-04
1.043803187202444072e+01 6.276699921434419167e-04
1.053956830617394580e+01 5.774711016642670395e-04
1.064209244064724658e+01 5.301975799688339640e-04
1.074561388334458023e+01 4.857411189705308926e-04
1.085014233562746178e+01 4.439941552877629729e-04
1.095568759322787855e+01 4.048560173776866253e-04
1.106225954716621906e+01 3.682136027976837776e-04
1.116986818467823817e+01 3.339672914735907156e-04
1.127852359015096795e+01 3.020523102089819022e-04
1.138823594606782130e+01 2.723326178664047621e-04
1.149901553396274245e+01 2.447271784645936653e-04
1.161087273538378994e+01 2.191436937192881354e-04
1.172381803286598512e+01 1.954921793974630489e-04
1.183786201091373513e+01 1.736819599284612292e-04
1.195301535699265827e+01 1.536210721877852617e-04
1.206928886253119870e+01 1.352432216904759870e-04
1.218669342393191712e+01 1.184477380591321746e-04
1.230524004359261525e+01 1.031506169560515002e-04
1.242493983093746479e+01 8.928146541415185340e-05
1.254580400345803248e+01 7.676190224424274302e-05
1.266784388776455827e+01 6.549701467931084021e-05
1.279107092064739781e+01 5.543265142800469250e-05
1.291549665014884063e+01 4.648355931245476495e-05
1.304113273664525430e+01 3.857910882220986733e-05
1.316799095393986185e+01 3.164794460881537242e-05
1.329608319036608854e+01 2.562201055857432904e-05
1.342542144990170527e+01 2.042884429451135710e-05
1.355601785329368880e+01 1.600570673438968258e-05
1.368788463919415221e+01 1.228210495423357238e-05
1.382103416530724438e+01 9.196777366551732734e-06
1.395547890954729020e+01 6.686001527593001151e-06
1.409123147120805619e+01 4.683789693494880415e-06
1.422830457214353395e+01 3.133298724609823656e-06
1.436671105796013137e+01 1.973235366553949996e-06
1.450646389922046886e+01 1.144977793005654224e-06
1.464757619265895272e+01 5.908149786594548935e-07
1.479006116240903168e+01 2.542170952681778373e-07
1.493393216124253264e+01 7.874152647979921137e-08
1.507920267182097263e+01 1.227418342142350818e-08
1.522588630795911513e+01 0.000000000000000000e+00
