1.000000000000000021e-02 1.239678028404305854e+00
1.009727545900835841e-02 1.239678215630063862e+00
1.019549716950923779e-02 1.239667352477725526e+00
1.029467433620748044e-02 1.239661800060984254e+00
1.039481625334708927e-02 1.239655793490527458e+00
1.049593230558227772e-02 1.239649697520833760e+00
1.059803196885688789e-02 1.239643902360957561e+00
1.070112481129246833e-02 1.239637705844116811e+00
1.080522049408488318e-02 1.239631380585560105e+00
1.091032877240974419e-02 1.239624711886319286e+00
1.101645949633656314e-02 1.239618147606376564e+00
1.112362261175187626e-02 1.239611423348095709e+00
1.123182816129126085e-02 1.239604553043767599e+00
1.134108628528052165e-02 1.239597546746000312e+00
1.145140722268592030e-02 1.239590401876315973e+00
1.156280131207376022e-02 1.239583127085211345e+00
1.167527899257919492e-02 1.239575696950722783e+00
1.178885080488457221e-02 1.239568148769374822e+00
1.190352739220719262e-02 1.239560961375976156e+00
1.201931950129673729e-02 1.239553100943539876e+00
1.213623798344241195e-02 1.239545143596011867e+00
1.225429379548980714e-02 1.239536380820934980e+00
1.237349800086776086e-02 1.239528153182535508e+00
1.249386177062509519e-02 1.239519784542148395e+00
1.261539638447754796e-02 1.239511077693645769e+00
1.273811323186478488e-02 1.239501670714532544e+00
1.286202381301779218e-02 1.239493267226378315e+00
1.298713974003655978e-02 1.239484134517142344e+00
1.311347273797833224e-02 1.239474607354284608e+00
1.324103464595636874e-02 1.239465298483119593e+00
1.336983741824946531e-02 1.239455933205251492e+00
1.349989312542219239e-02 1.239445956983186159e+00
1.363121395545611320e-02 1.239435858964028414e+00
1.376381221489191876e-02 1.239425871007939550e+00
1.389770032998276401e-02 1.239415380782730169e+00
1.403289084785873213e-02 1.239406331568243091e+00
1.416939643770268736e-02 1.239393971160949626e+00
1.430722989193757184e-02 1.239382938410636736e+00
1.444640412742520530e-02 1.239371592875228023e+00
1.458693218667675602e-02 1.239360016502099482e+00
1.472882723907502529e-02 1.239348316956233598e+00
1.487210258210860774e-02 1.239336477170057460e+00
1.501677164261799868e-02 1.239324145935755794e+00
1.516284797805393485e-02 1.239311676617011804e+00
1.531034527774784160e-02 1.239298815534043863e+00
1.545927736419477720e-02 1.239285907531270325e+00
1.560965819434872483e-02 1.239272999252160279e+00
1.576150186093060873e-02 1.239259673073278778e+00
1.591482259374891323e-02 1.239246030086615047e+00
1.606963476103326349e-02 1.239232060410158542e+00
1.622595287078087284e-02 1.239217820007562088e+00
1.638379157211618947e-02 1.239203353804780638e+00
1.654316565666366645e-02 1.239188547558477405e+00
1.670409005993399310e-02 1.239173427140610739e+00
1.686657986272368723e-02 1.239157566202300442e+00
1.703065029252844378e-02 1.239141833531510750e+00
1.719631672497009753e-02 1.239126022199070531e+00
1.736359468523754335e-02 1.239109616347824350e+00
1.753249984954170088e-02 1.239093099171328927e+00
1.770304804658450262e-02 1.239076024373649387e+00
1.787525525904235316e-02 1.239058628518215688e+00
1.804913762506383731e-02 1.239040848745650125e+00
1.822471143978214581e-02 1.239022800620146247e+00
1.840199315684210371e-02 1.239004401653019949e+00
1.858099938994215231e-02 1.238985687115163215e+00
1.876174691439120440e-02 1.238967460188089786e+00
1.894425266868081034e-02 1.238947438377978383e+00
1.912853375607242307e-02 1.238928649729685638e+00
1.931460744620030340e-02 1.238907547144475263e+00
1.950249117668984011e-02 1.238886577070866357e+00
1.969220255479172538e-02 1.238865732122182983e+00
1.988375935903200636e-02 1.238844490180332825e+00
2.007717954087816226e-02 1.238828830311094364e+00
2.027248122642137662e-02 1.238800156423562893e+00
2.046968271807520987e-02 1.238777278323040187e+00
2.066880249629082095e-02 1.238753972968091199e+00
2.086985922128879734e-02 1.238730584405449253e+00
2.107287173480786382e-02 1.238706165203296239e+00
2.127785906187062287e-02 1.238681761229431633e+00
2.148484041256648255e-02 1.238656852700561917e+00
2.169383518385184506e-02 1.238631063809395361e+00
2.190486296136792688e-02 1.238609293231227371e+00
2.211794352127614133e-02 1.238579099171472686e+00
2.233309683211144592e-02 1.238552053982586498e+00
2.255034305665360936e-02 1.238526418025898135e+00
2.276970255381680075e-02 1.238498650077614727e+00
2.299119588055741764e-02 1.238473993005234197e+00
2.321484379380064564e-02 1.238443706625253826e+00
2.344066725238556220e-02 1.238413506754004745e+00
2.366868741902936057e-02 1.238382459443544859e+00
2.389892566231050300e-02 1.238349730571870033e+00
2.413140355867127856e-02 1.238315720707236167e+00
2.436614289443983158e-02 1.238283640352404458e+00
2.460316566787181664e-02 1.238250668169871727e+00
2.484249409121190577e-02 1.238217217107479229e+00
2.508415059277539771e-02 1.238183193478052946e+00
2.532815781905008515e-02 1.238148399297135160e+00
2.557453863681850847e-02 1.238112963107844244e+00
2.582331613530085626e-02 1.238075652049201114e+00
2.607451362831877603e-02 1.238038811861660760e+00
2.632815465648021339e-02 1.238019898097794114e+00
2.658426298938541474e-02 1.237963145791596276e+00
2.684286262785454819e-02 1.237924432306180433e+00
2.710397780617682106e-02 1.237884187898368404e+00
2.736763299438163891e-02 1.237842906236163110e+00
2.763385290053169824e-02 1.237802117740736785e+00
2.790266247303856487e-02 1.237759303025632640e+00
2.817408690300057458e-02 1.237716170191642151e+00
2.844815162656363222e-02 1.237672152652760316e+00
2.872488232730495070e-02 1.237627272255628075e+00
2.900430493863991738e-02 1.237581779601661935e+00
2.928644564625237229e-02 1.237534952512620468e+00
2.957133089054861039e-02 1.237487736831313967e+00
2.985898736913520854e-02 1.237439318190470372e+00
3.014944203932094433e-02 1.237390336616869924e+00
3.044272212064302874e-02 1.237339461531814733e+00
3.073885509741795460e-02 1.237288580024753726e+00
3.103786872131722788e-02 1.237236463733081715e+00
3.133979101396793671e-02 1.237182383583974365e+00
3.164465026957891114e-02 1.237128923128671065e+00
3.195247505759213347e-02 1.237073165853052936e+00
3.226329422536015901e-02 1.237017155618490127e+00
3.257713690084949876e-02 1.236959381527462210e+00
3.289403249537032475e-02 1.236900264132678506e+00
3.321401070633261954e-02 1.236840012198692662e+00
3.353710152002930406e-02 1.236779416333713133e+00
3.386333521444636480e-02 1.236717028864123158e+00
3.419274236210027851e-02 1.236652367156055199e+00
3.452535383290306070e-02 1.236588753345039038e+00
3.486120079705520153e-02 1.236522921630220484e+00
3.520031472796678745e-02 1.236455239521866201e+00
3.554272740520694751e-02 1.236386090737287002e+00
3.588847091748199186e-02 1.236315966844132586e+00
3.623757766564258964e-02 1.236243997528076788e+00
3.659008036572020811e-02 1.236171301729931171e+00
3.694601205199302130e-02 1.236097620907541605e+00
3.730540608008161424e-02 1.236022181335235448e+00
3.766829613007490613e-02 1.235944870863576739e+00
3.803471620968648659e-02 1.235866846342599690e+00
3.840470065744145539e-02 1.235786898019518354e+00
3.877828414589457040e-02 1.235705575398004630e+00
3.915550168487941241e-02 1.235621955757983503e+00
3.953638862478930927e-02 1.235537626363736985e+00
3.992098065989020672e-02 1.235451593694173678e+00
4.030931383166566628e-02 1.235363370017236617e+00
4.070142453219438572e-02 1.235274995415858834e+00
4.109734950756069316e-02 1.235183206820759994e+00
4.149712586129815362e-02 1.235089140390975171e+00
4.190079105786669034e-02 1.234994403419457987e+00
4.230838292616342228e-02 1.234896978727826999e+00
4.271993966306778662e-02 1.234798200868995277e+00
4.313549983702118923e-02 1.234697295784415338e+00
4.355510239164130798e-02 1.234593811261389451e+00
4.397878664937160398e-02 1.234489222234432360e+00
4.440659231516640160e-02 1.234382114019313859e+00
4.483855948021186338e-02 1.234273549585605423e+00
4.527472862568297785e-02 1.234161864314958557e+00
4.571514062653719151e-02 1.234048470206288162e+00
4.615983675534499064e-02 1.233933257172177278e+00
4.660885868615767536e-02 1.233816028245004581e+00
4.706224849841281199e-02 1.233696382237862155e+00
4.752004868087766204e-02 1.233574555316964805e+00
4.798230213563085128e-02 1.233448317813956363e+00
4.844905218208294534e-02 1.233322335147224447e+00
4.892034256103611894e-02 1.233193534010551540e+00
4.939621743878321036e-02 1.233061439226643685e+00
4.987672141124663283e-02 1.232927635579863512e+00
5.036189950815770505e-02 1.232790009214629334e+00
5.085179719727656034e-02 1.232649761931555732e+00
5.134646038865306461e-02 1.232506848969601165e+00
5.184593543892913187e-02 1.232360930583263903e+00
5.235026915568305461e-02 1.232213040630973921e+00
5.285950880181603667e-02 1.232060797922358120e+00
5.337370209998133774e-02 1.231906879811785593e+00
5.389289723705643909e-02 1.231749909205108517e+00
5.441714286865893119e-02 1.231589782314053361e+00
5.494648812370611646e-02 1.231426186453324911e+00
5.548098260901916656e-02 1.231260650152624425e+00
5.602067641397187603e-02 1.231092253622411370e+00
5.656562011518465050e-02 1.230919245935214956e+00
5.711586478126431943e-02 1.230743339011665327e+00
5.767146197758996756e-02 1.230563876399979106e+00
5.823246377114527778e-02 1.230380954432916951e+00
5.879892273539785025e-02 1.230194518332670350e+00
5.937089195522609469e-02 1.230004577263814847e+00
5.994842503189409116e-02 1.229811325545959066e+00
6.053157608807464840e-02 1.229613138644382264e+00
6.112039977292132997e-02 1.229412281452112010e+00
6.171495126718981594e-02 1.229206454429087936e+00
6.231528628840921763e-02 1.228998191580015886e+00
6.292146109610344262e-02 1.228785115986266829e+00
6.353353249706343575e-02 1.228566608735414567e+00
6.415155785067082339e-02 1.228345141670156293e+00
6.477559507427335661e-02 1.228119982237800611e+00
6.540570264861225724e-02 1.227889834604046104e+00
6.604193962330305590e-02 1.227655095148348918e+00
6.668436562236895737e-02 1.227416113756593541e+00
6.733304084982863480e-02 1.227173338402507641e+00
6.798802609533814711e-02 1.226924179217149691e+00
6.864938273988777095e-02 1.226670783076591942e+00
6.931717276155408003e-02 1.226412440584955688e+00
6.999145874130821565e-02 1.226148914030825932e+00
7.067230386888070925e-02 1.225880960730289404e+00
7.135977194868306506e-02 1.225607856996309586e+00
7.205392740578704658e-02 1.225328488040088759e+00
7.275483529196229149e-02 1.225046628303689156e+00
7.346256129177256011e-02 1.224762772978910785e+00
7.417717172873124210e-02 1.224461050449055621e+00
7.489873357151664857e-02 1.224160872741899109e+00
7.562731444024800576e-02 1.223854565427862306e+00
7.636298261282241373e-02 1.223542775971493857e+00
7.710580703131336699e-02 1.223231341623955304e+00
7.785585730843146146e-02 1.222926616564319113e+00
7.861320373404813433e-02 1.222594268363113912e+00
7.937791728178281159e-02 1.222252748255417520e+00
8.015006961565404597e-02 1.221915364321208619e+00
8.092973309679550586e-02 1.221563710503285050e+00
8.171698079023696770e-02 1.221184905105300311e+00
8.251188647175167201e-02 1.220820938089441698e+00
8.331452463477014014e-02 1.220450242412348230e+00
8.412497049736118726e-02 1.220075646073999209e+00
8.494330000928071445e-02 1.219692531513340894e+00
8.576958985908941790e-02 1.219295587233578004e+00
8.660391748133952627e-02 1.218888811408313844e+00
8.744636106383144036e-02 1.218495665379463633e+00
8.829699955494091368e-02 1.218081527926668128e+00
8.915591267101763417e-02 1.217657535300955995e+00
9.002318090385581784e-02 1.217224094560532155e+00
9.089888552823731371e-02 1.216786337137389484e+00
9.178310860954806694e-02 1.216338727984058954e+00
9.267593301146882789e-02 1.215882331790806292e+00
9.357744240374062106e-02 1.215417788171859970e+00
9.448772127000577836e-02 1.214944361039775655e+00
9.540685491572513388e-02 1.214462366154816397e+00
9.633492947617222635e-02 1.213972192831561880e+00
9.727203192450542546e-02 1.213471836984085339e+00
9.821825007991856482e-02 1.212963140175724153e+00
9.917367261587073379e-02 1.212443000178015984e+00
1.001383890683960748e-01 1.211924856759023950e+00
1.011124898444945991e-01 1.211374573338577010e+00
1.020960662306047012e-01 1.210826207741507510e+00
1.030892104011576216e-01 1.210266591388758473e+00
1.040920154272158005e-01 1.209695938507870716e+00
1.051045752851944987e-01 1.209115157852273192e+00
1.061269848656690717e-01 1.208522740887422842e+00
1.071593399822671072e-01 1.207918700530399958e+00
1.082017373806478805e-01 1.207304019525833993e+00
1.092542747475682557e-01 1.206677342554618670e+00
1.103170507200377515e-01 1.206040949467236612e+00
1.113901648945616746e-01 1.205390144115304762e+00
1.124737178364751955e-01 1.204727973873953584e+00
1.135678110893671017e-01 1.204053899458764842e+00
1.146725471845963656e-01 1.203367354638841702e+00
1.157880296509002094e-01 1.202667659759145469e+00
1.169143630240966764e-01 1.201954857534075716e+00
1.180516528568804902e-01 1.201229603255981937e+00
1.192000057287153220e-01 1.200494674373754789e+00
1.203595292558212876e-01 1.199743029197449573e+00
1.215303321012602134e-01 1.198968466303406366e+00
1.227125239851190319e-01 1.198187541597559802e+00
1.239062156947916271e-01 1.197391953550304367e+00
1.251115190953615564e-01 1.196580851697055747e+00
1.263285471400849291e-01 1.195754306783288534e+00
1.275574138809759950e-01 1.194912311373713232e+00
1.287982344794950385e-01 1.194055509117057934e+00
1.300511252173409127e-01 1.193182767881531436e+00
1.313162035073478784e-01 1.192294645535423303e+00
1.325935879044890797e-01 1.191389683226657725e+00
1.338833981169864351e-01 1.190469160940034632e+00
1.351857550175293021e-01 1.189529447409435781e+00
1.365007806546013891e-01 1.188574198100680546e+00
1.378285982639189389e-01 1.187601921369187075e+00
1.391693322799789911e-01 1.186610643477178151e+00
1.405231083477211373e-01 1.185601073145645667e+00
1.418900533343016301e-01 1.184573048165060261e+00
1.432702953409830948e-01 1.183526431372599053e+00
1.446639637151387880e-01 1.182460244812481909e+00
1.460711890623745679e-01 1.181378485503388198e+00
1.474921032587684921e-01 1.180300111766413584e+00
1.489268394632288772e-01 1.179147490330527903e+00
1.503755321299738434e-01 1.178002092996139893e+00
1.518383170211306810e-01 1.176837374765482558e+00
1.533153312194593942e-01 1.175651139517384758e+00
1.548067131411984265e-01 1.174444413785434183e+00
1.563126025490369497e-01 1.173214324842309919e+00
1.578331405652117214e-01 1.171961220371079415e+00
1.593684696847328941e-01 1.170686911196025193e+00
1.609187337887370006e-01 1.169389865014994090e+00
1.624840781579713067e-01 1.168071363865339718e+00
1.640646494864078653e-01 1.166726697499606002e+00
1.656605958949914359e-01 1.165359407699993577e+00
1.672720669455196874e-01 1.163968853715609875e+00
1.688992136546599021e-01 1.162573126794705036e+00
1.705421885081006561e-01 1.161110975777903231e+00
1.722011454748421100e-01 1.159642936294938531e+00
1.738762400216251336e-01 1.158150180356173786e+00
1.755676291275001522e-01 1.156631365385460741e+00
1.772754712985387948e-01 1.155086836273144124e+00
1.789999265826875408e-01 1.153512884284368267e+00
1.807411565847668600e-01 1.151911849302168500e+00
1.824993244816152382e-01 1.150286019539375149e+00
1.842745950373816666e-01 1.148628890021639704e+00
1.860671346189656239e-01 1.146943124412903803e+00
1.878771112116086051e-01 1.145229056751566388e+00
1.897046944346358344e-01 1.143485818932880482e+00
1.915500555573527997e-01 1.141728303062439442e+00
1.934133675150944698e-01 1.139908008962201791e+00
1.952948049254327745e-01 1.138071642218858592e+00
1.971945441045395986e-01 1.136204986347737034e+00
1.991127630837108697e-01 1.134306579991413599e+00
2.010496416260497965e-01 1.132375701055863715e+00
2.030053612433137811e-01 1.130412129089298334e+00
2.049801052129238688e-01 1.128415695482252179e+00
2.069740585951406198e-01 1.126385381056120849e+00
2.089874082504071251e-01 1.124322164017870662e+00
2.110203428568595552e-01 1.122222702546179951e+00
2.130730529280097374e-01 1.120087681764509124e+00
2.151457308305980698e-01 1.117918358023510139e+00
2.172385708026215445e-01 1.115711872688130102e+00
2.193517689715359098e-01 1.113470250187007737e+00
2.214855233726360506e-01 1.111191621763638837e+00
2.236400339676138660e-01 1.108875642639895576e+00
2.258155026632983065e-01 1.106518877730930495e+00
2.280121333305757114e-01 1.104127029076157118e+00
2.302301318234963867e-01 1.101696914423422546e+00
2.324697059985647851e-01 1.099225901132731220e+00
2.347310657342196183e-01 1.096713567616298235e+00
2.370144229505012079e-01 1.094162477932316690e+00
2.393199916289123208e-01 1.091571449053180709e+00
2.416479878324700736e-01 1.088937877636203533e+00
2.439986297259550130e-01 1.086262742630096145e+00
2.463721375963552895e-01 1.083545628335745192e+00
2.487687338735107279e-01 1.080785508632062131e+00
2.511886431509580686e-01 1.077980718206590582e+00
2.536320922069775774e-01 1.075134384349857530e+00
2.560993100258459609e-01 1.072243512503874507e+00
2.585905278192945911e-01 1.069306312985497165e+00
2.611059790481781162e-01 1.066325691566428979e+00
2.636458994443517945e-01 1.063298104349169826e+00
2.662105270327638773e-01 1.060225720060737231e+00
2.688001021537606006e-01 1.057106750777994542e+00
2.714148674856106669e-01 1.053939670855377431e+00
2.740550680672460548e-01 1.050725062339254112e+00
2.767209513212268712e-01 1.047464899440049058e+00
2.794127670769268601e-01 1.044150053109000886e+00
2.821307675939472293e-01 1.040795699476662950e+00
2.848752075857552413e-01 1.037388999803068756e+00
2.876463442435557849e-01 1.033929570147277710e+00
2.904444372603925406e-01 1.030420750280095499e+00
2.932697488554852905e-01 1.026873801849357060e+00
2.961225437988035947e-01 1.023254640158043127e+00
2.990030894358785551e-01 1.019580084213857818e+00
3.019116557128577738e-01 1.015881761852355236e+00
3.048485152018017286e-01 1.012117648685752602e+00
3.078139431262288950e-01 1.008301427197529909e+00
3.108082173869063936e-01 1.004432327526054047e+00
3.138316185878944342e-01 1.000516188097104520e+00
3.168844300628416155e-01 9.965354775407325727e-01
3.199669379015380732e-01 9.925056295763233782e-01
3.230794309767249795e-01 9.884238459682843647e-01
3.262222009711669979e-01 9.842835374521794467e-01
3.293955424049855307e-01 9.800924466179244954e-01
3.325997526632606949e-01 9.758446010500700929e-01
3.358351320238990301e-01 9.715424970545306627e-01
3.391019836857747105e-01 9.671838588247613222e-01
3.424006137971423724e-01 9.627725970863894034e-01
3.457313314843284413e-01 9.583047981534580373e-01
3.490944488806992929e-01 9.537777935591127410e-01
3.524902811559130766e-01 9.491977712641072040e-01
3.559191465454557002e-01 9.445648423214909606e-01
3.593813663804627523e-01 9.398684167436350823e-01
3.628772651178337472e-01 9.351171286999971910e-01
3.664071703706370808e-01 9.303129005993904244e-01
3.699714129388128048e-01 9.254490939262742799e-01
3.735703268401719401e-01 9.205308257368528535e-01
3.772042493416999376e-01 9.155546803719702975e-01
3.808735209911614517e-01 9.105230284035743527e-01
3.845784856490158665e-01 9.054347285665614864e-01
3.883194905206404091e-01 9.002897456403620158e-01
3.920968861888690649e-01 8.950869527548169780e-01
3.959110266468458539e-01 8.898312927912036541e-01
3.997622693312000708e-01 8.845166476087076290e-01
4.036509751555413805e-01 8.791471771344470110e-01
4.075775085442840395e-01 8.737180798125577796e-01
4.115422374667966343e-01 8.682413527585318702e-01
4.155455334718875515e-01 8.627061439350235394e-01
4.195877717226225712e-01 8.571134765590074922e-01
4.236693310314835759e-01 8.514677596267988813e-01
4.277905938958687093e-01 8.457686360538939629e-01
4.319519465339363706e-01 8.400172059783267420e-01
4.361537789208005944e-01 8.342089615465579922e-01
4.403964848250754294e-01 8.283500854901100219e-01
4.446804618457780300e-01 8.224383470930528572e-01
4.490061114495874639e-01 8.164632477344244688e-01
4.533738390084691150e-01 8.104584916663428729e-01
4.577840538376618529e-01 8.043919363861700145e-01
4.622371692340384031e-01 7.982712296461057511e-01
4.667336025148346446e-01 7.921095061050438257e-01
4.712737750567601580e-01 7.858928566166939467e-01
4.758581123354846953e-01 7.796312994400167451e-01
4.804870439655131720e-01 7.733218693967001123e-01
4.851610037404442966e-01 7.669610422407044936e-01
4.898804296736250508e-01 7.605610015976457250e-01
4.946457640391963562e-01 7.541068114916236187e-01
4.994574534135413635e-01 7.476233763145091471e-01
5.043159487171361421e-01 7.410904219246231550e-01
5.092217052568053237e-01 7.345132833095338043e-01
5.141751827683928022e-01 7.278952644173529718e-01
5.191768454598426619e-01 7.212387484172929630e-01
5.242271620547044320e-01 7.145450660174823554e-01
5.293266058360561743e-01 7.078061322585553761e-01
5.344756546908600026e-01 7.010399103517934716e-01
5.396747911547442600e-01 6.942337481788651843e-01
5.449245024572260121e-01 6.873952702928798342e-01
5.502252805673685243e-01 6.805225202929938710e-01
5.555776222398878250e-01 6.736197332457461995e-01
5.609820290617031358e-01 6.666852954158969391e-01
5.664390074989449353e-01 6.597222474477630882e-01
5.719490689444144405e-01 6.527158415303718764e-01
5.775127297655114900e-01 6.457171376468072710e-01
5.831305113526221717e-01 6.386731547483806004e-01
5.888029401679826247e-01 6.316124120591812829e-01
5.945305477950136863e-01 6.245263706895999301e-01
6.003138709881384871e-01 6.174225313814145633e-01
6.061534517230839914e-01 6.103004668428106960e-01
6.120498372476699256e-01 6.031586066929048862e-01
6.180035801330957534e-01 5.960034419642209480e-01
6.240152383257209223e-01 5.888352071722622316e-01
6.300853751993553686e-01 5.816608162068972465e-01
6.362145596080520660e-01 5.744647089738390555e-01
6.424033659394193796e-01 5.672633298597816731e-01
6.486523741684461219e-01 5.600587218564491154e-01
6.549621699118558515e-01 5.528216671921558634e-01
6.613333444829840868e-01 5.456340221795000778e-01
6.677664949471955325e-01 5.384200865838320027e-01
6.742622241778342129e-01 5.312035458277795108e-01
6.808211409127237213e-01 5.239913920003919090e-01
6.874438598112112553e-01 5.167497071826134825e-01
6.941310015117725385e-01 5.095739737710277550e-01
7.008831926901714082e-01 5.023857262038484706e-01
7.077010661181889484e-01 4.952006179186538848e-01
7.145852607229240538e-01 4.880268045940807098e-01
7.215364216466665370e-01 4.808511773974009640e-01
7.285552003073593186e-01 4.737203718848166378e-01
7.356422544596413760e-01 4.665684519639557437e-01
7.427982482564918776e-01 4.594831820812332324e-01
7.500238523114668432e-01 4.523945105685589496e-01
7.573197437615483141e-01 4.453283469911084036e-01
7.646866063305975958e-01 4.382867386587679936e-01
7.721251303934327792e-01 4.312325099612690504e-01
7.796360130405233235e-01 4.242780879531002358e-01
7.872199581433195759e-01 4.173379434178507985e-01
7.948776764202123424e-01 4.103966442425424077e-01
8.026098855031396084e-01 4.035041160826047801e-01
8.104173100048355227e-01 3.966465432621136822e-01
8.183006815867394090e-01 3.898246171684784378e-01
8.262607390275591435e-01 3.830428720613096027e-01
8.342982282925082149e-01 3.762989632111151672e-01
8.424139026032094746e-01 3.695984300025383362e-01
8.506085225082840040e-01 3.629393874349819415e-01
8.588828559546254349e-01 3.563179427993404813e-01
8.672376783593644944e-01 3.497537874576066574e-01
8.756737726825394308e-01 3.432333902755937416e-01
8.841919295004664336e-01 3.367315935011599426e-01
8.927929470798307010e-01 3.303569179143364676e-01
9.014776314524917122e-01 3.239903705576316351e-01
9.102467964910225806e-01 3.176794829904064921e-01
9.191012639849772681e-01 3.114239156878188530e-01
9.280418637179072006e-01 3.052230347737511784e-01
9.370694335451198453e-01 2.990792358096422965e-01
9.461848194722002336e-01 2.929996294941280555e-01
9.553888757342895444e-01 2.869740801621131765e-01
9.646824648761427312e-01 2.810149710879252249e-01
9.740664578329562007e-01 2.751178972257040112e-01
9.835417340119908536e-01 2.692773250443860622e-01
9.931091813749796104e-01 2.635078330396815605e-01
1.002769696521346621e+00 2.578058389297604447e-01
1.012524184772224167e+00 2.521668093804600996e-01
1.022373560255302127e+00 2.465906200855558505e-01
1.032318745990486564e+00 2.410978852756547886e-01
1.042360673976402197e+00 2.356614231073898280e-01
1.052500285277732761e+00 2.302800504925845149e-01
1.062738530113414459e+00 2.249979648363235885e-01
1.073076367945679621e+00 2.197666776552327783e-01
1.083514767569973225e+00 2.146193466997727006e-01
1.094054707205742494e+00 2.095070225227798066e-01
1.104697174588111785e+00 2.045348347313312998e-01
1.115443167060441221e+00 1.996080220098234714e-01
1.126293691667795249e+00 1.947343923399509347e-01
1.137249765251314271e+00 1.899436303292646178e-01
1.148312414543511073e+00 1.852361352226641888e-01
1.159482676264482759e+00 1.805959208220391798e-01
1.170761597219069250e+00 1.760305535296276813e-01
1.182150234394952371e+00 1.715394324073513110e-01
1.193649655061713055e+00 1.671231219074944541e-01
1.205260936870842681e+00 1.627816248551364475e-01
1.216985167956738056e+00 1.585139713911706549e-01
1.228823447038673411e+00 1.543220858259281847e-01
1.240776883523764251e+00 1.502011975322627146e-01
1.252846597610937529e+00 1.461599039794879429e-01
1.265033720395903893e+00 1.421908663079272939e-01
1.277339393977160009e+00 1.382958065743109533e-01
1.289764771563017165e+00 1.344726883976690435e-01
1.302311017579677488e+00 1.307241124572069702e-01
1.314979307780347773e+00 1.270492625703033285e-01
1.327770829355430449e+00 1.234347714518537337e-01
1.340686781043774811e+00 1.199030069608988808e-01
1.353728373245021821e+00 1.164582115394339618e-01
1.366896828133026487e+00 1.130714885075396192e-01
1.380193379770397355e+00 1.097558181110715458e-01
1.393619274224142002e+00 1.065086346390158728e-01
1.407175769682446731e+00 1.033308236100155819e-01
1.420864136572576708e+00 1.002286077421494781e-01
1.434685657679937831e+00 9.719106557120772705e-02
1.448641628268290127e+00 9.422160633733504820e-02
1.462733356201129986e+00 9.131919907416562177e-02
1.476962162064259898e+00 8.847945941111241830e-02
1.491329379289537682e+00 8.571388326360646071e-02
1.505836354279841416e+00 8.300933403298510482e-02
1.520484446535244283e+00 8.036917757531747419e-02
1.535275028780422657e+00 7.779390698430332929e-02
1.550209487093291205e+00 7.527944765744409850e-02
1.565289221034902312e+00 7.282732029693987641e-02
1.580515643780601165e+00 7.043642630235276425e-02
1.595890182252465817e+00 6.811035668732011439e-02
1.611414277253019778e+00 6.583549276954994700e-02
1.627089383600260675e+00 6.362329058777077551e-02
1.642916970263993193e+00 6.146912680429464371e-02
1.658898520503498064e+00 5.937108067459948707e-02
1.675035532006524441e+00 5.733060416203521192e-02
1.691329517029648732e+00 5.534317715083648948e-02
1.707782002539993016e+00 5.340951824101487777e-02
1.724394530358320354e+00 5.153020794317770409e-02
1.741168657303530987e+00 4.969944812123365530e-02
1.758105955338547632e+00 4.792671545587199461e-02
1.775208011717636092e+00 4.619940248356714518e-02
1.792476429135148930e+00 4.451123557467363823e-02
1.809912825875727105e+00 4.289450135520622709e-02
1.827518835965944666e+00 4.131721773216445737e-02
1.845296109327445366e+00 3.978071011630345682e-02
1.863246311931559873e+00 3.829452179435302583e-02
1.881371125955437096e+00 3.685259627729044890e-02
1.899672249939675650e+00 3.545391004460255596e-02
1.918151398947507635e+00 3.409679522767242871e-02
1.936810304725519849e+00 3.278116999215256039e-02
1.955650715865949074e+00 3.150991572669520346e-02
1.974674397970537454e+00 3.027423928476122642e-02
1.993883133816001019e+00 2.908145549805911043e-02
2.013278723521096492e+00 2.792658234120488220e-02
2.032862984715323673e+00 2.680562156295127757e-02
2.052637752709252084e+00 2.572346593228343192e-02
2.072604880666519822e+00 2.467800190095180077e-02
2.092766239777499759e+00 2.366598900365457503e-02
2.113123719434652603e+00 2.268842249337857733e-02
2.133679227409597701e+00 2.174399626469106575e-02
2.154434690031884259e+00 2.083184547858004873e-02
2.175392052369522489e+00 1.995114859017223588e-02
2.196553278411258248e+00 1.910090040800194525e-02
2.217920351250634692e+00 1.828056429555434403e-02
2.239495273271823184e+00 1.748932475906373948e-02
2.261280066337279404e+00 1.672355084564454419e-02
2.283276771977218012e+00 1.599130913224628206e-02
2.305487451580938707e+00 1.528198345478972223e-02
2.327914186589993051e+00 1.459917057036683001e-02
2.350559078693253756e+00 1.394158230911289251e-02
2.373424250023866033e+00 1.330837743432628645e-02
2.396511843358130278e+00 1.269898516083175014e-02
2.419824022316292567e+00 1.211217875882374465e-02
2.443362971565319341e+00 1.154905921277148487e-02
2.467130897023623426e+00 1.100690563230864553e-02
2.491130026067788439e+00 1.048630673051220361e-02
2.515362607741312928e+00 9.985433609294472670e-03
2.539830912965362675e+00 9.504726139700877402e-03
2.564537234751594674e+00 9.043341056170267969e-03
2.589483888417040802e+00 8.600674780672156253e-03
2.614673211801092023e+00 8.175497204763440898e-03
2.640107565484572927e+00 7.768150523652954907e-03
2.665789333010967876e+00 7.377653894577925267e-03
2.691720921109787668e+00 7.003565038086403613e-03
2.717904759922122881e+00 6.644822870158340229e-03
2.744343303228365283e+00 6.301673427324618222e-03
2.771039028678170535e+00 5.970363318697151367e-03
2.797994438022641805e+00 5.658855089012043357e-03
2.825212057348790218e+00 5.358308121799468075e-03
2.852694437316245057e+00 5.071445118531712169e-03
2.880444153396297668e+00 4.796630166662018031e-03
2.908463806113254169e+00 4.534502436845523447e-03
2.936756021288137397e+00 4.284121911756628640e-03
2.965323450284773621e+00 4.045562631402204769e-03
2.994168770258243573e+00 3.817439170766568583e-03
3.023294684405779531e+00 3.602656627911655918e-03
3.052703922220086241e+00 3.395268830438670851e-03
3.082399239745143404e+00 3.196401260641865919e-03
3.112383419834465759e+00 3.009314329771662147e-03
3.142659272411905569e+00 2.830539292640866372e-03
3.173229634734976212e+00 2.660895987240082580e-03
3.204097371660752813e+00 2.499608677725217044e-03
3.235265375914330388e+00 2.346468909639692121e-03
3.266736568359921655e+00 2.201015975179282554e-03
3.298513898274578082e+00 2.063021853706486965e-03
3.330600343624588788e+00 1.932165658041276428e-03
3.362998911344535991e+00 1.808263571375089227e-03
3.395712637619100693e+00 1.690805356724944157e-03
3.428744588167585317e+00 1.579750330429867487e-03
3.462097858531227423e+00 1.474021289606453023e-03
3.495775574363275240e+00 1.375299838640372824e-03
3.529780891721914671e+00 1.281261269522901945e-03
3.564116997366032269e+00 1.192800345156423561e-03
3.598787109053855460e+00 1.109259442775482754e-03
3.633794475844513094e+00 1.030527193460361061e-03
3.669142378402494131e+00 9.563591283924814841e-04
3.704834129305105694e+00 8.865923106101770762e-04
3.740873073352900313e+00 8.209939908573932101e-04
3.777262587883141176e+00 7.593502289351139207e-04
3.814006083086284082e+00 7.015252075414159542e-04
3.851107002325572903e+00 6.472726418125927155e-04
3.888568822459721019e+00 5.964614620854571990e-04
3.926395054168756449e+00 5.489058274772109147e-04
3.964589242282997805e+00 5.044435078246708049e-04
4.003154966115265445e+00 4.629181389755225389e-04
4.042095839796306045e+00 4.241778153955022860e-04
4.081415512613501662e+00 3.880775675885614014e-04
4.121117669352832635e+00 3.544748064877342015e-04
4.161206030644208020e+00 3.232378871904764478e-04
4.201684353310133346e+00 2.942361023331987926e-04
4.242556430717777438e+00 2.673449300908792401e-04
4.283826093134470270e+00 2.424466059179184894e-04
4.325497208086633627e+00 2.194305042291915810e-04
4.367573680722233398e+00 1.981847839480874206e-04
4.410059454176736615e+00 1.786001237641739626e-04
4.452958509942654963e+00 1.605821164039659087e-04
4.496274868242640110e+00 1.440330403849156889e-04
4.540012588406244554e+00 1.288602729787464150e-04
4.584175769250333765e+00 1.149895233406454301e-04
4.628768549463215365e+00 1.023044968813285644e-04
4.673795107992464004e+00 9.075394849759790394e-05
4.719259664436561863e+00 8.025622140409704043e-05
4.765166479440326341e+00 7.073173382041915446e-05
4.811519855094205766e+00 6.211617393515321301e-05
4.858324135337417360e+00 5.434973759175872510e-05
4.905583706365050922e+00 4.736407850651187470e-05
4.953302997039108924e+00 4.109809724995935215e-05
5.001486479303548727e+00 3.550270779250733639e-05
5.050138668603383785e+00 3.051062285290044858e-05
5.099264124307808288e+00 2.608826667332117316e-05
5.148867450137498025e+00 2.217688527281278503e-05
5.198953294596024399e+00 1.874052999043287801e-05
5.249526351405507718e+00 1.572973585092355450e-05
5.300591359946452030e+00 1.310737993999979728e-05
5.352153105701904501e+00 1.083677643823815901e-05
5.404216420705915347e+00 8.884598975091680109e-06
5.456786183996381823e+00 7.212808472092955117e-06
5.509867322072253160e+00 5.794747395225498651e-06
5.563464809355226137e+00 4.600561086736982323e-06
5.617583668655908191e+00 3.606816946864188527e-06
5.672228971644543094e+00 2.786469581678717341e-06
5.727405839326266346e+00 2.116172471494813718e-06
5.783119442521027054e+00 1.576988354295550971e-06
5.839375002348160315e+00 1.149959150764844118e-06
5.896177790715694478e+00 8.171856696474728184e-07
5.953533130814370189e+00 5.635885044758077407e-07
6.011446397616513337e+00 3.749604848722872604e-07
6.069923018379741464e+00 2.384027107000749818e-07
6.128968473155564034e+00 1.435147443217791307e-07
6.188588295302960063e+00 7.975249987732821415e-08
6.248788072006894012e+00 4.033893879404643879e-08
6.309573444801936049e+00 1.792889839439446034e-08
6.370950110100935149e+00 6.610046853819748189e-09
6.432923819728876502e+00 1.769899514642835477e-09
6.495500381461869033e+00 2.530317752048997734e-10
6.558685659571435345e+00 0.000000000000000000e+00
