1.000000000000000021e-02 1.863397051918224356e+00
1.009727545900835841e-02 1.863393127612858580e+00
1.019549716950923779e-02 1.863389116817861346e+00
1.029467433620748044e-02 1.863385035776334409e+00
1.039481625334708927e-02 1.863381037122210371e+00
1.049593230558227772e-02 1.863376950795965659e+00
1.059803196885688789e-02 1.863372762875669109e+00
1.070112481129246833e-02 1.863368480560368301e+00
1.080522049408488318e-02 1.863364113381166698e+00
1.091032877240974419e-02 1.863355322015455950e+00
1.101645949633656314e-02 1.863350736147306286e+00
1.112362261175187626e-02 1.863350368206510010e+00
1.123182816129126085e-02 1.863345558893016118e+00
1.134108628528052165e-02 1.863340639393691989e+00
1.145140722268592030e-02 1.863335603596558698e+00
1.156280131207376022e-02 1.863330461444524300e+00
1.167527899257919492e-02 1.863325203083099568e+00
1.178885080488457221e-02 1.863319828580159765e+00
1.190352739220719262e-02 1.863314343389222527e+00
1.201931950129673729e-02 1.863308761838537331e+00
1.213623798344241195e-02 1.863303029608363248e+00
1.225429379548980714e-02 1.863297167295179690e+00
1.237349800086776086e-02 1.863291248165341418e+00
1.249386177062509519e-02 1.863285133233340884e+00
1.261539638447754796e-02 1.863278854278825447e+00
1.273811323186478488e-02 1.863272555874450509e+00
1.286202381301779218e-02 1.863266158292574914e+00
1.298713974003655978e-02 1.863259582605186981e+00
1.311347273797833224e-02 1.863252905291890471e+00
1.324103464595636874e-02 1.863246157481829757e+00
1.336983741824946531e-02 1.863239278901112517e+00
1.349989312542219239e-02 1.863232256749743687e+00
1.363121395545611320e-02 1.863225099590809064e+00
1.376381221489191876e-02 1.863217794632209268e+00
1.389770032998276401e-02 1.863210456890727063e+00
1.403289084785873213e-02 1.863202806635834818e+00
1.416939643770268736e-02 1.863195026935563492e+00
1.430722989193757184e-02 1.863187074149406763e+00
1.444640412742520530e-02 1.863178924216464249e+00
1.458693218667675602e-02 1.863170576677996904e+00
1.472882723907502529e-02 1.863162017925349634e+00
1.487210258210860774e-02 1.863153251247918307e+00
1.501677164261799868e-02 1.863144272530669276e+00
1.516284797805393485e-02 1.863131866662225189e+00
1.531034527774784160e-02 1.863122846209722683e+00
1.545927736419477720e-02 1.863116187119961964e+00
1.560965819434872483e-02 1.863106392260135635e+00
1.576150186093060873e-02 1.863096377177789753e+00
1.591482259374891323e-02 1.863086140389699219e+00
1.606963476103326349e-02 1.863075709811987668e+00
1.622595287078087284e-02 1.863065598686444835e+00
1.638379157211618947e-02 1.863055011509803238e+00
1.654316565666366645e-02 1.863044147650632754e+00
1.670409005993399310e-02 1.863031892066437267e+00
1.686657986272368723e-02 1.863020312263395040e+00
1.703065029252844378e-02 1.863008476166007288e+00
1.719631672497009753e-02 1.862995403614733370e+00
1.736359468523754335e-02 1.862983954199908032e+00
1.753249984954170088e-02 1.862971445948155669e+00
1.770304804658450262e-02 1.862959572694829147e+00
1.787525525904235316e-02 1.862948188877517230e+00
1.804913762506383731e-02 1.862933026647925150e+00
1.822471143978214581e-02 1.862919779971347722e+00
1.840199315684210371e-02 1.862906239771064953e+00
1.858099938994215231e-02 1.862892461705079272e+00
1.876174691439120440e-02 1.862878418253650414e+00
1.894425266868081034e-02 1.862864007713075809e+00
1.912853375607242307e-02 1.862854604973587458e+00
1.931460744620030340e-02 1.862839876044799059e+00
1.950249117668984011e-02 1.862824442765934174e+00
1.969220255479172538e-02 1.862809028687443691e+00
1.988375935903200636e-02 1.862793271120772420e+00
2.007717954087816226e-02 1.862777087807288456e+00
2.027248122642137662e-02 1.862760837158887295e+00
2.046968271807520987e-02 1.862743964751980341e+00
2.066880249629082095e-02 1.862722408271472840e+00
2.086985922128879734e-02 1.862705444589725534e+00
2.107287173480786382e-02 1.862688323113410371e+00
2.127785906187062287e-02 1.862672872809671754e+00
2.148484041256648255e-02 1.862653030896989303e+00
2.169383518385184506e-02 1.862634984102365943e+00
2.190486296136792688e-02 1.862616329304358498e+00
2.211794352127614133e-02 1.862597491153176188e+00
2.233309683211144592e-02 1.862578211735203215e+00
2.255034305665360936e-02 1.862558471870320531e+00
2.276970255381680075e-02 1.862538332571826771e+00
2.299119588055741764e-02 1.862517856355624613e+00
2.321484379380064564e-02 1.862496920515422261e+00
2.344066725238556220e-02 1.862475480509209191e+00
2.366868741902936057e-02 1.862453651109445829e+00
2.389892566231050300e-02 1.862428252789557481e+00
2.413140355867127856e-02 1.862408891724791626e+00
2.436614289443983158e-02 1.862385764090663809e+00
2.460316566787181664e-02 1.862358107251991912e+00
2.484249409121190577e-02 1.862338252290406171e+00
2.508415059277539771e-02 1.862313694607685255e+00
2.532815781905008515e-02 1.862283876604748700e+00
2.557453863681850847e-02 1.862258106211091224e+00
2.582331613530085626e-02 1.862231793139074831e+00
2.607451362831877603e-02 1.862209994358388743e+00
2.632815465648021339e-02 1.862177405892218474e+00
2.658426298938541474e-02 1.862154710785816514e+00
2.684286262785454819e-02 1.862126088341840235e+00
2.710397780617682106e-02 1.862097089154428398e+00
2.736763299438163891e-02 1.862067430404057866e+00
2.763385290053169824e-02 1.862037169493567568e+00
2.790266247303856487e-02 1.862006283491326464e+00
2.817408690300057458e-02 1.861975089530239824e+00
2.844815162656363222e-02 1.861943256599176699e+00
2.872488232730495070e-02 1.861910750398326986e+00
2.900430493863991738e-02 1.861877508658733582e+00
2.928644564625237229e-02 1.861843474184649239e+00
2.957133089054861039e-02 1.861808712063657723e+00
2.985898736913520854e-02 1.861773167497232651e+00
3.014944203932094433e-02 1.861736841423286659e+00
3.044272212064302874e-02 1.861699431546969041e+00
3.073885509741795460e-02 1.861660130430759841e+00
3.103786872131722788e-02 1.861622070053086997e+00
3.133979101396793671e-02 1.861583743378689038e+00
3.164465026957891114e-02 1.861543553805449447e+00
3.195247505759213347e-02 1.861502597218370081e+00
3.226329422536015901e-02 1.861461164702250759e+00
3.257713690084949876e-02 1.861418807388989016e+00
3.289403249537032475e-02 1.861375631536958286e+00
3.321401070633261954e-02 1.861331885436899203e+00
3.353710152002930406e-02 1.861287265106593036e+00
3.386333521444636480e-02 1.861241801595191925e+00
3.419274236210027851e-02 1.861195628816225023e+00
3.452535383290306070e-02 1.861148567949589383e+00
3.486120079705520153e-02 1.861104075870564811e+00
3.520031472796678745e-02 1.861051947276235241e+00
3.554272740520694751e-02 1.861002702900353967e+00
3.588847091748199186e-02 1.860952368468716145e+00
3.623757766564258964e-02 1.860902996902941586e+00
3.659008036572020811e-02 1.860850052146747258e+00
3.694601205199302130e-02 1.860796443152680002e+00
3.730540608008161424e-02 1.860741451398266966e+00
3.766829613007490613e-02 1.860685400056598438e+00
3.803471620968648659e-02 1.860628679619849457e+00
3.840470065744145539e-02 1.860571111031353642e+00
3.877828414589457040e-02 1.860512391079904848e+00
3.915550168487941241e-02 1.860452368433270776e+00
3.953638862478930927e-02 1.860391333134390202e+00
3.992098065989020672e-02 1.860328507997564218e+00
4.030931383166566628e-02 1.860264379838240556e+00
4.070142453219438572e-02 1.860199438040518238e+00
4.109734950756069316e-02 1.860133308797178975e+00
4.149712586129815362e-02 1.860064043537074774e+00
4.190079105786669034e-02 1.859994528617893161e+00
4.230838292616342228e-02 1.859925507589374138e+00
4.271993966306778662e-02 1.859853444045695081e+00
4.313549983702118923e-02 1.859779872212078855e+00
4.355510239164130798e-02 1.859704923215540928e+00
4.397878664937160398e-02 1.859628726258525599e+00
4.440659231516640160e-02 1.859550784655364719e+00
4.483855948021186338e-02 1.859471009932259777e+00
4.527472862568297785e-02 1.859389430302547330e+00
4.571514062653719151e-02 1.859306083857680258e+00
4.615983675534499064e-02 1.859221669393930521e+00
4.660885868615767536e-02 1.859135514821426582e+00
4.706224849841281199e-02 1.859049860360761253e+00
4.752004868087766204e-02 1.858958724459012002e+00
4.798230213563085128e-02 1.858867663878976284e+00
4.844905218208294534e-02 1.858775066552680544e+00
4.892034256103611894e-02 1.858684926157198491e+00
4.939621743878321036e-02 1.858589304624572502e+00
4.987672141124663283e-02 1.858492272296655923e+00
5.036189950815770505e-02 1.858392488217399219e+00
5.085179719727656034e-02 1.858290721607261498e+00
5.134646038865306461e-02 1.858183261301846301e+00
5.184593543892913187e-02 1.858077567215127957e+00
5.235026915568305461e-02 1.857969812134345755e+00
5.285950880181603667e-02 1.857860931853922759e+00
5.337370209998133774e-02 1.857747655045115298e+00
5.389289723705643909e-02 1.857632371597864207e+00
5.441714286865893119e-02 1.857515165158000192e+00
5.494648812370611646e-02 1.857397015698390996e+00
5.548098260901916656e-02 1.857274396439693165e+00
5.602067641397187603e-02 1.857152349665387225e+00
5.656562011518465050e-02 1.857026749211024175e+00
5.711586478126431943e-02 1.856899178905144554e+00
5.767146197758996756e-02 1.856769187957731271e+00
5.823246377114527778e-02 1.856636232752904236e+00
5.879892273539785025e-02 1.856501116068558721e+00
5.937089195522609469e-02 1.856363657274438417e+00
5.994842503189409116e-02 1.856221131270485936e+00
6.053157608807464840e-02 1.856077951444919050e+00
6.112039977292132997e-02 1.855930341256501137e+00
6.171495126718981594e-02 1.855780038415988598e+00
6.231528628840921763e-02 1.855627301926852768e+00
6.292146109610344262e-02 1.855471026574039284e+00
6.353353249706343575e-02 1.855311309852143653e+00
6.415155785067082339e-02 1.855148578636513834e+00
6.477559507427335661e-02 1.854985542857178427e+00
6.540570264861225724e-02 1.854817933216275527e+00
6.604193962330305590e-02 1.854647591718513899e+00
6.668436562236895737e-02 1.854473644743618754e+00
6.733304084982863480e-02 1.854296108680491884e+00
6.798802609533814711e-02 1.854114619189759283e+00
6.864938273988777095e-02 1.853930067325550324e+00
6.931717276155408003e-02 1.853741706802093381e+00
6.999145874130821565e-02 1.853549949515779893e+00
7.067230386888070925e-02 1.853353934062909714e+00
7.135977194868306506e-02 1.853155362638579051e+00
7.205392740578704658e-02 1.852952241332783245e+00
7.275483529196229149e-02 1.852742417522749152e+00
7.346256129177256011e-02 1.852529874382210950e+00
7.417717172873124210e-02 1.852314519871641973e+00
7.489873357151664857e-02 1.852094834089039743e+00
7.562731444024800576e-02 1.851871873324122841e+00
7.636298261282241373e-02 1.851643371471136890e+00
7.710580703131336699e-02 1.851410058826764793e+00
7.785585730843146146e-02 1.851175282442765413e+00
7.861320373404813433e-02 1.850932759091366453e+00
7.937791728178281159e-02 1.850685719291518261e+00
8.015006961565404597e-02 1.850431477165379812e+00
8.092973309679550586e-02 1.850176055616824522e+00
8.171698079023696770e-02 1.849915686367036516e+00
8.251188647175167201e-02 1.849649402696159184e+00
8.331452463477014014e-02 1.849378366120918882e+00
8.412497049736118726e-02 1.849101614903944757e+00
8.494330000928071445e-02 1.848824645960807311e+00
8.576958985908941790e-02 1.848537732422843360e+00
8.660391748133952627e-02 1.848245594747671472e+00
8.744636106383144036e-02 1.847947686204636231e+00
8.829699955494091368e-02 1.847642617127138953e+00
8.915591267101763417e-02 1.847332855557480835e+00
9.002318090385581784e-02 1.847016525110773078e+00
9.089888552823731371e-02 1.846696991720723435e+00
9.178310860954806694e-02 1.846365402811620315e+00
9.267593301146882789e-02 1.846034319113648570e+00
9.357744240374062106e-02 1.845689503082794003e+00
9.448772127000577836e-02 1.845343525223840597e+00
9.540685491572513388e-02 1.844988484544434426e+00
9.633492947617222635e-02 1.844630411967691508e+00
9.727203192450542546e-02 1.844261530943558602e+00
9.821825007991856482e-02 1.843885134926611657e+00
9.917367261587073379e-02 1.843501029948930059e+00
1.001383890683960748e-01 1.843111282681906715e+00
1.011124898444945991e-01 1.842719411342171432e+00
1.020960662306047012e-01 1.842315379850087975e+00
1.030892104011576216e-01 1.841903501859107894e+00
1.040920154272158005e-01 1.841483933936611805e+00
1.051045752851944987e-01 1.841056462266676963e+00
1.061269848656690717e-01 1.840620714047178641e+00
1.071593399822671072e-01 1.840174516007145211e+00
1.082017373806478805e-01 1.839720225373643769e+00
1.092542747475682557e-01 1.839259528644573649e+00
1.103170507200377515e-01 1.838788549672010886e+00
1.113901648945616746e-01 1.838311240900580623e+00
1.124737178364751955e-01 1.837823320416529516e+00
1.135678110893671017e-01 1.837325275663117985e+00
1.146725471845963656e-01 1.836816974698037841e+00
1.157880296509002094e-01 1.836299714335194677e+00
1.169143630240966764e-01 1.835772630264905114e+00
1.180516528568804902e-01 1.835235564863279878e+00
1.192000057287153220e-01 1.834688108243596849e+00
1.203595292558212876e-01 1.834130258609147912e+00
1.215303321012602134e-01 1.833563064574986079e+00
1.227125239851190319e-01 1.832984381213143887e+00
1.239062156947916271e-01 1.832393200265375111e+00
1.251115190953615564e-01 1.831793172934562008e+00
1.263285471400849291e-01 1.831181727815864857e+00
1.275574138809759950e-01 1.830559071543906846e+00
1.287982344794950385e-01 1.829922938794945386e+00
1.300511252173409127e-01 1.829275753688136552e+00
1.313162035073478784e-01 1.828615237656123327e+00
1.325935879044890797e-01 1.827943819737997799e+00
1.338833981169864351e-01 1.827258621291942831e+00
1.351857550175293021e-01 1.826560881607014464e+00
1.365007806546013891e-01 1.825850729282913587e+00
1.378285982639189389e-01 1.825124527044646339e+00
1.391693322799789911e-01 1.824384287082463807e+00
1.405231083477211373e-01 1.823630490899239120e+00
1.418900533343016301e-01 1.822864390899154641e+00
1.432702953409830948e-01 1.822085626978549255e+00
1.446639637151387880e-01 1.821291384942844038e+00
1.460711890623745679e-01 1.820484626265283623e+00
1.474921032587684921e-01 1.819659767886293356e+00
1.489268394632288772e-01 1.818819172716865440e+00
1.503755321299738434e-01 1.817961769299009100e+00
1.518383170211306810e-01 1.817089197678239287e+00
1.533153312194593942e-01 1.816201441809540240e+00
1.548067131411984265e-01 1.815295917849663931e+00
1.563126025490369497e-01 1.814372767359170746e+00
1.578331405652117214e-01 1.813433531114103436e+00
1.593684696847328941e-01 1.812478226754134614e+00
1.609187337887370006e-01 1.811504431467683141e+00
1.624840781579713067e-01 1.810511390422196998e+00
1.640646494864078653e-01 1.809499693808561682e+00
1.656605958949914359e-01 1.808469253532439813e+00
1.672720669455196874e-01 1.807421360541328736e+00
1.688992136546599021e-01 1.806354756579773957e+00
1.705421885081006561e-01 1.805267210479314377e+00
1.722011454748421100e-01 1.804159295372637528e+00
1.738762400216251336e-01 1.803028890604257972e+00
1.755676291275001522e-01 1.801879884292296730e+00
1.772754712985387948e-01 1.800711010736099960e+00
1.789999265826875408e-01 1.799521523502973563e+00
1.807411565847668600e-01 1.798308625763342716e+00
1.824993244816152382e-01 1.797073059452843014e+00
1.842745950373816666e-01 1.795815179285322527e+00
1.860671346189656239e-01 1.794531963639350636e+00
1.878771112116086051e-01 1.793227968844488984e+00
1.897046944346358344e-01 1.791901343497181331e+00
1.915500555573527997e-01 1.790550450752961043e+00
1.934133675150944698e-01 1.789174857869943569e+00
1.952948049254327745e-01 1.787775332552369756e+00
1.971945441045395986e-01 1.786346584006731408e+00
1.991127630837108697e-01 1.784891907313462589e+00
2.010496416260497965e-01 1.783416378025711735e+00
2.030053612433137811e-01 1.781909381375067492e+00
2.049801052129238688e-01 1.780377338847999757e+00
2.069740585951406198e-01 1.778816327372441330e+00
2.089874082504071251e-01 1.777227288025019503e+00
2.110203428568595552e-01 1.775612761067348444e+00
2.130730529280097374e-01 1.773967877118158620e+00
2.151457308305980698e-01 1.772294219727917453e+00
2.172385708026215445e-01 1.770590367597420389e+00
2.193517689715359098e-01 1.768855197758055331e+00
2.214855233726360506e-01 1.767091917919335620e+00
2.236400339676138660e-01 1.765293305043240668e+00
2.258155026632983065e-01 1.763465191055364922e+00
2.280121333305757114e-01 1.761605478067528763e+00
2.302301318234963867e-01 1.759713113208404067e+00
2.324697059985647851e-01 1.757786828135622148e+00
2.347310657342196183e-01 1.755829511556167510e+00
2.370144229505012079e-01 1.753834204916740136e+00
2.393199916289123208e-01 1.751807952791025524e+00
2.416479878324700736e-01 1.749740083918403410e+00
2.439986297259550130e-01 1.747642897301211029e+00
2.463721375963552895e-01 1.745507709124564766e+00
2.487687338735107279e-01 1.743334971240571241e+00
2.511886431509580686e-01 1.741121697692351589e+00
2.536320922069775774e-01 1.738874559162632227e+00
2.560993100258459609e-01 1.736584809916350336e+00
2.585905278192945911e-01 1.734259322911731793e+00
2.611059790481781162e-01 1.731899313964121889e+00
2.636458994443517945e-01 1.729492861715637986e+00
2.662105270327638773e-01 1.727042749432841084e+00
2.688001021537606006e-01 1.724555802531435811e+00
2.714148674856106669e-01 1.722027805866976680e+00
2.740550680672460548e-01 1.719457067468029621e+00
2.767209513212268712e-01 1.716837130011994006e+00
2.794127670769268601e-01 1.714174599891581385e+00
2.821307675939472293e-01 1.711477400981181285e+00
2.848752075857552413e-01 1.708731207647362638e+00
2.876463442435557849e-01 1.705934060115424700e+00
2.904444372603925406e-01 1.703096149328585440e+00
2.932697488554852905e-01 1.700208004463955147e+00
2.961225437988035947e-01 1.697275674265852352e+00
2.990030894358785551e-01 1.694294696559577318e+00
3.019116557128577738e-01 1.691262342052321843e+00
3.048485152018017286e-01 1.688184186252971397e+00
3.078139431262288950e-01 1.685055494777558005e+00
3.108082173869063936e-01 1.681876984075230563e+00
3.138316185878944342e-01 1.678648139774762793e+00
3.168844300628416155e-01 1.675365940193789704e+00
3.199669379015380732e-01 1.672032285352680114e+00
3.230794309767249795e-01 1.668644109413062626e+00
3.262222009711669979e-01 1.665205069724146725e+00
3.293955424049855307e-01 1.661715681954534007e+00
3.325997526632606949e-01 1.658165376017358694e+00
3.358351320238990301e-01 1.654559702014625655e+00
3.391019836857747105e-01 1.650900444573689896e+00
3.424006137971423724e-01 1.647187206375261503e+00
3.457313314843284413e-01 1.643414040216462757e+00
3.490944488806992929e-01 1.639584680638144887e+00
3.524902811559130766e-01 1.635695758539650546e+00
3.559191465454557002e-01 1.631747450056519222e+00
3.593813663804627523e-01 1.627741442359220247e+00
3.628772651178337472e-01 1.623674274668782891e+00
3.664071703706370808e-01 1.619550375966289479e+00
3.699714129388128048e-01 1.615361613996364465e+00
3.735703268401719401e-01 1.611113400314496236e+00
3.772042493416999376e-01 1.606799943982893275e+00
3.808735209911614517e-01 1.602428244113593747e+00
3.845784856490158665e-01 1.597989315482385875e+00
3.883194905206404091e-01 1.593487344537475758e+00
3.920968861888690649e-01 1.588924278142074931e+00
3.959110266468458539e-01 1.584292846007993472e+00
3.997622693312000708e-01 1.579599786042001908e+00
4.036509751555413805e-01 1.574837725687627144e+00
4.075775085442840395e-01 1.570009534530705242e+00
4.115422374667966343e-01 1.565114818873936331e+00
4.155455334718875515e-01 1.560156371334365577e+00
4.195877717226225712e-01 1.555126431176871549e+00
4.236693310314835759e-01 1.550030881773181157e+00
4.277905938958687093e-01 1.544866470938262237e+00
4.319519465339363706e-01 1.539631773772943246e+00
4.361537789208005944e-01 1.534328860339663203e+00
4.403964848250754294e-01 1.528958685975420062e+00
4.446804618457780300e-01 1.523514172384077492e+00
4.490061114495874639e-01 1.518006041874082390e+00
4.533738390084691150e-01 1.512421593393064922e+00
4.577840538376618529e-01 1.506768946697832900e+00
4.622371692340384031e-01 1.501045817551317940e+00
4.667336025148346446e-01 1.495248394446708540e+00
4.712737750567601580e-01 1.489387607847638018e+00
4.758581123354846953e-01 1.483441843719914166e+00
4.804870439655131720e-01 1.477435578178943221e+00
4.851610037404442966e-01 1.471356450765912482e+00
4.898804296736250508e-01 1.465199459572565477e+00
4.946457640391963562e-01 1.458977099873711492e+00
4.994574534135413635e-01 1.452677749108460592e+00
5.043159487171361421e-01 1.446308054758365769e+00
5.092217052568053237e-01 1.439865171642084052e+00
5.141751827683928022e-01 1.433352004680842118e+00
5.191768454598426619e-01 1.426765610642470872e+00
5.242271620547044320e-01 1.420105556470596442e+00
5.293266058360561743e-01 1.413383753496394224e+00
5.344756546908600026e-01 1.406573302190776920e+00
5.396747911547442600e-01 1.399701974368913193e+00
5.449245024572260121e-01 1.392754982781110096e+00
5.502252805673685243e-01 1.385739857312126899e+00
5.555776222398878250e-01 1.378653716148050101e+00
5.609820290617031358e-01 1.371494589279353971e+00
5.664390074989449353e-01 1.364262959329652469e+00
5.719490689444144405e-01 1.356968516452622620e+00
5.775127297655114900e-01 1.349598559916962204e+00
5.831305113526221717e-01 1.342163642916669453e+00
5.888029401679826247e-01 1.334656818644856413e+00
5.945305477950136863e-01 1.327083666833678288e+00
6.003138709881384871e-01 1.319441918449703488e+00
6.061534517230839914e-01 1.311735380960498576e+00
6.120498372476699256e-01 1.303960774798807121e+00
6.180035801330957534e-01 1.296122038310367541e+00
6.240152383257209223e-01 1.288215882812761670e+00
6.300853751993553686e-01 1.280246359406907342e+00
6.362145596080520660e-01 1.272214016725683017e+00
6.424033659394193796e-01 1.264116948136882357e+00
6.486523741684461219e-01 1.255968378119699969e+00
6.549621699118558515e-01 1.247743294051733454e+00
6.613333444829840868e-01 1.239468232294108185e+00
6.677664949471955325e-01 1.231134102168919053e+00
6.742622241778342129e-01 1.222738978274081623e+00
6.808211409127237213e-01 1.214289510733789879e+00
6.874438598112112553e-01 1.205779580473320012e+00
6.941310015117725385e-01 1.197221382691544544e+00
7.008831926901714082e-01 1.188604716777909021e+00
7.077010661181889484e-01 1.179939807462184520e+00
7.145852607229240538e-01 1.171222329592360945e+00
7.215364216466665370e-01 1.162452456578144222e+00
7.285552003073593186e-01 1.153637704861598667e+00
7.356422544596413760e-01 1.144775149424341221e+00
7.427982482564918776e-01 1.135865093465362241e+00
7.500238523114668432e-01 1.126914334216526203e+00
7.573197437615483141e-01 1.117919966380353181e+00
7.646866063305975958e-01 1.108878474276158155e+00
7.721251303934327792e-01 1.099806664840299986e+00
7.796360130405233235e-01 1.090691288369233014e+00
7.872199581433195759e-01 1.081538600482095713e+00
7.948776764202123424e-01 1.072354160945811374e+00
8.026098855031396084e-01 1.063133963867538778e+00
8.104173100048355227e-01 1.053881501343706395e+00
8.183006815867394090e-01 1.044602111143690504e+00
8.262607390275591435e-01 1.035294247892267538e+00
8.342982282925082149e-01 1.025955979338260882e+00
8.424139026032094746e-01 1.016595874543990918e+00
8.506085225082840040e-01 1.007211809181030926e+00
8.588828559546254349e-01 9.978095406421279012e-01
8.672376783593644944e-01 9.883863407839176274e-01
8.756737726825394308e-01 9.789449197389984425e-01
8.841919295004664336e-01 9.694873735734169662e-01
8.927929470798307010e-01 9.600206487586671056e-01
9.014776314524917122e-01 9.505336739742206165e-01
9.102467964910225806e-01 9.410413858251853725e-01
9.191012639849772681e-01 9.315482230158650401e-01
9.280418637179072006e-01 9.220419383400962898e-01
9.370694335451198453e-01 9.125337135784069575e-01
9.461848194722002336e-01 9.030221173457841921e-01
9.553888757342895444e-01 8.935122585520498539e-01
9.646824648761427312e-01 8.840034405975197851e-01
9.740664578329562007e-01 8.744952187120497156e-01
9.835417340119908536e-01 8.649980264111672978e-01
9.931091813749796104e-01 8.555062529500944146e-01
1.002769696521346621e+00 8.460257875430459151e-01
1.012524184772224167e+00 8.365543170635298953e-01
1.022373560255302127e+00 8.270925256552358329e-01
1.032318745990486564e+00 8.176556610854087692e-01
1.042360673976402197e+00 8.082338662775707672e-01
1.052500285277732761e+00 7.987869560145387515e-01
1.062738530113414459e+00 7.894004289752423187e-01
1.073076367945679621e+00 7.800866913057771246e-01
1.083514767569973225e+00 7.707528705355602971e-01
1.094054707205742494e+00 7.614459508789243047e-01
1.104697174588111785e+00 7.521654191950303270e-01
1.115443167060441221e+00 7.429189508364821837e-01
1.126293691667795249e+00 7.337034040645644684e-01
1.137249765251314271e+00 7.245233075207568874e-01
1.148312414543511073e+00 7.153759270796871128e-01
1.159482676264482759e+00 7.061266962407429792e-01
1.170761597219069250e+00 6.971584598212963169e-01
1.182150234394952371e+00 6.881745483785509654e-01
1.193649655061713055e+00 6.791892552009366479e-01
1.205260936870842681e+00 6.702483450307760160e-01
1.216985167956738056e+00 6.613551029040615203e-01
1.228823447038673411e+00 6.525072754635417027e-01
1.240776883523764251e+00 6.437110352022726856e-01
1.252846597610937529e+00 6.349622642238655912e-01
1.265033720395903893e+00 6.262663029663411152e-01
1.277339393977160009e+00 6.176235167248438351e-01
1.289764771563017165e+00 6.090382991218086239e-01
1.302311017579677488e+00 6.005035395108638818e-01
1.314979307780347773e+00 5.920298549799928312e-01
1.327770829355430449e+00 5.836160924330018318e-01
1.340686781043774811e+00 5.752570254517584969e-01
1.353728373245021821e+00 5.669639498323277849e-01
1.366896828133026487e+00 5.587292029812355176e-01
1.380193379770397355e+00 5.505599272727124127e-01
1.393619274224142002e+00 5.424540944329724335e-01
1.407175769682446731e+00 5.344133577978937844e-01
1.420864136572576708e+00 5.264398732019877070e-01
1.434685657679937831e+00 5.185296707153578266e-01
1.448641628268290127e+00 5.106909881977983456e-01
1.462733356201129986e+00 5.029226151738735995e-01
1.476962162064259898e+00 4.952234488545210755e-01
1.491329379289537682e+00 4.875895649048136438e-01
1.505836354279841416e+00 4.800297651626371231e-01
1.520484446535244283e+00 4.725408367626456885e-01
1.535275028780422657e+00 4.651288091998371232e-01
1.550209487093291205e+00 4.577850751546485020e-01
1.565289221034902312e+00 4.505150761418181271e-01
1.580515643780601165e+00 4.433212312639540631e-01
1.595890182252465817e+00 4.362010779310434017e-01
1.611414277253019778e+00 4.291554544573732421e-01
1.627089383600260675e+00 4.221860702538718924e-01
1.642916970263993193e+00 4.152925828812862319e-01
1.658898520503498064e+00 4.084725545897624488e-01
1.675035532006524441e+00 4.017245698528321141e-01
1.691329517029648732e+00 3.950650168912343552e-01
1.707782002539993016e+00 3.884786994793185122e-01
1.724394530358320354e+00 3.819657638919590759e-01
1.741168657303530987e+00 3.755294164725260231e-01
1.758105955338547632e+00 3.691705291599230998e-01
1.775208011717636092e+00 3.628919935821424136e-01
1.792476429135148930e+00 3.566876728340794833e-01
1.809912825875727105e+00 3.505603675287340404e-01
1.827518835965944666e+00 3.445101544095517387e-01
1.845296109327445366e+00 3.385358484528997458e-01
1.863246311931559873e+00 3.326415564815802806e-01
1.881371125955437096e+00 3.268206552080298311e-01
1.899672249939675650e+00 3.210799569125545871e-01
1.918151398947507635e+00 3.154126474389936097e-01
1.936810304725519849e+00 3.098209362764829389e-01
1.955650715865949074e+00 3.043071195052761135e-01
1.974674397970537454e+00 2.988685276125135903e-01
1.993883133816001019e+00 2.934974990443222076e-01
2.013278723521096492e+00 2.882146661796963771e-01
2.032862984715323673e+00 2.829973974967665007e-01
2.052637752709252084e+00 2.778602108794573367e-01
2.072604880666519822e+00 2.727941779703500491e-01
2.092766239777499759e+00 2.677425091517817157e-01
2.113123719434652603e+00 2.628796994844136981e-01
2.133679227409597701e+00 2.580324727738246837e-01
2.154434690031884259e+00 2.532330723737706846e-01
2.175392052369522489e+00 2.485516386057484983e-01
2.196553278411258248e+00 2.439176927055287381e-01
2.217920351250634692e+00 2.393553651732654164e-01
2.239495273271823184e+00 2.348608859665499426e-01
2.261280066337279404e+00 2.304368633581424242e-01
2.283276771977218012e+00 2.260813488471865862e-01
2.305487451580938707e+00 2.217948165418978379e-01
2.327914186589993051e+00 2.175748052935923549e-01
2.350559078693253756e+00 2.134215056865896021e-01
2.373424250023866033e+00 2.093351611298980841e-01
2.396511843358130278e+00 2.053145998994705679e-01
2.419824022316292567e+00 2.013587896392140253e-01
2.443362971565319341e+00 1.974670005233619685e-01
2.467130897023623426e+00 1.936396209928517576e-01
2.491130026067788439e+00 1.898743599957521400e-01
2.515362607741312928e+00 1.861718767009274966e-01
2.539830912965362675e+00 1.825318844135925545e-01
2.564537234751594674e+00 1.789525361613494014e-01
2.589483888417040802e+00 1.754319604656443821e-01
2.614673211801092023e+00 1.719734338580647115e-01
2.640107565484572927e+00 1.685722984240963229e-01
2.665789333010967876e+00 1.652304024245356273e-01
2.691720921109787668e+00 1.619450656316550607e-01
2.717904759922122881e+00 1.587162666781254117e-01
2.744343303228365283e+00 1.555449804119788948e-01
2.771039028678170535e+00 1.524279089204590709e-01
2.797994438022641805e+00 1.493664835474757535e-01
2.825212057348790218e+00 1.463583492770270944e-01
2.852694437316245057e+00 1.434031951695683982e-01
2.880444153396297668e+00 1.405016721831062187e-01
2.908463806113254169e+00 1.376515867326301990e-01
2.936756021288137397e+00 1.348519874470415214e-01
2.965323450284773621e+00 1.321034085888388165e-01
2.994168770258243573e+00 1.294046045211339202e-01
3.023294684405779531e+00 1.267546995128943366e-01
3.052703922220086241e+00 1.241536682836704431e-01
3.082399239745143404e+00 1.215997279404036208e-01
3.112383419834465759e+00 1.190921428773602936e-01
3.142659272411905569e+00 1.166320984035532360e-01
3.173229634734976212e+00 1.142150186708967979e-01
3.204097371660752813e+00 1.118467881855331469e-01
3.235265375914330388e+00 1.095215870628110932e-01
3.266736568359921655e+00 1.072392993111108694e-01
3.298513898274578082e+00 1.049996992481919689e-01
3.330600343624588788e+00 1.028018225470162528e-01
3.362998911344535991e+00 1.006474516732589614e-01
3.395712637619100693e+00 9.853138934655832071e-02
3.428744588167585317e+00 9.645805231712847871e-02
3.462097858531227423e+00 9.442333097472575820e-02
3.495775574363275240e+00 9.242747375545867783e-02
3.529780891721914671e+00 9.047023312885486834e-02
3.564116997366032269e+00 8.855112295609547657e-02
3.598787109053855460e+00 8.666831140089278906e-02
3.633794475844513094e+00 8.482172564660431235e-02
3.669142378402494131e+00 8.301224922021938069e-02
3.704834129305105694e+00 8.123803518849784244e-02
3.740873073352900313e+00 7.949811653759504548e-02
3.777262587883141176e+00 7.779211315569328766e-02
3.814006083086284082e+00 7.611946749745196472e-02
3.851107002325572903e+00 7.448035525050610006e-02
3.888568822459721019e+00 7.287381598674744221e-02
3.926395054168756449e+00 7.129905761896564165e-02
3.964589242282997805e+00 6.975516438652783202e-02
4.003154966115265445e+00 6.824203564111828990e-02
4.042095839796306045e+00 6.675952527086191635e-02
4.081415512613501662e+00 6.530681198446061653e-02
4.121117669352832635e+00 6.388313995912023313e-02
4.161206030644208020e+00 6.248801294029746739e-02
4.201684353310133346e+00 6.112101858798071191e-02
4.242556430717777438e+00 5.978164019329412077e-02
4.283826093134470270e+00 5.846963759127311172e-02
4.325497208086633627e+00 5.718418039345012777e-02
4.367573680722233398e+00 5.592498279824372615e-02
4.410059454176736615e+00 5.469121406699598703e-02
4.452958509942654963e+00 5.348288692737875744e-02
4.496274868242640110e+00 5.229924819139727954e-02
4.540012588406244554e+00 5.113993351215880001e-02
4.584175769250333765e+00 5.000464369009480908e-02
4.628768549463215365e+00 4.889266359246648846e-02
4.673795107992464004e+00 4.780355286808217474e-02
4.719259664436561863e+00 4.673715604164575127e-02
4.765166479440326341e+00 4.569335648095227548e-02
4.811519855094205766e+00 4.466792910832664831e-02
4.858324135337417360e+00 4.366903186029066908e-02
4.905583706365050922e+00 4.268860704626253888e-02
4.953302997039108924e+00 4.172870708522052885e-02
5.001486479303548727e+00 4.078891183105751855e-02
5.050138668603383785e+00 3.986909998440071184e-02
5.099264124307808288e+00 3.896809305355432296e-02
5.148867450137498025e+00 3.808658686465458271e-02
5.198953294596024399e+00 3.722349242328934493e-02
5.249526351405507718e+00 3.637872991574391673e-02
5.300591359946452030e+00 3.555131018982175123e-02
5.352153105701904501e+00 3.474231765254899573e-02
5.404216420705915347e+00 3.395041156858550485e-02
5.456786183996381823e+00 3.317505148222424372e-02
5.509867322072253160e+00 3.241653418165052480e-02
5.563464809355226137e+00 3.167247572051803961e-02
5.617583668655908191e+00 3.094732755743979588e-02
5.672228971644543094e+00 3.023634052058851371e-02
5.727405839326266346e+00 2.954063697749949660e-02
5.783119442521027054e+00 2.885983465225932035e-02
5.839375002348160315e+00 2.819380526931635281e-02
5.896177790715694478e+00 2.754213004565627884e-02
5.953533130814370189e+00 2.690467260017333564e-02
6.011446397616513337e+00 2.628093094480493316e-02
6.069923018379741464e+00 2.567070239113316069e-02
6.128968473155564034e+00 2.507320412627963777e-02
6.188588295302960063e+00 2.448988954403311102e-02
6.248788072006894012e+00 2.391874031007900497e-02
6.309573444801936049e+00 2.336000021925438430e-02
6.370950110100935149e+00 2.281366106995756995e-02
6.432923819728876502e+00 2.227905766545063351e-02
6.495500381461869033e+00 2.175630609019104517e-02
6.558685659571435345e+00 2.124504044029765573e-02
6.622485575374063238e+00 2.074515205429948092e-02
6.686906107786136921e+00 2.025605478987024116e-02
6.751953293884205287e+00 1.978122971116620318e-02
6.817633229470763112e+00 1.931034558381014565e-02
6.883952069645496330e+00 1.885312173124660540e-02
6.950916029382126382e+00 1.840620477717963555e-02
7.018531384110795912e+00 1.796894900083320298e-02
7.086804470306189430e+00 1.754155093772026899e-02
7.155741686081340980e+00 1.712369810333664102e-02
7.225349491787214085e+00 1.671516173480750572e-02
7.295634410618154320e+00 1.631578209541710220e-02
7.366603029223159460e+00 1.592538834296360409e-02
7.438261998323163482e+00 1.554365433371512895e-02
7.510618033334286459e+00 1.517058113432058486e-02
7.583677914997190683e+00 1.480588884646782608e-02
7.657448490012479958e+00 1.444548087883002797e-02
7.731936671682362316e+00 1.410095131125880738e-02
7.807149440558499798e+00 1.376020534263178337e-02
7.883093845096216690e+00 1.342755849120671162e-02
7.959777002314985417e+00 1.310231541702649299e-02
8.037206098465421888e+00 1.278443937694249619e-02
8.115388389702712146e+00 1.247375631617919298e-02
8.194331202766655053e+00 1.217046883178437081e-02
8.274041935668218883e+00 1.187348334066745149e-02
8.354528058382872047e+00 1.158363611117047172e-02
8.435797113550611570e+00 1.130012279263305393e-02
8.517856717182803905e+00 1.102373981870728194e-02
8.600714559375941093e+00 1.075319586415014392e-02
8.684378405032257220e+00 1.048897692570000852e-02
8.768856094587436090e+00 1.022902626209762182e-02
8.854155544745349715e+00 9.979116897688660934e-03
8.940284749219998162e+00 9.732449755380416859e-03
9.027251779484577909e+00 9.491843479790991467e-03
9.115064785527916769e+00 9.256872135227056306e-03
9.203731996618220279e+00 9.027156961810015035e-03
9.293261722074316111e+00 8.802891506897128626e-03
9.383662352044273902e+00 8.583855670746735542e-03
9.474942358291729150e+00 8.369884685329863350e-03
9.567110294989774388e+00 8.160960609057734891e-03
9.660174799522645017e+00 7.956881990472850288e-03
9.754144593295098531e+00 7.757598665893320616e-03
9.849028482549766039e+00 7.562982796760080867e-03
9.944835359192397917e+00 7.372880954937599540e-03
1.004157420162519543e+01 7.187358893851987680e-03
1.013925407558815373e+01 7.006167631634530914e-03
1.023788413500867378e+01 6.829218611691413414e-03
1.033747362285940774e+01 6.656454419532043670e-03
1.043803187202444072e+01 6.487806741328467838e-03
1.053956830617394580e+01 6.323028748771956399e-03
1.064209244064724658e+01 6.162394650324156363e-03
1.074561388334458023e+01 6.005358450934452676e-03
1.085014233562746178e+01 5.852207950892209486e-03
1.095568759322787855e+01 5.702585437086187155e-03
1.106225954716621906e+01 5.556766913119676535e-03
1.116986818467823817e+01 5.414137587950205305e-03
1.127852359015096795e+01 5.275169784389932906e-03
1.138823594606782130e+01 5.139467563437601257e-03
1.149901553396274245e+01 5.006995709542193425e-03
1.161087273538378994e+01 4.877721444131246330e-03
1.172381803286598512e+01 4.751553534311046302e-03
1.183786201091373513e+01 4.628440262120874643e-03
1.195301535699265827e+01 4.508306156036494608e-03
1.206928886253119870e+01 4.391079241617722347e-03
1.218669342393191712e+01 4.276697274645326757e-03
1.230524004359261525e+01 4.165098993636097771e-03
1.242493983093746479e+01 4.056192623203717061e-03
1.254580400345803248e+01 3.949940787630967266e-03
1.266784388776455827e+01 3.846376532239875311e-03
1.279107092064739781e+01 3.745292813940359448e-03
1.291549665014884063e+01 3.646642801796536569e-03
1.304113273664525430e+01 3.550409897452244494e-03
1.316799095393986185e+01 3.456578096464128433e-03
1.329608319036608854e+01 3.365040045261539874e-03
1.342542144990170527e+01 3.275774556990380428e-03
1.355601785329368880e+01 3.188883754810594665e-03
1.368788463919415221e+01 3.103783428512252741e-03
1.382103416530724438e+01 3.020665097363312793e-03
1.395547890954729020e+01 2.940237329379348941e-03
1.409123147120805619e+01 2.861483783104180629e-03
1.422830457214353395e+01 2.784709074177968684e-03
1.436671105796013137e+01 2.709845942445237091e-03
1.450646389922046886e+01 2.636852066341259602e-03
1.464757619265895272e+01 2.565649758883090190e-03
1.479006116240903168e+01 2.496303382432864953e-03
1.493393216124253264e+01 2.428617994854088968e-03
1.507920267182097263e+01 2.362730606092363749e-03
1.522588630795911513e+01 2.298453767996947936e-03
1.537399681590069456e+01 2.235810149587546310e-03
1.552354807560667105e+01 2.174739748454784447e-03
1.567455410205595001e+01 2.115224318499993924e-03
1.582702904655883280e+01 2.057214680399900401e-03
1.598098719808309376e+01 2.000681212690489600e-03
1.613644298459311699e+01 1.945648329504999149e-03
1.629341097440194730e+01 1.891896733232180166e-03
1.645190587753662470e+01 1.839592454170746721e-03
1.661194254711659113e+01 1.788198020130216895e-03
1.677353598074571295e+01 1.738960926317352365e-03
1.693670132191772026e+01 1.690572254399049781e-03
1.710145386143542012e+01 1.643417449054827058e-03
1.726780903884355922e+01 1.597510840739542991e-03
1.743578244387577669e+01 1.552778436455341804e-03
1.760538981791556523e+01 1.509190750257007226e-03
1.777664705547142532e+01 1.466745074146173344e-03
1.794957020566648254e+01 1.425402915394353509e-03
1.812417547374237614e+01 1.385142163589795803e-03
1.830047922257800863e+01 1.345916451694202610e-03
1.847849797422290763e+01 1.307727017321802477e-03
1.865824841144566193e+01 1.270532257767143999e-03
1.883974737929719367e+01 1.234328757935663047e-03
1.902301188668945642e+01 1.199062584088336162e-03
1.920805910798935301e+01 1.164718892857658167e-03
1.939490638462828542e+01 1.131295918652678494e-03
1.958357122672716955e+01 1.098762667364839695e-03
1.977407131473744428e+01 1.067077028587131403e-03
1.996642450109793288e+01 1.036244462067222993e-03
2.016064881190793656e+01 1.006224489576906583e-03
2.035676244861640072e+01 9.770007958074787297e-04
2.055478378972772546e+01 9.485695124205361425e-04
2.075473139252405730e+01 9.208964996400489933e-04
2.095662399480432825e+01 8.939621571471173577e-04
2.116048051664034446e+01 8.677536971307918661e-04
2.136632006214970403e+01 8.422592470084860807e-04
2.157416192128621546e+01 8.174400688907304752e-04
2.178402557164756459e+01 7.932920887810720328e-04
2.199593068030074861e+01 7.698024039986512508e-04
2.220989710562497521e+01 7.469534597855247192e-04
2.242594489917278011e+01 7.247242902063972658e-04
2.264409430754907504e+01 7.031029650359678492e-04
2.286436577430861306e+01 6.820546081379896992e-04
2.308677994187169702e+01 6.616123248943371355e-04
2.331135765345874944e+01 6.417168887192532117e-04
2.353811995504354471e+01 6.223813369629113256e-04
2.376708809732560823e+01 6.035613327315650280e-04
2.399828353772154799e+01 5.852695558133378696e-04
2.423172794237600769e+01 5.674892145800975200e-04
2.446744318819203201e+01 5.501976682326291607e-04
2.470545136488123816e+01 5.333863777503253288e-04
2.494577477703398571e+01 5.170469642974467525e-04
2.518843594620949489e+01 5.011601603843432364e-04
2.543345761304651020e+01 4.857238368664246533e-04
2.568086273939435316e+01 4.707049809292164467e-04
2.593067451046487548e+01 4.561332933027786082e-04
2.618291633700505372e+01 4.419591606160140477e-04
2.643761185749101372e+01 4.281937801910022418e-04
2.669478494034320804e+01 4.148130705788717816e-04
2.695445968616333587e+01 4.018148125598223911e-04
2.721666042999271795e+01 3.891845821904434707e-04
2.748141174359293259e+01 3.769158111234501636e-04
2.774873843774846804e+01 3.649996596167013945e-04
2.801866556459195223e+01 3.534255526233954885e-04
2.829121841995168651e+01 3.421816938062894340e-04
2.856642254572233952e+01 3.312645940516084197e-04
2.884430373225852051e+01 3.206638072066992176e-04
2.912488802079168337e+01 3.103670906150578614e-04
2.940820170587063842e+01 3.003749633874993404e-04
2.969427133782552986e+01 2.906715579624273961e-04
2.998312372525609959e+01 2.812498633633348888e-04
3.027478593754393543e+01 2.721084034449355177e-04
3.056928530738937155e+01 2.632297236945909313e-04
3.086664943337274636e+01 2.546229609998235848e-04
3.116690618254088463e+01 2.462613104458128343e-04
3.147008369301855879e+01 2.381494682867228479e-04
3.177621037664554038e+01 2.302788506852082768e-04
3.208531492163897525e+01 2.226423810481300343e-04
3.239742629528198847e+01 2.152344481184714677e-04
3.271257374663825601e+01 2.080472583196327425e-04
3.303078680929315425e+01 2.010808765821419080e-04
3.335209530412127066e+01 1.943200092702112496e-04
3.367652934208116022e+01 1.877644525208211213e-04
3.400411932703705986e+01 1.814084985568505972e-04
3.433489595860830690e+01 1.752438176099335623e-04
3.466889023504609213e+01 1.692674230501588055e-04
3.500613345613854221e+01 1.634746137610768610e-04
3.534665722614391115e+01 1.578609461623035990e-04
3.569049345675229290e+01 1.524103833960764284e-04
3.603767437007633134e+01 1.471418175618527369e-04
3.638823250167062184e+01 1.420218034743691107e-04
3.674220070358090595e+01 1.370792926014093222e-04
3.709961214742267543e+01 1.322802363641356485e-04
3.746050032748993175e+01 1.276338073494480538e-04
3.782489906389385936e+01 1.231168463385599898e-04
3.819284250573236505e+01 1.187693623032046365e-04
3.856436513429023449e+01 1.145461481970353292e-04
3.893950176627063087e+01 1.104592645270367302e-04
3.931828755705770106e+01 1.064970926884287167e-04
3.970075800401124155e+01 1.026646163464666129e-04
4.008694894979318946e+01 9.894987806513289583e-05
4.047689658572676308e+01 9.536239735591252309e-05
4.087063745518780422e+01 9.188732789073794064e-05
4.126820845702955864e+01 8.852337080636360706e-05
4.166964684904057492e+01 8.527021651828522281e-05
4.207499025143619065e+01 8.211581178777633237e-05
4.248427665038425260e+01 7.907522966481366725e-05
4.289754440156466586e+01 7.613096918318051941e-05
4.331483223376402947e+01 7.328142741281315519e-05
4.373617925250492533e+01 7.052495347995631648e-05
4.416162494371084790e+01 6.785680780065662932e-05
4.459120917740628443e+01 6.529135110464294055e-05
4.502497221145327444e+01 6.280212613958113376e-05
4.546295469532399380e+01 6.039908704611563839e-05
4.590519767391037220e+01 5.807552586920359242e-05
4.635174259137027519e+01 5.583029880627948262e-05
4.680263129501155817e+01 5.366136938537850628e-05
4.725790603921362276e+01 5.156723192724410913e-05
4.771760948938745628e+01 4.954304682243814182e-05
4.818178472597362827e+01 4.759369008749426560e-05
4.865047524847972937e+01 4.570997401473368747e-05
4.912372497955678341e+01 4.388467425072215119e-05
4.960157826911540724e+01 4.213217427585936442e-05
5.008407989848212338e+01 4.043271753140090848e-05
5.057127508459573306e+01 3.879608337862313749e-05
5.106320948424492911e+01 3.721989047336335816e-05
5.155992919834686461e+01 3.569630923263737233e-05
5.206148077626762216e+01 3.422977413160821616e-05
5.256791122018424289e+01 3.281671272363144112e-05
5.307926798948964375e+01 3.144745322756383583e-05
5.359559900524011766e+01 3.013256023501298162e-05
5.411695265464637572e+01 2.886714377320150448e-05
5.464337779560780461e+01 2.764427897494191750e-05
5.517492376129128928e+01 2.646728228005020104e-05
5.571164036475430237e+01 2.533487790930983587e-05
5.625357790361330501e+01 2.424349128153700542e-05
5.680078716475694733e+01 2.319150050179800480e-05
5.735331942910571712e+01 2.218426782358751581e-05
5.791122647641758192e+01 2.120710358445356420e-05
5.847456059014062646e+01 2.027275235487023219e-05
5.904337456231242243e+01 1.936727175167034671e-05
5.961772169850755887e+01 1.850228569579980510e-05
6.019765582283304184e+01 1.767471907649104671e-05
6.078323128297230227e+01 1.687396752617212459e-05
6.137450295527852973e+01 1.610580454911522899e-05
6.197152624991698389e+01 1.536539308415545870e-05
6.257435711605789663e+01 1.465521493518622566e-05
6.318305204711957401e+01 1.397258927603945259e-05
6.379766808606282069e+01 1.331798489500275218e-05
6.441826283073628190e+01 1.268903053486806392e-05
6.504489443927437264e+01 1.208625039073680309e-05
6.567762163554736787e+01 1.150759472099186124e-05
6.631650371466487570e+01 1.095338786196775455e-05
6.696160054853221766e+01 1.042045811846085064e-05
6.761297259146149941e+01 9.909828025520646470e-06
6.827068088583682481e+01 9.419756546639208042e-06
6.893478706783510290e+01 8.950560100406434371e-06
6.960535337320180815e+01 8.502063968269359058e-06
7.028244264308352740e+01 8.071424761491893904e-06
7.096611832991698066e+01 7.659675062548762230e-06
7.165644450337531168e+01 7.267647724513762323e-06
7.235348585637258623e+01 6.889632205140529440e-06
7.305730771112592947e+01 6.529762572827384224e-06
7.376797602527737752e+01 6.188722847823206873e-06
7.448555739807494547e+01 5.858729594557561035e-06
7.521011907661404905e+01 5.544229360257307424e-06
7.594172896213913759e+01 5.243389287621308253e-06
7.668045561640717267e+01 4.956804756127159567e-06
7.742636826811269657e+01 4.683591839672612849e-06
7.817953681937576960e+01 4.423023814126283329e-06
7.894003185229233566e+01 4.174746398811709967e-06
7.970792463554894880e+01 3.938168564232418791e-06
8.048328713110151966e+01 3.712747919834783492e-06
8.126619200091946027e+01 3.498335088380405719e-06
8.205671261379453085e+01 3.293758420794373399e-06
8.285492305221690401e+01 3.099151672123338940e-06
8.366089811931756515e+01 2.914487845568581518e-06
8.447471334587828551e+01 2.738822244340049579e-06
8.529644499741024788e+01 2.570761751803357677e-06
8.612617008130067120e+01 2.413466010754172729e-06
8.696396635402970787e+01 2.263224639353453620e-06
8.780991232845718741e+01 2.120567072940484884e-06
8.866408728118061333e+01 1.985441595729561215e-06
8.952657125996400111e+01 1.857471228065116111e-06
9.039744509123974581e+01 1.736160071455682440e-06
9.127679038768296493e+01 1.621490682823613262e-06
9.216468955586012157e+01 1.513131302706898978e-06
9.306122580395103228e+01 1.410577284342005504e-06
9.396648314954700254e+01 1.313859264839210456e-06
9.488054642752423717e+01 1.222931547887199838e-06
9.580350129799435877e+01 1.136676701546424483e-06
9.673543425433136633e+01 1.055659697998628052e-06
9.767643263127766318e+01 9.792432665779859692e-07
9.862658461312820180e+01 9.074741643337991438e-07
9.958597924199507645e+01 8.399813978082308644e-07
1.005547064261513555e+02 7.763422450098677417e-07
1.015328569484565975e+02 7.168707933585699090e-07
1.025205224748657002e+02 6.612124763824272872e-07
1.035177955630176285e+02 6.090409792411781368e-07
1.045247696709102172e+02 5.601285495129605631e-07
1.055415391656582784e+02 5.144411639982271931e-07
1.065681993323370733e+02 4.718116808450882063e-07
1.076048463829117878e+02 4.320841075462291120e-07
1.086515774652539505e+02 3.949833188115088348e-07
1.097084906722451905e+02 3.605549777192239713e-07
1.107756850509708642e+02 3.284731107799023912e-07
1.118532606120007102e+02 2.987300408106271685e-07
1.129413183387621018e+02 2.711780908807168836e-07
1.140399601970033103e+02 2.456745941044752052e-07
1.151492891443491402e+02 2.221178821966082051e-07
1.162694091399494027e+02 2.003696693970257868e-07
1.174004251542213098e+02 1.803541615313743171e-07
1.185424431786863977e+02 1.619385632364015302e-07
1.196955702359042846e+02 1.441389771788399032e-07
1.208599143895007444e+02 1.287615305922168635e-07
1.220355847542956980e+02 1.147025340755142530e-07
1.232226915065284345e+02 1.016204698110524567e-07
1.244213458941827213e+02 8.998206845979149323e-08
1.256316602474121424e+02 7.941150221793109866e-08
1.268537479890670454e+02 6.959070874664602073e-08
1.280877236453237629e+02 6.097376252821380652e-08
1.293337028564169486e+02 5.294932502322968094e-08
1.305918023874777987e+02 4.601579545344622143e-08
1.318621401394748602e+02 3.980777312925835134e-08
1.331448351602640230e+02 3.403771226984997745e-08
1.344400076557447221e+02 2.914769523966785271e-08
1.357477790011246839e+02 2.482194692514297211e-08
1.370682717522946348e+02 2.100985836394177970e-08
1.384016096573132870e+02 1.766394608796412462e-08
1.397479176680040780e+02 1.473957448438265797e-08
1.411073219516657957e+02 1.220195741773212057e-08
1.424799499028946457e+02 1.001096320070754312e-08
1.438659301555238414e+02 8.132050192028605108e-09
1.452653925946781328e+02 6.530736722706678893e-09
1.466784683689457722e+02 5.178542914125751203e-09
1.481052899026690000e+02 4.044358911065583769e-09
1.495459909083537866e+02 3.102760349599097252e-09
1.510007063992007659e+02 2.328028327003846024e-09
1.524695727017573006e+02 1.696759377051378398e-09
1.539527274686944622e+02 1.186795994636206092e-09
1.554503096917050300e+02 7.754060036764265458e-10
1.569624597145302403e+02 4.346283168854620651e-10
1.584893192461114211e+02 0.000000000000000000e+00
