1.000000000000000021e-02 1.333804329851213444e+00
1.009727545900835841e-02 1.333799171015994656e+00
1.019549716950923779e-02 1.333793964072055527e+00
1.029467433620748044e-02 1.333788795861378773e+00
1.039481625334708927e-02 1.333783397757860589e+00
1.049593230558227772e-02 1.333778728096783217e+00
1.059803196885688789e-02 1.333772223698837411e+00
1.070112481129246833e-02 1.333766465272139046e+00
1.080522049408488318e-02 1.333760805353199297e+00
1.091032877240974419e-02 1.333754966659031815e+00
1.101645949633656314e-02 1.333748984702520568e+00
1.112362261175187626e-02 1.333742854967865599e+00
1.123182816129126085e-02 1.333736593088856726e+00
1.134108628528052165e-02 1.333730255328588576e+00
1.145140722268592030e-02 1.333723909246068429e+00
1.156280131207376022e-02 1.333717234446785582e+00
1.167527899257919492e-02 1.333710416148100375e+00
1.178885080488457221e-02 1.333703454028283275e+00
1.190352739220719262e-02 1.333695631185099151e+00
1.201931950129673729e-02 1.333688292213296878e+00
1.213623798344241195e-02 1.333681675297518687e+00
1.225429379548980714e-02 1.333673859204774770e+00
1.237349800086776086e-02 1.333666008227195166e+00
1.249386177062509519e-02 1.333657317109565366e+00
1.261539638447754796e-02 1.333649775980764618e+00
1.273811323186478488e-02 1.333641852402142502e+00
1.286202381301779218e-02 1.333633421631935656e+00
1.298713974003655978e-02 1.333624129388507384e+00
1.311347273797833224e-02 1.333615393151005302e+00
1.324103464595636874e-02 1.333606532525892563e+00
1.336983741824946531e-02 1.333597483853812937e+00
1.349989312542219239e-02 1.333588308703048009e+00
1.363121395545611320e-02 1.333578777867511445e+00
1.376381221489191876e-02 1.333569079730349660e+00
1.389770032998276401e-02 1.333559393626337242e+00
1.403289084785873213e-02 1.333549424216678103e+00
1.416939643770268736e-02 1.333539373334531764e+00
1.430722989193757184e-02 1.333529008154469508e+00
1.444640412742520530e-02 1.333518416936329443e+00
1.458693218667675602e-02 1.333506781832279664e+00
1.472882723907502529e-02 1.333495646694642156e+00
1.487210258210860774e-02 1.333484315157325240e+00
1.501677164261799868e-02 1.333472950375108379e+00
1.516284797805393485e-02 1.333460502511165213e+00
1.531034527774784160e-02 1.333449282166490057e+00
1.545927736419477720e-02 1.333437571095647645e+00
1.560965819434872483e-02 1.333425329003651516e+00
1.576150186093060873e-02 1.333411945544792365e+00
1.591482259374891323e-02 1.333399052605364510e+00
1.606963476103326349e-02 1.333386101142059132e+00
1.622595287078087284e-02 1.333372920975211873e+00
1.638379157211618947e-02 1.333359637326977820e+00
1.654316565666366645e-02 1.333346260635862368e+00
1.670409005993399310e-02 1.333333187547890430e+00
1.686657986272368723e-02 1.333317412254315215e+00
1.703065029252844378e-02 1.333302698438092460e+00
1.719631672497009753e-02 1.333287620618108793e+00
1.736359468523754335e-02 1.333272231225836046e+00
1.753249984954170088e-02 1.333256959310838763e+00
1.770304804658450262e-02 1.333240996943109602e+00
1.787525525904235316e-02 1.333224143945821005e+00
1.804913762506383731e-02 1.333208129379937823e+00
1.822471143978214581e-02 1.333191866660468516e+00
1.840199315684210371e-02 1.333174747471113530e+00
1.858099938994215231e-02 1.333157260686013146e+00
1.876174691439120440e-02 1.333138943032608603e+00
1.894425266868081034e-02 1.333120789784449478e+00
1.912853375607242307e-02 1.333102209653542758e+00
1.931460744620030340e-02 1.333083332203886417e+00
1.950249117668984011e-02 1.333064124581469390e+00
1.969220255479172538e-02 1.333044445105121323e+00
1.988375935903200636e-02 1.333024381632765154e+00
2.007717954087816226e-02 1.333003314573859122e+00
2.027248122642137662e-02 1.332982502550863924e+00
2.046968271807520987e-02 1.332961424565290542e+00
2.066880249629082095e-02 1.332939638661713389e+00
2.086985922128879734e-02 1.332917468790884907e+00
2.107287173480786382e-02 1.332894788348049753e+00
2.127785906187062287e-02 1.332871809096598081e+00
2.148484041256648255e-02 1.332848218842984656e+00
2.169383518385184506e-02 1.332824217074219275e+00
2.190486296136792688e-02 1.332799733919499019e+00
2.211794352127614133e-02 1.332774848692360736e+00
2.233309683211144592e-02 1.332750353705109303e+00
2.255034305665360936e-02 1.332724498701722382e+00
2.276970255381680075e-02 1.332698057545850467e+00
2.299119588055741764e-02 1.332671178167338155e+00
2.321484379380064564e-02 1.332643670405566194e+00
2.344066725238556220e-02 1.332615346941089074e+00
2.366868741902936057e-02 1.332595513281523036e+00
2.389892566231050300e-02 1.332558026384913941e+00
2.413140355867127856e-02 1.332528344707622159e+00
2.436614289443983158e-02 1.332498077860412078e+00
2.460316566787181664e-02 1.332467150004296830e+00
2.484249409121190577e-02 1.332435891322980792e+00
2.508415059277539771e-02 1.332403914361483643e+00
2.532815781905008515e-02 1.332368289335625899e+00
2.557453863681850847e-02 1.332338302389416862e+00
2.582331613530085626e-02 1.332304227469195412e+00
2.607451362831877603e-02 1.332273140909758347e+00
2.632815465648021339e-02 1.332234190297595600e+00
2.658426298938541474e-02 1.332198301501118953e+00
2.684286262785454819e-02 1.332162794330954192e+00
2.710397780617682106e-02 1.332131426830905019e+00
2.736763299438163891e-02 1.332092649976367671e+00
2.763385290053169824e-02 1.332053013938719888e+00
2.790266247303856487e-02 1.332013679883517376e+00
2.817408690300057458e-02 1.331971765372577998e+00
2.844815162656363222e-02 1.331938530889173578e+00
2.872488232730495070e-02 1.331885013258870654e+00
2.900430493863991738e-02 1.331842319736869618e+00
2.928644564625237229e-02 1.331798978206354178e+00
2.957133089054861039e-02 1.331754511782008654e+00
2.985898736913520854e-02 1.331709334153633462e+00
3.014944203932094433e-02 1.331663196299597063e+00
3.044272212064302874e-02 1.331616143752346382e+00
3.073885509741795460e-02 1.331567255477391409e+00
3.103786872131722788e-02 1.331517923067236264e+00
3.133979101396793671e-02 1.331488299431459854e+00
3.164465026957891114e-02 1.331417538223515162e+00
3.195247505759213347e-02 1.331366399881417806e+00
3.226329422536015901e-02 1.331312797593285246e+00
3.257713690084949876e-02 1.331259023707792144e+00
3.289403249537032475e-02 1.331203357716375546e+00
3.321401070633261954e-02 1.331147137402479919e+00
3.353710152002930406e-02 1.331089879092418604e+00
3.386333521444636480e-02 1.331031450188713716e+00
3.419274236210027851e-02 1.330972364798052254e+00
3.452535383290306070e-02 1.330911517620198881e+00
3.486120079705520153e-02 1.330849434463379666e+00
3.520031472796678745e-02 1.330786310173624809e+00
3.554272740520694751e-02 1.330722823868482507e+00
3.588847091748199186e-02 1.330656897649178827e+00
3.623757766564258964e-02 1.330590318314393672e+00
3.659008036572020811e-02 1.330522761253621677e+00
3.694601205199302130e-02 1.330453625786579996e+00
3.730540608008161424e-02 1.330383014669143549e+00
3.766829613007490613e-02 1.330311027494420983e+00
3.803471620968648659e-02 1.330237643531040126e+00
3.840470065744145539e-02 1.330163133350205973e+00
3.877828414589457040e-02 1.330085934003969461e+00
3.915550168487941241e-02 1.330007966494894056e+00
3.953638862478930927e-02 1.329928776353775488e+00
3.992098065989020672e-02 1.329847673605053959e+00
4.030931383166566628e-02 1.329764864662656976e+00
4.070142453219438572e-02 1.329680041100657961e+00
4.109734950756069316e-02 1.329595040878883028e+00
4.149712586129815362e-02 1.329507886815387563e+00
4.190079105786669034e-02 1.329418388481061974e+00
4.230838292616342228e-02 1.329328273624978296e+00
4.271993966306778662e-02 1.329234908530355197e+00
4.313549983702118923e-02 1.329139789127013138e+00
4.355510239164130798e-02 1.329042309569563152e+00
4.397878664937160398e-02 1.328944787615983003e+00
4.440659231516640160e-02 1.328844260038821279e+00
4.483855948021186338e-02 1.328742786120062025e+00
4.527472862568297785e-02 1.328638735782952773e+00
4.571514062653719151e-02 1.328532840957728611e+00
4.615983675534499064e-02 1.328424966270827623e+00
4.660885868615767536e-02 1.328327543502662245e+00
4.706224849841281199e-02 1.328201565672298967e+00
4.752004868087766204e-02 1.328089740125448781e+00
4.798230213563085128e-02 1.327971557123543977e+00
4.844905218208294534e-02 1.327853388087006703e+00
4.892034256103611894e-02 1.327732624298044284e+00
4.939621743878321036e-02 1.327608800905268005e+00
4.987672141124663283e-02 1.327482613161746094e+00
5.036189950815770505e-02 1.327353717917267639e+00
5.085179719727656034e-02 1.327222491154330664e+00
5.134646038865306461e-02 1.327089284934188207e+00
5.184593543892913187e-02 1.326952351338734903e+00
5.235026915568305461e-02 1.326813693983380560e+00
5.285950880181603667e-02 1.326672579358026072e+00
5.337370209998133774e-02 1.326527261849890671e+00
5.389289723705643909e-02 1.326379665797342566e+00
5.441714286865893119e-02 1.326229720251937527e+00
5.494648812370611646e-02 1.326077178048768568e+00
5.548098260901916656e-02 1.325922038977167983e+00
5.602067641397187603e-02 1.325764092279277273e+00
5.656562011518465050e-02 1.325601727897157467e+00
5.711586478126431943e-02 1.325437355196372291e+00
5.767146197758996756e-02 1.325268774314930509e+00
5.823246377114527778e-02 1.325097695925077312e+00
5.879892273539785025e-02 1.324923260504353495e+00
5.937089195522609469e-02 1.324745853020313113e+00
5.994842503189409116e-02 1.324563690373993463e+00
6.053157608807464840e-02 1.324378452946323392e+00
6.112039977292132997e-02 1.324189327567077745e+00
6.171495126718981594e-02 1.323996485565210435e+00
6.231528628840921763e-02 1.323799983289981608e+00
6.292146109610344262e-02 1.323600422554550571e+00
6.353353249706343575e-02 1.323395631933884875e+00
6.415155785067082339e-02 1.323188037727205613e+00
6.477559507427335661e-02 1.322976230522154850e+00
6.540570264861225724e-02 1.322760073450241380e+00
6.604193962330305590e-02 1.322540375001036939e+00
6.668436562236895737e-02 1.322317977138353751e+00
6.733304084982863480e-02 1.322089226697180209e+00
6.798802609533814711e-02 1.321856764332781875e+00
6.864938273988777095e-02 1.321619366666214823e+00
6.931717276155408003e-02 1.321377361767349878e+00
6.999145874130821565e-02 1.321130829826157926e+00
7.067230386888070925e-02 1.320879603778590816e+00
7.135977194868306506e-02 1.320623985920366561e+00
7.205392740578704658e-02 1.320362491116548798e+00
7.275483529196229149e-02 1.320096083847599022e+00
7.346256129177256011e-02 1.319824264707815997e+00
7.417717172873124210e-02 1.319555256101194063e+00
7.489873357151664857e-02 1.319268311447675313e+00
7.562731444024800576e-02 1.318978688762485030e+00
7.636298261282241373e-02 1.318686106363827992e+00
7.710580703131336699e-02 1.318388443750238892e+00
7.785585730843146146e-02 1.318084166745237429e+00
7.861320373404813433e-02 1.317774204733394905e+00
7.937791728178281159e-02 1.317458672835609246e+00
8.015006961565404597e-02 1.317137455063149387e+00
8.092973309679550586e-02 1.316808574156583589e+00
8.171698079023696770e-02 1.316473855976242779e+00
8.251188647175167201e-02 1.316132560182378564e+00
8.331452463477014014e-02 1.315784645120205321e+00
8.412497049736118726e-02 1.315430808657730433e+00
8.494330000928071445e-02 1.315070892823510418e+00
8.576958985908941790e-02 1.314699535221832472e+00
8.660391748133952627e-02 1.314328891828969725e+00
8.744636106383144036e-02 1.313947031065773707e+00
8.829699955494091368e-02 1.313559494008740502e+00
8.915591267101763417e-02 1.313160676422319595e+00
9.002318090385581784e-02 1.312757028240000734e+00
9.089888552823731371e-02 1.312344790172427889e+00
9.178310860954806694e-02 1.311934638217584492e+00
9.267593301146882789e-02 1.311519912467809634e+00
9.357744240374062106e-02 1.311061434206119758e+00
9.448772127000577836e-02 1.310641279236008039e+00
9.540685491572513388e-02 1.310196067967756672e+00
9.633492947617222635e-02 1.309720385136676990e+00
9.727203192450542546e-02 1.309234664827052752e+00
9.821825007991856482e-02 1.308755065099496129e+00
9.917367261587073379e-02 1.308266174382437530e+00
1.001383890683960748e-01 1.307771780737665868e+00
1.011124898444945991e-01 1.307263303469490046e+00
1.020960662306047012e-01 1.306746541412820317e+00
1.030892104011576216e-01 1.306228483029038934e+00
1.040920154272158005e-01 1.305689468655268914e+00
1.051045752851944987e-01 1.305143950246028473e+00
1.061269848656690717e-01 1.304586116198342083e+00
1.071593399822671072e-01 1.304015375456820225e+00
1.082017373806478805e-01 1.303439112256155497e+00
1.092542747475682557e-01 1.302849369440988836e+00
1.103170507200377515e-01 1.302249675677794150e+00
1.113901648945616746e-01 1.301633597401384845e+00
1.124737178364751955e-01 1.301014924758056246e+00
1.135678110893671017e-01 1.300380717342700887e+00
1.146725471845963656e-01 1.299745763891099193e+00
1.157880296509002094e-01 1.299078062161694858e+00
1.169143630240966764e-01 1.298432815213407254e+00
1.180516528568804902e-01 1.297724478422899175e+00
1.192000057287153220e-01 1.297028538846966450e+00
1.203595292558212876e-01 1.296319550057356995e+00
1.215303321012602134e-01 1.295598845555779199e+00
1.227125239851190319e-01 1.294862252072668918e+00
1.239062156947916271e-01 1.294113321432408314e+00
1.251115190953615564e-01 1.293350455164033130e+00
1.263285471400849291e-01 1.292572648668192326e+00
1.275574138809759950e-01 1.291780089859456027e+00
1.287982344794950385e-01 1.290972577033828950e+00
1.300511252173409127e-01 1.290150114158878480e+00
1.313162035073478784e-01 1.289313539031467171e+00
1.325935879044890797e-01 1.288461111239250778e+00
1.338833981169864351e-01 1.287593249189912470e+00
1.351857550175293021e-01 1.286708467470240258e+00
1.365007806546013891e-01 1.285807889914850177e+00
1.378285982639189389e-01 1.284890649375026728e+00
1.391693322799789911e-01 1.283956322861191879e+00
1.405231083477211373e-01 1.283005565576540663e+00
1.418900533343016301e-01 1.282036314527615017e+00
1.432702953409830948e-01 1.281049971179317515e+00
1.446639637151387880e-01 1.280044091205017498e+00
1.460711890623745679e-01 1.279021956979416341e+00
1.474921032587684921e-01 1.277980188768519820e+00
1.489268394632288772e-01 1.276918863976234775e+00
1.503755321299738434e-01 1.275836177370676339e+00
1.518383170211306810e-01 1.274736857003327284e+00
1.533153312194593942e-01 1.273616679803498020e+00
1.548067131411984265e-01 1.272476650982625745e+00
1.563126025490369497e-01 1.271314491414728964e+00
1.578331405652117214e-01 1.270132865905666320e+00
1.593684696847328941e-01 1.268930322614134409e+00
1.609187337887370006e-01 1.267703434520688122e+00
1.624840781579713067e-01 1.266456259236277360e+00
1.640646494864078653e-01 1.265187453037702081e+00
1.656605958949914359e-01 1.263894164410780618e+00
1.672720669455196874e-01 1.262577635619625660e+00
1.688992136546599021e-01 1.261238152682339519e+00
1.705421885081006561e-01 1.259873917824374967e+00
1.722011454748421100e-01 1.258485112761487112e+00
1.738762400216251336e-01 1.257077031071469619e+00
1.755676291275001522e-01 1.255667421430219921e+00
1.772754712985387948e-01 1.254171502543586669e+00
1.789999265826875408e-01 1.252702576895996067e+00
1.807411565847668600e-01 1.251166616742107607e+00
1.824993244816152382e-01 1.249624828579462665e+00
1.842745950373816666e-01 1.248056914994283062e+00
1.860671346189656239e-01 1.246457917751563116e+00
1.878771112116086051e-01 1.244831062792757903e+00
1.897046944346358344e-01 1.243177148279308808e+00
1.915500555573527997e-01 1.241494226680848856e+00
1.934133675150944698e-01 1.239782831254539808e+00
1.952948049254327745e-01 1.238040664150765302e+00
1.971945441045395986e-01 1.236263079721112046e+00
1.991127630837108697e-01 1.234466772081947994e+00
2.010496416260497965e-01 1.232650822893247122e+00
2.030053612433137811e-01 1.230767429974747973e+00
2.049801052129238688e-01 1.228868331893824051e+00
2.069740585951406198e-01 1.226938199495712034e+00
2.089874082504071251e-01 1.224975554567545144e+00
2.110203428568595552e-01 1.222980135368195054e+00
2.130730529280097374e-01 1.220947243593855758e+00
2.151457308305980698e-01 1.218881714892296797e+00
2.172385708026215445e-01 1.216784189225440960e+00
2.193517689715359098e-01 1.214648108911764002e+00
2.214855233726360506e-01 1.212476229707600162e+00
2.236400339676138660e-01 1.210268349269499888e+00
2.258155026632983065e-01 1.208023777342800864e+00
2.280121333305757114e-01 1.205760857879198289e+00
2.302301318234963867e-01 1.203422905115416164e+00
2.324697059985647851e-01 1.201063474709338497e+00
2.347310657342196183e-01 1.198666311712046184e+00
2.370144229505012079e-01 1.196229847377062283e+00
2.393199916289123208e-01 1.193753573396719503e+00
2.416479878324700736e-01 1.191235718518908859e+00
2.439986297259550130e-01 1.188677692505589301e+00
2.463721375963552895e-01 1.186078220049068488e+00
2.487687338735107279e-01 1.183438668944936989e+00
2.511886431509580686e-01 1.180753942513638188e+00
2.536320922069775774e-01 1.178025903892049753e+00
2.560993100258459609e-01 1.175256143662918529e+00
2.585905278192945911e-01 1.172441316713811688e+00
2.611059790481781162e-01 1.169581993172119638e+00
2.636458994443517945e-01 1.166678450970765279e+00
2.662105270327638773e-01 1.163729620434453382e+00
2.688001021537606006e-01 1.160742154922530078e+00
2.714148674856106669e-01 1.157687181070170324e+00
2.740550680672460548e-01 1.154602610278191444e+00
2.767209513212268712e-01 1.151465452867596939e+00
2.794127670769268601e-01 1.148279191584039571e+00
2.821307675939472293e-01 1.145045610376360656e+00
2.848752075857552413e-01 1.141763716991823552e+00
2.876463442435557849e-01 1.138431763332109936e+00
2.904444372603925406e-01 1.135049398238515472e+00
2.932697488554852905e-01 1.131616931355083677e+00
2.961225437988035947e-01 1.128132986523848080e+00
2.990030894358785551e-01 1.124596642561801030e+00
3.019116557128577738e-01 1.121010526990809053e+00
3.048485152018017286e-01 1.117372280938435880e+00
3.078139431262288950e-01 1.113677729028058394e+00
3.108082173869063936e-01 1.109935512612642450e+00
3.138316185878944342e-01 1.106134588728442614e+00
3.168844300628416155e-01 1.102280324281426527e+00
3.199669379015380732e-01 1.098374184301825540e+00
3.230794309767249795e-01 1.094406957867763763e+00
3.262222009711669979e-01 1.090392861800040025e+00
3.293955424049855307e-01 1.086319608277006799e+00
3.325997526632606949e-01 1.082188621581153143e+00
3.358351320238990301e-01 1.078003727275259838e+00
3.391019836857747105e-01 1.073761948627019569e+00
3.424006137971423724e-01 1.069460843333283506e+00
3.457313314843284413e-01 1.065102629818360347e+00
3.490944488806992929e-01 1.060689527113692243e+00
3.524902811559130766e-01 1.056216063201374400e+00
3.559191465454557002e-01 1.051713989349462253e+00
3.593813663804627523e-01 1.047095162439610316e+00
3.628772651178337472e-01 1.042446833444339971e+00
3.664071703706370808e-01 1.037740054813853563e+00
3.699714129388128048e-01 1.032973673114219615e+00
3.735703268401719401e-01 1.028148759650936661e+00
3.772042493416999376e-01 1.023264045138111422e+00
3.808735209911614517e-01 1.018317724840700933e+00
3.845784856490158665e-01 1.013332858278286785e+00
3.883194905206404091e-01 1.008248896707887532e+00
3.920968861888690649e-01 1.003126268533110821e+00
3.959110266468458539e-01 9.979414841640495970e-01
3.997622693312000708e-01 9.926976120171866480e-01
4.036509751555413805e-01 9.873927122955906688e-01
4.075775085442840395e-01 9.820305627857274233e-01
4.115422374667966343e-01 9.766077783542297386e-01
4.155455334718875515e-01 9.711219386833928047e-01
4.195877717226225712e-01 9.655804884399799004e-01
4.236693310314835759e-01 9.599792376943696581e-01
4.277905938958687093e-01 9.543149333793620182e-01
4.319519465339363706e-01 9.485933398705352904e-01
4.361537789208005944e-01 9.428138100110378117e-01
4.403964848250754294e-01 9.369733742370353058e-01
4.446804618457780300e-01 9.310772014109041095e-01
4.490061114495874639e-01 9.251209834489366735e-01
4.533738390084691150e-01 9.191096060630925546e-01
4.577840538376618529e-01 9.130381544583008324e-01
4.622371692340384031e-01 9.069104000047993885e-01
4.667336025148346446e-01 9.007252617097560865e-01
4.712737750567601580e-01 8.944872896489212133e-01
4.758581123354846953e-01 8.881908348875888759e-01
4.804870439655131720e-01 8.818409872406469674e-01
4.851610037404442966e-01 8.754352782852875547e-01
4.898804296736250508e-01 8.689771963699095547e-01
4.946457640391963562e-01 8.624668114008429143e-01
4.994574534135413635e-01 8.559007047979116933e-01
5.043159487171361421e-01 8.492854088707640914e-01
5.092217052568053237e-01 8.426195967572673862e-01
5.141751827683928022e-01 8.359049183915511216e-01
5.191768454598426619e-01 8.291374881082553827e-01
5.242271620547044320e-01 8.223253118910415216e-01
5.293266058360561743e-01 8.154629952918540647e-01
5.344756546908600026e-01 8.085555535357683565e-01
5.396747911547442600e-01 8.016025052203350487e-01
5.449245024572260121e-01 7.946057047313055399e-01
5.502252805673685243e-01 7.875591508245612937e-01
5.555776222398878250e-01 7.804825379738733471e-01
5.609820290617031358e-01 7.733563569677179839e-01
5.664390074989449353e-01 7.661943870547220925e-01
5.719490689444144405e-01 7.589932067113558389e-01
5.775127297655114900e-01 7.517236639318221059e-01
5.831305113526221717e-01 7.444761416600881310e-01
5.888029401679826247e-01 7.371477157785175649e-01
5.945305477950136863e-01 7.298221919337949393e-01
6.003138709881384871e-01 7.224465826661692347e-01
6.061534517230839914e-01 7.150402066010821400e-01
6.120498372476699256e-01 7.076042430086998403e-01
6.180035801330957534e-01 7.001410650192075869e-01
6.240152383257209223e-01 6.926549201326149818e-01
6.300853751993553686e-01 6.851395155818164051e-01
6.362145596080520660e-01 6.776032302155252651e-01
6.424033659394193796e-01 6.700381695497541479e-01
6.486523741684461219e-01 6.624686971881013076e-01
6.549621699118558515e-01 6.548737249643098446e-01
6.613333444829840868e-01 6.472627368499581646e-01
6.677664949471955325e-01 6.396362757222079365e-01
6.742622241778342129e-01 6.319969534391688404e-01
6.808211409127237213e-01 6.243365376252268950e-01
6.874438598112112553e-01 6.166904524041361135e-01
6.941310015117725385e-01 6.090183271687751310e-01
7.008831926901714082e-01 6.013518067110090737e-01
7.077010661181889484e-01 5.936763409644999490e-01
7.145852607229240538e-01 5.859999713326421444e-01
7.215364216466665370e-01 5.783235394827639375e-01
7.285552003073593186e-01 5.706472638495320160e-01
7.356422544596413760e-01 5.629760281728793947e-01
7.427982482564918776e-01 5.553114979379116800e-01
7.500238523114668432e-01 5.476529578449497171e-01
7.573197437615483141e-01 5.399787542636628190e-01
7.646866063305975958e-01 5.323661205245555639e-01
7.721251303934327792e-01 5.247430810648314736e-01
7.796360130405233235e-01 5.171020278032512074e-01
7.872199581433195759e-01 5.095427490200954423e-01
7.948776764202123424e-01 5.019733759533171469e-01
8.026098855031396084e-01 4.944209796769508114e-01
8.104173100048355227e-01 4.868933971594274213e-01
8.183006815867394090e-01 4.793506802517886189e-01
8.262607390275591435e-01 4.719057845477553914e-01
8.342982282925082149e-01 4.644619388091569268e-01
8.424139026032094746e-01 4.570494777449263246e-01
8.506085225082840040e-01 4.496646647630909155e-01
8.588828559546254349e-01 4.422999038916605730e-01
8.672376783593644944e-01 4.349993269720155986e-01
8.756737726825394308e-01 4.276928652045361989e-01
8.841919295004664336e-01 4.204846914130664359e-01
8.927929470798307010e-01 4.132885492552673123e-01
9.014776314524917122e-01 4.061356955704373828e-01
9.102467964910225806e-01 3.990271919965406311e-01
9.191012639849772681e-01 3.919160980389751470e-01
9.280418637179072006e-01 3.849441600699477495e-01
9.370694335451198453e-01 3.779922425176696632e-01
9.461848194722002336e-01 3.710726468609975015e-01
9.553888757342895444e-01 3.642097258838710161e-01
9.646824648761427312e-01 3.574031443525599872e-01
9.740664578329562007e-01 3.506513571696487919e-01
9.835417340119908536e-01 3.439580751352913079e-01
9.931091813749796104e-01 3.373207087459607623e-01
1.002769696521346621e+00 3.307441109634721155e-01
1.012524184772224167e+00 3.242278967926833788e-01
1.022373560255302127e+00 3.177728347005579490e-01
1.032318745990486564e+00 3.113771040311266725e-01
1.042360673976402197e+00 3.050500944792270408e-01
1.052500285277732761e+00 2.987113702798186998e-01
1.062738530113414459e+00 2.926062971742337537e-01
1.073076367945679621e+00 2.864792919766956936e-01
1.083514767569973225e+00 2.804227703556429474e-01
1.094054707205742494e+00 2.744359336921627368e-01
1.104697174588111785e+00 2.685179209108859988e-01
1.115443167060441221e+00 2.626691156985436204e-01
1.126293691667795249e+00 2.568997373930029804e-01
1.137249765251314271e+00 2.511956637206079757e-01
1.148312414543511073e+00 2.455713030830580790e-01
1.159482676264482759e+00 2.400191928905568983e-01
1.170761597219069250e+00 2.345352307811372217e-01
1.182150234394952371e+00 2.291341603953001571e-01
1.193649655061713055e+00 2.238083848211159244e-01
1.205260936870842681e+00 2.185563587452711842e-01
1.216985167956738056e+00 2.133762683447558983e-01
1.228823447038673411e+00 2.082887585068947389e-01
1.240776883523764251e+00 2.032511866476326146e-01
1.252846597610937529e+00 1.983016282970042621e-01
1.265033720395903893e+00 1.934500013217519132e-01
1.277339393977160009e+00 1.886538082191258348e-01
1.289764771563017165e+00 1.839640247187833699e-01
1.302311017579677488e+00 1.792748483055988662e-01
1.314979307780347773e+00 1.747600894356025614e-01
1.327770829355430449e+00 1.702915980451855382e-01
1.340686781043774811e+00 1.658765890981842295e-01
1.353728373245021821e+00 1.615495126633549883e-01
1.366896828133026487e+00 1.572641284885409607e-01
1.380193379770397355e+00 1.531406973032130581e-01
1.393619274224142002e+00 1.490479837202990376e-01
1.407175769682446731e+00 1.450267054533158906e-01
1.420864136572576708e+00 1.410919662315892609e-01
1.434685657679937831e+00 1.372278187991275711e-01
1.448641628268290127e+00 1.334387553625193124e-01
1.462733356201129986e+00 1.297255158626937077e-01
1.476962162064259898e+00 1.260834332385393775e-01
1.491329379289537682e+00 1.225198940280393528e-01
1.505836354279841416e+00 1.190247686740142502e-01
1.520484446535244283e+00 1.156091570234184240e-01
1.535275028780422657e+00 1.122603974828580292e-01
1.550209487093291205e+00 1.089844985711585501e-01
1.565289221034902312e+00 1.057799333546059345e-01
1.580515643780601165e+00 1.026343980465546923e-01
1.595890182252465817e+00 9.958169092672147782e-02
1.611414277253019778e+00 9.658383488386300397e-02
1.627089383600260675e+00 9.365558905277088231e-02
1.642916970263993193e+00 9.079470159886877945e-02
1.658898520503498064e+00 8.799858669102886277e-02
1.675035532006524441e+00 8.526882839164877381e-02
1.691329517029648732e+00 8.260737207043059027e-02
1.707782002539993016e+00 8.000742165748296608e-02
1.724394530358320354e+00 7.747074345691906672e-02
1.741168657303530987e+00 7.499612023684192053e-02
1.758105955338547632e+00 7.258010231376256505e-02
1.775208011717636092e+00 7.023050628792537609e-02
1.792476429135148930e+00 6.793755560396469440e-02
1.809912825875727105e+00 6.570340480044140063e-02
1.827518835965944666e+00 6.352675316178250930e-02
1.845296109327445366e+00 6.140745751062757357e-02
1.863246311931559873e+00 5.934297127267475908e-02
1.881371125955437096e+00 5.733461466652417515e-02
1.899672249939675650e+00 5.538327439588402318e-02
1.918151398947507635e+00 5.347839023853580287e-02
1.936810304725519849e+00 5.162894325051992084e-02
1.955650715865949074e+00 4.983091818919375277e-02
1.974674397970537454e+00 4.808263621583417496e-02
1.993883133816001019e+00 4.638500788047800888e-02
2.013278723521096492e+00 4.473402617223064259e-02
2.032862984715323673e+00 4.313033949642307296e-02
2.052637752709252084e+00 4.157404764383319795e-02
2.072604880666519822e+00 4.006015276171900202e-02
2.092766239777499759e+00 3.859654710790050292e-02
2.113123719434652603e+00 3.717224055751802009e-02
2.133679227409597701e+00 3.579620324345202803e-02
2.154434690031884259e+00 3.445340023585544142e-02
2.175392052369522489e+00 3.315852012822776557e-02
2.196553278411258248e+00 3.189863106182218300e-02
2.217920351250634692e+00 3.068381704110559327e-02
2.239495273271823184e+00 2.950288585766933785e-02
2.261280066337279404e+00 2.836064914937854939e-02
2.283276771977218012e+00 2.725377067539177037e-02
2.305487451580938707e+00 2.618205937875031294e-02
2.327914186589993051e+00 2.514788946645113085e-02
2.350559078693253756e+00 2.414366670323241787e-02
2.373424250023866033e+00 2.317567476997308903e-02
2.396511843358130278e+00 2.223934262803855394e-02
2.419824022316292567e+00 2.133156533559912860e-02
2.443362971565319341e+00 2.045624138670691997e-02
2.467130897023623426e+00 1.961155498420217441e-02
2.491130026067788439e+00 1.879468446956397004e-02
2.515362607741312928e+00 1.800657509801870115e-02
2.539830912965362675e+00 1.724592491103572531e-02
2.564537234751594674e+00 1.651201886892275997e-02
2.589483888417040802e+00 1.580412603154859527e-02
2.614673211801092023e+00 1.512138125063449204e-02
2.640107565484572927e+00 1.446328419655296647e-02
2.665789333010967876e+00 1.382913977144339251e-02
2.691720921109787668e+00 1.321943396676406556e-02
2.717904759922122881e+00 1.262962176872172750e-02
2.744343303228365283e+00 1.206321843202321810e-02
2.771039028678170535e+00 1.151792771752430632e-02
2.797994438022641805e+00 1.099322724843173650e-02
2.825212057348790218e+00 1.048840973572645434e-02
2.852694437316245057e+00 1.000297211632301779e-02
2.880444153396297668e+00 9.536405732265768390e-03
2.908463806113254169e+00 9.088035823277522060e-03
2.936756021288137397e+00 8.657173295377785377e-03
2.965323450284773621e+00 8.243772864125246957e-03
2.994168770258243573e+00 7.846293938707817051e-03
3.023294684405779531e+00 7.465108415903197979e-03
3.052703922220086241e+00 7.099503351173165264e-03
3.082399239745143404e+00 6.748826144606483342e-03
3.112383419834465759e+00 6.412518093250592008e-03
3.142659272411905569e+00 6.090389021669690220e-03
3.173229634734976212e+00 5.781785181606249359e-03
3.204097371660752813e+00 5.486311917151947930e-03
3.235265375914330388e+00 5.203182037385823376e-03
3.266736568359921655e+00 4.932500608003888808e-03
3.298513898274578082e+00 4.671126963870631150e-03
3.330600343624588788e+00 4.425878623718711505e-03
3.362998911344535991e+00 4.189215743962667118e-03
3.395712637619100693e+00 3.963498647440721889e-03
3.428744588167585317e+00 3.747292548206554094e-03
3.462097858531227423e+00 3.541206445801995013e-03
3.495775574363275240e+00 3.344482495557740860e-03
3.529780891721914671e+00 3.157159423043190850e-03
3.564116997366032269e+00 2.977964606863304879e-03
3.598787109053855460e+00 2.809692303932067366e-03
3.633794475844513094e+00 2.646876102455875644e-03
3.669142378402494131e+00 2.491041587870807417e-03
3.704834129305105694e+00 2.344470359535397088e-03
3.740873073352900313e+00 2.204467033488631024e-03
3.777262587883141176e+00 2.071695179695432279e-03
3.814006083086284082e+00 1.945411547363759541e-03
3.851107002325572903e+00 1.825713625590343926e-03
3.888568822459721019e+00 1.712004255968353110e-03
3.926395054168756449e+00 1.604167584354832844e-03
3.964589242282997805e+00 1.501955028615188040e-03
4.003154966115265445e+00 1.405200241157534809e-03
4.042095839796306045e+00 1.313531877841791823e-03
4.081415512613501662e+00 1.226846002228153829e-03
4.121117669352832635e+00 1.144979691111028394e-03
4.161206030644208020e+00 1.067403847151769496e-03
4.201684353310133346e+00 9.941692001782203962e-04
4.242556430717777438e+00 9.252567479858401014e-04
4.283826093134470270e+00 8.601954929258515169e-04
4.325497208086633627e+00 7.989016787275543844e-04
4.367573680722233398e+00 7.411825220098283273e-04
4.410059454176736615e+00 6.869004275774118987e-04
4.452958509942654963e+00 6.358888274583103474e-04
4.496274868242640110e+00 5.879682150228599967e-04
4.540012588406244554e+00 5.430238615297972721e-04
4.584175769250333765e+00 5.008752077221968833e-04
4.628768549463215365e+00 4.614123111073836899e-04
4.673795107992464004e+00 4.244890991633521252e-04
4.719259664436561863e+00 3.899801436224502533e-04
4.765166479440326341e+00 3.577610049313778486e-04
4.811519855094205766e+00 3.277133084919579289e-04
4.858324135337417360e+00 2.997223123392043467e-04
4.905583706365050922e+00 2.736765709652164993e-04
4.953302997039108924e+00 2.494710827400550119e-04
5.001486479303548727e+00 2.270086754019821776e-04
5.050138668603383785e+00 2.061804496124160994e-04
5.099264124307808288e+00 1.869165941562085512e-04
5.148867450137498025e+00 1.691048103914403404e-04
5.198953294596024399e+00 1.526716172641655648e-04
5.249526351405507718e+00 1.375269143489542278e-04
5.300591359946452030e+00 1.236012507039537293e-04
5.352153105701904501e+00 1.108183837752762559e-04
5.404216420705915347e+00 9.909706814871790058e-05
5.456786183996381823e+00 8.838868914854314425e-05
5.509867322072253160e+00 7.859976211997056375e-05
5.563464809355226137e+00 6.968759758664715728e-05
5.617583668655908191e+00 6.159414610955013839e-05
5.672228971644543094e+00 5.425743032051617154e-05
5.727405839326266346e+00 4.761917871855783537e-05
5.783119442521027054e+00 4.163953602638978429e-05
5.839375002348160315e+00 3.626379902913251296e-05
5.896177790715694478e+00 3.144473014010535088e-05
5.953533130814370189e+00 2.714374466171401993e-05
6.011446397616513337e+00 2.331635856536950924e-05
6.069923018379741464e+00 1.991342723250474217e-05
6.128968473155564034e+00 1.691290380092174434e-05
6.188588295302960063e+00 1.427862097834055938e-05
6.248788072006894012e+00 1.197236055762331534e-05
6.309573444801936049e+00 9.965262255346805034e-06
6.370950110100935149e+00 8.229070321006699959e-06
6.432923819728876502e+00 6.737760700349617350e-06
6.495500381461869033e+00 5.461883857926695924e-06
6.558685659571435345e+00 4.381021715579817093e-06
6.622485575374063238e+00 3.471975499426343575e-06
6.686906107786136921e+00 2.716615205208279002e-06
6.751953293884205287e+00 2.091738918630807625e-06
6.817633229470763112e+00 1.586283159145748706e-06
6.883952069645496330e+00 1.178680077784339253e-06
6.950916029382126382e+00 8.566230720176438321e-07
7.018531384110795912e+00 6.063411859843076850e-07
7.086804470306189430e+00 4.162274399044813585e-07
7.155741686081340980e+00 2.753691462279454956e-07
7.225349491787214085e+00 1.738611255836357184e-07
7.295634410618154320e+00 1.030652259115360272e-07
7.366603029223159460e+00 5.677190065176410758e-08
7.438261998323163482e+00 2.816692408837156839e-08
7.510618033334286459e+00 1.233199848473072602e-08
7.583677914997190683e+00 4.391482079549929766e-09
7.657448490012479958e+00 1.106433947544290487e-09
7.731936671682362316e+00 1.383220150683488228e-10
7.807149440558499798e+00 0.000000000000000000e+00
