1.000000000000000021e-02 1.072376713110890112e+00
1.009727545900835841e-02 1.072370712420092298e+00
1.019549716950923779e-02 1.072364294561797271e+00
1.029467433620748044e-02 1.072357797029004356e+00
1.039481625334708927e-02 1.072351253497331847e+00
1.049593230558227772e-02 1.072344492811925454e+00
1.059803196885688789e-02 1.072337256470266453e+00
1.070112481129246833e-02 1.072330233993362025e+00
1.080522049408488318e-02 1.072323098603472635e+00
1.091032877240974419e-02 1.072315814768296960e+00
1.101645949633656314e-02 1.072308385400866371e+00
1.112362261175187626e-02 1.072300818753322948e+00
1.123182816129126085e-02 1.072293052311918959e+00
1.134108628528052165e-02 1.072285228864924278e+00
1.145140722268592030e-02 1.072276962972006809e+00
1.156280131207376022e-02 1.072268769159671287e+00
1.167527899257919492e-02 1.072260287565309778e+00
1.178885080488457221e-02 1.072251739170792195e+00
1.190352739220719262e-02 1.072243239093084721e+00
1.201931950129673729e-02 1.072234392220680510e+00
1.213623798344241195e-02 1.072226174465625181e+00
1.225429379548980714e-02 1.072216142874411693e+00
1.237349800086776086e-02 1.072206719654943852e+00
1.249386177062509519e-02 1.072197148692111135e+00
1.261539638447754796e-02 1.072187320961542900e+00
1.273811323186478488e-02 1.072177305574541828e+00
1.286202381301779218e-02 1.072167086273495551e+00
1.298713974003655978e-02 1.072156327515787710e+00
1.311347273797833224e-02 1.072145681401317940e+00
1.324103464595636874e-02 1.072134876887092192e+00
1.336983741824946531e-02 1.072124104493007879e+00
1.349989312542219239e-02 1.072112816535958801e+00
1.363121395545611320e-02 1.072101273944273681e+00
1.376381221489191876e-02 1.072089566899046664e+00
1.389770032998276401e-02 1.072077640498839246e+00
1.403289084785873213e-02 1.072065489967225060e+00
1.416939643770268736e-02 1.072053116968432640e+00
1.430722989193757184e-02 1.072052996323942686e+00
1.444640412742520530e-02 1.072041557463879746e+00
1.458693218667675602e-02 1.072014464553660895e+00
1.472882723907502529e-02 1.072001569873676452e+00
1.487210258210860774e-02 1.071987864825011849e+00
1.501677164261799868e-02 1.072006071759427526e+00
1.516284797805393485e-02 1.071959496809782753e+00
1.531034527774784160e-02 1.071944999332167692e+00
1.545927736419477720e-02 1.071930207923217804e+00
1.560965819434872483e-02 1.071915205174302388e+00
1.576150186093060873e-02 1.071899705582297635e+00
1.591482259374891323e-02 1.071884233737871117e+00
1.606963476103326349e-02 1.071868241070637051e+00
1.622595287078087284e-02 1.071852019665408440e+00
1.638379157211618947e-02 1.071833166176376029e+00
1.654316565666366645e-02 1.071818475470387444e+00
1.670409005993399310e-02 1.071801225101833177e+00
1.686657986272368723e-02 1.071819263590972682e+00
1.703065029252844378e-02 1.071765843193428935e+00
1.719631672497009753e-02 1.071748329338652495e+00
1.736359468523754335e-02 1.071732845730249517e+00
1.753249984954170088e-02 1.071713783936675268e+00
1.770304804658450262e-02 1.071694531822120711e+00
1.787525525904235316e-02 1.071675547130365391e+00
1.804913762506383731e-02 1.071652006712946026e+00
1.822471143978214581e-02 1.071629245195761193e+00
1.840199315684210371e-02 1.071609003023482831e+00
1.858099938994215231e-02 1.071587543906266315e+00
1.876174691439120440e-02 1.071566005754637452e+00
1.894425266868081034e-02 1.071543498617920864e+00
1.912853375607242307e-02 1.071520919557844120e+00
1.931460744620030340e-02 1.071497805710672768e+00
1.950249117668984011e-02 1.071474274706732066e+00
1.969220255479172538e-02 1.071449298659593818e+00
1.988375935903200636e-02 1.071425017210502872e+00
2.007717954087816226e-02 1.071400154295461427e+00
2.027248122642137662e-02 1.071374495719824571e+00
2.046968271807520987e-02 1.071348680138852538e+00
2.066880249629082095e-02 1.071322488015607810e+00
2.086985922128879734e-02 1.071295113027474599e+00
2.107287173480786382e-02 1.071267453732003716e+00
2.127785906187062287e-02 1.071239597493554463e+00
2.148484041256648255e-02 1.071210626372768981e+00
2.169383518385184506e-02 1.071181458851798940e+00
2.190486296136792688e-02 1.071151623390368401e+00
2.211794352127614133e-02 1.071121224744389755e+00
2.233309683211144592e-02 1.071090193929951528e+00
2.255034305665360936e-02 1.071059015009838467e+00
2.276970255381680075e-02 1.071026614042720704e+00
2.299119588055741764e-02 1.070994055167736603e+00
2.321484379380064564e-02 1.070960101467821168e+00
2.344066725238556220e-02 1.070926285342437279e+00
2.366868741902936057e-02 1.070891140575550571e+00
2.389892566231050300e-02 1.070856191351512665e+00
2.413140355867127856e-02 1.070819121915655536e+00
2.436614289443983158e-02 1.070782907126738959e+00
2.460316566787181664e-02 1.070744284661007129e+00
2.484249409121190577e-02 1.070707256511893579e+00
2.508415059277539771e-02 1.070668264297330419e+00
2.532815781905008515e-02 1.070628422831707782e+00
2.557453863681850847e-02 1.070587907015980944e+00
2.582331613530085626e-02 1.070546295145526683e+00
2.607451362831877603e-02 1.070502439309521492e+00
2.632815465648021339e-02 1.070460537440142801e+00
2.658426298938541474e-02 1.070416566640242761e+00
2.684286262785454819e-02 1.070371585169086481e+00
2.710397780617682106e-02 1.070325627253778000e+00
2.736763299438163891e-02 1.070278807589715164e+00
2.763385290053169824e-02 1.070231106062863313e+00
2.790266247303856487e-02 1.070182672417359093e+00
2.817408690300057458e-02 1.070133137080635288e+00
2.844815162656363222e-02 1.070082895110468835e+00
2.872488232730495070e-02 1.070031889222912591e+00
2.900430493863991738e-02 1.069979770773303196e+00
2.928644564625237229e-02 1.069926495544793132e+00
2.957133089054861039e-02 1.069872222733522005e+00
2.985898736913520854e-02 1.069816687889983742e+00
3.014944203932094433e-02 1.069760579265197409e+00
3.044272212064302874e-02 1.069703291200844397e+00
3.073885509741795460e-02 1.069644857589910236e+00
3.103786872131722788e-02 1.069585023828105941e+00
3.133979101396793671e-02 1.069524760345095027e+00
3.164465026957891114e-02 1.069462620889687132e+00
3.195247505759213347e-02 1.069398932161980120e+00
3.226329422536015901e-02 1.069334078658202403e+00
3.257713690084949876e-02 1.069268096635068499e+00
3.289403249537032475e-02 1.069200867407278377e+00
3.321401070633261954e-02 1.069131805865891627e+00
3.353710152002930406e-02 1.069062291372340656e+00
3.386333521444636480e-02 1.068991056719795552e+00
3.419274236210027851e-02 1.068918323075638277e+00
3.452535383290306070e-02 1.068844378640841475e+00
3.486120079705520153e-02 1.068768794201446548e+00
3.520031472796678745e-02 1.068691988435162443e+00
3.554272740520694751e-02 1.068613920595655298e+00
3.588847091748199186e-02 1.068532942238410444e+00
3.623757766564258964e-02 1.068451658272733251e+00
3.659008036572020811e-02 1.068369521964712021e+00
3.694601205199302130e-02 1.068285228369385109e+00
3.730540608008161424e-02 1.068199111003543367e+00
3.766829613007490613e-02 1.068110992371550383e+00
3.803471620968648659e-02 1.068021385739513551e+00
3.840470065744145539e-02 1.067929606244987450e+00
3.877828414589457040e-02 1.067835752978093522e+00
3.915550168487941241e-02 1.067740699152289752e+00
3.953638862478930927e-02 1.067643405602031192e+00
3.992098065989020672e-02 1.067544015308751648e+00
4.030931383166566628e-02 1.067443180447010365e+00
4.070142453219438572e-02 1.067340555899219057e+00
4.109734950756069316e-02 1.067235213563349161e+00
4.149712586129815362e-02 1.067128725440031678e+00
4.190079105786669034e-02 1.067019758034047916e+00
4.230838292616342228e-02 1.066908857190437265e+00
4.271993966306778662e-02 1.066796711737901138e+00
4.313549983702118923e-02 1.066681082415951165e+00
4.355510239164130798e-02 1.066563696538378903e+00
4.397878664937160398e-02 1.066444097328603791e+00
4.440659231516640160e-02 1.066321983404456164e+00
4.483855948021186338e-02 1.066197508016464734e+00
4.527472862568297785e-02 1.066070653885095698e+00
4.571514062653719151e-02 1.065941931871365878e+00
4.615983675534499064e-02 1.065809345853359513e+00
4.660885868615767536e-02 1.065675393470022048e+00
4.706224849841281199e-02 1.065537421666168605e+00
4.752004868087766204e-02 1.065403037794161900e+00
4.798230213563085128e-02 1.065263970490446299e+00
4.844905218208294534e-02 1.065110718678582202e+00
4.892034256103611894e-02 1.064962866396967023e+00
4.939621743878321036e-02 1.064812665897980626e+00
4.987672141124663283e-02 1.064658720071525844e+00
5.036189950815770505e-02 1.064488908470213602e+00
5.085179719727656034e-02 1.064342199228627051e+00
5.134646038865306461e-02 1.064179732712938975e+00
5.184593543892913187e-02 1.064013411339436388e+00
5.235026915568305461e-02 1.063844018276855152e+00
5.285950880181603667e-02 1.063671517003021316e+00
5.337370209998133774e-02 1.063495349521172750e+00
5.389289723705643909e-02 1.063316045917335861e+00
5.441714286865893119e-02 1.063133484273317775e+00
5.494648812370611646e-02 1.062947398106757424e+00
5.548098260901916656e-02 1.062757728559990289e+00
5.602067641397187603e-02 1.062563967485373295e+00
5.656562011518465050e-02 1.062367074026254965e+00
5.711586478126431943e-02 1.062165859367226295e+00
5.767146197758996756e-02 1.061960937179680986e+00
5.823246377114527778e-02 1.061752083974641714e+00
5.879892273539785025e-02 1.061539277211293708e+00
5.937089195522609469e-02 1.061340368715161686e+00
5.994842503189409116e-02 1.061100764695721566e+00
6.053157608807464840e-02 1.060876179018038989e+00
6.112039977292132997e-02 1.060664099411098071e+00
6.171495126718981594e-02 1.060411967965982249e+00
6.231528628840921763e-02 1.060173967680207330e+00
6.292146109610344262e-02 1.059930743124783303e+00
6.353353249706343575e-02 1.059682110995185722e+00
6.415155785067082339e-02 1.059431534073615788e+00
6.477559507427335661e-02 1.059173293969742913e+00
6.540570264861225724e-02 1.058910731009075068e+00
6.604193962330305590e-02 1.058646589922614734e+00
6.668436562236895737e-02 1.058370093283659719e+00
6.733304084982863480e-02 1.058097231085669998e+00
6.798802609533814711e-02 1.057800196129141668e+00
6.864938273988777095e-02 1.057520963758077581e+00
6.931717276155408003e-02 1.057226129773114698e+00
6.999145874130821565e-02 1.056926699214975951e+00
7.067230386888070925e-02 1.056621582881685173e+00
7.135977194868306506e-02 1.056309089368421716e+00
7.205392740578704658e-02 1.055991339141163499e+00
7.275483529196229149e-02 1.055667773154330691e+00
7.346256129177256011e-02 1.055338920318888984e+00
7.417717172873124210e-02 1.055003595281477580e+00
7.489873357151664857e-02 1.054660972604909652e+00
7.562731444024800576e-02 1.054313075670388455e+00
7.636298261282241373e-02 1.053957416933939628e+00
7.710580703131336699e-02 1.053595462299888208e+00
7.785585730843146146e-02 1.053227276727936035e+00
7.861320373404813433e-02 1.052850863349682253e+00
7.937791728178281159e-02 1.052468399666681265e+00
8.015006961565404597e-02 1.052077544309602430e+00
8.092973309679550586e-02 1.051679203002011009e+00
8.171698079023696770e-02 1.051273594589777982e+00
8.251188647175167201e-02 1.050859472018616625e+00
8.331452463477014014e-02 1.050438137496665147e+00
8.412497049736118726e-02 1.050009075564937611e+00
8.494330000928071445e-02 1.049571343258471900e+00
8.576958985908941790e-02 1.049127056416215842e+00
8.660391748133952627e-02 1.048672839274721991e+00
8.744636106383144036e-02 1.048210454224722588e+00
8.829699955494091368e-02 1.047739077067884050e+00
8.915591267101763417e-02 1.047259424154617147e+00
9.002318090385581784e-02 1.046770898114290471e+00
9.089888552823731371e-02 1.046272364146480616e+00
9.178310860954806694e-02 1.045769668507735783e+00
9.267593301146882789e-02 1.045246873344622518e+00
9.357744240374062106e-02 1.044720674301454544e+00
9.448772127000577836e-02 1.044183751887831413e+00
9.540685491572513388e-02 1.043636493644845231e+00
9.633492947617222635e-02 1.043078605339278875e+00
9.727203192450542546e-02 1.042510023569585664e+00
9.821825007991856482e-02 1.041930144638510081e+00
9.917367261587073379e-02 1.041341986118467622e+00
1.001383890683960748e-01 1.040742745291449278e+00
1.011124898444945991e-01 1.040130642802227223e+00
1.020960662306047012e-01 1.039508602203806253e+00
1.030892104011576216e-01 1.038873503507012908e+00
1.040920154272158005e-01 1.038227296704796743e+00
1.051045752851944987e-01 1.037569539253299977e+00
1.061269848656690717e-01 1.036898639741968609e+00
1.071593399822671072e-01 1.036215324595194609e+00
1.082017373806478805e-01 1.035518899434568763e+00
1.092542747475682557e-01 1.034809636986773418e+00
1.103170507200377515e-01 1.034087339985656273e+00
1.113901648945616746e-01 1.033359363652119223e+00
1.124737178364751955e-01 1.032626807843094907e+00
1.135678110893671017e-01 1.031841225082901659e+00
1.146725471845963656e-01 1.031064155972945207e+00
1.157880296509002094e-01 1.030273313167166860e+00
1.169143630240966764e-01 1.029467839684794273e+00
1.180516528568804902e-01 1.028648947033566463e+00
1.192000057287153220e-01 1.027811957500567086e+00
1.203595292558212876e-01 1.026960644522625143e+00
1.215303321012602134e-01 1.026093612227297003e+00
1.227125239851190319e-01 1.025211061983714256e+00
1.239062156947916271e-01 1.024313837120227833e+00
1.251115190953615564e-01 1.023398152235424519e+00
1.263285471400849291e-01 1.022466938195094377e+00
1.275574138809759950e-01 1.021519433159258528e+00
1.287982344794950385e-01 1.020581454947074418e+00
1.300511252173409127e-01 1.019570373801624852e+00
1.313162035073478784e-01 1.018568694526653662e+00
1.325935879044890797e-01 1.017549339190938484e+00
1.338833981169864351e-01 1.016512361784096763e+00
1.351857550175293021e-01 1.015456743554652430e+00
1.365007806546013891e-01 1.014381421487453361e+00
1.378285982639189389e-01 1.013284845578386939e+00
1.391693322799789911e-01 1.012172224310788682e+00
1.405231083477211373e-01 1.011037391467283886e+00
1.418900533343016301e-01 1.009882963353811114e+00
1.432702953409830948e-01 1.008708951148729493e+00
1.446639637151387880e-01 1.007512674371612960e+00
1.460711890623745679e-01 1.006306686030847608e+00
1.474921032587684921e-01 1.005055639270576062e+00
1.489268394632288772e-01 1.003794224393420587e+00
1.503755321299738434e-01 1.002511527914693445e+00
1.518383170211306810e-01 1.001204991501636110e+00
1.533153312194593942e-01 9.998764181067905099e-01
1.548067131411984265e-01 9.985235855443013175e-01
1.563126025490369497e-01 9.971482278117753673e-01
1.578331405652117214e-01 9.957484718167016746e-01
1.593684696847328941e-01 9.943245459475096304e-01
1.609187337887370006e-01 9.928752112014073150e-01
1.624840781579713067e-01 9.913997045581374179e-01
1.640646494864078653e-01 9.898997132889527650e-01
1.656605958949914359e-01 9.883729123967464059e-01
1.672720669455196874e-01 9.868210688713647816e-01
1.688992136546599021e-01 9.852422412912202887e-01
1.705421885081006561e-01 9.836361660367934912e-01
1.722011454748421100e-01 9.820021481456616685e-01
1.738762400216251336e-01 9.803403859243889906e-01
1.755676291275001522e-01 9.786510662696936702e-01
1.772754712985387948e-01 9.769322921729101106e-01
1.789999265826875408e-01 9.751834795481783003e-01
1.807411565847668600e-01 9.734059076658944099e-01
1.824993244816152382e-01 9.715996124559249658e-01
1.842745950373816666e-01 9.697612183206746339e-01
1.860671346189656239e-01 9.678935368346950341e-01
1.878771112116086051e-01 9.659938925632194362e-01
1.897046944346358344e-01 9.640630983874954874e-01
1.915500555573527997e-01 9.620988030908751432e-01
1.934133675150944698e-01 9.601032327759936313e-01
1.952948049254327745e-01 9.580753150046079636e-01
1.971945441045395986e-01 9.560127046315174404e-01
1.991127630837108697e-01 9.539173005511276671e-01
2.010496416260497965e-01 9.517875467106861054e-01
2.030053612433137811e-01 9.496230235672551423e-01
2.049801052129238688e-01 9.474241588653541379e-01
2.069740585951406198e-01 9.451890654221349886e-01
2.089874082504071251e-01 9.429175714894290072e-01
2.110203428568595552e-01 9.406112907526971156e-01
2.130730529280097374e-01 9.382444112481488352e-01
2.151457308305980698e-01 9.358874743125900064e-01
2.172385708026215445e-01 9.334697630135030400e-01
2.193517689715359098e-01 9.310119581474030070e-01
2.214855233726360506e-01 9.285161458265042134e-01
2.236400339676138660e-01 9.259570663231966314e-01
2.258155026632983065e-01 9.234104740109244647e-01
2.280121333305757114e-01 9.207984884001803039e-01
2.302301318234963867e-01 9.181444747199360989e-01
2.324697059985647851e-01 9.154507867669258170e-01
2.347310657342196183e-01 9.127195697926694384e-01
2.370144229505012079e-01 9.099407288012684170e-01
2.393199916289123208e-01 9.071235424002601633e-01
2.416479878324700736e-01 9.042647176620354221e-01
2.439986297259550130e-01 9.013609981528136750e-01
2.463721375963552895e-01 8.984193918563729842e-01
2.487687338735107279e-01 8.954277317246578383e-01
2.511886431509580686e-01 8.923952152784990766e-01
2.536320922069775774e-01 8.893185698943771866e-01
2.560993100258459609e-01 8.862006476837954727e-01
2.585905278192945911e-01 8.830313595956067463e-01
2.611059790481781162e-01 8.798222521576073429e-01
2.636458994443517945e-01 8.765667427044638860e-01
2.662105270327638773e-01 8.732627620644137778e-01
2.688001021537606006e-01 8.699146673838020760e-01
2.714148674856106669e-01 8.665190227792098909e-01
2.740550680672460548e-01 8.630790186629068161e-01
2.767209513212268712e-01 8.595928856983527933e-01
2.794127670769268601e-01 8.560547342628195278e-01
2.821307675939472293e-01 8.524696639559208311e-01
2.848752075857552413e-01 8.488382818246128503e-01
2.876463442435557849e-01 8.451587495701263775e-01
2.904444372603925406e-01 8.414307594206023033e-01
2.932697488554852905e-01 8.376545077123687122e-01
2.961225437988035947e-01 8.338288550772650076e-01
2.990030894358785551e-01 8.299539211641724368e-01
3.019116557128577738e-01 8.260315726436243677e-01
3.048485152018017286e-01 8.220577025960605910e-01
3.078139431262288950e-01 8.180348897493932014e-01
3.108082173869063936e-01 8.139601479709012155e-01
3.138316185878944342e-01 8.098413704734856999e-01
3.168844300628416155e-01 8.056698709350459398e-01
3.199669379015380732e-01 8.014473243666313529e-01
3.230794309767249795e-01 7.971757187282232371e-01
3.262222009711669979e-01 7.928546423618331174e-01
3.293955424049855307e-01 7.884844969452386998e-01
3.325997526632606949e-01 7.840622260464035209e-01
3.358351320238990301e-01 7.795915031583705579e-01
3.391019836857747105e-01 7.750705516891761571e-01
3.424006137971423724e-01 7.705092216467503974e-01
3.457313314843284413e-01 7.658786811955391460e-01
3.490944488806992929e-01 7.612100198444577970e-01
3.524902811559130766e-01 7.564921007003695408e-01
3.559191465454557002e-01 7.517200171269209363e-01
3.593813663804627523e-01 7.469007810437386929e-01
3.628772651178337472e-01 7.420350813533895806e-01
3.664071703706370808e-01 7.371208140138665321e-01
3.699714129388128048e-01 7.321544968823657795e-01
3.735703268401719401e-01 7.271442883774511534e-01
3.772042493416999376e-01 7.220813492861728466e-01
3.808735209911614517e-01 7.169797969921194447e-01
3.845784856490158665e-01 7.118265329982506051e-01
3.883194905206404091e-01 7.066214429238465433e-01
3.920968861888690649e-01 7.013812251664608421e-01
3.959110266468458539e-01 6.960907044244967201e-01
3.997622693312000708e-01 6.907578876503684961e-01
4.036509751555413805e-01 6.853730680085556859e-01
4.075775085442840395e-01 6.799507813456653338e-01
4.115422374667966343e-01 6.744831813823104483e-01
4.155455334718875515e-01 6.689738726677925129e-01
4.195877717226225712e-01 6.634216997634904134e-01
4.236693310314835759e-01 6.578300308767238702e-01
4.277905938958687093e-01 6.521966546828514844e-01
4.319519465339363706e-01 6.465236832974222692e-01
4.361537789208005944e-01 6.408141443186458064e-01
4.403964848250754294e-01 6.350639188640133659e-01
4.446804618457780300e-01 6.292764977584821562e-01
4.490061114495874639e-01 6.234545737011225608e-01
4.533738390084691150e-01 6.175964302182669341e-01
4.577840538376618529e-01 6.117055102326627303e-01
4.622371692340384031e-01 6.057815283451088995e-01
4.667336025148346446e-01 5.998228085244112773e-01
4.712737750567601580e-01 5.938304662377573706e-01
4.758581123354846953e-01 5.878176321624903888e-01
4.804870439655131720e-01 5.817733119937211761e-01
4.851610037404442966e-01 5.756968932637426262e-01
4.898804296736250508e-01 5.695801674029230544e-01
4.946457640391963562e-01 5.634689552871888774e-01
4.994574534135413635e-01 5.573191947493633114e-01
5.043159487171361421e-01 5.511458071879401510e-01
5.092217052568053237e-01 5.449528286525341381e-01
5.141751827683928022e-01 5.387372928209516187e-01
5.191768454598426619e-01 5.325050327759001112e-01
5.242271620547044320e-01 5.262555879874302178e-01
5.293266058360561743e-01 5.199848251732007709e-01
5.344756546908600026e-01 5.137096952635406000e-01
5.396747911547442600e-01 5.074168907973476417e-01
5.449245024572260121e-01 5.011124545077109138e-01
5.502252805673685243e-01 4.948053356614356968e-01
5.555776222398878250e-01 4.884759456599301886e-01
5.609820290617031358e-01 4.821483936220473665e-01
5.664390074989449353e-01 4.758128791562037940e-01
5.719490689444144405e-01 4.694760627098176209e-01
5.775127297655114900e-01 4.631365878922792390e-01
5.831305113526221717e-01 4.567969857157183622e-01
5.888029401679826247e-01 4.504572199432235746e-01
5.945305477950136863e-01 4.441193917992345419e-01
6.003138709881384871e-01 4.377910129036307052e-01
6.061534517230839914e-01 4.314527738119095512e-01
6.120498372476699256e-01 4.251489993676347279e-01
6.180035801330957534e-01 4.188428894183340856e-01
6.240152383257209223e-01 4.125461618356901505e-01
6.300853751993553686e-01 4.062640641697315425e-01
6.362145596080520660e-01 3.999949078051173723e-01
6.424033659394193796e-01 3.937442980238967660e-01
6.486523741684461219e-01 3.875082901514541600e-01
6.549621699118558515e-01 3.812929467341359402e-01
6.613333444829840868e-01 3.750958729079190701e-01
6.677664949471955325e-01 3.689278580388428153e-01
6.742622241778342129e-01 3.627606467293885140e-01
6.808211409127237213e-01 3.566678093015469009e-01
6.874438598112112553e-01 3.505753924936078070e-01
6.941310015117725385e-01 3.445143722243146356e-01
7.008831926901714082e-01 3.384844886318917889e-01
7.077010661181889484e-01 3.324856038534495517e-01
7.145852607229240538e-01 3.265200089231150016e-01
7.215364216466665370e-01 3.205958367794186636e-01
7.285552003073593186e-01 3.147030876664651533e-01
7.356422544596413760e-01 3.088524972562980420e-01
7.427982482564918776e-01 3.030437688411515285e-01
7.500238523114668432e-01 2.972732433649770134e-01
7.573197437615483141e-01 2.915338161667857531e-01
7.646866063305975958e-01 2.858657566650551485e-01
7.721251303934327792e-01 2.802299105790132527e-01
7.796360130405233235e-01 2.746373293742253585e-01
7.872199581433195759e-01 2.691065996789485659e-01
7.948776764202123424e-01 2.636157923013304760e-01
8.026098855031396084e-01 2.581599344932452578e-01
8.104173100048355227e-01 2.527849623928216660e-01
8.183006815867394090e-01 2.474426637340633173e-01
8.262607390275591435e-01 2.421684409715777198e-01
8.342982282925082149e-01 2.369225650428704588e-01
8.424139026032094746e-01 2.317809481785932102e-01
8.506085225082840040e-01 2.266707465031062019e-01
8.588828559546254349e-01 2.216156047824096864e-01
8.672376783593644944e-01 2.166215516046414435e-01
8.756737726825394308e-01 2.116947523679228449e-01
8.841919295004664336e-01 2.068231756293909263e-01
8.927929470798307010e-01 2.020138490904839490e-01
9.014776314524917122e-01 1.972666198242065405e-01
9.102467964910225806e-01 1.925826672325557098e-01
9.191012639849772681e-01 1.879630510114679021e-01
9.280418637179072006e-01 1.834070436304377771e-01
9.370694335451198453e-01 1.789162861843291985e-01
9.461848194722002336e-01 1.744873425655936172e-01
9.553888757342895444e-01 1.701289940968201408e-01
9.646824648761427312e-01 1.658318380308209383e-01
9.740664578329562007e-01 1.616086671646048689e-01
9.835417340119908536e-01 1.574467540740938643e-01
9.931091813749796104e-01 1.533523380350424181e-01
1.002769696521346621e+00 1.493265936697174279e-01
1.012524184772224167e+00 1.453688836082155933e-01
1.022373560255302127e+00 1.414621733539969672e-01
1.032318745990486564e+00 1.376514032389198894e-01
1.042360673976402197e+00 1.338949603069719274e-01
1.052500285277732761e+00 1.302062354048139914e-01
1.062738530113414459e+00 1.265866541245966037e-01
1.073076367945679621e+00 1.230224685005925495e-01
1.083514767569973225e+00 1.195444185303458917e-01
1.094054707205742494e+00 1.161252062956146525e-01
1.104697174588111785e+00 1.127727335040062534e-01
1.115443167060441221e+00 1.094846861429198820e-01
1.126293691667795249e+00 1.062651880779501984e-01
1.137249765251314271e+00 1.031143797512842769e-01
1.148312414543511073e+00 1.000268128035827764e-01
1.159482676264482759e+00 9.700217767731302010e-02
1.170761597219069250e+00 9.405024229112735057e-02
1.182150234394952371e+00 9.115468781511372465e-02
1.193649655061713055e+00 8.832489392672084050e-02
1.205260936870842681e+00 8.555925797550713308e-02
1.216985167956738056e+00 8.286185944760385280e-02
1.228823447038673411e+00 8.021707831315619264e-02
1.240776883523764251e+00 7.763729657575228760e-02
1.252846597610937529e+00 7.511691806886953982e-02
1.265033720395903893e+00 7.266216913114594000e-02
1.277339393977160009e+00 7.026608356826768986e-02
1.289764771563017165e+00 6.792661662736471095e-02
1.302311017579677488e+00 6.564600260551757549e-02
1.314979307780347773e+00 6.342301275201274458e-02
1.327770829355430449e+00 6.125328342308113128e-02
1.340686781043774811e+00 5.915222972533822759e-02
1.353728373245021821e+00 5.709129897683003912e-02
1.366896828133026487e+00 5.508914758880689017e-02
1.380193379770397355e+00 5.314368063002510717e-02
1.393619274224142002e+00 5.125365169323718717e-02
1.407175769682446731e+00 4.940907431900915664e-02
1.420864136572576708e+00 4.762068995026404877e-02
1.434685657679937831e+00 4.588225163857872352e-02
1.448641628268290127e+00 4.419271063448648035e-02
1.462733356201129986e+00 4.255019497576809778e-02
1.476962162064259898e+00 4.095487117096714702e-02
1.491329379289537682e+00 3.941016716968270134e-02
1.505836354279841416e+00 3.790636733908316069e-02
1.520484446535244283e+00 3.645165771709907299e-02
1.535275028780422657e+00 3.504106665499189671e-02
1.550209487093291205e+00 3.366946070602192670e-02
1.565289221034902312e+00 3.234295587615840240e-02
1.580515643780601165e+00 3.105834998687352980e-02
1.595890182252465817e+00 2.981452141896279856e-02
1.611414277253019778e+00 2.861024497148866724e-02
1.627089383600260675e+00 2.744492123735652045e-02
1.642916970263993193e+00 2.631766213465959459e-02
1.658898520503498064e+00 2.522759931162976699e-02
1.675035532006524441e+00 2.417365181552267803e-02
1.691329517029648732e+00 2.315526637185113396e-02
1.707782002539993016e+00 2.217175730796359934e-02
1.724394530358320354e+00 2.122622234241423531e-02
1.741168657303530987e+00 2.030524443890283082e-02
1.758105955338547632e+00 1.941982349481289477e-02
1.775208011717636092e+00 1.856627949599263042e-02
1.792476429135148930e+00 1.774370255287920778e-02
1.809912825875727105e+00 1.694957399779388821e-02
1.827518835965944666e+00 1.618496770135271004e-02
1.845296109327445366e+00 1.544801433237279024e-02
1.863246311931559873e+00 1.473944144758405385e-02
1.881371125955437096e+00 1.405672521744665525e-02
1.899672249939675650e+00 1.340038918445630826e-02
1.918151398947507635e+00 1.276825810647903674e-02
1.936810304725519849e+00 1.216101274841595824e-02
1.955650715865949074e+00 1.157737142437719607e-02
1.974674397970537454e+00 1.101670639231607310e-02
1.993883133816001019e+00 1.047812282298673549e-02
2.013278723521096492e+00 9.961368317953210594e-03
2.032862984715323673e+00 9.465516428128557119e-03
2.052637752709252084e+00 8.990065152021118125e-03
2.072604880666519822e+00 8.533729511694551628e-03
2.092766239777499759e+00 8.096837778377174305e-03
2.113123719434652603e+00 7.673704667887327850e-03
2.133679227409597701e+00 7.277394733572868646e-03
2.154434690031884259e+00 6.893797282560708457e-03
2.175392052369522489e+00 6.527434516901023213e-03
2.196553278411258248e+00 6.176093489692008852e-03
2.217920351250634692e+00 5.840780164648245835e-03
2.239495273271823184e+00 5.520259165904321114e-03
2.261280066337279404e+00 5.214667236548296662e-03
2.283276771977218012e+00 4.922400009072376049e-03
2.305487451580938707e+00 4.646547657760525737e-03
2.327914186589993051e+00 4.380548003156323894e-03
2.350559078693253756e+00 4.125192360560529965e-03
2.373424250023866033e+00 3.884414675806279089e-03
2.396511843358130278e+00 3.654908298651543715e-03
2.419824022316292567e+00 3.436716314783996428e-03
2.443362971565319341e+00 3.229132594042423334e-03
2.467130897023623426e+00 3.031938546575283378e-03
2.491130026067788439e+00 2.844553013170403669e-03
2.515362607741312928e+00 2.666644420867885813e-03
2.539830912965362675e+00 2.497992024756227544e-03
2.564537234751594674e+00 2.338135113558619839e-03
2.589483888417040802e+00 2.186557650565242733e-03
2.614673211801092023e+00 2.043186329580171101e-03
2.640107565484572927e+00 1.907447910489931762e-03
2.665789333010967876e+00 1.779018713747899591e-03
2.691720921109787668e+00 1.657592955446049801e-03
2.717904759922122881e+00 1.543237850804528863e-03
2.744343303228365283e+00 1.435215676859949267e-03
2.771039028678170535e+00 1.333387330328273963e-03
2.797994438022641805e+00 1.237437651031372777e-03
2.825212057348790218e+00 1.147163585489029743e-03
2.852694437316245057e+00 1.062257721620520545e-03
2.880444153396297668e+00 9.826018403871360132e-04
2.908463806113254169e+00 9.075945627121859410e-04
2.936756021288137397e+00 8.373442944156995679e-04
2.965323450284773621e+00 7.715390435144975747e-04
2.994168770258243573e+00 7.099448840573218192e-04
3.023294684405779531e+00 6.523511677336220381e-04
3.052703922220086241e+00 5.985583981809557749e-04
3.082399239745143404e+00 5.483719240817537966e-04
3.112383419834465759e+00 5.016034220997377460e-04
3.142659272411905569e+00 4.580704780433191600e-04
3.173229634734976212e+00 4.176021566409165368e-04
3.204097371660752813e+00 3.800328752876351601e-04
3.235265375914330388e+00 3.452012275466266730e-04
3.266736568359921655e+00 3.129532359860451416e-04
3.298513898274578082e+00 2.831408896690138367e-04
3.330600343624588788e+00 2.556293092226233658e-04
3.362998911344535991e+00 2.302708532812300726e-04
3.395712637619100693e+00 2.069488165602352656e-04
3.428744588167585317e+00 1.855313230488252218e-04
3.462097858531227423e+00 1.659002236097550551e-04
3.495775574363275240e+00 1.479445245833210961e-04
3.529780891721914671e+00 1.315594793808555192e-04
3.564116997366032269e+00 1.166264020322993152e-04
3.598787109053855460e+00 1.030595208496353572e-04
3.633794475844513094e+00 9.076289242823769581e-05
3.669142378402494131e+00 7.964053582724893421e-05
3.704834129305105694e+00 6.962074097298608089e-05
3.740873073352900313e+00 6.061351222777194131e-05
3.777262587883141176e+00 5.253972844716902610e-05
3.814006083086284082e+00 4.533621288665584838e-05
3.851107002325572903e+00 3.891402762748854741e-05
3.888568822459721019e+00 3.322500621474671571e-05
3.926395054168756449e+00 2.820445571538874100e-05
3.964589242282997805e+00 2.379605391190556981e-05
4.003154966115265445e+00 1.993945232597645536e-05
4.042095839796306045e+00 1.658339300752554080e-05
4.081415512613501662e+00 1.368071034829224669e-05
4.121117669352832635e+00 1.119003543684693789e-05
4.161206030644208020e+00 9.061540017110821747e-06
4.201684353310133346e+00 7.258333300139887192e-06
4.242556430717777438e+00 5.743677839800508320e-06
4.283826093134470270e+00 4.486629962156419466e-06
4.325497208086633627e+00 3.451823768790327862e-06
4.367573680722233398e+00 2.608962773653587018e-06
4.410059454176736615e+00 1.933552995632438273e-06
4.452958509942654963e+00 1.400966422752365761e-06
4.496274868242640110e+00 9.880574971636509948e-07
4.540012588406244554e+00 6.753157009776631167e-07
4.584175769250333765e+00 4.444174334712468968e-07
4.628768549463215365e+00 2.787259822770009411e-07
4.673795107992464004e+00 1.649132812956091543e-07
4.719259664436561863e+00 8.957377473844150297e-08
4.765166479440326341e+00 4.391442943167616679e-08
4.811519855094205766e+00 1.865901680344767945e-08
4.858324135337417360e+00 6.413230820159314700e-09
4.905583706365050922e+00 1.515844697293073840e-09
4.953302997039108924e+00 1.630350920298407705e-10
5.001486479303548727e+00 0.000000000000000000e+00
