1.000000000000000021e-02 1.963933822974698540e+00
1.009727545900835841e-02 1.963929885658722396e+00
1.019549716950923779e-02 1.963925861852984012e+00
1.029467433620748044e-02 1.963921843001484646e+00
1.039481625334708927e-02 1.963917935706744444e+00
1.049593230558227772e-02 1.963913925807092120e+00
1.059803196885688789e-02 1.963909809249435590e+00
1.070112481129246833e-02 1.963905602521549554e+00
1.080522049408488318e-02 1.963901324374654811e+00
1.091032877240974419e-02 1.963896959348378157e+00
1.101645949633656314e-02 1.963892495238510172e+00
1.112362261175187626e-02 1.963887917216670997e+00
1.123182816129126085e-02 1.963883225619042383e+00
1.134108628528052165e-02 1.963878422116974942e+00
1.145140722268592030e-02 1.963873505834831112e+00
1.156280131207376022e-02 1.963868471561482920e+00
1.167527899257919492e-02 1.963863323028649743e+00
1.178885080488457221e-02 1.963858135796684001e+00
1.190352739220719262e-02 1.963852845713943918e+00
1.201931950129673729e-02 1.963847459271075513e+00
1.213623798344241195e-02 1.963841982210337900e+00
1.225429379548980714e-02 1.963836410798315946e+00
1.237349800086776086e-02 1.963830567577561137e+00
1.249386177062509519e-02 1.963824767943965321e+00
1.261539638447754796e-02 1.963818810391829484e+00
1.273811323186478488e-02 1.963812835603032658e+00
1.286202381301779218e-02 1.963806758594020208e+00
1.298713974003655978e-02 1.963800729071172757e+00
1.311347273797833224e-02 1.963794388289180182e+00
1.324103464595636874e-02 1.963787963779719759e+00
1.336983741824946531e-02 1.963781488516773033e+00
1.349989312542219239e-02 1.963774878968890913e+00
1.363121395545611320e-02 1.963768137782587964e+00
1.376381221489191876e-02 1.963761252035980176e+00
1.389770032998276401e-02 1.963754195246402601e+00
1.403289084785873213e-02 1.963746973533539553e+00
1.416939643770268736e-02 1.963739611763373194e+00
1.430722989193757184e-02 1.963732072997048883e+00
1.444640412742520530e-02 1.963724331156043945e+00
1.458693218667675602e-02 1.963716376831906363e+00
1.472882723907502529e-02 1.963708239569384562e+00
1.487210258210860774e-02 1.963699901617344201e+00
1.501677164261799868e-02 1.963691357887217936e+00
1.516284797805393485e-02 1.963682633258295951e+00
1.531034527774784160e-02 1.963673728295386223e+00
1.545927736419477720e-02 1.963664612945150267e+00
1.560965819434872483e-02 1.963655275533344069e+00
1.576150186093060873e-02 1.963645724914185653e+00
1.591482259374891323e-02 1.963635959732625613e+00
1.606963476103326349e-02 1.963626004059279451e+00
1.622595287078087284e-02 1.963615870716018952e+00
1.638379157211618947e-02 1.963605505953199826e+00
1.654316565666366645e-02 1.963594932527390258e+00
1.670409005993399310e-02 1.963584138151673875e+00
1.686657986272368723e-02 1.963573109583807597e+00
1.703065029252844378e-02 1.963561835496739683e+00
1.719631672497009753e-02 1.963550303589872259e+00
1.736359468523754335e-02 1.963538497202909294e+00
1.753249984954170088e-02 1.963526474887561157e+00
1.770304804658450262e-02 1.963514212299809936e+00
1.787525525904235316e-02 1.963501520215041429e+00
1.804913762506383731e-02 1.963488863377099491e+00
1.822471143978214581e-02 1.963475913384120419e+00
1.840199315684210371e-02 1.963462669570538610e+00
1.858099938994215231e-02 1.963449171579497943e+00
1.876174691439120440e-02 1.963435396279180178e+00
1.894425266868081034e-02 1.963421253764076280e+00
1.912853375607242307e-02 1.963406882057852743e+00
1.931460744620030340e-02 1.963392301773889903e+00
1.950249117668984011e-02 1.963377396279482934e+00
1.969220255479172538e-02 1.963362155876965165e+00
1.988375935903200636e-02 1.963346588478958488e+00
2.007717954087816226e-02 1.963330820910313079e+00
2.027248122642137662e-02 1.963314721871663560e+00
2.046968271807520987e-02 1.963298262777943171e+00
2.066880249629082095e-02 1.963281392577046480e+00
2.086985922128879734e-02 1.963264381495481770e+00
2.107287173480786382e-02 1.963247159584669665e+00
2.127785906187062287e-02 1.963229627000852018e+00
2.148484041256648255e-02 1.963211720150744410e+00
2.169383518385184506e-02 1.963193508400817633e+00
2.190486296136792688e-02 1.963174843155263583e+00
2.211794352127614133e-02 1.963155749723367816e+00
2.233309683211144592e-02 1.963136205248202426e+00
2.255034305665360936e-02 1.963116195358825866e+00
2.276970255381680075e-02 1.963095836838425479e+00
2.299119588055741764e-02 1.963075272164744867e+00
2.321484379380064564e-02 1.963054239400990220e+00
2.344066725238556220e-02 1.963032771583944847e+00
2.366868741902936057e-02 1.963010895828347646e+00
2.389892566231050300e-02 1.962988705738027084e+00
2.413140355867127856e-02 1.962966146082580687e+00
2.436614289443983158e-02 1.962943104218136670e+00
2.460316566787181664e-02 1.962920215014613667e+00
2.484249409121190577e-02 1.962896405580486947e+00
2.508415059277539771e-02 1.962872051090461589e+00
2.532815781905008515e-02 1.962847150476957570e+00
2.557453863681850847e-02 1.962821781372070307e+00
2.582331613530085626e-02 1.962795886409824719e+00
2.607451362831877603e-02 1.962769391299618915e+00
2.632815465648021339e-02 1.962742313543053951e+00
2.658426298938541474e-02 1.962714784461426998e+00
2.684286262785454819e-02 1.962686813172026534e+00
2.710397780617682106e-02 1.962658541427771297e+00
2.736763299438163891e-02 1.962629725624551069e+00
2.763385290053169824e-02 1.962600252670891887e+00
2.790266247303856487e-02 1.962570338426192107e+00
2.817408690300057458e-02 1.962540026151325501e+00
2.844815162656363222e-02 1.962509237392715100e+00
2.872488232730495070e-02 1.962477794501304551e+00
2.900430493863991738e-02 1.962445616287217254e+00
2.928644564625237229e-02 1.962412130543913058e+00
2.957133089054861039e-02 1.962378454715807852e+00
2.985898736913520854e-02 1.962344021882839851e+00
3.014944203932094433e-02 1.962308970164318156e+00
3.044272212064302874e-02 1.962273657375839919e+00
3.073885509741795460e-02 1.962236863188451697e+00
3.103786872131722788e-02 1.962199211421846057e+00
3.133979101396793671e-02 1.962160736750747203e+00
3.164465026957891114e-02 1.962121513886663227e+00
3.195247505759213347e-02 1.962081571008112979e+00
3.226329422536015901e-02 1.962041073799563273e+00
3.257713690084949876e-02 1.961999866581402241e+00
3.289403249537032475e-02 1.961957832389178202e+00
3.321401070633261954e-02 1.961915213772142508e+00
3.353710152002930406e-02 1.961871891263000212e+00
3.386333521444636480e-02 1.961828007950396913e+00
3.419274236210027851e-02 1.961783294875223849e+00
3.452535383290306070e-02 1.961737697365093069e+00
3.486120079705520153e-02 1.961691252241290595e+00
3.520031472796678745e-02 1.961643904717564002e+00
3.554272740520694751e-02 1.961595654539133315e+00
3.588847091748199186e-02 1.961546364557381184e+00
3.623757766564258964e-02 1.961495986068665820e+00
3.659008036572020811e-02 1.961444698101053374e+00
3.694601205199302130e-02 1.961392480577002884e+00
3.730540608008161424e-02 1.961339176710561238e+00
3.766829613007490613e-02 1.961286103759996902e+00
3.803471620968648659e-02 1.961230152621197487e+00
3.840470065744145539e-02 1.961171616033734022e+00
3.877828414589457040e-02 1.961115324435653173e+00
3.915550168487941241e-02 1.961056188203017747e+00
3.953638862478930927e-02 1.960995791327078575e+00
3.992098065989020672e-02 1.960933935490956292e+00
4.030931383166566628e-02 1.960870884242368994e+00
4.070142453219438572e-02 1.960806637146882858e+00
4.109734950756069316e-02 1.960741465426829144e+00
4.149712586129815362e-02 1.960674786451290785e+00
4.190079105786669034e-02 1.960606584739447156e+00
4.230838292616342228e-02 1.960537190837928767e+00
4.271993966306778662e-02 1.960466309169589749e+00
4.313549983702118923e-02 1.960394066945096769e+00
4.355510239164130798e-02 1.960320456474223372e+00
4.397878664937160398e-02 1.960245481477635776e+00
4.440659231516640160e-02 1.960168728476306299e+00
4.483855948021186338e-02 1.960090300169414990e+00
4.527472862568297785e-02 1.960010242151927429e+00
4.571514062653719151e-02 1.959928876654138952e+00
4.615983675534499064e-02 1.959846645365498352e+00
4.660885868615767536e-02 1.959762654997371900e+00
4.706224849841281199e-02 1.959678468949681784e+00
4.752004868087766204e-02 1.959589837435077753e+00
4.798230213563085128e-02 1.959501912649785904e+00
4.844905218208294534e-02 1.959411729526142398e+00
4.892034256103611894e-02 1.959318217076574387e+00
4.939621743878321036e-02 1.959224838516392619e+00
4.987672141124663283e-02 1.959131530047609537e+00
5.036189950815770505e-02 1.959034177764498841e+00
5.085179719727656034e-02 1.958935110342541641e+00
5.134646038865306461e-02 1.958833750418499609e+00
5.184593543892913187e-02 1.958730158023354262e+00
5.235026915568305461e-02 1.958624628491921760e+00
5.285950880181603667e-02 1.958516452593727974e+00
5.337370209998133774e-02 1.958403496868797111e+00
5.389289723705643909e-02 1.958290392785631662e+00
5.441714286865893119e-02 1.958177932516262043e+00
5.494648812370611646e-02 1.958058840273152912e+00
5.548098260901916656e-02 1.957940442994946739e+00
5.602067641397187603e-02 1.957821721799378301e+00
5.656562011518465050e-02 1.957697363301640125e+00
5.711586478126431943e-02 1.957573473065390646e+00
5.767146197758996756e-02 1.957446298670739271e+00
5.823246377114527778e-02 1.957316430411063735e+00
5.879892273539785025e-02 1.957183820308689759e+00
5.937089195522609469e-02 1.957048581043818292e+00
5.994842503189409116e-02 1.956910508848367147e+00
6.053157608807464840e-02 1.956769527431854394e+00
6.112039977292132997e-02 1.956625362667006707e+00
6.171495126718981594e-02 1.956478669793131120e+00
6.231528628840921763e-02 1.956329271433064454e+00
6.292146109610344262e-02 1.956176412913339213e+00
6.353353249706343575e-02 1.956020465072220382e+00
6.415155785067082339e-02 1.955861544730548074e+00
6.477559507427335661e-02 1.955700776928676055e+00
6.540570264861225724e-02 1.955537306247366436e+00
6.604193962330305590e-02 1.955372788593865208e+00
6.668436562236895737e-02 1.955201945830455701e+00
6.733304084982863480e-02 1.955027926702519014e+00
6.798802609533814711e-02 1.954850023307859841e+00
6.864938273988777095e-02 1.954668704406443469e+00
6.931717276155408003e-02 1.954483730030061928e+00
6.999145874130821565e-02 1.954293331001262679e+00
7.067230386888070925e-02 1.954100820200962429e+00
7.135977194868306506e-02 1.953904863018059990e+00
7.205392740578704658e-02 1.953704526687686904e+00
7.275483529196229149e-02 1.953500598919202247e+00
7.346256129177256011e-02 1.953293459713047353e+00
7.417717172873124210e-02 1.953082776842101742e+00
7.489873357151664857e-02 1.952868207333533279e+00
7.562731444024800576e-02 1.952650490321001797e+00
7.636298261282241373e-02 1.952428257521527932e+00
7.710580703131336699e-02 1.952201125342969412e+00
7.785585730843146146e-02 1.951968876011748621e+00
7.861320373404813433e-02 1.951731609677115786e+00
7.937791728178281159e-02 1.951490176581384794e+00
8.015006961565404597e-02 1.951242678045776557e+00
8.092973309679550586e-02 1.950991311194181455e+00
8.171698079023696770e-02 1.950735434158010317e+00
8.251188647175167201e-02 1.950474643145472253e+00
8.331452463477014014e-02 1.950209203079666720e+00
8.412497049736118726e-02 1.949938165268655155e+00
8.494330000928071445e-02 1.949662321183427416e+00
8.576958985908941790e-02 1.949381513668076993e+00
8.660391748133952627e-02 1.949095935142878711e+00
8.744636106383144036e-02 1.948805401057272180e+00
8.829699955494091368e-02 1.948508329667337557e+00
8.915591267101763417e-02 1.948206318354315014e+00
9.002318090385581784e-02 1.947897732474251908e+00
9.089888552823731371e-02 1.947583242729983066e+00
9.178310860954806694e-02 1.947262494674557143e+00
9.267593301146882789e-02 1.946935562867408764e+00
9.357744240374062106e-02 1.946601910692984161e+00
9.448772127000577836e-02 1.946261402033950816e+00
9.540685491572513388e-02 1.945913611771369567e+00
9.633492947617222635e-02 1.945559001016292200e+00
9.727203192450542546e-02 1.945197661140214640e+00
9.821825007991856482e-02 1.944829023662146161e+00
9.917367261587073379e-02 1.944452618002847188e+00
1.001383890683960748e-01 1.944070836210385567e+00
1.011124898444945991e-01 1.943686903967959179e+00
1.020960662306047012e-01 1.943287824203682401e+00
1.030892104011576216e-01 1.942884526424593972e+00
1.040920154272158005e-01 1.942474174910415519e+00
1.051045752851944987e-01 1.942056973833553579e+00
1.061269848656690717e-01 1.941630513363208355e+00
1.071593399822671072e-01 1.941195610933742932e+00
1.082017373806478805e-01 1.940752546140358747e+00
1.092542747475682557e-01 1.940301127715349461e+00
1.103170507200377515e-01 1.939841537205033717e+00
1.113901648945616746e-01 1.939372036965346435e+00
1.124737178364751955e-01 1.938892774684340292e+00
1.135678110893671017e-01 1.938403165544317908e+00
1.146725471845963656e-01 1.937903246251877487e+00
1.157880296509002094e-01 1.937396148402667606e+00
1.169143630240966764e-01 1.936879060292133747e+00
1.180516528568804902e-01 1.936352002479980738e+00
1.192000057287153220e-01 1.935816056916277450e+00
1.203595292558212876e-01 1.935273061845804277e+00
1.215303321012602134e-01 1.934717672378600595e+00
1.227125239851190319e-01 1.934151885720602149e+00
1.239062156947916271e-01 1.933574370298248857e+00
1.251115190953615564e-01 1.932985680505912907e+00
1.263285471400849291e-01 1.932386581020404837e+00
1.275574138809759950e-01 1.931775361528017765e+00
1.287982344794950385e-01 1.931152473367145905e+00
1.300511252173409127e-01 1.930516584053519225e+00
1.313162035073478784e-01 1.929869422372845200e+00
1.325935879044890797e-01 1.929210298458410744e+00
1.338833981169864351e-01 1.928538715249369373e+00
1.351857550175293021e-01 1.927853550319881037e+00
1.365007806546013891e-01 1.927155651653841506e+00
1.378285982639189389e-01 1.926445471688033928e+00
1.391693322799789911e-01 1.925722310106258828e+00
1.405231083477211373e-01 1.924985659464671706e+00
1.418900533343016301e-01 1.924237531625145881e+00
1.432702953409830948e-01 1.923473429371852284e+00
1.446639637151387880e-01 1.922695302895266023e+00
1.460711890623745679e-01 1.921901912898680731e+00
1.474921032587684921e-01 1.921093041643172183e+00
1.489268394632288772e-01 1.920268840587422199e+00
1.503755321299738434e-01 1.919427995334138881e+00
1.518383170211306810e-01 1.918571122666297590e+00
1.533153312194593942e-01 1.917700478541777276e+00
1.548067131411984265e-01 1.916813093353732400e+00
1.563126025490369497e-01 1.915909187029140703e+00
1.578331405652117214e-01 1.914989903379332059e+00
1.593684696847328941e-01 1.914053449490901171e+00
1.609187337887370006e-01 1.913098789011240308e+00
1.624840781579713067e-01 1.912125714957771061e+00
1.640646494864078653e-01 1.911134328906905377e+00
1.656605958949914359e-01 1.910124587695066545e+00
1.672720669455196874e-01 1.909097601324637017e+00
1.688992136546599021e-01 1.908052052746795901e+00
1.705421885081006561e-01 1.906984388496119953e+00
1.722011454748421100e-01 1.905898094641885310e+00
1.738762400216251336e-01 1.904791414631999080e+00
1.755676291275001522e-01 1.903664110357202066e+00
1.772754712985387948e-01 1.902517003841551313e+00
1.789999265826875408e-01 1.901350033311780319e+00
1.807411565847668600e-01 1.900159893607768380e+00
1.824993244816152382e-01 1.898947835963836983e+00
1.842745950373816666e-01 1.897712891118379597e+00
1.860671346189656239e-01 1.896459461052620421e+00
1.878771112116086051e-01 1.895179757309076285e+00
1.897046944346358344e-01 1.893878177654207962e+00
1.915500555573527997e-01 1.892550252972651226e+00
1.934133675150944698e-01 1.891203031653455380e+00
1.952948049254327745e-01 1.889829892686593515e+00
1.971945441045395986e-01 1.888430798886042039e+00
1.991127630837108697e-01 1.887003123891118905e+00
2.010496416260497965e-01 1.885555085326189317e+00
2.030053612433137811e-01 1.884079124509104863e+00
2.049801052129238688e-01 1.882575810454703902e+00
2.069740585951406198e-01 1.881043676844168733e+00
2.089874082504071251e-01 1.879483333160562042e+00
2.110203428568595552e-01 1.877897839385335610e+00
2.130730529280097374e-01 1.876285055919112654e+00
2.151457308305980698e-01 1.874644782024716516e+00
2.172385708026215445e-01 1.872970489394722104e+00
2.193517689715359098e-01 1.871268071374531550e+00
2.214855233726360506e-01 1.869535755602527605e+00
2.236400339676138660e-01 1.867772066934793695e+00
2.258155026632983065e-01 1.865978642115938113e+00
2.280121333305757114e-01 1.864154190072452089e+00
2.302301318234963867e-01 1.862298450936505478e+00
2.324697059985647851e-01 1.860409413559546810e+00
2.347310657342196183e-01 1.858485629872844047e+00
2.370144229505012079e-01 1.856528016739537712e+00
2.393199916289123208e-01 1.854533358366065254e+00
2.416479878324700736e-01 1.852505899194748284e+00
2.439986297259550130e-01 1.850446316903110899e+00
2.463721375963552895e-01 1.848349634066711156e+00
2.487687338735107279e-01 1.846215368830710135e+00
2.511886431509580686e-01 1.844042873406801508e+00
2.536320922069775774e-01 1.841834682960155956e+00
2.560993100258459609e-01 1.839587949720355997e+00
2.585905278192945911e-01 1.837305603219292927e+00
2.611059790481781162e-01 1.834986665906597425e+00
2.636458994443517945e-01 1.832624045759438269e+00
2.662105270327638773e-01 1.830215898704184774e+00
2.688001021537606006e-01 1.827769652822371249e+00
2.714148674856106669e-01 1.825287055228421051e+00
2.740550680672460548e-01 1.822763452326834788e+00
2.767209513212268712e-01 1.820191804018066684e+00
2.794127670769268601e-01 1.817576053080633969e+00
2.821307675939472293e-01 1.814924358954273176e+00
2.848752075857552413e-01 1.812222998362774673e+00
2.876463442435557849e-01 1.809474267636159484e+00
2.904444372603925406e-01 1.806678971659807065e+00
2.932697488554852905e-01 1.803844205322284289e+00
2.961225437988035947e-01 1.800962655791850997e+00
2.990030894358785551e-01 1.798032727323055413e+00
3.019116557128577738e-01 1.795051976291650364e+00
3.048485152018017286e-01 1.792025564841774887e+00
3.078139431262288950e-01 1.788949573654622816e+00
3.108082173869063936e-01 1.785822417216013980e+00
3.138316185878944342e-01 1.782645451970851003e+00
3.168844300628416155e-01 1.779416909397957047e+00
3.199669379015380732e-01 1.776137551918582691e+00
3.230794309767249795e-01 1.772803082309618361e+00
3.262222009711669979e-01 1.769422432795619837e+00
3.293955424049855307e-01 1.765988747929909897e+00
3.325997526632606949e-01 1.762494463685263524e+00
3.358351320238990301e-01 1.758946292057619543e+00
3.391019836857747105e-01 1.755343736350382322e+00
3.424006137971423724e-01 1.751688353642814278e+00
3.457313314843284413e-01 1.747976204849732484e+00
3.490944488806992929e-01 1.744206241986651085e+00
3.524902811559130766e-01 1.740376681357120425e+00
3.559191465454557002e-01 1.736488564094328613e+00
3.593813663804627523e-01 1.732543017651634765e+00
3.628772651178337472e-01 1.728536754002770293e+00
3.664071703706370808e-01 1.724475029841621820e+00
3.699714129388128048e-01 1.720347433553983230e+00
3.735703268401719401e-01 1.716162675083414468e+00
3.772042493416999376e-01 1.711913601151030750e+00
3.808735209911614517e-01 1.707604802183341430e+00
3.845784856490158665e-01 1.703229180850852842e+00
3.883194905206404091e-01 1.698790388196988799e+00
3.920968861888690649e-01 1.694292274665835096e+00
3.959110266468458539e-01 1.689727035571355396e+00
3.997622693312000708e-01 1.685098934016637573e+00
4.036509751555413805e-01 1.680402259050603142e+00
4.075775085442840395e-01 1.675639599410425840e+00
4.115422374667966343e-01 1.670813304139048494e+00
4.155455334718875515e-01 1.665918002280218913e+00
4.195877717226225712e-01 1.660958270185765473e+00
4.236693310314835759e-01 1.655929682233792333e+00
4.277905938958687093e-01 1.650830504891490191e+00
4.319519465339363706e-01 1.645661592273618412e+00
4.361537789208005944e-01 1.640428301125174348e+00
4.403964848250754294e-01 1.635126032797709072e+00
4.446804618457780300e-01 1.629748711548193452e+00
4.490061114495874639e-01 1.624306029590903089e+00
4.533738390084691150e-01 1.618791331969340552e+00
4.577840538376618529e-01 1.613206257660722676e+00
4.622371692340384031e-01 1.607548857678719356e+00
4.667336025148346446e-01 1.601819548292590323e+00
4.712737750567601580e-01 1.596024419009048012e+00
4.758581123354846953e-01 1.590147945296936483e+00
4.804870439655131720e-01 1.584209616091370121e+00
4.851610037404442966e-01 1.578195243222588973e+00
4.898804296736250508e-01 1.572104976729360670e+00
4.946457640391963562e-01 1.565947399581553601e+00
4.994574534135413635e-01 1.559714153057544461e+00
5.043159487171361421e-01 1.553410003734255751e+00
5.092217052568053237e-01 1.547031034594908316e+00
5.141751827683928022e-01 1.540584674810643095e+00
5.191768454598426619e-01 1.534061041037056317e+00
5.242271620547044320e-01 1.527459852555180131e+00
5.293266058360561743e-01 1.520795969027510575e+00
5.344756546908600026e-01 1.514056418982054009e+00
5.396747911547442600e-01 1.507247836965343923e+00
5.449245024572260121e-01 1.500360056004911069e+00
5.502252805673685243e-01 1.493397690416013779e+00
5.555776222398878250e-01 1.486373825090819389e+00
5.609820290617031358e-01 1.479272945723621113e+00
5.664390074989449353e-01 1.472098311853387242e+00
5.719490689444144405e-01 1.464857853694751633e+00
5.775127297655114900e-01 1.457542806397447155e+00
5.831305113526221717e-01 1.450160137556320228e+00
5.888029401679826247e-01 1.442705016275426688e+00
5.945305477950136863e-01 1.435182238407310962e+00
6.003138709881384871e-01 1.427589433047383727e+00
6.061534517230839914e-01 1.419931520170529149e+00
6.120498372476699256e-01 1.412201138205911199e+00
6.180035801330957534e-01 1.404407332870191816e+00
6.240152383257209223e-01 1.396544916263581904e+00
6.300853751993553686e-01 1.388615987943817354e+00
6.362145596080520660e-01 1.380624749869415524e+00
6.424033659394193796e-01 1.372563085055897858e+00
6.486523741684461219e-01 1.364450740618143865e+00
6.549621699118558515e-01 1.356258754869647198e+00
6.613333444829840868e-01 1.348014228132716541e+00
6.677664949471955325e-01 1.339709877492457624e+00
6.742622241778342129e-01 1.331341758878985759e+00
6.808211409127237213e-01 1.322917550507829665e+00
6.874438598112112553e-01 1.314429350145883912e+00
6.941310015117725385e-01 1.305891982389591810e+00
7.008831926901714082e-01 1.297292025610672583e+00
7.077010661181889484e-01 1.288641396846372356e+00
7.145852607229240538e-01 1.279937850679432332e+00
7.215364216466665370e-01 1.271177822992130002e+00
7.285552003073593186e-01 1.262369864683201559e+00
7.356422544596413760e-01 1.253511254984496004e+00
7.427982482564918776e-01 1.244602946990510883e+00
7.500238523114668432e-01 1.235649007107701536e+00
7.573197437615483141e-01 1.226649215893599987e+00
7.646866063305975958e-01 1.217601338425048807e+00
7.721251303934327792e-01 1.208518131873393520e+00
7.796360130405233235e-01 1.199387655897601324e+00
7.872199581433195759e-01 1.190217611389638552e+00
7.948776764202123424e-01 1.181011767130153434e+00
8.026098855031396084e-01 1.171767306066578973e+00
8.104173100048355227e-01 1.162488984677976012e+00
8.183006815867394090e-01 1.153175454570921854e+00
8.262607390275591435e-01 1.143831755946618012e+00
8.342982282925082149e-01 1.134454574773458013e+00
8.424139026032094746e-01 1.125051985646348562e+00
8.506085225082840040e-01 1.115620979313139527e+00
8.588828559546254349e-01 1.106168165997347907e+00
8.672376783593644944e-01 1.096690625016728315e+00
8.756737726825394308e-01 1.087189089418926002e+00
8.841919295004664336e-01 1.077668468404235469e+00
8.927929470798307010e-01 1.068135823894447833e+00
9.014776314524917122e-01 1.058582433444283932e+00
9.102467964910225806e-01 1.049014704423578248e+00
9.191012639849772681e-01 1.039435397306891495e+00
9.280418637179072006e-01 1.029846018993081591e+00
9.370694335451198453e-01 1.020248643694183999e+00
9.461848194722002336e-01 1.010645583383156243e+00
9.553888757342895444e-01 1.001039170026956526e+00
9.646824648761427312e-01 9.914258791831581652e-01
9.740664578329562007e-01 9.818118192867664185e-01
9.835417340119908536e-01 9.722037813220855140e-01
9.931091813749796104e-01 9.625960282356235131e-01
1.002769696521346621e+00 9.529944419363264307e-01
1.012524184772224167e+00 9.433980085780900859e-01
1.022373560255302127e+00 9.338123972755338897e-01
1.032318745990486564e+00 9.242345350772867008e-01
1.042360673976402197e+00 9.146730157518125903e-01
1.052500285277732761e+00 9.051261019594338819e-01
1.062738530113414459e+00 8.955930025730949318e-01
1.073076367945679621e+00 8.860810466607018654e-01
1.083514767569973225e+00 8.765855525244853341e-01
1.094054707205742494e+00 8.671165295487950342e-01
1.104697174588111785e+00 8.576698624006534599e-01
1.115443167060441221e+00 8.482476915917813720e-01
1.126293691667795249e+00 8.388520506752454864e-01
1.137249765251314271e+00 8.294898984945877629e-01
1.148312414543511073e+00 8.201544597366114964e-01
1.159482676264482759e+00 8.108553045325894715e-01
1.170761597219069250e+00 8.015887262887627651e-01
1.182150234394952371e+00 7.923583113777817877e-01
1.193649655061713055e+00 7.831655550006404454e-01
1.205260936870842681e+00 7.740116944953162603e-01
1.216985167956738056e+00 7.649008546239203232e-01
1.228823447038673411e+00 7.558312788637808755e-01
1.240776883523764251e+00 7.468046228306867151e-01
1.252846597610937529e+00 7.378256162847837141e-01
1.265033720395903893e+00 7.288921388631736109e-01
1.277339393977160009e+00 7.200076422562980971e-01
1.289764771563017165e+00 7.111773043077882495e-01
1.302311017579677488e+00 7.023856908317357428e-01
1.314979307780347773e+00 6.936598746999550480e-01
1.327770829355430449e+00 6.849835535436031853e-01
1.340686781043774811e+00 6.763600414829659124e-01
1.353728373245021821e+00 6.677950741343591234e-01
1.366896828133026487e+00 6.592853372612402785e-01
1.380193379770397355e+00 6.508368884235906648e-01
1.393619274224142002e+00 6.424465904903354785e-01
1.407175769682446731e+00 6.341166036392887895e-01
1.420864136572576708e+00 6.258505118238175680e-01
1.434685657679937831e+00 6.176425358672982258e-01
1.448641628268290127e+00 6.095018223589597772e-01
1.462733356201129986e+00 6.014271352787764480e-01
1.476962162064259898e+00 5.934136924399175950e-01
1.491329379289537682e+00 5.854685610477371460e-01
1.505836354279841416e+00 5.775893981531377008e-01
1.520484446535244283e+00 5.697771763737502493e-01
1.535275028780422657e+00 5.620378224356198382e-01
1.550209487093291205e+00 5.543626196736242129e-01
1.565289221034902312e+00 5.467570191337286500e-01
1.580515643780601165e+00 5.392235678489856188e-01
1.595890182252465817e+00 5.317599167391132697e-01
1.611414277253019778e+00 5.243680191429817006e-01
1.627089383600260675e+00 5.170470641735868123e-01
1.642916970263993193e+00 5.097987040127708314e-01
1.658898520503498064e+00 5.026201255581231875e-01
1.675035532006524441e+00 4.955154236462609441e-01
1.691329517029648732e+00 4.884843538526944529e-01
1.707782002539993016e+00 4.815288607702850610e-01
1.724394530358320354e+00 4.746435442461910403e-01
1.741168657303530987e+00 4.678303339456675869e-01
1.758105955338547632e+00 4.610923187087649366e-01
1.775208011717636092e+00 4.544315318639247647e-01
1.792476429135148930e+00 4.478418727717635717e-01
1.809912825875727105e+00 4.413251018457512442e-01
1.827518835965944666e+00 4.348828863722926097e-01
1.845296109327445366e+00 4.285140779918083509e-01
1.863246311931559873e+00 4.222214567221823645e-01
1.881371125955437096e+00 4.160012013699175837e-01
1.899672249939675650e+00 4.098557730447960346e-01
1.918151398947507635e+00 4.037818952137811057e-01
1.936810304725519849e+00 3.977802497670602233e-01
1.955650715865949074e+00 3.918554721810361130e-01
1.974674397970537454e+00 3.860023428992881422e-01
1.993883133816001019e+00 3.802221491380304852e-01
2.013278723521096492e+00 3.745123778528668956e-01
2.032862984715323673e+00 3.688761235830969043e-01
2.052637752709252084e+00 3.633121847362551504e-01
2.072604880666519822e+00 3.578202707186464160e-01
2.092766239777499759e+00 3.523982961491106680e-01
2.113123719434652603e+00 3.470473047997416627e-01
2.133679227409597701e+00 3.417675889597497352e-01
2.154434690031884259e+00 3.365563415586442231e-01
2.175392052369522489e+00 3.314152706255814040e-01
2.196553278411258248e+00 3.263433681655759089e-01
2.217920351250634692e+00 3.213412153645784919e-01
2.239495273271823184e+00 3.164051897620054343e-01
2.261280066337279404e+00 3.115380351419321792e-01
2.283276771977218012e+00 3.067371087942365460e-01
2.305487451580938707e+00 3.020042218848245086e-01
2.327914186589993051e+00 2.973360359471881043e-01
2.350559078693253756e+00 2.927339811342800635e-01
2.373424250023866033e+00 2.881962218818325816e-01
2.396511843358130278e+00 2.837238006491182296e-01
2.419824022316292567e+00 2.793148848211960411e-01
2.443362971565319341e+00 2.749687073440538199e-01
2.467130897023623426e+00 2.706857269652792053e-01
2.491130026067788439e+00 2.664641797940706103e-01
2.515362607741312928e+00 2.623044155120725085e-01
2.539830912965362675e+00 2.582057819041290725e-01
2.564537234751594674e+00 2.541671310171555453e-01
2.589483888417040802e+00 2.501860001134739719e-01
2.614673211801092023e+00 2.462667221301227394e-01
2.640107565484572927e+00 2.424044543239851357e-01
2.665789333010967876e+00 2.385992605053993132e-01
2.691720921109787668e+00 2.348521861717601800e-01
2.717904759922122881e+00 2.311594726557018586e-01
2.744343303228365283e+00 2.275250064811694117e-01
2.771039028678170535e+00 2.239434985703681880e-01
2.797994438022641805e+00 2.204177087803730617e-01
2.825212057348790218e+00 2.169451125698432237e-01
2.852694437316245057e+00 2.135238252794120772e-01
2.880444153396297668e+00 2.101580269476007734e-01
2.908463806113254169e+00 2.068425288211587498e-01
2.936756021288137397e+00 2.035773280995901158e-01
2.965323450284773621e+00 2.003629969068159988e-01
2.994168770258243573e+00 1.971988631764771960e-01
3.023294684405779531e+00 1.940840059317971988e-01
3.052703922220086241e+00 1.910175579143764957e-01
3.082399239745143404e+00 1.879983099309660288e-01
3.112383419834465759e+00 1.850263461049033997e-01
3.142659272411905569e+00 1.821014820845334448e-01
3.173229634734976212e+00 1.792223691189761825e-01
3.204097371660752813e+00 1.763881526484052387e-01
3.235265375914330388e+00 1.735990954999727387e-01
3.266736568359921655e+00 1.708535365649995474e-01
3.298513898274578082e+00 1.681515257070377856e-01
3.330600343624588788e+00 1.654916463245944547e-01
3.362998911344535991e+00 1.628760952842276677e-01
3.395712637619100693e+00 1.603008724159294685e-01
3.428744588167585317e+00 1.577652560046824415e-01
3.462097858531227423e+00 1.552710368063899282e-01
3.495775574363275240e+00 1.528169357988107546e-01
3.529780891721914671e+00 1.504025836920008241e-01
3.564116997366032269e+00 1.480256798842191912e-01
3.598787109053855460e+00 1.456867491197222919e-01
3.633794475844513094e+00 1.433852514967513536e-01
3.669142378402494131e+00 1.411211874379491860e-01
3.704834129305105694e+00 1.388939236518519915e-01
3.740873073352900313e+00 1.367018621817865098e-01
3.777262587883141176e+00 1.345445986787916492e-01
3.814006083086284082e+00 1.324222271323976796e-01
3.851107002325572903e+00 1.303337916392693918e-01
3.888568822459721019e+00 1.282799039031713995e-01
3.926395054168756449e+00 1.262586772300984261e-01
3.964589242282997805e+00 1.242694496029779216e-01
4.003154966115265445e+00 1.223122926188838638e-01
4.042095839796306045e+00 1.203873563384601914e-01
4.081415512613501662e+00 1.184934813929436198e-01
4.121117669352832635e+00 1.166297695273023211e-01
4.161206030644208020e+00 1.147960897202773417e-01
4.201684353310133346e+00 1.129922301083030184e-01
4.242556430717777438e+00 1.112174212347254443e-01
4.283826093134470270e+00 1.094712617704148711e-01
4.325497208086633627e+00 1.077532846290136098e-01
4.367573680722233398e+00 1.060632829544808226e-01
4.410059454176736615e+00 1.043999459058669449e-01
4.452958509942654963e+00 1.027640844325625330e-01
4.496274868242640110e+00 1.011541860648339508e-01
4.540012588406244554e+00 9.957078923957414507e-02
4.584175769250333765e+00 9.801254027530106883e-02
4.628768549463215365e+00 9.647969128639498348e-02
4.673795107992464004e+00 9.497117301871871309e-02
4.719259664436561863e+00 9.348732382317218037e-02
4.765166479440326341e+00 9.202742747681541546e-02
4.811519855094205766e+00 9.059073515694393564e-02
4.858324135337417360e+00 8.917752839883266724e-02
4.905583706365050922e+00 8.778675910956612594e-02
4.953302997039108924e+00 8.641848591174204619e-02
5.001486479303548727e+00 8.507264644294525169e-02
5.050138668603383785e+00 8.374825910993784206e-02
5.099264124307808288e+00 8.244447003860941314e-02
5.148867450137498025e+00 8.116252153432708394e-02
5.198953294596024399e+00 7.990070755106677691e-02
5.249526351405507718e+00 7.865946545285755487e-02
5.300591359946452030e+00 7.743752427492094081e-02
5.352153105701904501e+00 7.623541900460381604e-02
5.404216420705915347e+00 7.505308821834139055e-02
5.456786183996381823e+00 7.388906912967223295e-02
5.509867322072253160e+00 7.274417650075654107e-02
5.563464809355226137e+00 7.161709394424527197e-02
5.617583668655908191e+00 7.050797217518264826e-02
5.672228971644543094e+00 6.941729543886641929e-02
5.727405839326266346e+00 6.834326899298123759e-02
5.783119442521027054e+00 6.728666623315346373e-02
5.839375002348160315e+00 6.624677022523173253e-02
5.896177790715694478e+00 6.522342068147200800e-02
5.953533130814370189e+00 6.421665206798353454e-02
6.011446397616513337e+00 6.322559759221396680e-02
6.069923018379741464e+00 6.225013263494530436e-02
6.128968473155564034e+00 6.129028729464398167e-02
6.188588295302960063e+00 6.034582205651747855e-02
6.248788072006894012e+00 5.941604225053625371e-02
6.309573444801936049e+00 5.850121014178469997e-02
6.370950110100935149e+00 5.760082154283619610e-02
6.432923819728876502e+00 5.671425324739737261e-02
6.495500381461869033e+00 5.584193964298247992e-02
6.558685659571435345e+00 5.498350782479834858e-02
6.622485575374063238e+00 5.413873165695559653e-02
6.686906107786136921e+00 5.330682290658895345e-02
6.751953293884205287e+00 5.248789625390556934e-02
6.817633229470763112e+00 5.168215959455239872e-02
6.883952069645496330e+00 5.088928851743183823e-02
6.950916029382126382e+00 5.010843074810070880e-02
7.018531384110795912e+00 4.933990048934762396e-02
7.086804470306189430e+00 4.858329325274113319e-02
7.155741686081340980e+00 4.783862050187062676e-02
7.225349491787214085e+00 4.710564650447213175e-02
7.295634410618154320e+00 4.638410056066422787e-02
7.366603029223159460e+00 4.567370857140884421e-02
7.438261998323163482e+00 4.497420598862910540e-02
7.510618033334286459e+00 4.428574823226762852e-02
7.583677914997190683e+00 4.360819928045472915e-02
7.657448490012479958e+00 4.293546340950996770e-02
7.731936671682362316e+00 4.228404738129841467e-02
7.807149440558499798e+00 4.163724853352533672e-02
7.883093845096216690e+00 4.100056500116565361e-02
7.959777002314985417e+00 4.037382368045398795e-02
8.037206098465421888e+00 3.975663118189671358e-02
8.115388389702712146e+00 3.914900694718226326e-02
8.194331202766655053e+00 3.855067248974033967e-02
8.274041935668218883e+00 3.796153796636025923e-02
8.354528058382872047e+00 3.738159979935678362e-02
8.435797113550611570e+00 3.681049439244760135e-02
8.517856717182803905e+00 3.624816552357194854e-02
8.600714559375941093e+00 3.569441569783703139e-02
8.684378405032257220e+00 3.514928297993333284e-02
8.768856094587436090e+00 3.461230352657160975e-02
8.854155544745349715e+00 3.408379189974876378e-02
8.940284749219998162e+00 3.356319847887961894e-02
9.027251779484577909e+00 3.305056906011762108e-02
9.115064785527916769e+00 3.254572039768737629e-02
9.203731996618220279e+00 3.204870393263596628e-02
9.293261722074316111e+00 3.155908805531155298e-02
9.383662352044273902e+00 3.107512468046918011e-02
9.474942358291729150e+00 3.060229504777801229e-02
9.567110294989774388e+00 3.013478732120183218e-02
9.660174799522645017e+00 2.967431821637557879e-02
9.754144593295098531e+00 2.922092857411769801e-02
9.849028482549766039e+00 2.877424655552502861e-02
9.944835359192397917e+00 2.833176181632088633e-02
1.004157420162519543e+01 2.790124455979343249e-02
1.013925407558815373e+01 2.747464759270172932e-02
1.023788413500867378e+01 2.705435658033497962e-02
1.033747362285940774e+01 2.664046694532445914e-02
1.043803187202444072e+01 2.623297797202759490e-02
1.053956830617394580e+01 2.583146152530058776e-02
1.064209244064724658e+01 2.543609417782321733e-02
1.074561388334458023e+01 2.504657315003668699e-02
1.085014233562746178e+01 2.466293966645553490e-02
1.095568759322787855e+01 2.428520698483013079e-02
1.106225954716621906e+01 2.391294806579544185e-02
1.116986818467823817e+01 2.354634273857952528e-02
1.127852359015096795e+01 2.318520299021066891e-02
1.138823594606782130e+01 2.282948433090791623e-02
1.149901553396274245e+01 2.247920145181663346e-02
1.161087273538378994e+01 2.213411415787183353e-02
1.172381803286598512e+01 2.179405752918563491e-02
1.183786201091373513e+01 2.145920819315772290e-02
1.195301535699265827e+01 2.112936205193429243e-02
1.206928886253119870e+01 2.080433530960962285e-02
1.218669342393191712e+01 2.048430446004355018e-02
1.230524004359261525e+01 2.016898177502076880e-02
1.242493983093746479e+01 1.985827134541137684e-02
1.254580400345803248e+01 1.954964862419730429e-02
1.266784388776455827e+01 1.925094198888977967e-02
1.279107092064739781e+01 1.895389679236242006e-02
1.291549665014884063e+01 1.866131598925286142e-02
1.304113273664525430e+01 1.837311649538202890e-02
1.316799095393986185e+01 1.808924444781656246e-02
1.329608319036608854e+01 1.780947286669068083e-02
1.342542144990170527e+01 1.753397695125112621e-02
1.355601785329368880e+01 1.726250143537287965e-02
1.368788463919415221e+01 1.699508590521615903e-02
1.382103416530724438e+01 1.673161929291023392e-02
1.395547890954729020e+01 1.647208860253373749e-02
1.409123147120805619e+01 1.621637134857156770e-02
1.422830457214353395e+01 1.596443250760013616e-02
1.436671105796013137e+01 1.571624574960498247e-02
1.450646389922046886e+01 1.547174160089924248e-02
1.464757619265895272e+01 1.523088263614917441e-02
1.479006116240903168e+01 1.499350052858968926e-02
1.493393216124253264e+01 1.475968227433367870e-02
1.507920267182097263e+01 1.452933913410892064e-02
1.522588630795911513e+01 1.430056106102501126e-02
1.537399681590069456e+01 1.407881298741536086e-02
1.552354807560667105e+01 1.385849768943225868e-02
1.567455410205595001e+01 1.364149623991801376e-02
1.582702904655883280e+01 1.342770073443133073e-02
1.598098719808309376e+01 1.321701644253263537e-02
1.613644298459311699e+01 1.300948271419479288e-02
1.629341097440194730e+01 1.280498799868241833e-02
1.645190587753662470e+01 1.260353959486264740e-02
1.661194254711659113e+01 1.240508356263110915e-02
1.677353598074571295e+01 1.220954170069003114e-02
1.693670132191772026e+01 1.201689563464177109e-02
1.710145386143542012e+01 1.182708207163595156e-02
1.726780903884355922e+01 1.164009462940795471e-02
1.743578244387577669e+01 1.145587725817027482e-02
1.760538981791556523e+01 1.127434847751466497e-02
1.777664705547142532e+01 1.109553840980058090e-02
1.794957020566648254e+01 1.091936133274268479e-02
1.812417547374237614e+01 1.074578389633335310e-02
1.830047922257800863e+01 1.057480483803102667e-02
1.847849797422290763e+01 1.040632033273026016e-02
1.865824841144566193e+01 1.024035435476824442e-02
1.883974737929719367e+01 1.007681735816558059e-02
1.902301188668945642e+01 9.915731245470489966e-03
1.920805910798935301e+01 9.757010767702035611e-03
1.939490638462828542e+01 9.600639583674163910e-03
1.958357122672716955e+01 9.446638932649124853e-03
1.977407131473744428e+01 9.294851198004125056e-03
1.996642450109793288e+01 9.145378005228394988e-03
2.016064881190793656e+01 8.998069380997291908e-03
2.035676244861640072e+01 8.852964787209203698e-03
2.055478378972772546e+01 8.710032262761110977e-03
2.075473139252405730e+01 8.569213796129840008e-03
2.095662399480432825e+01 8.430484379382808396e-03
2.116048051664034446e+01 8.293823098092754920e-03
2.136632006214970403e+01 8.159191312982439978e-03
2.157416192128621546e+01 8.026577275905581385e-03
2.178402557164756459e+01 7.895897884423467433e-03
2.199593068030074861e+01 7.767193863378649317e-03
2.220989710562497521e+01 7.640430579941051917e-03
2.242594489917278011e+01 7.515520224317982084e-03
2.264409430754907504e+01 7.392486243057796308e-03
2.286436577430861306e+01 7.271296965022526308e-03
2.308677994187169702e+01 7.151785460339604023e-03
2.331135765345874944e+01 7.034384466827697455e-03
2.353811995504354471e+01 6.918518321389420522e-03
2.376708809732560823e+01 6.804399639012509611e-03
2.399828353772154799e+01 6.692008893287981937e-03
2.423172794237600769e+01 6.581305742478384298e-03
2.446744318819203201e+01 6.472263004273938643e-03
2.470545136488123816e+01 6.364861340097570201e-03
2.494577477703398571e+01 6.259075598629638276e-03
2.518843594620949489e+01 6.154874931002157594e-03
2.543345761304651020e+01 6.052260461209382596e-03
2.568086273939435316e+01 5.951172010127585635e-03
2.593067451046487548e+01 5.851596950633223757e-03
2.618291633700505372e+01 5.753572391827075326e-03
2.643761185749101372e+01 5.657000594399525829e-03
2.669478494034320804e+01 5.561885258856364214e-03
2.695445968616333587e+01 5.468231781075204995e-03
2.721666042999271795e+01 5.375966408931201652e-03
2.748141174359293259e+01 5.285119613618934759e-03
2.774873843774846804e+01 5.195651937764299289e-03
2.801866556459195223e+01 5.107551663670131109e-03
2.829121841995168651e+01 5.020779733626756086e-03
2.856642254572233952e+01 4.935337435477781150e-03
2.884430373225852051e+01 4.851196728758270203e-03
2.912488802079168337e+01 4.768336231116326353e-03
2.940820170587063842e+01 4.686743911992496438e-03
2.969427133782552986e+01 4.606406011526436445e-03
2.998312372525609959e+01 4.527287516766250082e-03
3.027478593754393543e+01 4.449399101698559011e-03
3.056928530738937155e+01 4.372682974899415667e-03
3.086664943337274636e+01 4.297162476466841879e-03
3.116690618254088463e+01 4.222793329859713188e-03
3.147008369301855879e+01 4.149578442502775862e-03
3.177621037664554038e+01 4.077505790858660176e-03
3.208531492163897525e+01 4.006527457202605814e-03
3.239742629528198847e+01 3.936654002420996064e-03
3.271257374663825601e+01 3.867867937839099008e-03
3.303078680929315425e+01 3.800155868838952546e-03
3.335209530412127066e+01 3.733458917895151642e-03
3.367652934208116022e+01 3.667824254117679240e-03
3.400411932703705986e+01 3.603218336173754244e-03
3.433489595860830690e+01 3.539616196205152155e-03
3.466889023504609213e+01 3.476998893826204699e-03
3.500613345613854221e+01 3.415374274573691575e-03
3.534665722614391115e+01 3.354702778600359737e-03
3.569049345675229290e+01 3.294988318746213014e-03
3.603767437007633134e+01 3.236191060622071406e-03
3.638823250167062184e+01 3.178348171125080796e-03
3.674220070358090595e+01 3.121404606705637051e-03
3.709961214742267543e+01 3.065356601716931039e-03
3.746050032748993175e+01 3.010201586513333669e-03
3.782489906389385936e+01 2.955918999664345313e-03
3.819284250573236505e+01 2.902488759995661832e-03
3.856436513429023449e+01 2.849909866614557755e-03
3.893950176627063087e+01 2.798170963197113212e-03
3.931828755705770106e+01 2.747247305775798315e-03
3.970075800401124155e+01 2.697143923708818138e-03
4.008694894979318946e+01 2.647828118115723439e-03
4.047689658572676308e+01 2.599311235243394625e-03
4.087063745518780422e+01 2.551582308679299724e-03
4.126820845702955864e+01 2.504593530452922309e-03
4.166964684904057492e+01 2.458380438265540206e-03
4.207499025143619065e+01 2.412900316969943289e-03
4.248427665038425260e+01 2.368157204373924976e-03
4.289754440156466586e+01 2.324139747170455520e-03
4.331483223376402947e+01 2.280834417442256790e-03
4.373617925250492533e+01 2.238232478736654207e-03
4.416162494371084790e+01 2.196319578065525965e-03
4.459120917740628443e+01 2.155083950213253045e-03
4.502497221145327444e+01 2.114520622204974984e-03
4.546295469532399380e+01 2.074629860910121981e-03
4.590519767391037220e+01 2.035392851297783152e-03
4.635174259137027519e+01 1.996785516063022230e-03
4.680263129501155817e+01 1.958813544618445181e-03
4.725790603921362276e+01 1.921473911271399200e-03
4.771760948938745628e+01 1.884745481683108717e-03
4.818178472597362827e+01 1.848623984212076181e-03
4.865047524847972937e+01 1.813096787878538821e-03
4.912372497955678341e+01 1.778157479935058320e-03
4.960157826911540724e+01 1.743803705262769342e-03
5.008407989848212338e+01 1.710014521243811503e-03
5.057127508459573306e+01 1.676786631414022835e-03
5.106320948424492911e+01 1.644124453925347677e-03
5.155992919834686461e+01 1.611995694690101849e-03
5.206148077626762216e+01 1.580412832392117913e-03
5.256791122018424289e+01 1.549356858305567675e-03
5.307926798948964375e+01 1.518824045884246705e-03
5.359559900524011766e+01 1.488806193094050151e-03
5.411695265464637572e+01 1.459292299620129976e-03
5.464337779560780461e+01 1.430272753557837668e-03
5.517492376129128928e+01 1.401744784532572927e-03
5.571164036475430237e+01 1.373714443321386817e-03
5.625357790361330501e+01 1.346157234624618297e-03
5.680078716475694733e+01 1.319053392366469762e-03
5.735331942910571712e+01 1.292430756980983116e-03
5.791122647641758192e+01 1.266258409685256346e-03
5.847456059014062646e+01 1.240518493599754302e-03
5.904337456231242243e+01 1.215241667468953740e-03
5.961772169850755887e+01 1.190391365746989397e-03
6.019765582283304184e+01 1.165964981892176960e-03
6.078323128297230227e+01 1.141970353466469816e-03
6.137450295527852973e+01 1.118384727514532386e-03
6.197152624991698389e+01 1.095204841723979375e-03
6.257435711605789663e+01 1.072431459470026471e-03
6.318305204711957401e+01 1.050049611764947242e-03
6.379766808606282069e+01 1.028076121411139335e-03
6.441826283073628190e+01 1.006460036881261970e-03
6.504489443927437264e+01 9.852355711777252296e-04
6.567762163554736787e+01 9.643869989795591418e-04
6.631650371466487570e+01 9.438858886253605716e-04
6.696160054853221766e+01 9.237630878352871919e-04
6.761297259146149941e+01 9.039902337460829513e-04
6.827068088583682481e+01 8.845639153774231605e-04
6.893478706783510290e+01 8.654872005797124151e-04
6.960535337320180815e+01 8.467445281942713843e-04
7.028244264308352740e+01 8.283346244254839903e-04
7.096611832991698066e+01 8.102519856907439838e-04
7.165644450337531168e+01 7.924952722123493895e-04
7.235348585637258623e+01 7.750501494951599589e-04
7.305730771112592947e+01 7.579214118786864809e-04
7.376797602527737752e+01 7.410959264456085886e-04
7.448555739807494547e+01 7.245722170251862751e-04
7.521011907661404905e+01 7.083474246948627323e-04
7.594172896213913759e+01 6.924130758664820548e-04
7.668045561640717267e+01 6.767688815016495701e-04
7.742636826811269657e+01 6.614093217447585037e-04
7.817953681937576960e+01 6.463228540976908567e-04
7.894003185229233566e+01 6.315121548302574279e-04
7.970792463554894880e+01 6.169665155477634848e-04
8.048328713110151966e+01 6.026856158223718772e-04
8.126619200091946027e+01 5.886739361384045943e-04
8.205671261379453085e+01 5.749063924580079601e-04
8.285492305221690401e+01 5.613940168181583016e-04
8.366089811931756515e+01 5.481317389730822574e-04
8.447471334587828551e+01 5.351044147213879871e-04
8.529644499741024788e+01 5.223228865990920799e-04
8.612617008130067120e+01 5.097717694280026572e-04
8.696396635402970787e+01 4.974529137267724201e-04
8.780991232845718741e+01 4.853600008257307613e-04
8.866408728118061333e+01 4.734877060119686430e-04
8.952657125996400111e+01 4.618363640607687018e-04
9.039744509123974581e+01 4.503977359230626194e-04
9.127679038768296493e+01 4.391687398700530620e-04
9.216468955586012157e+01 4.281515788631665891e-04
9.306122580395103228e+01 4.173317317219922486e-04
9.396648314954700254e+01 4.067165089304064984e-04
9.488054642752423717e+01 3.962934802919074097e-04
9.580350129799435877e+01 3.860663178723218480e-04
9.673543425433136633e+01 3.760226446297100706e-04
9.767643263127766318e+01 3.661675210097868876e-04
9.862658461312820180e+01 3.564917930365711033e-04
9.958597924199507645e+01 3.469955938380455849e-04
1.005547064261513555e+02 3.376730470440597598e-04
1.015328569484565975e+02 3.285211230193833300e-04
1.025205224748657002e+02 3.195380639854232584e-04
1.035177955630176285e+02 3.107193503262833814e-04
1.045247696709102172e+02 3.020608354975344296e-04
1.055415391656582784e+02 2.935611636118604052e-04
1.065681993323370733e+02 2.852142951095532736e-04
1.076048463829117878e+02 2.770201437682668776e-04
1.086515774652539505e+02 2.689735033359684870e-04
1.097084906722451905e+02 2.610696249638833825e-04
1.107756850509708642e+02 2.533071584746414287e-04
1.118532606120007102e+02 2.456838177521826049e-04
1.129413183387621018e+02 2.381932017513288470e-04
1.140399601970033103e+02 2.308332796446237861e-04
1.151492891443491402e+02 2.236027054490917661e-04
1.162694091399494027e+02 2.164942230715424570e-04
1.174004251542213098e+02 2.095075604011849822e-04
1.185424431786863977e+02 2.026414270890868204e-04
1.196955702359042846e+02 1.958875236833413237e-04
1.208599143895007444e+02 1.892427807666524501e-04
1.220355847542956980e+02 1.827040647311662595e-04
1.232226915065284345e+02 1.762690540608385990e-04
1.244213458941827213e+02 1.699322206890496885e-04
1.256316602474121424e+02 1.636926676606762616e-04
1.268537479890670454e+02 1.575409327558308385e-04
1.280877236453237629e+02 1.514762980497612202e-04
1.293337028564169486e+02 1.454933217563222263e-04
1.305918023874777987e+02 1.395872876663621295e-04
1.318621401394748602e+02 1.337502736286364847e-04
1.331448351602640230e+02 1.279804790168035766e-04
1.344400076557447221e+02 1.222680344935099929e-04
1.357477790011246839e+02 1.166082062531942983e-04
1.370682717522946348e+02 1.109913245993282462e-04
1.384016096573132870e+02 1.054092560564694100e-04
1.397479176680040780e+02 9.985102872007719599e-05
1.411073219516657957e+02 9.430524745784257346e-05
1.424799499028946457e+02 8.875671353555327663e-05
1.438659301555238414e+02 8.318825377133867716e-05
1.452653925946781328e+02 7.757778062055211885e-05
1.466784683689457722e+02 7.189695173570629456e-05
1.481052899026690000e+02 6.610913580354057292e-05
1.495459909083537866e+02 6.016336939632182612e-05
1.510007063992007659e+02 5.398619136087228545e-05
1.524695727017573006e+02 4.746417157292644412e-05
1.539527274686944622e+02 4.040471885778065575e-05
1.554503096917050300e+02 3.242789964003466859e-05
1.569624597145302403e+02 2.253887967741286606e-05
1.584893192461114211e+02 0.000000000000000000e+00
