1.000000000000000021e-02 1.311374320409218308e+00
1.009727545900835841e-02 1.311368643354178465e+00
1.019549716950923779e-02 1.311363415624248185e+00
1.029467433620748044e-02 1.311358204782640646e+00
1.039481625334708927e-02 1.311352824829019603e+00
1.049593230558227772e-02 1.311347314028968647e+00
1.059803196885688789e-02 1.311341667139914291e+00
1.070112481129246833e-02 1.311335898132975686e+00
1.080522049408488318e-02 1.311329994227399265e+00
1.091032877240974419e-02 1.311324214517221920e+00
1.101645949633656314e-02 1.311318069823819377e+00
1.112362261175187626e-02 1.311311788139567946e+00
1.123182816129126085e-02 1.311305379293504103e+00
1.134108628528052165e-02 1.311298241308321844e+00
1.145140722268592030e-02 1.311291540741434725e+00
1.156280131207376022e-02 1.311285333448535262e+00
1.167527899257919492e-02 1.311278226661789725e+00
1.178885080488457221e-02 1.311270889854146970e+00
1.190352739220719262e-02 1.311263405480006528e+00
1.201931950129673729e-02 1.311255934281143620e+00
1.213623798344241195e-02 1.311248656939879353e+00
1.225429379548980714e-02 1.311240895671663020e+00
1.237349800086776086e-02 1.311232777733052357e+00
1.249386177062509519e-02 1.311224326984275379e+00
1.261539638447754796e-02 1.311216168519426795e+00
1.273811323186478488e-02 1.311207976560116339e+00
1.286202381301779218e-02 1.311199370151447052e+00
1.298713974003655978e-02 1.311190598449396560e+00
1.311347273797833224e-02 1.311181671239059154e+00
1.324103464595636874e-02 1.311172555074249013e+00
1.336983741824946531e-02 1.311163584702241813e+00
1.349989312542219239e-02 1.311154342007035289e+00
1.363121395545611320e-02 1.311144797523029260e+00
1.376381221489191876e-02 1.311135044743528377e+00
1.389770032998276401e-02 1.311124315386464234e+00
1.403289084785873213e-02 1.311114016423060580e+00
1.416939643770268736e-02 1.311103610826752641e+00
1.430722989193757184e-02 1.311093065573344596e+00
1.444640412742520530e-02 1.311081720368028947e+00
1.458693218667675602e-02 1.311071402480489700e+00
1.472882723907502529e-02 1.311060571767556526e+00
1.487210258210860774e-02 1.311049301350215357e+00
1.501677164261799868e-02 1.311037046862229216e+00
1.516284797805393485e-02 1.311025145910429623e+00
1.531034527774784160e-02 1.311013372542142896e+00
1.545927736419477720e-02 1.311001070901971044e+00
1.560965819434872483e-02 1.310988856098394439e+00
1.576150186093060873e-02 1.310976489564777081e+00
1.591482259374891323e-02 1.310964515848072942e+00
1.606963476103326349e-02 1.310949893363072549e+00
1.622595287078087284e-02 1.310936350665303118e+00
1.638379157211618947e-02 1.310922457965672638e+00
1.654316565666366645e-02 1.310908284499009868e+00
1.670409005993399310e-02 1.310893796178862258e+00
1.686657986272368723e-02 1.310879517890252366e+00
1.703065029252844378e-02 1.310864408427964367e+00
1.719631672497009753e-02 1.310849143006271422e+00
1.736359468523754335e-02 1.310834229699204823e+00
1.753249984954170088e-02 1.310817886392646736e+00
1.770304804658450262e-02 1.310801797493514442e+00
1.787525525904235316e-02 1.310785486057977955e+00
1.804913762506383731e-02 1.310768769770982667e+00
1.822471143978214581e-02 1.310751662669478845e+00
1.840199315684210371e-02 1.310734225878829262e+00
1.858099938994215231e-02 1.310716538167232104e+00
1.876174691439120440e-02 1.310698450842578966e+00
1.894425266868081034e-02 1.310679833856845278e+00
1.912853375607242307e-02 1.310660495392607539e+00
1.931460744620030340e-02 1.310641335223863502e+00
1.950249117668984011e-02 1.310621936227629458e+00
1.969220255479172538e-02 1.310601862373612869e+00
1.988375935903200636e-02 1.310581455487105362e+00
2.007717954087816226e-02 1.310560712568025199e+00
2.027248122642137662e-02 1.310539392932714708e+00
2.046968271807520987e-02 1.310517653608751276e+00
2.066880249629082095e-02 1.310495547645112557e+00
2.086985922128879734e-02 1.310473002430941225e+00
2.107287173480786382e-02 1.310450082464030830e+00
2.127785906187062287e-02 1.310427725893804185e+00
2.148484041256648255e-02 1.310403760266523276e+00
2.169383518385184506e-02 1.310379149418263500e+00
2.190486296136792688e-02 1.310354618134371041e+00
2.211794352127614133e-02 1.310329283458934624e+00
2.233309683211144592e-02 1.310303173851893765e+00
2.255034305665360936e-02 1.310277007730192622e+00
2.276970255381680075e-02 1.310250362736340657e+00
2.299119588055741764e-02 1.310223038581238120e+00
2.321484379380064564e-02 1.310195185055232248e+00
2.344066725238556220e-02 1.310166484277287990e+00
2.366868741902936057e-02 1.310137827573731872e+00
2.389892566231050300e-02 1.310108361121457676e+00
2.413140355867127856e-02 1.310077896229213001e+00
2.436614289443983158e-02 1.310047870828642935e+00
2.460316566787181664e-02 1.310016505771918416e+00
2.484249409121190577e-02 1.309989363335569035e+00
2.508415059277539771e-02 1.309951947327019584e+00
2.532815781905008515e-02 1.309923757504717790e+00
2.557453863681850847e-02 1.309888532258472793e+00
2.582331613530085626e-02 1.309857458740043112e+00
2.607451362831877603e-02 1.309823807030734644e+00
2.632815465648021339e-02 1.309785298491853212e+00
2.658426298938541474e-02 1.309749130261187000e+00
2.684286262785454819e-02 1.309711135320223097e+00
2.710397780617682106e-02 1.309672437350883012e+00
2.736763299438163891e-02 1.309630264904934727e+00
2.763385290053169824e-02 1.309591076563089374e+00
2.790266247303856487e-02 1.309550959134625492e+00
2.817408690300057458e-02 1.309509932059240489e+00
2.844815162656363222e-02 1.309468342550496711e+00
2.872488232730495070e-02 1.309425806958700145e+00
2.900430493863991738e-02 1.309382465097503667e+00
2.928644564625237229e-02 1.309337367804061403e+00
2.957133089054861039e-02 1.309291880452914780e+00
2.985898736913520854e-02 1.309246718191928283e+00
3.014944203932094433e-02 1.309199382991035998e+00
3.044272212064302874e-02 1.309152323359487502e+00
3.073885509741795460e-02 1.309102854428744189e+00
3.103786872131722788e-02 1.309053329101814489e+00
3.133979101396793671e-02 1.309002392765700185e+00
3.164465026957891114e-02 1.308950195417080353e+00
3.195247505759213347e-02 1.308897435578872503e+00
3.226329422536015901e-02 1.308843593486330503e+00
3.257713690084949876e-02 1.308789160105915395e+00
3.289403249537032475e-02 1.308733055559611724e+00
3.321401070633261954e-02 1.308675828964680710e+00
3.353710152002930406e-02 1.308617625164394838e+00
3.386333521444636480e-02 1.308559168588299126e+00
3.419274236210027851e-02 1.308499025901937562e+00
3.452535383290306070e-02 1.308436922028960669e+00
3.486120079705520153e-02 1.308374729448085860e+00
3.520031472796678745e-02 1.308310850528512814e+00
3.554272740520694751e-02 1.308245925251452668e+00
3.588847091748199186e-02 1.308179551427505638e+00
3.623757766564258964e-02 1.308111916678891040e+00
3.659008036572020811e-02 1.308042983765874023e+00
3.694601205199302130e-02 1.307972380418058744e+00
3.730540608008161424e-02 1.307900194097170399e+00
3.766829613007490613e-02 1.307827202587618531e+00
3.803471620968648659e-02 1.307752548741797360e+00
3.840470065744145539e-02 1.307676092440748450e+00
3.877828414589457040e-02 1.307597803869440245e+00
3.915550168487941241e-02 1.307519573042327243e+00
3.953638862478930927e-02 1.307439064220678127e+00
3.992098065989020672e-02 1.307356665270722695e+00
4.030931383166566628e-02 1.307273303269408160e+00
4.070142453219438572e-02 1.307187471413226554e+00
4.109734950756069316e-02 1.307098693751017393e+00
4.149712586129815362e-02 1.307009894601797173e+00
4.190079105786669034e-02 1.306919964863761496e+00
4.230838292616342228e-02 1.306827543912185252e+00
4.271993966306778662e-02 1.306733793900840990e+00
4.313549983702118923e-02 1.306637891252483641e+00
4.355510239164130798e-02 1.306540184563066642e+00
4.397878664937160398e-02 1.306440829339108767e+00
4.440659231516640160e-02 1.306339373883269372e+00
4.483855948021186338e-02 1.306234827814447774e+00
4.527472862568297785e-02 1.306131871805539690e+00
4.571514062653719151e-02 1.306022816831122313e+00
4.615983675534499064e-02 1.305913907442565858e+00
4.660885868615767536e-02 1.305802633301839100e+00
4.706224849841281199e-02 1.305688375912871013e+00
4.752004868087766204e-02 1.305572069406787383e+00
4.798230213563085128e-02 1.305453186797437271e+00
4.844905218208294534e-02 1.305332142045709576e+00
4.892034256103611894e-02 1.305209361405400337e+00
4.939621743878321036e-02 1.305083066562759964e+00
4.987672141124663283e-02 1.304955253161975470e+00
5.036189950815770505e-02 1.304824123026607330e+00
5.085179719727656034e-02 1.304691744396984765e+00
5.134646038865306461e-02 1.304555125996166076e+00
5.184593543892913187e-02 1.304416844010075183e+00
5.235026915568305461e-02 1.304276223552558456e+00
5.285950880181603667e-02 1.304133121131291650e+00
5.337370209998133774e-02 1.303987470690157302e+00
5.389289723705643909e-02 1.303837681378892555e+00
5.441714286865893119e-02 1.303685748094285168e+00
5.494648812370611646e-02 1.303530625542632659e+00
5.548098260901916656e-02 1.303372867197495566e+00
5.602067641397187603e-02 1.303212026667714962e+00
5.656562011518465050e-02 1.303048456578417724e+00
5.711586478126431943e-02 1.302880421009651846e+00
5.767146197758996756e-02 1.302709584242991658e+00
5.823246377114527778e-02 1.302535151523155355e+00
5.879892273539785025e-02 1.302357283290570544e+00
5.937089195522609469e-02 1.302176032476765055e+00
5.994842503189409116e-02 1.301991775277478114e+00
6.053157608807464840e-02 1.301803070525021644e+00
6.112039977292132997e-02 1.301611577202338887e+00
6.171495126718981594e-02 1.301416203823953177e+00
6.231528628840921763e-02 1.301216754170284151e+00
6.292146109610344262e-02 1.301014181596594987e+00
6.353353249706343575e-02 1.300809171924179886e+00
6.415155785067082339e-02 1.300597977059364529e+00
6.477559507427335661e-02 1.300383563563352496e+00
6.540570264861225724e-02 1.300164527915550039e+00
6.604193962330305590e-02 1.299941367988504570e+00
6.668436562236895737e-02 1.299713944669488974e+00
6.733304084982863480e-02 1.299482200579076929e+00
6.798802609533814711e-02 1.299246413761248720e+00
6.864938273988777095e-02 1.299005154934871120e+00
6.931717276155408003e-02 1.298759405163872671e+00
6.999145874130821565e-02 1.298508622210031938e+00
7.067230386888070925e-02 1.298260674999229813e+00
7.135977194868306506e-02 1.297993898763176945e+00
7.205392740578704658e-02 1.297728427797319561e+00
7.275483529196229149e-02 1.297458442026535819e+00
7.346256129177256011e-02 1.297183816921625876e+00
7.417717172873124210e-02 1.296903105783950627e+00
7.489873357151664857e-02 1.296617039436303243e+00
7.562731444024800576e-02 1.296325835427162065e+00
7.636298261282241373e-02 1.296029537253466701e+00
7.710580703131336699e-02 1.295725976365836196e+00
7.785585730843146146e-02 1.295417087674835210e+00
7.861320373404813433e-02 1.295102141849162614e+00
7.937791728178281159e-02 1.294780992766835892e+00
8.015006961565404597e-02 1.294454463856322013e+00
8.092973309679550586e-02 1.294122288323100500e+00
8.171698079023696770e-02 1.293780314241564922e+00
8.251188647175167201e-02 1.293437277711233291e+00
8.331452463477014014e-02 1.293084919575304248e+00
8.412497049736118726e-02 1.292727234601531272e+00
8.494330000928071445e-02 1.292358768230070787e+00
8.576958985908941790e-02 1.291986388066564961e+00
8.660391748133952627e-02 1.291605898558651377e+00
8.744636106383144036e-02 1.291227329849295780e+00
8.829699955494091368e-02 1.290845853953458855e+00
8.915591267101763417e-02 1.290421099606917421e+00
9.002318090385581784e-02 1.290034234404414892e+00
9.089888552823731371e-02 1.289622667741701312e+00
9.178310860954806694e-02 1.289151479886149199e+00
9.267593301146882789e-02 1.288734309628113195e+00
9.357744240374062106e-02 1.288291602394441737e+00
9.448772127000577836e-02 1.287840108404827433e+00
9.540685491572513388e-02 1.287383848012519039e+00
9.633492947617222635e-02 1.286914088408158907e+00
9.727203192450542546e-02 1.286436848718583548e+00
9.821825007991856482e-02 1.285958216920859876e+00
9.917367261587073379e-02 1.285460746773418927e+00
1.001383890683960748e-01 1.284956352696213111e+00
1.011124898444945991e-01 1.284441259155074011e+00
1.020960662306047012e-01 1.283914109499735723e+00
1.030892104011576216e-01 1.283381790971596104e+00
1.040920154272158005e-01 1.282837483280588886e+00
1.051045752851944987e-01 1.282282875572140934e+00
1.061269848656690717e-01 1.281717182837613711e+00
1.071593399822671072e-01 1.281142017455216386e+00
1.082017373806478805e-01 1.280556010480284224e+00
1.092542747475682557e-01 1.279961274288927475e+00
1.103170507200377515e-01 1.279352537246410293e+00
1.113901648945616746e-01 1.278733557052866399e+00
1.124737178364751955e-01 1.278101412629439659e+00
1.135678110893671017e-01 1.277458242419678980e+00
1.146725471845963656e-01 1.276802906330037457e+00
1.157880296509002094e-01 1.276136572656008328e+00
1.169143630240966764e-01 1.275455945775845645e+00
1.180516528568804902e-01 1.274763660621925698e+00
1.192000057287153220e-01 1.274058301628314460e+00
1.203595292558212876e-01 1.273339189819235440e+00
1.215303321012602134e-01 1.272606352397176455e+00
1.227125239851190319e-01 1.271859616784297042e+00
1.239062156947916271e-01 1.271099113523036728e+00
1.251115190953615564e-01 1.270325418309135923e+00
1.263285471400849291e-01 1.269537049299402032e+00
1.275574138809759950e-01 1.268734400344217583e+00
1.287982344794950385e-01 1.267915877859442819e+00
1.300511252173409127e-01 1.267082907771415412e+00
1.313162035073478784e-01 1.266234402234068801e+00
1.325935879044890797e-01 1.265373784773103027e+00
1.338833981169864351e-01 1.264490405102909776e+00
1.351857550175293021e-01 1.263599259652914863e+00
1.365007806546013891e-01 1.262680864474394538e+00
1.378285982639189389e-01 1.261749906617364969e+00
1.391693322799789911e-01 1.260803921047993992e+00
1.405231083477211373e-01 1.259839660248150528e+00
1.418900533343016301e-01 1.258857267149800396e+00
1.432702953409830948e-01 1.257854894837451276e+00
1.446639637151387880e-01 1.256837059930383083e+00
1.460711890623745679e-01 1.255799855113653107e+00
1.474921032587684921e-01 1.254745094248236548e+00
1.489268394632288772e-01 1.253668508567280959e+00
1.503755321299738434e-01 1.252573618761205765e+00
1.518383170211306810e-01 1.251459848943528019e+00
1.533153312194593942e-01 1.250323321509911212e+00
1.548067131411984265e-01 1.249167968399279349e+00
1.563126025490369497e-01 1.247992424594250416e+00
1.578331405652117214e-01 1.246793989858584695e+00
1.593684696847328941e-01 1.245574214770808652e+00
1.609187337887370006e-01 1.244332161271699766e+00
1.624840781579713067e-01 1.243068012055917215e+00
1.640646494864078653e-01 1.241780537415221763e+00
1.656605958949914359e-01 1.240474984729360797e+00
1.672720669455196874e-01 1.239167112248731550e+00
1.688992136546599021e-01 1.237781045729784646e+00
1.705421885081006561e-01 1.236399198900276941e+00
1.722011454748421100e-01 1.234994144375478831e+00
1.738762400216251336e-01 1.233563679118935275e+00
1.755676291275001522e-01 1.232108651982551706e+00
1.772754712985387948e-01 1.230625743996994759e+00
1.789999265826875408e-01 1.229115896549181075e+00
1.807411565847668600e-01 1.227580832390237520e+00
1.824993244816152382e-01 1.226018690756284668e+00
1.842745950373816666e-01 1.224429951421416751e+00
1.860671346189656239e-01 1.222812382320654034e+00
1.878771112116086051e-01 1.221161002004439444e+00
1.897046944346358344e-01 1.219493594128956193e+00
1.915500555573527997e-01 1.217808860051615705e+00
1.934133675150944698e-01 1.216057076960538552e+00
1.952948049254327745e-01 1.214292571439895996e+00
1.971945441045395986e-01 1.212498886374766993e+00
1.991127630837108697e-01 1.210675510139775257e+00
2.010496416260497965e-01 1.208819842087908381e+00
2.030053612433137811e-01 1.206929821555199567e+00
2.049801052129238688e-01 1.205009114471793596e+00
2.069740585951406198e-01 1.203058669591191565e+00
2.089874082504071251e-01 1.201071440032829285e+00
2.110203428568595552e-01 1.199059172379589144e+00
2.130730529280097374e-01 1.196996435044274776e+00
2.151457308305980698e-01 1.194907517422212573e+00
2.172385708026215445e-01 1.192801787734020014e+00
2.193517689715359098e-01 1.190624495279824391e+00
2.214855233726360506e-01 1.188427370030089358e+00
2.236400339676138660e-01 1.186194780654455050e+00
2.258155026632983065e-01 1.183925073181682608e+00
2.280121333305757114e-01 1.181617925793916113e+00
2.302301318234963867e-01 1.179271511113299864e+00
2.324697059985647851e-01 1.176887141323928798e+00
2.347310657342196183e-01 1.174463839999518866e+00
2.370144229505012079e-01 1.172002404166391454e+00
2.393199916289123208e-01 1.169498453660667625e+00
2.416479878324700736e-01 1.166953431917171935e+00
2.439986297259550130e-01 1.164368972292306514e+00
2.463721375963552895e-01 1.161741838513922209e+00
2.487687338735107279e-01 1.159072647662663380e+00
2.511886431509580686e-01 1.156361577512882599e+00
2.536320922069775774e-01 1.153607443911941255e+00
2.560993100258459609e-01 1.150808309190580081e+00
2.585905278192945911e-01 1.147960959273344184e+00
2.611059790481781162e-01 1.145079009519642810e+00
2.636458994443517945e-01 1.142146310798992426e+00
2.662105270327638773e-01 1.139166627446934310e+00
2.688001021537606006e-01 1.136142132570670205e+00
2.714148674856106669e-01 1.133071533538931641e+00
2.740550680672460548e-01 1.129953356679144427e+00
2.767209513212268712e-01 1.126787125951884017e+00
2.794127670769268601e-01 1.123573355201713753e+00
2.821307675939472293e-01 1.120309850730465850e+00
2.848752075857552413e-01 1.116996572151853995e+00
2.876463442435557849e-01 1.113636090064811679e+00
2.904444372603925406e-01 1.110224676049069492e+00
2.932697488554852905e-01 1.106760531495824651e+00
2.961225437988035947e-01 1.103247215171620610e+00
2.990030894358785551e-01 1.099683679471639808e+00
3.019116557128577738e-01 1.096066029285513999e+00
3.048485152018017286e-01 1.092398530002589796e+00
3.078139431262288950e-01 1.088675211744557059e+00
3.108082173869063936e-01 1.084900994466490687e+00
3.138316185878944342e-01 1.081072753116469443e+00
3.168844300628416155e-01 1.077188894965977140e+00
3.199669379015380732e-01 1.073261302409155515e+00
3.230794309767249795e-01 1.069262278294858204e+00
3.262222009711669979e-01 1.065214275407598832e+00
3.293955424049855307e-01 1.061110958156615824e+00
3.325997526632606949e-01 1.056966565932772717e+00
3.358351320238990301e-01 1.052739741618214486e+00
3.391019836857747105e-01 1.048487970618629861e+00
3.424006137971423724e-01 1.044141122553195800e+00
3.457313314843284413e-01 1.039756407856166520e+00
3.490944488806992929e-01 1.035333072061248139e+00
3.524902811559130766e-01 1.030815296581885088e+00
3.559191465454557002e-01 1.026258052640030671e+00
3.593813663804627523e-01 1.021643552259040799e+00
3.628772651178337472e-01 1.016968223044443453e+00
3.664071703706370808e-01 1.012253434069536828e+00
3.699714129388128048e-01 1.007444454357310226e+00
3.735703268401719401e-01 1.002597078420757404e+00
3.772042493416999376e-01 9.976879158916487356e-01
3.808735209911614517e-01 9.927205798099513201e-01
3.845784856490158665e-01 9.876931184870076930e-01
3.883194905206404091e-01 9.826092721814781994e-01
3.920968861888690649e-01 9.774654834388065705e-01
3.959110266468458539e-01 9.722593055335881918e-01
3.997622693312000708e-01 9.669968420342535120e-01
4.036509751555413805e-01 9.616778682589015581e-01
4.075775085442840395e-01 9.562941285649838585e-01
4.115422374667966343e-01 9.508533906312236494e-01
4.155455334718875515e-01 9.453550576579605735e-01
4.195877717226225712e-01 9.397959626693851432e-01
4.236693310314835759e-01 9.341808845230448188e-01
4.277905938958687093e-01 9.285057189687897505e-01
4.319519465339363706e-01 9.227750062486521632e-01
4.361537789208005944e-01 9.169838971073421829e-01
4.403964848250754294e-01 9.111108823507175769e-01
4.446804618457780300e-01 9.052298647595778958e-01
4.490061114495874639e-01 8.992701310018031968e-01
4.533738390084691150e-01 8.932512626732475036e-01
4.577840538376618529e-01 8.871775174478612191e-01
4.622371692340384031e-01 8.810471802542679809e-01
4.667336025148346446e-01 8.748629818969425598e-01
4.712737750567601580e-01 8.686251037132507458e-01
4.758581123354846953e-01 8.623300763175270056e-01
4.804870439655131720e-01 8.559840425234446215e-01
4.851610037404442966e-01 8.495857367632103641e-01
4.898804296736250508e-01 8.431365219854980442e-01
4.946457640391963562e-01 8.366326749614336755e-01
4.994574534135413635e-01 8.300813671418917350e-01
5.043159487171361421e-01 8.234793568233053085e-01
5.092217052568053237e-01 8.168271479863616902e-01
5.141751827683928022e-01 8.101287367995273492e-01
5.191768454598426619e-01 8.033820303397862794e-01
5.242271620547044320e-01 7.965837790029558496e-01
5.293266058360561743e-01 7.897510172551248653e-01
5.344756546908600026e-01 7.828675545608566599e-01
5.396747911547442600e-01 7.759439724600354360e-01
5.449245024572260121e-01 7.689778049294463402e-01
5.502252805673685243e-01 7.619391545824156786e-01
5.555776222398878250e-01 7.549197644548671926e-01
5.609820290617031358e-01 7.478353356003512031e-01
5.664390074989449353e-01 7.407092945976322396e-01
5.719490689444144405e-01 7.335528472602240724e-01
5.775127297655114900e-01 7.263543629114000977e-01
5.831305113526221717e-01 7.191246370165138568e-01
5.888029401679826247e-01 7.118644483722735838e-01
5.945305477950136863e-01 7.045757263122097713e-01
6.003138709881384871e-01 6.972580068117415486e-01
6.061534517230839914e-01 6.899049841437759900e-01
6.120498372476699256e-01 6.825293121843578614e-01
6.180035801330957534e-01 6.751311963768583668e-01
6.240152383257209223e-01 6.677082370310992721e-01
6.300853751993553686e-01 6.602650204610418516e-01
6.362145596080520660e-01 6.528002315632502883e-01
6.424033659394193796e-01 6.453172463481657850e-01
6.486523741684461219e-01 6.378079271534197181e-01
6.549621699118558515e-01 6.303060204020667356e-01
6.613333444829840868e-01 6.227738132743304567e-01
6.677664949471955325e-01 6.152395274787589852e-01
6.742622241778342129e-01 6.076910607932980435e-01
6.808211409127237213e-01 6.001356345746987619e-01
6.874438598112112553e-01 5.925740534066068488e-01
6.941310015117725385e-01 5.850064741800581336e-01
7.008831926901714082e-01 5.774376599359754003e-01
7.077010661181889484e-01 5.698686796557161927e-01
7.145852607229240538e-01 5.623104090843140668e-01
7.215364216466665370e-01 5.547362032881182348e-01
7.285552003073593186e-01 5.471738641722595498e-01
7.356422544596413760e-01 5.396218911984443922e-01
7.427982482564918776e-01 5.320461578386932455e-01
7.500238523114668432e-01 5.245423887496034610e-01
7.573197437615483141e-01 5.170242826485308418e-01
7.646866063305975958e-01 5.095160142709880269e-01
7.721251303934327792e-01 5.020263826218440695e-01
7.796360130405233235e-01 4.945165076797463088e-01
7.872199581433195759e-01 4.870957280136018475e-01
7.948776764202123424e-01 4.796699976282776112e-01
8.026098855031396084e-01 4.722692079192740144e-01
8.104173100048355227e-01 4.648899286403725406e-01
8.183006815867394090e-01 4.575037819097275693e-01
8.262607390275591435e-01 4.502158685781004754e-01
8.342982282925082149e-01 4.428981305609572816e-01
8.424139026032094746e-01 4.356689113777461042e-01
8.506085225082840040e-01 4.284469527672705724e-01
8.588828559546254349e-01 4.212621501657521361e-01
8.672376783593644944e-01 4.141156825409458841e-01
8.756737726825394308e-01 4.069639182266973632e-01
8.841919295004664336e-01 3.999391666528189226e-01
8.927929470798307010e-01 3.929343072132202019e-01
9.014776314524917122e-01 3.859475703044156769e-01
9.102467964910225806e-01 3.790208334898260145e-01
9.191012639849772681e-01 3.721419654293200430e-01
9.280418637179072006e-01 3.653124870341074026e-01
9.370694335451198453e-01 3.585362888851467700e-01
9.461848194722002336e-01 3.518109468681989149e-01
9.553888757342895444e-01 3.451414126939066351e-01
9.646824648761427312e-01 3.385270106278075453e-01
9.740664578329562007e-01 3.319691749380357937e-01
9.835417340119908536e-01 3.254662935295070669e-01
9.931091813749796104e-01 3.190277758142661679e-01
1.002769696521346621e+00 3.125949706356253577e-01
1.012524184772224167e+00 3.063470479542551028e-01
1.022373560255302127e+00 3.000955981895417346e-01
1.032318745990486564e+00 2.939107795641058840e-01
1.042360673976402197e+00 2.877918781671751636e-01
1.052500285277732761e+00 2.817381520373967163e-01
1.062738530113414459e+00 2.757502589334411836e-01
1.073076367945679621e+00 2.698384603905533696e-01
1.083514767569973225e+00 2.639888914812012488e-01
1.094054707205742494e+00 2.582158822732252279e-01
1.104697174588111785e+00 2.525124159157575710e-01
1.115443167060441221e+00 2.468743684672484728e-01
1.126293691667795249e+00 2.413165380318935682e-01
1.137249765251314271e+00 2.358321309915605291e-01
1.148312414543511073e+00 2.304190266016838684e-01
1.159482676264482759e+00 2.250758083661157372e-01
1.170761597219069250e+00 2.198232995684899493e-01
1.182150234394952371e+00 2.146328709186400008e-01
1.193649655061713055e+00 2.095163764335865042e-01
1.205260936870842681e+00 2.044799428908662398e-01
1.216985167956738056e+00 1.995126013456901271e-01
1.228823447038673411e+00 1.946510335186860119e-01
1.240776883523764251e+00 1.897903613193499539e-01
1.252846597610937529e+00 1.851002583057518858e-01
1.265033720395903893e+00 1.804567279200310626e-01
1.277339393977160009e+00 1.758672486837383753e-01
1.289764771563017165e+00 1.713650348245335797e-01
1.302311017579677488e+00 1.669084871065362463e-01
1.314979307780347773e+00 1.626047644068631948e-01
1.327770829355430449e+00 1.583363324308439402e-01
1.340686781043774811e+00 1.541445927574986996e-01
1.353728373245021821e+00 1.500294706306834758e-01
1.366896828133026487e+00 1.459905135556692490e-01
1.380193379770397355e+00 1.420269833727223208e-01
1.393619274224142002e+00 1.381399682077074920e-01
1.407175769682446731e+00 1.343246556092928812e-01
1.420864136572576708e+00 1.305892017337033917e-01
1.434685657679937831e+00 1.269255020128874367e-01
1.448641628268290127e+00 1.233370606194588021e-01
1.462733356201129986e+00 1.198192530679866030e-01
1.476962162064259898e+00 1.163756600208433606e-01
1.491329379289537682e+00 1.130045382100986207e-01
1.505836354279841416e+00 1.096935227180696470e-01
1.520484446535244283e+00 1.064778976147506828e-01
1.535275028780422657e+00 1.033178315376903911e-01
1.550209487093291205e+00 1.002292377692736713e-01
1.565289221034902312e+00 9.720972006112803265e-02
1.580515643780601165e+00 9.425667291298094053e-02
1.595890182252465817e+00 9.137158301901641966e-02
1.611414277253019778e+00 8.855739324542889757e-02
1.627089383600260675e+00 8.580627344431347725e-02
1.642916970263993193e+00 8.312043330891454029e-02
1.658898520503498064e+00 8.049869502518902653e-02
1.675035532006524441e+00 7.793735910360162500e-02
1.691329517029648732e+00 7.544517459594360376e-02
1.707782002539993016e+00 7.301151223274120194e-02
1.724394530358320354e+00 7.063883780727311934e-02
1.741168657303530987e+00 6.832590074613287268e-02
1.758105955338547632e+00 6.607228168656185952e-02
1.775208011717636092e+00 6.387701244343740870e-02
1.792476429135148930e+00 6.173854992539292569e-02
1.809912825875727105e+00 5.966034723697605235e-02
1.827518835965944666e+00 5.763041754509126702e-02
1.845296109327445366e+00 5.565851394342952868e-02
1.863246311931559873e+00 5.374043280832031810e-02
1.881371125955437096e+00 5.187438814909382107e-02
1.899672249939675650e+00 5.006145837883844291e-02
1.918151398947507635e+00 4.829752101359130467e-02
1.936810304725519849e+00 4.658304356243134908e-02
1.955650715865949074e+00 4.491846837779068374e-02
1.974674397970537454e+00 4.329845135739788381e-02
1.993883133816001019e+00 4.173141419610816583e-02
2.013278723521096492e+00 4.020486654098916895e-02
2.032862984715323673e+00 3.871199915288819904e-02
2.052637752709252084e+00 3.729126488933575539e-02
2.072604880666519822e+00 3.590218490203090501e-02
2.092766239777499759e+00 3.455007901887213739e-02
2.113123719434652603e+00 3.324359110859256144e-02
2.133679227409597701e+00 3.197702897823803680e-02
2.154434690031884259e+00 3.074944437600272279e-02
2.175392052369522489e+00 2.955932321379604530e-02
2.196553278411258248e+00 2.840650565913527270e-02
2.217920351250634692e+00 2.729353136702018789e-02
2.239495273271823184e+00 2.621239197451406128e-02
2.261280066337279404e+00 2.516972621926555354e-02
2.283276771977218012e+00 2.416080766198510504e-02
2.305487451580938707e+00 2.318223449116470908e-02
2.327914186589993051e+00 2.223823413879977284e-02
2.350559078693253756e+00 2.132688588354049453e-02
2.373424250023866033e+00 2.044520744810772797e-02
2.396511843358130278e+00 1.959421872461207872e-02
2.419824022316292567e+00 1.877255042569678234e-02
2.443362971565319341e+00 1.797945714799873904e-02
2.467130897023623426e+00 1.721417761854746042e-02
2.491130026067788439e+00 1.647579113041688220e-02
2.515362607741312928e+00 1.576378770569824422e-02
2.539830912965362675e+00 1.507743760021339023e-02
2.564537234751594674e+00 1.441730232043252243e-02
2.589483888417040802e+00 1.377931838224266334e-02
2.614673211801092023e+00 1.316471200859885629e-02
2.640107565484572927e+00 1.257364595182794073e-02
2.665789333010967876e+00 1.200453890481757366e-02
2.691720921109787668e+00 1.145709179491717980e-02
2.717904759922122881e+00 1.093032616645395715e-02
2.744343303228365283e+00 1.042385545583670789e-02
2.771039028678170535e+00 9.936964846173540478e-03
2.797994438022641805e+00 9.468919408249173303e-03
2.825212057348790218e+00 9.019668996559711271e-03
2.852694437316245057e+00 8.587596516689617598e-03
2.880444153396297668e+00 8.173077594107845331e-03
2.908463806113254169e+00 7.775375156370209484e-03
2.936756021288137397e+00 7.393752786874888128e-03
2.965323450284773621e+00 7.027654179607302487e-03
2.994168770258243573e+00 6.676870566471737253e-03
3.023294684405779531e+00 6.340694855630695653e-03
3.052703922220086241e+00 6.018741300453456580e-03
3.082399239745143404e+00 5.710076590877960837e-03
3.112383419834465759e+00 5.414907424339338894e-03
3.142659272411905569e+00 5.129678524592049850e-03
3.173229634734976212e+00 4.862170675954067753e-03
3.204097371660752813e+00 4.603830261232113794e-03
3.235265375914330388e+00 4.357119697024431672e-03
3.266736568359921655e+00 4.121179709251993062e-03
3.298513898274578082e+00 3.895991692908939551e-03
3.330600343624588788e+00 3.680939215400944736e-03
3.362998911344535991e+00 3.476101439663258595e-03
3.395712637619100693e+00 3.280184028332771250e-03
3.428744588167585317e+00 3.095908362162742150e-03
3.462097858531227423e+00 2.917772647465745415e-03
3.495775574363275240e+00 2.747066635537750295e-03
3.529780891721914671e+00 2.586498795445511551e-03
3.564116997366032269e+00 2.433074835750119631e-03
3.598787109053855460e+00 2.287512704220733602e-03
3.633794475844513094e+00 2.149134361384480527e-03
3.669142378402494131e+00 2.017700482676446430e-03
3.704834129305105694e+00 1.892898842057720273e-03
3.740873073352900313e+00 1.774497333748055331e-03
3.777262587883141176e+00 1.662225268533024190e-03
3.814006083086284082e+00 1.555905579122322585e-03
3.851107002325572903e+00 1.455134289742072854e-03
3.888568822459721019e+00 1.359841583648625828e-03
3.926395054168756449e+00 1.269746273269447851e-03
3.964589242282997805e+00 1.184335548358727685e-03
4.003154966115265445e+00 1.103692181486052182e-03
4.042095839796306045e+00 1.027766587309656690e-03
4.081415512613501662e+00 9.560554015047302134e-04
4.121117669352832635e+00 8.884633689136754676e-04
4.161206030644208020e+00 8.247830990162619263e-04
4.201684353310133346e+00 7.648649371813578826e-04
4.242556430717777438e+00 7.085269667690750721e-04
4.283826093134470270e+00 6.555722960013613248e-04
4.325497208086633627e+00 6.058872902828112920e-04
4.367573680722233398e+00 5.592621985659734915e-04
4.410059454176736615e+00 5.155841813534352280e-04
4.452958509942654963e+00 4.746926288560526547e-04
4.496274868242640110e+00 4.364513737033653713e-04
4.540012588406244554e+00 4.007247346107823955e-04
4.584175769250333765e+00 3.673849825667243317e-04
4.628768549463215365e+00 3.363059077139157640e-04
4.673795107992464004e+00 3.073664504606567292e-04
4.719259664436561863e+00 2.804543226613687829e-04
4.765166479440326341e+00 2.554572663596782413e-04
4.811519855094205766e+00 2.322624819827520020e-04
4.858324135337417360e+00 2.107924977050945961e-04
4.905583706365050922e+00 1.909238117416729719e-04
4.953302997039108924e+00 1.725762754016051895e-04
5.001486479303548727e+00 1.556542538889204371e-04
5.050138668603383785e+00 1.400758431519723431e-04
5.099264124307808288e+00 1.257577329415407886e-04
5.148867450137498025e+00 1.126232139140826235e-04
5.198953294596024399e+00 1.006062393883735501e-04
5.249526351405507718e+00 8.960840934873215706e-05
5.300591359946452030e+00 7.958306733991253633e-05
5.352153105701904501e+00 7.046910884340792523e-05
5.404216420705915347e+00 6.218908341368916087e-05
5.456786183996381823e+00 5.469233899118092825e-05
5.509867322072253160e+00 4.792661969207483050e-05
5.563464809355226137e+00 4.183503592416350740e-05
5.617583668655908191e+00 3.636406396811930062e-05
5.672228971644543094e+00 3.147179868952469769e-05
5.727405839326266346e+00 2.710250579130993662e-05
5.783119442521027054e+00 2.322406144508316585e-05
5.839375002348160315e+00 1.978796143603593662e-05
5.896177790715694478e+00 1.676420016064997422e-05
5.953533130814370189e+00 1.410992716234946743e-05
6.011446397616513337e+00 1.179310512223044839e-05
6.069923018379741464e+00 9.782374037432995070e-06
6.128968473155564034e+00 8.049247286273574441e-06
6.188588295302960063e+00 6.560754259026814654e-06
6.248788072006894012e+00 5.294293724911880061e-06
6.309573444801936049e+00 4.224083398908154899e-06
6.370950110100935149e+00 3.329994923930823345e-06
6.432923819728876502e+00 2.588660450752826563e-06
6.495500381461869033e+00 1.980004721078786102e-06
6.558685659571435345e+00 1.487587890861231831e-06
6.622485575374063238e+00 1.095037087725076784e-06
6.686906107786136921e+00 7.868032561913159272e-07
6.751953293884205287e+00 5.497820705358911519e-07
6.817633229470763112e+00 3.715698606374090280e-07
6.883952069645496330e+00 2.408966843946064797e-07
6.950916029382126382e+00 1.485963173625988975e-07
7.018531384110795912e+00 8.524624325021865702e-08
7.086804470306189430e+00 4.500042788740133289e-08
7.155741686081340980e+00 2.124272914904466518e-08
7.225349491787214085e+00 8.575925210305852658e-09
7.295634410618154320e+00 2.674679272609539731e-09
7.366603029223159460e+00 5.191256377027826037e-10
7.438261998323163482e+00 0.000000000000000000e+00
