1.000000000000000021e-02 1.822839568977739466e+00
1.009727545900835841e-02 1.822835549433909463e+00
1.019549716950923779e-02 1.822831455412721180e+00
1.029467433620748044e-02 1.822827252713154378e+00
1.039481625334708927e-02 1.822822971926121749e+00
1.049593230558227772e-02 1.822818623123112047e+00
1.059803196885688789e-02 1.822814163498235773e+00
1.070112481129246833e-02 1.822809503707484291e+00
1.080522049408488318e-02 1.822804812658394891e+00
1.091032877240974419e-02 1.822800012958662785e+00
1.101645949633656314e-02 1.822795185742222435e+00
1.112362261175187626e-02 1.822790189815522544e+00
1.123182816129126085e-02 1.822785038367197297e+00
1.134108628528052165e-02 1.822779698927028846e+00
1.145140722268592030e-02 1.822774438286062226e+00
1.156280131207376022e-02 1.822769078072713711e+00
1.167527899257919492e-02 1.822763707290525614e+00
1.178885080488457221e-02 1.822758129426517160e+00
1.190352739220719262e-02 1.822752450625448883e+00
1.201931950129673729e-02 1.822746783700464057e+00
1.213623798344241195e-02 1.822740980584012016e+00
1.225429379548980714e-02 1.822735059972078853e+00
1.237349800086776086e-02 1.822729001640555513e+00
1.249386177062509519e-02 1.822722805390728951e+00
1.261539638447754796e-02 1.822716506452477958e+00
1.273811323186478488e-02 1.822710087307244819e+00
1.286202381301779218e-02 1.822706194490867349e+00
1.298713974003655978e-02 1.822699493201669352e+00
1.311347273797833224e-02 1.822692621122428358e+00
1.324103464595636874e-02 1.822685612905183827e+00
1.336983741824946531e-02 1.822678468856891998e+00
1.349989312542219239e-02 1.822671025325480532e+00
1.363121395545611320e-02 1.822663730281356420e+00
1.376381221489191876e-02 1.822656286249049629e+00
1.389770032998276401e-02 1.822648611902775162e+00
1.403289084785873213e-02 1.822640991206066152e+00
1.416939643770268736e-02 1.822633127169898115e+00
1.430722989193757184e-02 1.822625081004118242e+00
1.444640412742520530e-02 1.822665614254987743e+00
1.458693218667675602e-02 1.822650962187054802e+00
1.472882723907502529e-02 1.822597162660543946e+00
1.487210258210860774e-02 1.822589369171470741e+00
1.501677164261799868e-02 1.822579444772767898e+00
1.516284797805393485e-02 1.822570134438177281e+00
1.531034527774784160e-02 1.822561398387196219e+00
1.545927736419477720e-02 1.822551712556408798e+00
1.560965819434872483e-02 1.822541856665469862e+00
1.576150186093060873e-02 1.822531816356018908e+00
1.591482259374891323e-02 1.822521575451965914e+00
1.606963476103326349e-02 1.822511177867280230e+00
1.622595287078087284e-02 1.822500605560970710e+00
1.638379157211618947e-02 1.822489833783381252e+00
1.654316565666366645e-02 1.822478857159773646e+00
1.670409005993399310e-02 1.822467718971775064e+00
1.686657986272368723e-02 1.822456410168718399e+00
1.703065029252844378e-02 1.822444603954609610e+00
1.719631672497009753e-02 1.822433128040738870e+00
1.736359468523754335e-02 1.822421209900965344e+00
1.753249984954170088e-02 1.822409477710260406e+00
1.770304804658450262e-02 1.822397086055417725e+00
1.787525525904235316e-02 1.822384649333041118e+00
1.804913762506383731e-02 1.822371543021760409e+00
1.822471143978214581e-02 1.822358412093286750e+00
1.840199315684210371e-02 1.822345012566199074e+00
1.858099938994215231e-02 1.822331239627131172e+00
1.876174691439120440e-02 1.822317454421684690e+00
1.894425266868081034e-02 1.822303380057681776e+00
1.912853375607242307e-02 1.822289005401932727e+00
1.931460744620030340e-02 1.822274356413706942e+00
1.950249117668984011e-02 1.822259216122981584e+00
1.969220255479172538e-02 1.822244535167291346e+00
1.988375935903200636e-02 1.822229136723205967e+00
2.007717954087816226e-02 1.822213049013787778e+00
2.027248122642137662e-02 1.822196268793394802e+00
2.046968271807520987e-02 1.822179557306339293e+00
2.066880249629082095e-02 1.822162524303784670e+00
2.086985922128879734e-02 1.822145564808578921e+00
2.107287173480786382e-02 1.822128158603737003e+00
2.127785906187062287e-02 1.822110060410426113e+00
2.148484041256648255e-02 1.822091809805624019e+00
2.169383518385184506e-02 1.822073247757963976e+00
2.190486296136792688e-02 1.822053961811514577e+00
2.211794352127614133e-02 1.822034345085438822e+00
2.233309683211144592e-02 1.822014507376310766e+00
2.255034305665360936e-02 1.821993933623830886e+00
2.276970255381680075e-02 1.821973130351105308e+00
2.299119588055741764e-02 1.821951868158256271e+00
2.321484379380064564e-02 1.821930085862283555e+00
2.344066725238556220e-02 1.821908202203880833e+00
2.366868741902936057e-02 1.821885624995730923e+00
2.389892566231050300e-02 1.821859801388688860e+00
2.413140355867127856e-02 1.821836396107836320e+00
2.436614289443983158e-02 1.821815649356198996e+00
2.460316566787181664e-02 1.821791545039267435e+00
2.484249409121190577e-02 1.821766972064397416e+00
2.508415059277539771e-02 1.821741973985319785e+00
2.532815781905008515e-02 1.821716515062000052e+00
2.557453863681850847e-02 1.821690611292911877e+00
2.582331613530085626e-02 1.821664167088987263e+00
2.607451362831877603e-02 1.821636320187651092e+00
2.632815465648021339e-02 1.821609350008766226e+00
2.658426298938541474e-02 1.821581177246805572e+00
2.684286262785454819e-02 1.821552234632444423e+00
2.710397780617682106e-02 1.821522759514523360e+00
2.736763299438163891e-02 1.821492650040059447e+00
2.763385290053169824e-02 1.821462075703644157e+00
2.790266247303856487e-02 1.821430898588713321e+00
2.817408690300057458e-02 1.821399271923495267e+00
2.844815162656363222e-02 1.821365888210815243e+00
2.872488232730495070e-02 1.821332992024274011e+00
2.900430493863991738e-02 1.821300187992789699e+00
2.928644564625237229e-02 1.821265482193213936e+00
2.957133089054861039e-02 1.821231050842295973e+00
2.985898736913520854e-02 1.821200985102484182e+00
3.014944203932094433e-02 1.821161182676893198e+00
3.044272212064302874e-02 1.821122803189822781e+00
3.073885509741795460e-02 1.821087708977273234e+00
3.103786872131722788e-02 1.821046765923479693e+00
3.133979101396793671e-02 1.821007380001488540e+00
3.164465026957891114e-02 1.820967351453369965e+00
3.195247505759213347e-02 1.820926515576766880e+00
3.226329422536015901e-02 1.820885195572445436e+00
3.257713690084949876e-02 1.820842590534220706e+00
3.289403249537032475e-02 1.820799464286690927e+00
3.321401070633261954e-02 1.820755089470663890e+00
3.353710152002930406e-02 1.820709963779845841e+00
3.386333521444636480e-02 1.820664525142084544e+00
3.419274236210027851e-02 1.820617564609268157e+00
3.452535383290306070e-02 1.820569860367470261e+00
3.486120079705520153e-02 1.820521314621952769e+00
3.520031472796678745e-02 1.820471533448211554e+00
3.554272740520694751e-02 1.820421263543730461e+00
3.588847091748199186e-02 1.820370063504769931e+00
3.623757766564258964e-02 1.820317320350576251e+00
3.659008036572020811e-02 1.820263605663175799e+00
3.694601205199302130e-02 1.820209204042117834e+00
3.730540608008161424e-02 1.820153421205111366e+00
3.766829613007490613e-02 1.820096311280336332e+00
3.803471620968648659e-02 1.820037736626404445e+00
3.840470065744145539e-02 1.819978099947585637e+00
3.877828414589457040e-02 1.819917448996582587e+00
3.915550168487941241e-02 1.819855761450647202e+00
3.953638862478930927e-02 1.819793144728384826e+00
3.992098065989020672e-02 1.819729820907308060e+00
4.030931383166566628e-02 1.819665185866694124e+00
4.070142453219438572e-02 1.819599416917554890e+00
4.109734950756069316e-02 1.819532272015118357e+00
4.149712586129815362e-02 1.819464203549364667e+00
4.190079105786669034e-02 1.819394821712841059e+00
4.230838292616342228e-02 1.819325012524279694e+00
4.271993966306778662e-02 1.819253263627832684e+00
4.313549983702118923e-02 1.819178661445381762e+00
4.355510239164130798e-02 1.819103678237604216e+00
4.397878664937160398e-02 1.819027114977917803e+00
4.440659231516640160e-02 1.818948822111290387e+00
4.483855948021186338e-02 1.818868698562405628e+00
4.527472862568297785e-02 1.818782897091794748e+00
4.571514062653719151e-02 1.818701630894792975e+00
4.615983675534499064e-02 1.818618010768296767e+00
4.660885868615767536e-02 1.818530930865557060e+00
4.706224849841281199e-02 1.818443376728691829e+00
4.752004868087766204e-02 1.818352028195740377e+00
4.798230213563085128e-02 1.818259254213662190e+00
4.844905218208294534e-02 1.818165029193738569e+00
4.892034256103611894e-02 1.818069534527300357e+00
4.939621743878321036e-02 1.817973713163255400e+00
4.987672141124663283e-02 1.817873752145799049e+00
5.036189950815770505e-02 1.817770811636004291e+00
5.085179719727656034e-02 1.817668011299754083e+00
5.134646038865306461e-02 1.817565487768013854e+00
5.184593543892913187e-02 1.817458814817793034e+00
5.235026915568305461e-02 1.817349864900992262e+00
5.285950880181603667e-02 1.817238840282108692e+00
5.337370209998133774e-02 1.817125523357288053e+00
5.389289723705643909e-02 1.817009606111172682e+00
5.441714286865893119e-02 1.816891249328524305e+00
5.494648812370611646e-02 1.816770765199564375e+00
5.548098260901916656e-02 1.816647956962879507e+00
5.602067641397187603e-02 1.816524177852161692e+00
5.656562011518465050e-02 1.816395695637328389e+00
5.711586478126431943e-02 1.816264941486296136e+00
5.767146197758996756e-02 1.816132963903688946e+00
5.823246377114527778e-02 1.815998263011089575e+00
5.879892273539785025e-02 1.815859632805693735e+00
5.937089195522609469e-02 1.815720244281332718e+00
5.994842503189409116e-02 1.815576510652933129e+00
6.053157608807464840e-02 1.815431828087576083e+00
6.112039977292132997e-02 1.815284501807899797e+00
6.171495126718981594e-02 1.815133641672821430e+00
6.231528628840921763e-02 1.814980362616413379e+00
6.292146109610344262e-02 1.814821869806872989e+00
6.353353249706343575e-02 1.814661528224919662e+00
6.415155785067082339e-02 1.814499308561751567e+00
6.477559507427335661e-02 1.814330712492041142e+00
6.540570264861225724e-02 1.814161206478316135e+00
6.604193962330305590e-02 1.813988085905059666e+00
6.668436562236895737e-02 1.813811698087529178e+00
6.733304084982863480e-02 1.813629132937460975e+00
6.798802609533814711e-02 1.813446283663914027e+00
6.864938273988777095e-02 1.813259667736235148e+00
6.931717276155408003e-02 1.813069487798014023e+00
6.999145874130821565e-02 1.812875798816380613e+00
7.067230386888070925e-02 1.812678083882432345e+00
7.135977194868306506e-02 1.812476724463442102e+00
7.205392740578704658e-02 1.812271632419959255e+00
7.275483529196229149e-02 1.812061789946943335e+00
7.346256129177256011e-02 1.811848211320952418e+00
7.417717172873124210e-02 1.811629236719375369e+00
7.489873357151664857e-02 1.811408033852929034e+00
7.562731444024800576e-02 1.811181325642866602e+00
7.636298261282241373e-02 1.810949071206318095e+00
7.710580703131336699e-02 1.810713768215482800e+00
7.785585730843146146e-02 1.810473890072113790e+00
7.861320373404813433e-02 1.810229211852260711e+00
7.937791728178281159e-02 1.809980616937457043e+00
8.015006961565404597e-02 1.809726605718481096e+00
8.092973309679550586e-02 1.809467256888349418e+00
8.171698079023696770e-02 1.809202526637839092e+00
8.251188647175167201e-02 1.808932885746628472e+00
8.331452463477014014e-02 1.808658002800012543e+00
8.412497049736118726e-02 1.808378149184999506e+00
8.494330000928071445e-02 1.808093747309218902e+00
8.576958985908941790e-02 1.807804058543789782e+00
8.660391748133952627e-02 1.807508422394655589e+00
8.744636106383144036e-02 1.807207089450994841e+00
8.829699955494091368e-02 1.806900133624767646e+00
8.915591267101763417e-02 1.806586963470552254e+00
9.002318090385581784e-02 1.806268173135533450e+00
9.089888552823731371e-02 1.805940828062112313e+00
9.178310860954806694e-02 1.805610009677186101e+00
9.267593301146882789e-02 1.805273569170758874e+00
9.357744240374062106e-02 1.804928504751226237e+00
9.448772127000577836e-02 1.804576820787117342e+00
9.540685491572513388e-02 1.804218204392563196e+00
9.633492947617222635e-02 1.803854370628861004e+00
9.727203192450542546e-02 1.803481728875511836e+00
9.821825007991856482e-02 1.803101776210479290e+00
9.917367261587073379e-02 1.802714521775936163e+00
1.001383890683960748e-01 1.802320119837095502e+00
1.011124898444945991e-01 1.801918611873621012e+00
1.020960662306047012e-01 1.801509594879197484e+00
1.030892104011576216e-01 1.801093839436004762e+00
1.040920154272158005e-01 1.800669706025666450e+00
1.051045752851944987e-01 1.800237243240031315e+00
1.061269848656690717e-01 1.799795725983087458e+00
1.071593399822671072e-01 1.799347045095608388e+00
1.082017373806478805e-01 1.798888499833857457e+00
1.092542747475682557e-01 1.798420747447149637e+00
1.103170507200377515e-01 1.797944904375444963e+00
1.113901648945616746e-01 1.797460076884490610e+00
1.124737178364751955e-01 1.796969120091848726e+00
1.135678110893671017e-01 1.796464307907053248e+00
1.146725471845963656e-01 1.795951337000506243e+00
1.157880296509002094e-01 1.795427921730802012e+00
1.169143630240966764e-01 1.794894526157977621e+00
1.180516528568804902e-01 1.794351792267038448e+00
1.192000057287153220e-01 1.793799723016025194e+00
1.203595292558212876e-01 1.793236173054470806e+00
1.215303321012602134e-01 1.792661853059935417e+00
1.227125239851190319e-01 1.792075192294671160e+00
1.239062156947916271e-01 1.791479173072596520e+00
1.251115190953615564e-01 1.790870371591620991e+00
1.263285471400849291e-01 1.790252740220977801e+00
1.275574138809759950e-01 1.789622213145495744e+00
1.287982344794950385e-01 1.788976865096389535e+00
1.300511252173409127e-01 1.788320465641061174e+00
1.313162035073478784e-01 1.787653437815348800e+00
1.325935879044890797e-01 1.786973703182063611e+00
1.338833981169864351e-01 1.786282638014608182e+00
1.351857550175293021e-01 1.785577698820216774e+00
1.365007806546013891e-01 1.784859588447183842e+00
1.378285982639189389e-01 1.784128623176746808e+00
1.391693322799789911e-01 1.783382202639049563e+00
1.405231083477211373e-01 1.782620529170243939e+00
1.418900533343016301e-01 1.781844388323313266e+00
1.432702953409830948e-01 1.781053416825888469e+00
1.446639637151387880e-01 1.780248426230486958e+00
1.460711890623745679e-01 1.779430016864210762e+00
1.474921032587684921e-01 1.778593689768614539e+00
1.489268394632288772e-01 1.777744667200962914e+00
1.503755321299738434e-01 1.776879148615256199e+00
1.518383170211306810e-01 1.775998073578400893e+00
1.533153312194593942e-01 1.775099420570080300e+00
1.548067131411984265e-01 1.774185568236217980e+00
1.563126025490369497e-01 1.773253015770135388e+00
1.578331405652117214e-01 1.772301679808987895e+00
1.593684696847328941e-01 1.771338662684375453e+00
1.609187337887370006e-01 1.770353872679110596e+00
1.624840781579713067e-01 1.769349748197521111e+00
1.640646494864078653e-01 1.768326455591816559e+00
1.656605958949914359e-01 1.767285016979154522e+00
1.672720669455196874e-01 1.766223757118322357e+00
1.688992136546599021e-01 1.765146268458404055e+00
1.705421885081006561e-01 1.764048567284550506e+00
1.722011454748421100e-01 1.762926046428067828e+00
1.738762400216251336e-01 1.761785535651163359e+00
1.755676291275001522e-01 1.760623995791083418e+00
1.772754712985387948e-01 1.759442242205419893e+00
1.789999265826875408e-01 1.758239137051223144e+00
1.807411565847668600e-01 1.757013103724280434e+00
1.824993244816152382e-01 1.755766756520372729e+00
1.842745950373816666e-01 1.754493923140695966e+00
1.860671346189656239e-01 1.753198640470952752e+00
1.878771112116086051e-01 1.751880468578348449e+00
1.897046944346358344e-01 1.750535475483787851e+00
1.915500555573527997e-01 1.749170114798006770e+00
1.934133675150944698e-01 1.747778763777817046e+00
1.952948049254327745e-01 1.746363673892179058e+00
1.971945441045395986e-01 1.744922125259259937e+00
1.991127630837108697e-01 1.743453147050649799e+00
2.010496416260497965e-01 1.741957929966116980e+00
2.030053612433137811e-01 1.740437463398100570e+00
2.049801052129238688e-01 1.738889967569925421e+00
2.069740585951406198e-01 1.737314948139317305e+00
2.089874082504071251e-01 1.735707979223771513e+00
2.110203428568595552e-01 1.734075172041570578e+00
2.130730529280097374e-01 1.732413482510331892e+00
2.151457308305980698e-01 1.730721354075181573e+00
2.172385708026215445e-01 1.728998967603939008e+00
2.193517689715359098e-01 1.727246247639499854e+00
2.214855233726360506e-01 1.725463577572279972e+00
2.236400339676138660e-01 1.723648958068199954e+00
2.258155026632983065e-01 1.721803576108065226e+00
2.280121333305757114e-01 1.719923959646559197e+00
2.302301318234963867e-01 1.718012300913664303e+00
2.324697059985647851e-01 1.716064929676475836e+00
2.347310657342196183e-01 1.714084259407435029e+00
2.370144229505012079e-01 1.712072611221653551e+00
2.393199916289123208e-01 1.710021259554128648e+00
2.416479878324700736e-01 1.707938412436513120e+00
2.439986297259550130e-01 1.705816675931899562e+00
2.463721375963552895e-01 1.703659301978858842e+00
2.487687338735107279e-01 1.701464084619437989e+00
2.511886431509580686e-01 1.699234733448837797e+00
2.536320922069775774e-01 1.696960740779080545e+00
2.560993100258459609e-01 1.694666949630107666e+00
2.585905278192945911e-01 1.692302206293724076e+00
2.611059790481781162e-01 1.689915488202827554e+00
2.636458994443517945e-01 1.687487338568000483e+00
2.662105270327638773e-01 1.684979056967544464e+00
2.688001021537606006e-01 1.682499909826486562e+00
2.714148674856106669e-01 1.679952180752713575e+00
2.740550680672460548e-01 1.677355042617209913e+00
2.767209513212268712e-01 1.674710594326258128e+00
2.794127670769268601e-01 1.672024495902330932e+00
2.821307675939472293e-01 1.669297661330107818e+00
2.848752075857552413e-01 1.666524092427237536e+00
2.876463442435557849e-01 1.663704462444678400e+00
2.904444372603925406e-01 1.660837472974593609e+00
2.932697488554852905e-01 1.657924307300201017e+00
2.961225437988035947e-01 1.654964264089236581e+00
2.990030894358785551e-01 1.651955305409290364e+00
3.019116557128577738e-01 1.648898313376654379e+00
3.048485152018017286e-01 1.645790251127859483e+00
3.078139431262288950e-01 1.642632286053806734e+00
3.108082173869063936e-01 1.639424276320297524e+00
3.138316185878944342e-01 1.636165846682566150e+00
3.168844300628416155e-01 1.632857310517211946e+00
3.199669379015380732e-01 1.629492024263497596e+00
3.230794309767249795e-01 1.626072816456621162e+00
3.262222009711669979e-01 1.622606365818829222e+00
3.293955424049855307e-01 1.619083610192985967e+00
3.325997526632606949e-01 1.615503747357705411e+00
3.358351320238990301e-01 1.611869413255000660e+00
3.391019836857747105e-01 1.608178623003668539e+00
3.424006137971423724e-01 1.604431289298597907e+00
3.457313314843284413e-01 1.600628960563492242e+00
3.490944488806992929e-01 1.596765398492511645e+00
3.524902811559130766e-01 1.592845764950565846e+00
3.559191465454557002e-01 1.588865650390065332e+00
3.593813663804627523e-01 1.584826675173731880e+00
3.628772651178337472e-01 1.580728046808317355e+00
3.664071703706370808e-01 1.576568295594052760e+00
3.699714129388128048e-01 1.572348547552936848e+00
3.735703268401719401e-01 1.568062862981971062e+00
3.772042493416999376e-01 1.563720076594350417e+00
3.808735209911614517e-01 1.559312951492290322e+00
3.845784856490158665e-01 1.554847570220268427e+00
3.883194905206404091e-01 1.550306737049333305e+00
3.920968861888690649e-01 1.545706372153210051e+00
3.959110266468458539e-01 1.541041531319795377e+00
3.997622693312000708e-01 1.536312548478447004e+00
4.036509751555413805e-01 1.531518528136338153e+00
4.075775085442840395e-01 1.526654381823679740e+00
4.115422374667966343e-01 1.521726943042751357e+00
4.155455334718875515e-01 1.516731669860084786e+00
4.195877717226225712e-01 1.511665982157666122e+00
4.236693310314835759e-01 1.506536942931309797e+00
4.277905938958687093e-01 1.501337863640434644e+00
4.319519465339363706e-01 1.496069677215977167e+00
4.361537789208005944e-01 1.490733961669906016e+00
4.403964848250754294e-01 1.485323808832961445e+00
4.446804618457780300e-01 1.479951816417791610e+00
4.490061114495874639e-01 1.474304586428112129e+00
4.533738390084691150e-01 1.468688406267901092e+00
4.577840538376618529e-01 1.462996489683489720e+00
4.622371692340384031e-01 1.457240262662778063e+00
4.667336025148346446e-01 1.451412781970890631e+00
4.712737750567601580e-01 1.445513587440361070e+00
4.758581123354846953e-01 1.439541277965850519e+00
4.804870439655131720e-01 1.433498872927081003e+00
4.851610037404442966e-01 1.427382823660895639e+00
4.898804296736250508e-01 1.421197006993745182e+00
4.946457640391963562e-01 1.414939220151438803e+00
4.994574534135413635e-01 1.408612774952683111e+00
5.043159487171361421e-01 1.402204967281701187e+00
5.092217052568053237e-01 1.395732416718965085e+00
5.141751827683928022e-01 1.389190209566989687e+00
5.191768454598426619e-01 1.382605805838327484e+00
5.242271620547044320e-01 1.375885152395660782e+00
5.293266058360561743e-01 1.369124091278263400e+00
5.344756546908600026e-01 1.362296230448855283e+00
5.396747911547442600e-01 1.355390276986233600e+00
5.449245024572260121e-01 1.348417440361068698e+00
5.502252805673685243e-01 1.341374755729119128e+00
5.555776222398878250e-01 1.334263342771069727e+00
5.609820290617031358e-01 1.327077867870171124e+00
5.664390074989449353e-01 1.319804563332841241e+00
5.719490689444144405e-01 1.312502817475769357e+00
5.775127297655114900e-01 1.305113327481368657e+00
5.831305113526221717e-01 1.297654123567087758e+00
5.888029401679826247e-01 1.290125920298518691e+00
5.945305477950136863e-01 1.282532870528699132e+00
6.003138709881384871e-01 1.274871815562328869e+00
6.061534517230839914e-01 1.267146602570193847e+00
6.120498372476699256e-01 1.259355268749247081e+00
6.180035801330957534e-01 1.251498670285954296e+00
6.240152383257209223e-01 1.243576235232257021e+00
6.300853751993553686e-01 1.235599572539779256e+00
6.362145596080520660e-01 1.227545227750929779e+00
6.424033659394193796e-01 1.219445001502303283e+00
6.486523741684461219e-01 1.211278192461559655e+00
6.549621699118558515e-01 1.203049469429964491e+00
6.613333444829840868e-01 1.194766736260122419e+00
6.677664949471955325e-01 1.186423821459626993e+00
6.742622241778342129e-01 1.178026066333647925e+00
6.808211409127237213e-01 1.169570413860829161e+00
6.874438598112112553e-01 1.161063178551761554e+00
6.941310015117725385e-01 1.152502359574159252e+00
7.008831926901714082e-01 1.143887736755752504e+00
7.077010661181889484e-01 1.135224957131454104e+00
7.145852607229240538e-01 1.126514143713659877e+00
7.215364216466665370e-01 1.117750558654294402e+00
7.285552003073593186e-01 1.108944739693099146e+00
7.356422544596413760e-01 1.100092949774354123e+00
7.427982482564918776e-01 1.091192335436937055e+00
7.500238523114668432e-01 1.082259387574230347e+00
7.573197437615483141e-01 1.073278353747604719e+00
7.646866063305975958e-01 1.064257093235591256e+00
7.721251303934327792e-01 1.055203277285557961e+00
7.796360130405233235e-01 1.046110290530120057e+00
7.872199581433195759e-01 1.036982348022084777e+00
7.948776764202123424e-01 1.027824318168079065e+00
8.026098855031396084e-01 1.018634787230343619e+00
8.104173100048355227e-01 1.009411965643559173e+00
8.183006815867394090e-01 1.000165950686061622e+00
8.262607390275591435e-01 9.908903546258844841e-01
8.342982282925082149e-01 9.815938866883205938e-01
8.424139026032094746e-01 9.722742684339867880e-01
8.506085225082840040e-01 9.629323621140312151e-01
8.588828559546254349e-01 9.535721555278794392e-01
8.672376783593644944e-01 9.441995240452507598e-01
8.756737726825394308e-01 9.348065307721989958e-01
8.841919295004664336e-01 9.253968648571427869e-01
8.927929470798307010e-01 9.159889040620220468e-01
9.014776314524917122e-01 9.065635632626944940e-01
9.102467964910225806e-01 8.971333133346967026e-01
9.191012639849772681e-01 8.876960649882179588e-01
9.280418637179072006e-01 8.782575763868352148e-01
9.370694335451198453e-01 8.688168159678927305e-01
9.461848194722002336e-01 8.593737400749855704e-01
9.553888757342895444e-01 8.499384791043043119e-01
9.646824648761427312e-01 8.405047677114259042e-01
9.740664578329562007e-01 8.310781730569305470e-01
9.835417340119908536e-01 8.216607927662769040e-01
9.931091813749796104e-01 8.122512010458446952e-01
1.002769696521346621e+00 8.028577072197208286e-01
1.012524184772224167e+00 7.934785380552413780e-01
1.022373560255302127e+00 7.840589252968803713e-01
1.032318745990486564e+00 7.747683487620221632e-01
1.042360673976402197e+00 7.654437597718328767e-01
1.052500285277732761e+00 7.561392695113544615e-01
1.062738530113414459e+00 7.468625163310418369e-01
1.073076367945679621e+00 7.376077619452566791e-01
1.083514767569973225e+00 7.283860259352140654e-01
1.094054707205742494e+00 7.191887005298547297e-01
1.104697174588111785e+00 7.100271286738493171e-01
1.115443167060441221e+00 7.008952595940860508e-01
1.126293691667795249e+00 6.918030430001810283e-01
1.137249765251314271e+00 6.827433729000690343e-01
1.148312414543511073e+00 6.737262374762142958e-01
1.159482676264482759e+00 6.647461700565013842e-01
1.170761597219069250e+00 6.558104010026177821e-01
1.182150234394952371e+00 6.469180550530898577e-01
1.193649655061713055e+00 6.380706001264148108e-01
1.205260936870842681e+00 6.292715583118845268e-01
1.216985167956738056e+00 6.205190442062773482e-01
1.228823447038673411e+00 6.118164629682314448e-01
1.240776883523764251e+00 6.031693253911435404e-01
1.252846597610937529e+00 5.945733515343978315e-01
1.265033720395903893e+00 5.860272895844675922e-01
1.277339393977160009e+00 5.775439638172475965e-01
1.289764771563017165e+00 5.691137987830393596e-01
1.302311017579677488e+00 5.607449919513405323e-01
1.314979307780347773e+00 5.524335729019482777e-01
1.327770829355430449e+00 5.441819806952066241e-01
1.340686781043774811e+00 5.359969555603345537e-01
1.353728373245021821e+00 5.278714100355035299e-01
1.366896828133026487e+00 5.198128080312457433e-01
1.380193379770397355e+00 5.118186276522422862e-01
1.393619274224142002e+00 5.038909958015503898e-01
1.407175769682446731e+00 4.960311576859159910e-01
1.420864136572576708e+00 4.882398137366863455e-01
1.434685657679937831e+00 4.805151020885725099e-01
1.448641628268290127e+00 4.728630553098857603e-01
1.462733356201129986e+00 4.652833685134102337e-01
1.476962162064259898e+00 4.577737618454630897e-01
1.491329379289537682e+00 4.503372418542241351e-01
1.505836354279841416e+00 4.429736962786819388e-01
1.520484446535244283e+00 4.356818002921744593e-01
1.535275028780422657e+00 4.284675802369205533e-01
1.550209487093291205e+00 4.213171714969483062e-01
1.565289221034902312e+00 4.142607119212821098e-01
1.580515643780601165e+00 4.072726666684186592e-01
1.595890182252465817e+00 4.003598929333579415e-01
1.611414277253019778e+00 3.935221309489143060e-01
1.627089383600260675e+00 3.867609516917752677e-01
1.642916970263993193e+00 3.800788628496698518e-01
1.658898520503498064e+00 3.734738630004073578e-01
1.675035532006524441e+00 3.669487579724889925e-01
1.691329517029648732e+00 3.605036595360094354e-01
1.707782002539993016e+00 3.541297186587610835e-01
1.724394530358320354e+00 3.478393813772799881e-01
1.741168657303530987e+00 3.416248732670034705e-01
1.758105955338547632e+00 3.354878432488305751e-01
1.775208011717636092e+00 3.294294047540740067e-01
1.792476429135148930e+00 3.234509908132419120e-01
1.809912825875727105e+00 3.175515024316501456e-01
1.827518835965944666e+00 3.117287791170398892e-01
1.845296109327445366e+00 3.059833230015760464e-01
1.863246311931559873e+00 3.003152868593154667e-01
1.881371125955437096e+00 2.947260484619750320e-01
1.899672249939675650e+00 2.892158538586590555e-01
1.918151398947507635e+00 2.837816265268197080e-01
1.936810304725519849e+00 2.784293311123685055e-01
1.955650715865949074e+00 2.731412418432666023e-01
1.974674397970537454e+00 2.679366809560064788e-01
1.993883133816001019e+00 2.628084682549568507e-01
2.013278723521096492e+00 2.577551903484960882e-01
2.032862984715323673e+00 2.527767786945927520e-01
2.052637752709252084e+00 2.478733425097243981e-01
2.072604880666519822e+00 2.430436687443268684e-01
2.092766239777499759e+00 2.382885964242321131e-01
2.113123719434652603e+00 2.336065510175968085e-01
2.133679227409597701e+00 2.289979008842309705e-01
2.154434690031884259e+00 2.244597305690546885e-01
2.175392052369522489e+00 2.199949368903894587e-01
2.196553278411258248e+00 2.156003520710337296e-01
2.217920351250634692e+00 2.112765411493287004e-01
2.239495273271823184e+00 2.070242648361100002e-01
2.261280066337279404e+00 2.028388093877987186e-01
2.283276771977218012e+00 1.987236185741490246e-01
2.305487451580938707e+00 1.946765013216859297e-01
2.327914186589993051e+00 1.906999743499080968e-01
2.350559078693253756e+00 1.867822988456115385e-01
2.373424250023866033e+00 1.829372836354173637e-01
2.396511843358130278e+00 1.791559109474275824e-01
2.419824022316292567e+00 1.754390873063919332e-01
2.443362971565319341e+00 1.717878911759502525e-01
2.467130897023623426e+00 1.681994121126865194e-01
2.491130026067788439e+00 1.646720959590347588e-01
2.515362607741312928e+00 1.612089027953382825e-01
2.539830912965362675e+00 1.578060473106876471e-01
2.564537234751594674e+00 1.544643925240204996e-01
2.589483888417040802e+00 1.511819647558454438e-01
2.614673211801092023e+00 1.479585475872592648e-01
2.640107565484572927e+00 1.447947937871583712e-01
2.665789333010967876e+00 1.416871360719345885e-01
2.691720921109787668e+00 1.386382334521515380e-01
2.717904759922122881e+00 1.356439078394376385e-01
2.744343303228365283e+00 1.327053293208962925e-01
2.771039028678170535e+00 1.298224104691287906e-01
2.797994438022641805e+00 1.269930608526907978e-01
2.825212057348790218e+00 1.242164035091638946e-01
2.852694437316245057e+00 1.214922728291042558e-01
2.880444153396297668e+00 1.188201494660755947e-01
2.908463806113254169e+00 1.161995612043580789e-01
2.936756021288137397e+00 1.136293092394170534e-01
2.965323450284773621e+00 1.111075869774455493e-01
2.994168770258243573e+00 1.086324022304533399e-01
3.023294684405779531e+00 1.062115570563365585e-01
3.052703922220086241e+00 1.038347346787952125e-01
3.082399239745143404e+00 1.015043012807363143e-01
3.112383419834465759e+00 9.922086112505366928e-02
3.142659272411905569e+00 9.698112342764196592e-02
3.173229634734976212e+00 9.478671640524208297e-02
3.204097371660752813e+00 9.263663853372416934e-02
3.235265375914330388e+00 9.052956370198475544e-02
3.266736568359921655e+00 8.846421726008346642e-02
3.298513898274578082e+00 8.644074664191575552e-02
3.330600343624588788e+00 8.445879538580554347e-02
3.362998911344535991e+00 8.251707899130016066e-02
3.395712637619100693e+00 8.060645223484923239e-02
3.428744588167585317e+00 7.875193474153198425e-02
3.462097858531227423e+00 7.692710022364569744e-02
3.495775574363275240e+00 7.514031270869535317e-02
3.529780891721914671e+00 7.339053852614284279e-02
3.564116997366032269e+00 7.167716805126382595e-02
3.598787109053855460e+00 6.999983950891892903e-02
3.633794475844513094e+00 6.835729898622426581e-02
3.669142378402494131e+00 6.673829650866618113e-02
3.704834129305105694e+00 6.517590570699038910e-02
3.740873073352900313e+00 6.361924353215604733e-02
3.777262587883141176e+00 6.212513653122569979e-02
3.814006083086284082e+00 6.063435252104946299e-02
3.851107002325572903e+00 5.920822200615688535e-02
3.888568822459721019e+00 5.779557064418652801e-02
3.926395054168756449e+00 5.641315992698296006e-02
3.964589242282997805e+00 5.506050110724206720e-02
4.003154966115265445e+00 5.373889959751838863e-02
4.042095839796306045e+00 5.244267008482961928e-02
4.081415512613501662e+00 5.117652885539247104e-02
4.121117669352832635e+00 4.993717837247318991e-02
4.161206030644208020e+00 4.871099324205898501e-02
4.201684353310133346e+00 4.754180496047964721e-02
4.242556430717777438e+00 4.638323768563567401e-02
4.283826093134470270e+00 4.524213276178232213e-02
4.325497208086633627e+00 4.414286157339202682e-02
4.367573680722233398e+00 4.305954152324709822e-02
4.410059454176736615e+00 4.200060906516777520e-02
4.452958509942654963e+00 4.096688806983319470e-02
4.496274868242640110e+00 3.994765649200109070e-02
4.540012588406244554e+00 3.896416652934448638e-02
4.584175769250333765e+00 3.799744527579580061e-02
4.628768549463215365e+00 3.705242415014774193e-02
4.673795107992464004e+00 3.612892080255294264e-02
4.719259664436561863e+00 3.522637092905456929e-02
4.765166479440326341e+00 3.434440125991070070e-02
4.811519855094205766e+00 3.348266121934073691e-02
4.858324135337417360e+00 3.263422131545123950e-02
4.905583706365050922e+00 3.181807301658424320e-02
4.953302997039108924e+00 3.101442044305512472e-02
5.001486479303548727e+00 3.022911248938310244e-02
5.050138668603383785e+00 2.946243851963965821e-02
5.099264124307808288e+00 2.871326998778765335e-02
5.148867450137498025e+00 2.798128961941884901e-02
5.198953294596024399e+00 2.726709745499520526e-02
5.249526351405507718e+00 2.656841819354169645e-02
5.300591359946452030e+00 2.588776462754519003e-02
5.352153105701904501e+00 2.522168297539019097e-02
5.404216420705915347e+00 2.457262269924533407e-02
5.456786183996381823e+00 2.393753579878301133e-02
5.509867322072253160e+00 2.331869579650156649e-02
5.563464809355226137e+00 2.271400797612427649e-02
5.617583668655908191e+00 2.212364232545791648e-02
5.672228971644543094e+00 2.154654052685238755e-02
5.727405839326266346e+00 2.098538413687500367e-02
5.783119442521027054e+00 2.043611289572283551e-02
5.839375002348160315e+00 1.990034670428729793e-02
5.896177790715694478e+00 1.937749497609091154e-02
5.953533130814370189e+00 1.886724227066206502e-02
6.011446397616513337e+00 1.836934401443212836e-02
6.069923018379741464e+00 1.788342610091826421e-02
6.128968473155564034e+00 1.740933033136345467e-02
6.188588295302960063e+00 1.694687231257191798e-02
6.248788072006894012e+00 1.649551127115195248e-02
6.309573444801936049e+00 1.605531208352112271e-02
6.370950110100935149e+00 1.562630821071755299e-02
6.432923819728876502e+00 1.520754024652477485e-02
6.495500381461869033e+00 1.479900396064150019e-02
6.558685659571435345e+00 1.440052215221387065e-02
6.622485575374063238e+00 1.401287944582953193e-02
6.686906107786136921e+00 1.363320167898558408e-02
6.751953293884205287e+00 1.326183566201294232e-02
6.817633229470763112e+00 1.289990985840090004e-02
6.883952069645496330e+00 1.255211309883796575e-02
6.950916029382126382e+00 1.220967920817956492e-02
7.018531384110795912e+00 1.187577570647799750e-02
7.086804470306189430e+00 1.155027510177237572e-02
7.155741686081340980e+00 1.123278226131801429e-02
7.225349491787214085e+00 1.092367833282188727e-02
7.295634410618154320e+00 1.062180855692268153e-02
7.366603029223159460e+00 1.032841154479513870e-02
7.438261998323163482e+00 1.004206732060160256e-02
7.510618033334286459e+00 9.763011652197508064e-03
7.583677914997190683e+00 9.491077698460054224e-03
7.657448490012479958e+00 9.226103220076869310e-03
7.731936671682362316e+00 8.968535390480033426e-03
7.807149440558499798e+00 8.716397948632893453e-03
7.883093845096216690e+00 8.471338891126100126e-03
7.959777002314985417e+00 8.232608556101125852e-03
8.037206098465421888e+00 8.000035702614479577e-03
8.115388389702712146e+00 7.773553866275871235e-03
8.194331202766655053e+00 7.552922378167686510e-03
8.274041935668218883e+00 7.338035617374784672e-03
8.354528058382872047e+00 7.129048897357957715e-03
8.435797113550611570e+00 6.924982429222608510e-03
8.517856717182803905e+00 6.725493813492872813e-03
8.600714559375941093e+00 6.533276565297079300e-03
8.684378405032257220e+00 6.345115820532879619e-03
8.768856094587436090e+00 6.161979739808844114e-03
8.854155544745349715e+00 5.983647362941192649e-03
8.940284749219998162e+00 5.810076684306658169e-03
9.027251779484577909e+00 5.641078571642150173e-03
9.115064785527916769e+00 5.476614997829445247e-03
9.203731996618220279e+00 5.316239044100348754e-03
9.293261722074316111e+00 5.160725955074845286e-03
9.383662352044273902e+00 5.009119682659999087e-03
9.474942358291729150e+00 4.861545289295773203e-03
9.567110294989774388e+00 4.718002339697485205e-03
9.660174799522645017e+00 4.578314475415981750e-03
9.754144593295098531e+00 4.442437533942068112e-03
9.849028482549766039e+00 4.310103471200530875e-03
9.944835359192397917e+00 4.181591019889826892e-03
1.004157420162519543e+01 4.056501369521600502e-03
1.013925407558815373e+01 3.935324500431121482e-03
1.023788413500867378e+01 3.816335697761210483e-03
1.033747362285940774e+01 3.701374389053155040e-03
1.043803187202444072e+01 3.589178797949299244e-03
1.053956830617394580e+01 3.480608445255105408e-03
1.064209244064724658e+01 3.374778901457637422e-03
1.074561388334458023e+01 3.271896523006154710e-03
1.085014233562746178e+01 3.171863947634300050e-03
1.095568759322787855e+01 3.074615690782788770e-03
1.106225954716621906e+01 2.980090225830797548e-03
1.116986818467823817e+01 2.888141668132713537e-03
1.127852359015096795e+01 2.798920347522508480e-03
1.138823594606782130e+01 2.712109715713644474e-03
1.149901553396274245e+01 2.627814254817549891e-03
1.161087273538378994e+01 2.545847475131839208e-03
1.172381803286598512e+01 2.466227873016107845e-03
1.183786201091373513e+01 2.388865523863262230e-03
1.195301535699265827e+01 2.313706998495515879e-03
1.206928886253119870e+01 2.240694283944499963e-03
1.218669342393191712e+01 2.169804259438439919e-03
1.230524004359261525e+01 2.100896261307298382e-03
1.242493983093746479e+01 2.034019740263385504e-03
1.254580400345803248e+01 1.969054462638622754e-03
1.266784388776455827e+01 1.905971827530344390e-03
1.279107092064739781e+01 1.844724087594355006e-03
1.291549665014884063e+01 1.785259366406523806e-03
1.304113273664525430e+01 1.727501260106108737e-03
1.316799095393986185e+01 1.671493422985001216e-03
1.329608319036608854e+01 1.617097144539569832e-03
1.342542144990170527e+01 1.564320197977397617e-03
1.355601785329368880e+01 1.513044568815661087e-03
1.368788463919415221e+01 1.463343582256727187e-03
1.382103416530724438e+01 1.415276958475933638e-03
1.395547890954729020e+01 1.368494453964236258e-03
1.409123147120805619e+01 1.322876906161271843e-03
1.422830457214353395e+01 1.278822960070441538e-03
1.436671105796013137e+01 1.236081009555477055e-03
1.450646389922046886e+01 1.194649763653231030e-03
1.464757619265895272e+01 1.154447818775154299e-03
1.479006116240903168e+01 1.115483366349693216e-03
1.493393216124253264e+01 1.077689663405699463e-03
1.507920267182097263e+01 1.041044821751413094e-03
1.522588630795911513e+01 1.005524667773646753e-03
1.537399681590069456e+01 9.710951915679430935e-04
1.552354807560667105e+01 9.377269929544594868e-04
1.567455410205595001e+01 9.053765583177203436e-04
1.582702904655883280e+01 8.740303225388836549e-04
1.598098719808309376e+01 8.436586145371159163e-04
1.613644298459311699e+01 8.142317794056086336e-04
1.629341097440194730e+01 7.857209351762151723e-04
1.645190587753662470e+01 7.581087492015869045e-04
1.661194254711659113e+01 7.313634322080680115e-04
1.677353598074571295e+01 7.054613340336385319e-04
1.693670132191772026e+01 6.803874784681699945e-04
1.710145386143542012e+01 6.560900610883805715e-04
1.726780903884355922e+01 6.325757334627177741e-04
1.743578244387577669e+01 6.098162083798006148e-04
1.760538981791556523e+01 5.877910281558150788e-04
1.777664705547142532e+01 5.664535349195885154e-04
1.794957020566648254e+01 5.458182972214862443e-04
1.812417547374237614e+01 5.258509460289904035e-04
1.830047922257800863e+01 5.065317223527371479e-04
1.847849797422290763e+01 4.878481747887740395e-04
1.865824841144566193e+01 4.697802620975176173e-04
1.883974737929719367e+01 4.522847170229113770e-04
1.902301188668945642e+01 4.353834425041355630e-04
1.920805910798935301e+01 4.190361421183988271e-04
1.939490638462828542e+01 4.032330602367524552e-04
1.958357122672716955e+01 3.879585554006369274e-04
1.977407131473744428e+01 3.731974565743551172e-04
1.996642450109793288e+01 3.589304467677943982e-04
2.016064881190793656e+01 3.451313077874881906e-04
2.035676244861640072e+01 3.318199172865952213e-04
2.055478378972772546e+01 3.189595648217608752e-04
2.075473139252405730e+01 3.065335903133512073e-04
2.095662399480432825e+01 2.945342130186968076e-04
2.116048051664034446e+01 2.829436416188907942e-04
2.136632006214970403e+01 2.717619309897237106e-04
2.157416192128621546e+01 2.609537932843849248e-04
2.178402557164756459e+01 2.505429213043680560e-04
2.199593068030074861e+01 2.404844190116709108e-04
2.220989710562497521e+01 2.307870479817613978e-04
2.242594489917278011e+01 2.214269233891910009e-04
2.264409430754907504e+01 2.123965761579998945e-04
2.286436577430861306e+01 2.036904157996877272e-04
2.308677994187169702e+01 1.952968232734115421e-04
2.331135765345874944e+01 1.872052994956617175e-04
2.353811995504354471e+01 1.794195931107299608e-04
2.376708809732560823e+01 1.719068016406623972e-04
2.399828353772154799e+01 1.646467960436473769e-04
2.423172794237600769e+01 1.576701773505541370e-04
2.446744318819203201e+01 1.509507282410826000e-04
2.470545136488123816e+01 1.444786879362523920e-04
2.494577477703398571e+01 1.382473685867135929e-04
2.518843594620949489e+01 1.322487888069238439e-04
2.543345761304651020e+01 1.264797410451246843e-04
2.568086273939435316e+01 1.209271899105287390e-04
2.593067451046487548e+01 1.155863773795737042e-04
2.618291633700505372e+01 1.104442768883709842e-04
2.643761185749101372e+01 1.055050970086138430e-04
2.669478494034320804e+01 1.007544070871998511e-04
2.695445968616333587e+01 9.618395448713225988e-05
2.721666042999271795e+01 9.179875890026849142e-05
2.748141174359293259e+01 8.758122578277228044e-05
2.774873843774846804e+01 8.353678101366324204e-05
2.801866556459195223e+01 7.964374011648850480e-05
2.829121841995168651e+01 7.591311022238304948e-05
2.856642254572233952e+01 7.232650076959604949e-05
2.884430373225852051e+01 6.889102471597584960e-05
2.912488802079168337e+01 6.559192652858241573e-05
2.940820170587063842e+01 6.242809586187352607e-05
2.969427133782552986e+01 5.939573079162366353e-05
2.998312372525609959e+01 5.648843975354384000e-05
3.027478593754393543e+01 5.370154218888360619e-05
3.056928530738937155e+01 5.103268527604473996e-05
3.086664943337274636e+01 4.847685060453869681e-05
3.116690618254088463e+01 4.602943384312344337e-05
3.147008369301855879e+01 4.368750899868121987e-05
3.177621037664554038e+01 4.144788462391571699e-05
3.208531492163897525e+01 3.930201691362871847e-05
3.239742629528198847e+01 3.725568552416370200e-05
3.271257374663825601e+01 3.529262558914307682e-05
3.303078680929315425e+01 3.342163622454912258e-05
3.335209530412127066e+01 3.163279493741785780e-05
3.367652934208116022e+01 2.992430232382252151e-05
3.400411932703705986e+01 2.829566876936889607e-05
3.433489595860830690e+01 2.674014621565504323e-05
3.466889023504609213e+01 2.525769329647950689e-05
3.500613345613854221e+01 2.384276935864175942e-05
3.534665722614391115e+01 2.249112631339402168e-05
3.569049345675229290e+01 2.122481799786962375e-05
3.603767437007633134e+01 1.999754206278839865e-05
3.638823250167062184e+01 1.882867522659022733e-05
3.674220070358090595e+01 1.772159375052802452e-05
3.709961214742267543e+01 1.666617529936795372e-05
3.746050032748993175e+01 1.566657320378285533e-05
3.782489906389385936e+01 1.471446774810554264e-05
3.819284250573236505e+01 1.381228414222871515e-05
3.856436513429023449e+01 1.295663968100950288e-05
3.893950176627063087e+01 1.214517862144116488e-05
3.931828755705770106e+01 1.137575450092352776e-05
3.970075800401124155e+01 1.064753224629921565e-05
4.008694894979318946e+01 9.956123133960407686e-06
4.047689658572676308e+01 9.301858587448065663e-06
4.087063745518780422e+01 8.684517991177617056e-06
4.126820845702955864e+01 8.100408865116761643e-06
4.166964684904057492e+01 7.549374021911924754e-06
4.207499025143619065e+01 7.027731648517043411e-06
4.248427665038425260e+01 6.536920854865310741e-06
4.289754440156466586e+01 6.073716764859653111e-06
4.331483223376402947e+01 5.637776143279166820e-06
4.373617925250492533e+01 5.227668064171833475e-06
4.416162494371084790e+01 4.841445193494302029e-06
4.459120917740628443e+01 4.478973815531737856e-06
4.502497221145327444e+01 4.138928341982902626e-06
4.546295469532399380e+01 3.819479146278321446e-06
4.590519767391037220e+01 3.520523359221956233e-06
4.635174259137027519e+01 3.241911184054623623e-06
4.680263129501155817e+01 2.979494239717569869e-06
4.725790603921362276e+01 2.735181838793256157e-06
4.771760948938745628e+01 2.506867496213277308e-06
4.818178472597362827e+01 2.294378188211698600e-06
4.865047524847972937e+01 2.096443489597010051e-06
4.912372497955678341e+01 1.911522532878981157e-06
4.960157826911540724e+01 1.740599181155451301e-06
5.008407989848212338e+01 1.582365706728991695e-06
5.057127508459573306e+01 1.435679343318581798e-06
5.106320948424492911e+01 1.299679733354165743e-06
5.155992919834686461e+01 1.174188738369595133e-06
5.206148077626762216e+01 1.058584532370368249e-06
5.256791122018424289e+01 9.522626754228387356e-07
5.307926798948964375e+01 8.542884276258010375e-07
5.359559900524011766e+01 7.647049362897941880e-07
5.411695265464637572e+01 6.824483557618202563e-07
5.464337779560780461e+01 6.073795268540146736e-07
5.517492376129128928e+01 5.390061195344738829e-07
5.571164036475430237e+01 4.768029931708968768e-07
5.625357790361330501e+01 4.203944252781816924e-07
5.680078716475694733e+01 3.693135619714692504e-07
5.735331942910571712e+01 3.232712863332506228e-07
5.791122647641758192e+01 2.817755595367056549e-07
5.847456059014062646e+01 2.446215712670967626e-07
5.904337456231242243e+01 2.113747993451791714e-07
5.961772169850755887e+01 1.826303955748156610e-07
6.019765582283304184e+01 1.554284985438853748e-07
6.078323128297230227e+01 1.312507030961623500e-07
6.137450295527852973e+01 1.109414128725215314e-07
6.197152624991698389e+01 9.288179970784540594e-08
6.257435711605789663e+01 7.742846676616978876e-08
6.318305204711957401e+01 6.377514463692469743e-08
6.379766808606282069e+01 5.229343209494044480e-08
6.441826283073628190e+01 4.222690859400962965e-08
6.504489443927437264e+01 3.393966741264082989e-08
6.567762163554736787e+01 2.673265138246195447e-08
6.631650371466487570e+01 2.096294264506579114e-08
6.696160054853221766e+01 1.620212928694401443e-08
6.761297259146149941e+01 1.231405399634539624e-08
6.827068088583682481e+01 9.179093193713161590e-09
6.893478706783510290e+01 6.695588151567941805e-09
6.960535337320180815e+01 4.760360241701355965e-09
7.028244264308352740e+01 3.284303725002148467e-09
7.096611832991698066e+01 2.183877701224361104e-09
7.165644450337531168e+01 1.390531337249268494e-09
7.235348585637258623e+01 8.371549162653645746e-10
7.305730771112592947e+01 4.697695219822132828e-10
7.376797602527737752e+01 2.398673958724416059e-10
7.448555739807494547e+01 1.073778132373508360e-10
7.521011907661404905e+01 3.957069655544229452e-11
7.594172896213913759e+01 1.058491312424864431e-11
7.668045561640717267e+01 1.509536602827436321e-12
7.742636826811269657e+01 0.000000000000000000e+00
