1.000000000000000021e-02 1.972798450172358109e+00
1.009727545900835841e-02 1.972794517559305127e+00
1.019549716950923779e-02 1.972790498573088636e+00
1.029467433620748044e-02 1.972786484587913503e+00
1.039481625334708927e-02 1.972782546656506764e+00
1.049593230558227772e-02 1.972778537000203336e+00
1.059803196885688789e-02 1.972774420751558733e+00
1.070112481129246833e-02 1.972770214402144839e+00
1.080522049408488318e-02 1.972765936705160428e+00
1.091032877240974419e-02 1.972761572180078637e+00
1.101645949633656314e-02 1.972757108648013791e+00
1.112362261175187626e-02 1.972752531223713079e+00
1.123182816129126085e-02 1.972747840347955917e+00
1.134108628528052165e-02 1.972743035755190721e+00
1.145140722268592030e-02 1.972738118450527489e+00
1.156280131207376022e-02 1.972733083240042706e+00
1.167527899257919492e-02 1.972727935774723829e+00
1.178885080488457221e-02 1.972722747663465670e+00
1.190352739220719262e-02 1.972717575713889726e+00
1.201931950129673729e-02 1.972712195802212465e+00
1.213623798344241195e-02 1.972706725413523099e+00
1.225429379548980714e-02 1.972701160756852978e+00
1.237349800086776086e-02 1.972695320536743901e+00
1.249386177062509519e-02 1.972689526724707543e+00
1.261539638447754796e-02 1.972683576398652772e+00
1.273811323186478488e-02 1.972677608833412144e+00
1.286202381301779218e-02 1.972671539157574871e+00
1.298713974003655978e-02 1.972665335674360199e+00
1.311347273797833224e-02 1.972658994727330972e+00
1.324103464595636874e-02 1.972652570072490619e+00
1.336983741824946531e-02 1.972646094751001833e+00
1.349989312542219239e-02 1.972639482411858269e+00
1.363121395545611320e-02 1.972632737752488374e+00
1.376381221489191876e-02 1.972625848557760575e+00
1.389770032998276401e-02 1.972618788399785439e+00
1.403289084785873213e-02 1.972611563369420562e+00
1.416939643770268736e-02 1.972604200548418563e+00
1.430722989193757184e-02 1.972596664244171683e+00
1.444640412742520530e-02 1.972588924973198488e+00
1.458693218667675602e-02 1.972580971320792687e+00
1.472882723907502529e-02 1.972572835249824852e+00
1.487210258210860774e-02 1.972564503242339784e+00
1.501677164261799868e-02 1.972555969173965140e+00
1.516284797805393485e-02 1.972547254374399817e+00
1.531034527774784160e-02 1.972538359272995256e+00
1.545927736419477720e-02 1.972529254003634103e+00
1.560965819434872483e-02 1.972519926943882229e+00
1.576150186093060873e-02 1.972510391112310524e+00
1.591482259374891323e-02 1.972500642487850397e+00
1.606963476103326349e-02 1.972490706313407172e+00
1.622595287078087284e-02 1.972480588737070439e+00
1.638379157211618947e-02 1.972470238522488817e+00
1.654316565666366645e-02 1.972459680163188400e+00
1.670409005993399310e-02 1.972448901094450813e+00
1.686657986272368723e-02 1.972437887892877884e+00
1.703065029252844378e-02 1.972426628303887819e+00
1.719631672497009753e-02 1.972415110529050830e+00
1.736359468523754335e-02 1.972403318666902772e+00
1.753249984954170088e-02 1.972391311037553274e+00
1.770304804658450262e-02 1.972379063386389575e+00
1.787525525904235316e-02 1.972366666029918614e+00
1.804913762506383731e-02 1.972354024205191791e+00
1.822471143978214581e-02 1.972341089582649643e+00
1.840199315684210371e-02 1.972327861483554434e+00
1.858099938994215231e-02 1.972314379479802371e+00
1.876174691439120440e-02 1.972300620487859923e+00
1.894425266868081034e-02 1.972286494689266201e+00
1.912853375607242307e-02 1.972272139878358033e+00
1.931460744620030340e-02 1.972257576755824804e+00
1.950249117668984011e-02 1.972242688789106468e+00
1.969220255479172538e-02 1.972227466226976089e+00
1.988375935903200636e-02 1.972211917071722498e+00
2.007717954087816226e-02 1.972196168006225658e+00
2.027248122642137662e-02 1.972180087824311201e+00
2.046968271807520987e-02 1.972163648035333949e+00
2.066880249629082095e-02 1.972146797632098547e+00
2.086985922128879734e-02 1.972129806428583487e+00
2.107287173480786382e-02 1.972112609659444349e+00
2.127785906187062287e-02 1.972095097310853751e+00
2.148484041256648255e-02 1.972077211485010695e+00
2.169383518385184506e-02 1.972059020652189076e+00
2.190486296136792688e-02 1.972040376798140038e+00
2.211794352127614133e-02 1.972021711926503551e+00
2.233309683211144592e-02 1.972002197722259487e+00
2.255034305665360936e-02 1.971982218762625472e+00
2.276970255381680075e-02 1.971961891739774320e+00
2.299119588055741764e-02 1.971941358843850356e+00
2.321484379380064564e-02 1.971920358016415964e+00
2.344066725238556220e-02 1.971898918760629948e+00
2.366868741902936057e-02 1.971877076161822506e+00
2.389892566231050300e-02 1.971854919598770906e+00
2.413140355867127856e-02 1.971832386431533468e+00
2.436614289443983158e-02 1.971809371598440830e+00
2.460316566787181664e-02 1.971786051257518935e+00
2.484249409121190577e-02 1.971762269732762141e+00
2.508415059277539771e-02 1.971737943813527627e+00
2.532815781905008515e-02 1.971713072399994715e+00
2.557453863681850847e-02 1.971687737534667084e+00
2.582331613530085626e-02 1.971661872912117808e+00
2.607451362831877603e-02 1.971635408818561919e+00
2.632815465648021339e-02 1.971607877465284986e+00
2.658426298938541474e-02 1.971580369105292885e+00
2.684286262785454819e-02 1.971552419210949925e+00
2.710397780617682106e-02 1.971524169078137323e+00
2.736763299438163891e-02 1.971495375509748404e+00
2.763385290053169824e-02 1.971465928824837954e+00
2.790266247303856487e-02 1.971436044837290291e+00
2.817408690300057458e-02 1.971405762848313259e+00
2.844815162656363222e-02 1.971375004640019135e+00
2.872488232730495070e-02 1.971343591090066072e+00
2.900430493863991738e-02 1.971311464172550210e+00
2.928644564625237229e-02 1.971278559049822299e+00
2.957133089054861039e-02 1.971244913346682059e+00
2.985898736913520854e-02 1.971210523056319053e+00
3.014944203932094433e-02 1.971175513526524092e+00
3.044272212064302874e-02 1.971139669001080508e+00
3.073885509741795460e-02 1.971102907359603584e+00
3.103786872131722788e-02 1.971065288926310721e+00
3.133979101396793671e-02 1.971026848661334263e+00
3.164465026957891114e-02 1.970988291768525302e+00
3.195247505759213347e-02 1.970948392753768763e+00
3.226329422536015901e-02 1.970907943636131643e+00
3.257713690084949876e-02 1.970866785457666470e+00
3.289403249537032475e-02 1.970824801309111640e+00
3.321401070633261954e-02 1.970782233278222995e+00
3.353710152002930406e-02 1.970738962560780516e+00
3.386333521444636480e-02 1.970695115181292811e+00
3.419274236210027851e-02 1.970650480967058638e+00
3.452535383290306070e-02 1.970604938367864101e+00
3.486120079705520153e-02 1.970558550406696918e+00
3.520031472796678745e-02 1.970511259855879826e+00
3.554272740520694751e-02 1.970463067487457920e+00
3.588847091748199186e-02 1.970413836965354326e+00
3.623757766564258964e-02 1.970363519556508791e+00
3.659008036572020811e-02 1.970312293673168291e+00
3.694601205199302130e-02 1.970260139449024228e+00
3.730540608008161424e-02 1.970206899812189549e+00
3.766829613007490613e-02 1.970152414496060933e+00
3.803471620968648659e-02 1.970096681429144958e+00
3.840470065744145539e-02 1.970039983305156506e+00
3.877828414589457040e-02 1.969982288712243346e+00
3.915550168487941241e-02 1.969923372371244374e+00
3.953638862478930927e-02 1.969863183919385863e+00
3.992098065989020672e-02 1.969801536923772245e+00
4.030931383166566628e-02 1.969738685160590030e+00
4.070142453219438572e-02 1.969674654194563557e+00
4.109734950756069316e-02 1.969609704113658877e+00
4.149712586129815362e-02 1.969543214468780779e+00
4.190079105786669034e-02 1.969475282849802777e+00
4.230838292616342228e-02 1.969405824220743062e+00
4.271993966306778662e-02 1.969335067648059434e+00
4.313549983702118923e-02 1.969262911797211801e+00
4.355510239164130798e-02 1.969189388080816006e+00
4.397878664937160398e-02 1.969114501567494457e+00
4.440659231516640160e-02 1.969037836902825189e+00
4.483855948021186338e-02 1.968959509192625745e+00
4.527472862568297785e-02 1.968879545717414192e+00
4.571514062653719151e-02 1.968798237875249990e+00
4.615983675534499064e-02 1.968716138626312118e+00
4.660885868615767536e-02 1.968632246387730156e+00
4.706224849841281199e-02 1.968548163749568980e+00
4.752004868087766204e-02 1.968459632118352065e+00
4.798230213563085128e-02 1.968372056819747806e+00
4.844905218208294534e-02 1.968281747830399553e+00
4.892034256103611894e-02 1.968188338400168380e+00
4.939621743878321036e-02 1.968095069685726006e+00
4.987672141124663283e-02 1.968001781386660820e+00
5.036189950815770505e-02 1.967904632558309164e+00
5.085179719727656034e-02 1.967805129855451529e+00
5.134646038865306461e-02 1.967703605807487710e+00
5.184593543892913187e-02 1.967599896440292984e+00
5.235026915568305461e-02 1.967495594994786101e+00
5.285950880181603667e-02 1.967387104841801904e+00
5.337370209998133774e-02 1.967274701548888061e+00
5.389289723705643909e-02 1.967164194587556203e+00
5.441714286865893119e-02 1.967049407557321494e+00
5.494648812370611646e-02 1.966932520095196368e+00
5.548098260901916656e-02 1.966813983223527185e+00
5.602067641397187603e-02 1.966693343314236397e+00
5.656562011518465050e-02 1.966570521367554836e+00
5.711586478126431943e-02 1.966445677385817659e+00
5.767146197758996756e-02 1.966318653126760241e+00
5.823246377114527778e-02 1.966188938597567271e+00
5.879892273539785025e-02 1.966056484779289848e+00
5.937089195522609469e-02 1.965921405494195140e+00
5.994842503189409116e-02 1.965783496817879783e+00
6.053157608807464840e-02 1.965642682611966841e+00
6.112039977292132997e-02 1.965498688197519606e+00
6.171495126718981594e-02 1.965352168621046225e+00
6.231528628840921763e-02 1.965202947007026690e+00
6.292146109610344262e-02 1.965050269349289946e+00
6.353353249706343575e-02 1.964894506032732746e+00
6.415155785067082339e-02 1.964735773036539124e+00
6.477559507427335661e-02 1.964575190108751368e+00
6.540570264861225724e-02 1.964411903944125903e+00
6.604193962330305590e-02 1.964247606893370524e+00
6.668436562236895737e-02 1.964076966110144262e+00
6.733304084982863480e-02 1.963903135169843717e+00
6.798802609533814711e-02 1.963725442289429912e+00
6.864938273988777095e-02 1.963544336135322865e+00
6.931717276155408003e-02 1.963357620777671730e+00
6.999145874130821565e-02 1.963169406225931723e+00
7.067230386888070925e-02 1.962977121733977981e+00
7.135977194868306506e-02 1.962781396249153598e+00
7.205392740578704658e-02 1.962581297059597274e+00
7.275483529196229149e-02 1.962377611382574383e+00
7.346256129177256011e-02 1.962170718310623396e+00
7.417717172873124210e-02 1.961960282966649372e+00
7.489873357151664857e-02 1.961745966369571326e+00
7.562731444024800576e-02 1.961528866798483151e+00
7.636298261282241373e-02 1.961306535294610631e+00
7.710580703131336699e-02 1.961079671826909898e+00
7.785585730843146146e-02 1.960847696982757737e+00
7.861320373404813433e-02 1.960610710808795787e+00
7.937791728178281159e-02 1.960369563551754846e+00
8.015006961565404597e-02 1.960123294888816314e+00
8.092973309679550586e-02 1.959872588932530801e+00
8.171698079023696770e-02 1.959615689184248222e+00
8.251188647175167201e-02 1.959355228344523470e+00
8.331452463477014014e-02 1.959090093696600476e+00
8.412497049736118726e-02 1.958819383110076195e+00
8.494330000928071445e-02 1.958543865459619893e+00
8.576958985908941790e-02 1.958263389740588334e+00
8.660391748133952627e-02 1.957978148108593386e+00
8.744636106383144036e-02 1.957687961243657293e+00
8.829699955494091368e-02 1.957391410260850506e+00
8.915591267101763417e-02 1.957089617590027419e+00
9.002318090385581784e-02 1.956781432337517890e+00
9.089888552823731371e-02 1.956467241063213569e+00
9.178310860954806694e-02 1.956146869626748108e+00
9.267593301146882789e-02 1.955820320658548273e+00
9.357744240374062106e-02 1.955487059343600675e+00
9.448772127000577836e-02 1.955146949438505866e+00
9.540685491572513388e-02 1.954799106300922906e+00
9.633492947617222635e-02 1.954445372336500064e+00
9.727203192450542546e-02 1.954084454267762228e+00
9.821825007991856482e-02 1.953716246581672866e+00
9.917367261587073379e-02 1.953340416604478103e+00
1.001383890683960748e-01 1.952958942785734564e+00
1.011124898444945991e-01 1.952575466549871797e+00
1.020960662306047012e-01 1.952176856790094117e+00
1.030892104011576216e-01 1.951774030709945373e+00
1.040920154272158005e-01 1.951364159129137521e+00
1.051045752851944987e-01 1.950947447047232330e+00
1.061269848656690717e-01 1.950521483004972634e+00
1.071593399822671072e-01 1.950087084441842533e+00
1.082017373806478805e-01 1.949644540367652112e+00
1.092542747475682557e-01 1.949193650530195665e+00
1.103170507200377515e-01 1.948734596268713481e+00
1.113901648945616746e-01 1.948265643534770497e+00
1.124737178364751955e-01 1.947786938923903532e+00
1.135678110893671017e-01 1.947297873532994217e+00
1.146725471845963656e-01 1.946799629347842675e+00
1.157880296509002094e-01 1.946292019426320907e+00
1.169143630240966764e-01 1.945775516753670775e+00
1.180516528568804902e-01 1.945249096404816580e+00
1.192000057287153220e-01 1.944713770624909133e+00
1.203595292558212876e-01 1.944169607309232495e+00
1.215303321012602134e-01 1.943616628211592534e+00
1.227125239851190319e-01 1.943051488065998145e+00
1.239062156947916271e-01 1.942474118633970237e+00
1.251115190953615564e-01 1.941886034113703641e+00
1.263285471400849291e-01 1.941288242357578353e+00
1.275574138809759950e-01 1.940677747215852067e+00
1.287982344794950385e-01 1.940055579515523432e+00
1.300511252173409127e-01 1.939420439235118865e+00
1.313162035073478784e-01 1.938774042011152554e+00
1.325935879044890797e-01 1.938115578071170297e+00
1.338833981169864351e-01 1.937444862905265630e+00
1.351857550175293021e-01 1.936760485568839840e+00
1.365007806546013891e-01 1.936063389679476776e+00
1.378285982639189389e-01 1.935354530261275352e+00
1.391693322799789911e-01 1.934632533941940791e+00
1.405231083477211373e-01 1.933897102728915129e+00
1.418900533343016301e-01 1.933148982908391211e+00
1.432702953409830948e-01 1.932385515659158282e+00
1.446639637151387880e-01 1.931608168953800497e+00
1.460711890623745679e-01 1.930815687274355597e+00
1.474921032587684921e-01 1.930007744297979722e+00
1.489268394632288772e-01 1.929184481524616412e+00
1.503755321299738434e-01 1.928344596797997301e+00
1.518383170211306810e-01 1.927488700133089816e+00
1.533153312194593942e-01 1.926619054129896424e+00
1.548067131411984265e-01 1.925732690927536961e+00
1.563126025490369497e-01 1.924830371784092442e+00
1.578331405652117214e-01 1.923911555629203018e+00
1.593684696847328941e-01 1.922976165316884423e+00
1.609187337887370006e-01 1.922022595230898023e+00
1.624840781579713067e-01 1.921050624438253918e+00
1.640646494864078653e-01 1.920060366786371153e+00
1.656605958949914359e-01 1.919051767479692749e+00
1.672720669455196874e-01 1.918025939079694986e+00
1.688992136546599021e-01 1.916981556644989038e+00
1.705421885081006561e-01 1.915915102396672953e+00
1.722011454748421100e-01 1.914830027332844686e+00
1.738762400216251336e-01 1.913724599074154931e+00
1.755676291275001522e-01 1.912598552159392229e+00
1.772754712985387948e-01 1.911452727477020774e+00
1.789999265826875408e-01 1.910287062557660231e+00
1.807411565847668600e-01 1.909098249638818023e+00
1.824993244816152382e-01 1.907887541621335004e+00
1.842745950373816666e-01 1.906653979390626752e+00
1.860671346189656239e-01 1.905401956423212528e+00
1.878771112116086051e-01 1.904123666347023569e+00
1.897046944346358344e-01 1.902821216539831051e+00
1.915500555573527997e-01 1.901497081028854064e+00
1.934133675150944698e-01 1.900151360867692540e+00
1.952948049254327745e-01 1.898780518966231234e+00
1.971945441045395986e-01 1.897382196389873155e+00
1.991127630837108697e-01 1.895958102679078161e+00
2.010496416260497965e-01 1.894509651807783301e+00
2.030053612433137811e-01 1.893035312324568453e+00
2.049801052129238688e-01 1.891533644480787757e+00
2.069740585951406198e-01 1.890003186092225951e+00
2.089874082504071251e-01 1.888445036528567877e+00
2.110203428568595552e-01 1.886860371890205945e+00
2.130730529280097374e-01 1.885249750924361090e+00
2.151457308305980698e-01 1.883609394558044992e+00
2.172385708026215445e-01 1.881938712573456352e+00
2.193517689715359098e-01 1.880237983811307023e+00
2.214855233726360506e-01 1.878507768614473328e+00
2.236400339676138660e-01 1.876745982469801621e+00
2.258155026632983065e-01 1.874954493482868356e+00
2.280121333305757114e-01 1.873132004439039155e+00
2.302301318234963867e-01 1.871278261421520650e+00
2.324697059985647851e-01 1.869391247220236307e+00
2.347310657342196183e-01 1.867469519434830749e+00
2.370144229505012079e-01 1.865513989230614511e+00
2.393199916289123208e-01 1.863521454771180474e+00
2.416479878324700736e-01 1.861496137117962135e+00
2.439986297259550130e-01 1.859438732605925404e+00
2.463721375963552895e-01 1.857344424456832677e+00
2.487687338735107279e-01 1.855212243118044446e+00
2.511886431509580686e-01 1.853042018677617753e+00
2.536320922069775774e-01 1.850836137445824647e+00
2.560993100258459609e-01 1.848591770253851685e+00
2.585905278192945911e-01 1.846311792188374268e+00
2.611059790481781162e-01 1.843995265307247333e+00
2.636458994443517945e-01 1.841635094073306611e+00
2.662105270327638773e-01 1.839229433102297140e+00
2.688001021537606006e-01 1.836785704173160783e+00
2.714148674856106669e-01 1.834305657701831072e+00
2.740550680672460548e-01 1.831784630943686043e+00
2.767209513212268712e-01 1.829215615754754332e+00
2.794127670769268601e-01 1.826602527326318226e+00
2.821307675939472293e-01 1.823953550134010282e+00
2.848752075857552413e-01 1.821254897117235760e+00
2.876463442435557849e-01 1.818508911363087677e+00
2.904444372603925406e-01 1.815716415447861110e+00
2.932697488554852905e-01 1.812884483594497498e+00
2.961225437988035947e-01 1.810005807952396184e+00
2.990030894358785551e-01 1.807078791807296581e+00
3.019116557128577738e-01 1.804101319767826395e+00
3.048485152018017286e-01 1.801077554343604836e+00
3.078139431262288950e-01 1.798004585513064413e+00
3.108082173869063936e-01 1.794880483225489209e+00
3.138316185878944342e-01 1.791706606521206613e+00
3.168844300628416155e-01 1.788481182386487234e+00
3.199669379015380732e-01 1.785204986351221601e+00
3.230794309767249795e-01 1.781873720454780319e+00
3.262222009711669979e-01 1.778496318041534963e+00
3.293955424049855307e-01 1.775065903506498177e+00
3.325997526632606949e-01 1.771574931737565972e+00
3.358351320238990301e-01 1.768030105560481902e+00
3.391019836857747105e-01 1.764430924994160543e+00
3.424006137971423724e-01 1.760778940994384811e+00
3.457313314843284413e-01 1.757070263359626239e+00
3.490944488806992929e-01 1.753303771097260766e+00
3.524902811559130766e-01 1.749477731282577997e+00
3.559191465454557002e-01 1.745593160404298905e+00
3.593813663804627523e-01 1.741651200157297019e+00
3.628772651178337472e-01 1.737649069980081729e+00
3.664071703706370808e-01 1.733590488403337515e+00
3.699714129388128048e-01 1.729467420220723639e+00
3.735703268401719401e-01 1.725285473679833315e+00
3.772042493416999376e-01 1.721040206251336580e+00
3.808735209911614517e-01 1.716735176991881717e+00
3.845784856490158665e-01 1.712363357143587672e+00
3.883194905206404091e-01 1.707928397188337000e+00
3.920968861888690649e-01 1.703434146344571909e+00
3.959110266468458539e-01 1.698872795972123484e+00
3.997622693312000708e-01 1.694248611689392670e+00
4.036509751555413805e-01 1.689555883911880052e+00
4.075775085442840395e-01 1.684797195318971985e+00
4.115422374667966343e-01 1.679974877560528324e+00
4.155455334718875515e-01 1.675083596659664664e+00
4.195877717226225712e-01 1.670127906465123768e+00
4.236693310314835759e-01 1.665103376609427199e+00
4.277905938958687093e-01 1.660008277583526981e+00
4.319519465339363706e-01 1.654843463746270782e+00
4.361537789208005944e-01 1.649614291140224065e+00
4.403964848250754294e-01 1.644316153078247522e+00
4.446804618457780300e-01 1.638943548652433302e+00
4.490061114495874639e-01 1.633504454033354314e+00
4.533738390084691150e-01 1.627993875991461170e+00
4.577840538376618529e-01 1.622412811849950121e+00
4.622371692340384031e-01 1.616759816503586578e+00
4.667336025148346446e-01 1.611034700607341108e+00
4.712737750567601580e-01 1.605243785820992253e+00
4.758581123354846953e-01 1.599371504095534302e+00
4.804870439655131720e-01 1.593437377312005410e+00
4.851610037404442966e-01 1.587427216909305550e+00
4.898804296736250508e-01 1.581341159558821152e+00
4.946457640391963562e-01 1.575187776638022008e+00
4.994574534135413635e-01 1.568958723725520255e+00
5.043159487171361421e-01 1.562658758486705546e+00
5.092217052568053237e-01 1.556283969441612403e+00
5.141751827683928022e-01 1.549841779580406476e+00
5.191768454598426619e-01 1.543322296233646584e+00
5.242271620547044320e-01 1.536725241282725918e+00
5.293266058360561743e-01 1.530065471724681325e+00
5.344756546908600026e-01 1.523330023409051437e+00
5.396747911547442600e-01 1.516525478294540097e+00
5.449245024572260121e-01 1.509641929287612649e+00
5.502252805673685243e-01 1.502683505027853972e+00
5.555776222398878250e-01 1.495663514808898364e+00
5.609820290617031358e-01 1.488566573811336724e+00
5.664390074989449353e-01 1.481394755586900924e+00
5.719490689444144405e-01 1.474157133167912193e+00
5.775127297655114900e-01 1.466848020850987977e+00
5.831305113526221717e-01 1.459469124778253191e+00
5.888029401679826247e-01 1.452017738931859592e+00
5.945305477950136863e-01 1.444498655617955540e+00
6.003138709881384871e-01 1.436909439435294145e+00
6.061534517230839914e-01 1.429255081214743095e+00
6.120498372476699256e-01 1.421528192448782368e+00
6.180035801330957534e-01 1.413737817291314647e+00
6.240152383257209223e-01 1.405878755468055630e+00
6.300853751993553686e-01 1.397953113584283980e+00
6.362145596080520660e-01 1.389965082855460832e+00
6.424033659394193796e-01 1.381906559031756965e+00
6.486523741684461219e-01 1.373797236968416158e+00
6.549621699118558515e-01 1.365608228969699578e+00
6.613333444829840868e-01 1.357366939983065679e+00
6.677664949471955325e-01 1.349064424614297542e+00
6.742622241778342129e-01 1.340699640013600868e+00
6.808211409127237213e-01 1.332277929296460162e+00
6.874438598112112553e-01 1.323792204783150073e+00
6.941310015117725385e-01 1.315257157529396981e+00
7.008831926901714082e-01 1.306659491874007761e+00
7.077010661181889484e-01 1.298010952603541934e+00
7.145852607229240538e-01 1.289309475406990035e+00
7.215364216466665370e-01 1.280551347775332305e+00
7.285552003073593186e-01 1.271745153845074139e+00
7.356422544596413760e-01 1.262888182576306084e+00
7.427982482564918776e-01 1.253981375255256436e+00
7.500238523114668432e-01 1.245028792750579649e+00
7.573197437615483141e-01 1.236030223468380207e+00
7.646866063305975958e-01 1.226983445752657387e+00
7.721251303934327792e-01 1.217901138968562336e+00
7.796360130405233235e-01 1.208771443605735074e+00
7.872199581433195759e-01 1.199602061091647132e+00
7.948776764202123424e-01 1.190396626264801139e+00
8.026098855031396084e-01 1.181152456441062482e+00
8.104173100048355227e-01 1.171874257753000359e+00
8.183006815867394090e-01 1.162560674459444332e+00
8.262607390275591435e-01 1.153216757684124572e+00
8.342982282925082149e-01 1.143839157424500819e+00
8.424139026032094746e-01 1.134435961364922418e+00
8.506085225082840040e-01 1.125004220569215674e+00
8.588828559546254349e-01 1.115550808901795365e+00
8.672376783593644944e-01 1.106071739487316963e+00
8.756737726825394308e-01 1.096568844731437675e+00
8.841919295004664336e-01 1.087046668277797279e+00
8.927929470798307010e-01 1.077512544761575430e+00
9.014776314524917122e-01 1.067956902856384671e+00
9.102467964910225806e-01 1.058387023892964685e+00
9.191012639849772681e-01 1.048805332932357448e+00
9.280418637179072006e-01 1.039213361235177269e+00
9.370694335451198453e-01 1.029613165461560786e+00
9.461848194722002336e-01 1.020007300448021015e+00
9.553888757342895444e-01 1.010397400296759507e+00
9.646824648761427312e-01 1.000780623972514993e+00
9.740664578329562007e-01 9.911628537490844160e-01
9.835417340119908536e-01 9.815509233513571852e-01
9.931091813749796104e-01 9.719389414509147507e-01
1.002769696521346621e+00 9.623329426345629267e-01
1.012524184772224167e+00 9.527318673313575070e-01
1.022373560255302127e+00 9.431409697515341639e-01
1.032318745990486564e+00 9.335584229843821857e-01
1.042360673976402197e+00 9.239914540650859820e-01
1.052500285277732761e+00 9.144389217159056837e-01
1.062738530113414459e+00 9.048999501332107842e-01
1.073076367945679621e+00 8.953818679433638295e-01
1.083514767569973225e+00 8.858799936155287158e-01
1.094054707205742494e+00 8.764043178551175206e-01
1.104697174588111785e+00 8.669508062306076068e-01
1.115443167060441221e+00 8.575214869263902973e-01
1.126293691667795249e+00 8.481184220643918081e-01
1.137249765251314271e+00 8.387486511799491229e-01
1.148312414543511073e+00 8.294053038452577908e-01
1.159482676264482759e+00 8.200978544381386515e-01
1.170761597219069250e+00 8.108229414511785027e-01
1.182150234394952371e+00 8.015839141280683977e-01
1.193649655061713055e+00 7.923821503406650590e-01
1.205260936870842681e+00 7.832190723893133200e-01
1.216985167956738056e+00 7.740987516435577920e-01
1.228823447038673411e+00 7.650193220140559802e-01
1.240776883523764251e+00 7.559827595781499765e-01
1.252846597610937529e+00 7.469934849728379067e-01
1.265033720395903893e+00 7.380494774697538007e-01
1.277339393977160009e+00 7.291541787023859689e-01
1.289764771563017165e+00 7.203127785516013626e-01
1.302311017579677488e+00 7.115099527324468820e-01
1.314979307780347773e+00 7.027724165839115411e-01
1.327770829355430449e+00 6.940842495852022065e-01
1.340686781043774811e+00 6.854486203119320997e-01
1.353728373245021821e+00 6.768712717825364766e-01
1.366896828133026487e+00 6.683490319416411918e-01
1.380193379770397355e+00 6.598875429151439542e-01
1.393619274224142002e+00 6.514840844713214452e-01
1.407175769682446731e+00 6.431406757927750073e-01
1.420864136572576708e+00 6.348609076059236189e-01
1.434685657679937831e+00 6.266389875883789928e-01
1.448641628268290127e+00 6.184840716348393164e-01
1.462733356201129986e+00 6.103949367598816567e-01
1.476962162064259898e+00 6.023667896265241239e-01
1.491329379289537682e+00 5.944066908366707480e-01
1.505836354279841416e+00 5.865122665869142438e-01
1.520484446535244283e+00 5.786846133925498403e-01
1.535275028780422657e+00 5.709295665325793134e-01
1.550209487093291205e+00 5.632384017575448043e-01
1.565289221034902312e+00 5.556169325450374119e-01
1.580515643780601165e+00 5.480666855936501269e-01
1.595890182252465817e+00 5.405863340918383164e-01
1.611414277253019778e+00 5.331775114788477321e-01
1.627089383600260675e+00 5.258393695682361813e-01
1.642916970263993193e+00 5.185735830363706889e-01
1.658898520503498064e+00 5.113773390333777868e-01
1.675035532006524441e+00 5.042547148754349395e-01
1.691329517029648732e+00 4.972055288646750615e-01
1.707782002539993016e+00 4.902316918036422888e-01
1.724394530358320354e+00 4.833277887753614777e-01
1.741168657303530987e+00 4.764957135629210860e-01
1.758105955338547632e+00 4.697386989364938370e-01
1.775208011717636092e+00 4.630586411220655729e-01
1.792476429135148930e+00 4.564494807671624632e-01
1.809912825875727105e+00 4.499129877067412631e-01
1.827518835965944666e+00 4.434508520519232500e-01
1.845296109327445366e+00 4.370618860010271889e-01
1.863246311931559873e+00 4.307488923461091357e-01
1.881371125955437096e+00 4.245081336823879337e-01
1.899672249939675650e+00 4.183418441743878557e-01
1.918151398947507635e+00 4.122468139994903136e-01
1.936810304725519849e+00 4.062241112445054703e-01
1.955650715865949074e+00 4.002779799000873995e-01
1.974674397970537454e+00 3.944031756495314789e-01
1.993883133816001019e+00 3.886011619031511932e-01
2.013278723521096492e+00 3.828693757465621017e-01
2.032862984715323673e+00 3.772109196733252623e-01
2.052637752709252084e+00 3.716245362578973754e-01
2.072604880666519822e+00 3.661101487818697597e-01
2.092766239777499759e+00 3.606657369794512569e-01
2.113123719434652603e+00 3.552913347488463325e-01
2.133679227409597701e+00 3.499884605759682188e-01
2.154434690031884259e+00 3.447537642040902073e-01
2.175392052369522489e+00 3.395892713788094541e-01
2.196553278411258248e+00 3.344938713268252872e-01
2.217920351250634692e+00 3.294676283904407477e-01
2.239495273271823184e+00 3.245075401424808437e-01
2.261280066337279404e+00 3.196161610882841120e-01
2.283276771977218012e+00 3.147908453533487805e-01
2.305487451580938707e+00 3.100333843200759332e-01
2.327914186589993051e+00 3.053404638180580166e-01
2.350559078693253756e+00 3.007135107370201843e-01
2.373424250023866033e+00 2.961506957187386435e-01
2.396511843358130278e+00 2.916530484951445623e-01
2.419824022316292567e+00 2.872187636798070876e-01
2.443362971565319341e+00 2.828470472706046124e-01
2.467130897023623426e+00 2.785383763465604234e-01
2.491130026067788439e+00 2.742909991590130603e-01
2.515362607741312928e+00 2.701052554509424386e-01
2.539830912965362675e+00 2.659804911186126053e-01
2.564537234751594674e+00 2.619155679877802623e-01
2.589483888417040802e+00 2.579080094241855137e-01
2.614673211801092023e+00 2.539621757871494689e-01
2.640107565484572927e+00 2.500732149337039911e-01
2.665789333010967876e+00 2.462411878338795213e-01
2.691720921109787668e+00 2.424671568490922302e-01
2.717904759922122881e+00 2.387473354758241628e-01
2.744343303228365283e+00 2.350856572117772936e-01
2.771039028678170535e+00 2.314767879681077223e-01
2.797994438022641805e+00 2.279235194188918290e-01
2.825212057348790218e+00 2.244233433378661491e-01
2.852694437316245057e+00 2.209743272924078183e-01
2.880444153396297668e+00 2.175807015396126476e-01
2.908463806113254169e+00 2.142372479007954023e-01
2.936756021288137397e+00 2.109439778679387811e-01
2.965323450284773621e+00 2.077014609169710313e-01
2.994168770258243573e+00 2.045092431316883619e-01
3.023294684405779531e+00 2.013657295243361234e-01
3.052703922220086241e+00 1.982708384121353584e-01
3.082399239745143404e+00 1.952229895738589183e-01
3.112383419834465759e+00 1.922223113562688268e-01
3.142659272411905569e+00 1.892686485307539246e-01
3.173229634734976212e+00 1.863606313828094774e-01
3.204097371660752813e+00 1.834974203963346540e-01
3.235265375914330388e+00 1.806795611492267861e-01
3.266736568359921655e+00 1.779045702280989960e-01
3.298513898274578082e+00 1.751732673389989337e-01
3.330600343624588788e+00 1.724841501852601433e-01
3.362998911344535991e+00 1.698390374668477809e-01
3.395712637619100693e+00 1.672342799012428993e-01
3.428744588167585317e+00 1.646690619897802355e-01
3.462097858531227423e+00 1.621451711845386945e-01
3.495775574363275240e+00 1.596613085636778562e-01
3.529780891721914671e+00 1.572171375332246657e-01
3.564116997366032269e+00 1.548102769969794124e-01
3.598787109053855460e+00 1.524415072264713455e-01
3.633794475844513094e+00 1.501098617627275866e-01
3.669142378402494131e+00 1.478157032558660433e-01
3.704834129305105694e+00 1.455582748002806071e-01
3.740873073352900313e+00 1.433359799591532868e-01
3.777262587883141176e+00 1.411485411393175460e-01
3.814006083086284082e+00 1.389956993552542708e-01
3.851107002325572903e+00 1.368768510415541428e-01
3.888568822459721019e+00 1.347925014386657239e-01
3.926395054168756449e+00 1.327407693947981193e-01
3.964589242282997805e+00 1.307209735464976430e-01
4.003154966115265445e+00 1.287333009173531329e-01
4.042095839796306045e+00 1.267776150802156221e-01
4.081415512613501662e+00 1.248530406781623719e-01
4.121117669352832635e+00 1.229585823134353162e-01
4.161206030644208020e+00 1.210941171201406624e-01
4.201684353310133346e+00 1.192594373354388393e-01
4.242556430717777438e+00 1.174538621175467840e-01
4.283826093134470270e+00 1.156767122335375514e-01
4.325497208086633627e+00 1.139276505699511610e-01
4.367573680722233398e+00 1.122067378643422375e-01
4.410059454176736615e+00 1.105125282031022421e-01
4.452958509942654963e+00 1.088456537251398931e-01
4.496274868242640110e+00 1.072046938413563910e-01
4.540012588406244554e+00 1.055902547719718698e-01
4.584175769250333765e+00 1.040009213608182465e-01
4.628768549463215365e+00 1.024369705468748948e-01
4.673795107992464004e+00 1.008973752659138717e-01
4.719259664436561863e+00 9.938234140244650572e-02
4.765166479440326341e+00 9.789129603703734805e-02
4.811519855094205766e+00 9.642351829931722351e-02
4.858324135337417360e+00 9.497906449723732270e-02
4.905583706365050922e+00 9.355709783886088926e-02
4.953302997039108924e+00 9.215763088878198284e-02
5.001486479303548727e+00 9.078060136931782875e-02
5.050138668603383785e+00 8.942502310181227321e-02
5.099264124307808288e+00 8.809001530960361426e-02
5.148867450137498025e+00 8.677686590535732547e-02
5.198953294596024399e+00 8.548384643593294474e-02
5.249526351405507718e+00 8.421127003478862116e-02
5.300591359946452030e+00 8.295827617931349207e-02
5.352153105701904501e+00 8.172496791257473359e-02
5.404216420705915347e+00 8.051153910394670543e-02
5.456786183996381823e+00 7.931627466294953466e-02
5.509867322072253160e+00 7.814020283872215311e-02
5.563464809355226137e+00 7.698199394977790766e-02
5.617583668655908191e+00 7.584167552722946570e-02
5.672228971644543094e+00 7.472003750072125916e-02
5.727405839326266346e+00 7.361483452099010227e-02
5.783119442521027054e+00 7.252714518913942754e-02
5.839375002348160315e+00 7.145619091560938274e-02
5.896177790715694478e+00 7.040180610798360550e-02
5.953533130814370189e+00 6.936405926548694367e-02
6.011446397616513337e+00 6.834199238767782458e-02
6.069923018379741464e+00 6.733555479854173853e-02
6.128968473155564034e+00 6.634482062269449198e-02
6.188588295302960063e+00 6.536942734176193204e-02
6.248788072006894012e+00 6.440876471413994886e-02
6.309573444801936049e+00 6.346312109475432672e-02
6.370950110100935149e+00 6.253192045089694950e-02
6.432923819728876502e+00 6.161456084994144933e-02
6.495500381461869033e+00 6.071153670514986556e-02
6.558685659571435345e+00 5.982241272726005615e-02
6.622485575374063238e+00 5.894699383097772027e-02
6.686906107786136921e+00 5.808447277214204979e-02
6.751953293884205287e+00 5.723505072594949061e-02
6.817633229470763112e+00 5.639872172440252296e-02
6.883952069645496330e+00 5.557544373910643792e-02
6.950916029382126382e+00 5.476408827131483414e-02
7.018531384110795912e+00 5.396518074357445349e-02
7.086804470306189430e+00 5.317826511737133721e-02
7.155741686081340980e+00 5.240324632095428453e-02
7.225349491787214085e+00 5.164016659039193796e-02
7.295634410618154320e+00 5.088837086384070951e-02
7.366603029223159460e+00 5.014792750256542864e-02
7.438261998323163482e+00 4.941829579266156236e-02
7.510618033334286459e+00 4.869986218722686250e-02
7.583677914997190683e+00 4.799238190737633442e-02
7.657448490012479958e+00 4.728963695773916176e-02
7.731936671682362316e+00 4.660847257920128217e-02
7.807149440558499798e+00 4.593191130035917391e-02
7.883093845096216690e+00 4.526556136262501612e-02
7.959777002314985417e+00 4.460916579202580529e-02
8.037206098465421888e+00 4.396239204891341096e-02
8.115388389702712146e+00 4.332525366713160797e-02
8.194331202766655053e+00 4.269752376504308555e-02
8.274041935668218883e+00 4.207899991213150809e-02
8.354528058382872047e+00 4.146976563717547776e-02
8.435797113550611570e+00 4.086941689249643656e-02
8.517856717182803905e+00 4.027804941172297148e-02
8.600714559375941093e+00 3.969512899845269865e-02
8.684378405032257220e+00 3.912099381006024779e-02
8.768856094587436090e+00 3.855508031113046713e-02
8.854155544745349715e+00 3.799773056030404661e-02
8.940284749219998162e+00 3.744829398561858730e-02
9.027251779484577909e+00 3.690703653372277848e-02
9.115064785527916769e+00 3.637357193302560854e-02
9.203731996618220279e+00 3.584804409733093750e-02
9.293261722074316111e+00 3.532998109325492103e-02
9.383662352044273902e+00 3.481958869498496395e-02
9.474942358291729150e+00 3.431645746200039093e-02
9.567110294989774388e+00 3.382081539621580729e-02
9.660174799522645017e+00 3.333223159303622812e-02
9.754144593295098531e+00 3.285081907531458428e-02
9.849028482549766039e+00 3.237618544623535599e-02
9.944835359192397917e+00 3.190591998162072007e-02
1.004157420162519543e+01 3.144757861872855137e-02
1.013925407558815373e+01 3.099331234661455853e-02
1.023788413500867378e+01 3.054543424434301782e-02
1.033747362285940774e+01 3.010405859150338745e-02
1.043803187202444072e+01 2.966918694642091750e-02
1.053956830617394580e+01 2.924032076585251702e-02
1.064209244064724658e+01 2.881780091164206845e-02
1.074561388334458023e+01 2.840116674645772749e-02
1.085014233562746178e+01 2.799046286553813143e-02
1.095568759322787855e+01 2.758585683647277881e-02
1.106225954716621906e+01 2.718677848027212240e-02
1.116986818467823817e+01 2.679346949156251670e-02
1.127852359015096795e+01 2.640568779302784885e-02
1.138823594606782130e+01 2.602344267307469400e-02
1.149901553396274245e+01 2.564676550660186655e-02
1.161087273538378994e+01 2.527534248248527321e-02
1.172381803286598512e+01 2.490906049698654243e-02
1.183786201091373513e+01 2.454809878323521363e-02
1.195301535699265827e+01 2.419224206660995982e-02
1.206928886253119870e+01 2.384130366452111294e-02
1.218669342393191712e+01 2.349547640233140902e-02
1.230524004359261525e+01 2.315446058690104336e-02
1.242493983093746479e+01 2.281815594658279100e-02
1.254580400345803248e+01 2.248671357347891558e-02
1.266784388776455827e+01 2.215997650389447612e-02
1.279107092064739781e+01 2.183770944971862721e-02
1.291549665014884063e+01 2.151992243758516637e-02
1.304113273664525430e+01 2.120660524089600096e-02
1.316799095393986185e+01 2.089785988066709954e-02
1.329608319036608854e+01 2.059325413577266575e-02
1.342542144990170527e+01 2.029304456844619603e-02
1.355601785329368880e+01 1.999696247467711713e-02
1.368788463919415221e+01 1.970505538301876164e-02
1.382103416530724438e+01 1.941720760855345645e-02
1.395547890954729020e+01 1.913341364327840119e-02
1.409123147120805619e+01 1.885353905423137189e-02
1.422830457214353395e+01 1.857756087114600246e-02
1.436671105796013137e+01 1.830545001085745124e-02
1.450646389922046886e+01 1.803713625788715830e-02
1.464757619265895272e+01 1.777258378378869172e-02
1.479006116240903168e+01 1.751161278609858832e-02
1.493393216124253264e+01 1.725434407036528783e-02
1.507920267182097263e+01 1.700066043224506690e-02
1.522588630795911513e+01 1.675049004856687951e-02
1.537399681590069456e+01 1.650381142977741522e-02
1.552354807560667105e+01 1.626048998200999365e-02
1.567455410205595001e+01 1.602062587008928549e-02
1.582702904655883280e+01 1.578407938074905328e-02
1.598098719808309376e+01 1.555075581958414478e-02
1.613644298459311699e+01 1.532069331266364479e-02
1.629341097440194730e+01 1.509381966747694141e-02
1.645190587753662470e+01 1.487010269854932912e-02
1.661194254711659113e+01 1.464949569315532503e-02
1.677353598074571295e+01 1.443193120653582691e-02
1.693670132191772026e+01 1.421736102703197689e-02
1.710145386143542012e+01 1.400577271162700178e-02
1.726780903884355922e+01 1.379712194218974189e-02
1.743578244387577669e+01 1.359135946705011290e-02
1.760538981791556523e+01 1.338841119014449674e-02
1.777664705547142532e+01 1.318831483873222389e-02
1.794957020566648254e+01 1.299096435850318788e-02
1.812417547374237614e+01 1.279633167312058464e-02
1.830047922257800863e+01 1.260443361991706208e-02
1.847849797422290763e+01 1.241514588009631249e-02
1.865824841144566193e+01 1.222849040896227882e-02
1.883974737929719367e+01 1.204440351948835204e-02
1.902301188668945642e+01 1.186290065764413100e-02
1.920805910798935301e+01 1.168387592815599632e-02
1.939490638462828542e+01 1.150732529718950618e-02
1.958357122672716955e+01 1.133327659703998493e-02
1.977407131473744428e+01 1.116155744094224529e-02
1.996642450109793288e+01 1.099230187960815487e-02
2.016064881190793656e+01 1.082529836150574083e-02
2.035676244861640072e+01 1.066064037925956200e-02
2.055478378972772546e+01 1.049828211758859278e-02
2.075473139252405730e+01 1.033816777702227865e-02
2.095662399480432825e+01 1.018026489025587907e-02
2.116048051664034446e+01 1.002455695183566801e-02
2.136632006214970403e+01 9.870980995595983812e-03
2.157416192128621546e+01 9.719592653529835272e-03
2.178402557164756459e+01 9.570244494090187487e-03
2.199593068030074861e+01 9.422999215861982414e-03
2.220989710562497521e+01 9.277822446671033299e-03
2.242594489917278011e+01 9.134619688540153784e-03
2.264409430754907504e+01 8.993422090992365600e-03
2.286436577430861306e+01 8.854196876258662793e-03
2.308677994187169702e+01 8.716768123412854327e-03
2.331135765345874944e+01 8.581516984596603004e-03
2.353811995504354471e+01 8.448065607676550834e-03
2.376708809732560823e+01 8.316418677769953777e-03
2.399828353772154799e+01 8.186622103791839009e-03
2.423172794237600769e+01 8.058640269133617029e-03
2.446744318819203201e+01 7.932441880536695786e-03
2.470545136488123816e+01 7.808017612507121841e-03
2.494577477703398571e+01 7.685331921653692708e-03
2.518843594620949489e+01 7.564356276141832869e-03
2.543345761304651020e+01 7.445095800524013929e-03
2.568086273939435316e+01 7.327482871619923552e-03
2.593067451046487548e+01 7.211527701808358518e-03
2.618291633700505372e+01 7.097203441575009909e-03
2.643761185749101372e+01 6.984498480472053211e-03
2.669478494034320804e+01 6.873361159685264718e-03
2.695445968616333587e+01 6.763818342279602665e-03
2.721666042999271795e+01 6.655772827887845855e-03
2.748141174359293259e+01 6.549283499245255741e-03
2.774873843774846804e+01 6.444297508147621076e-03
2.801866556459195223e+01 6.340799116786113160e-03
2.829121841995168651e+01 6.238754681409496537e-03
2.856642254572233952e+01 6.138159581184966275e-03
2.884430373225852051e+01 6.039000042732247525e-03
2.912488802079168337e+01 5.941238066052278825e-03
2.940820170587063842e+01 5.844858636976202337e-03
2.969427133782552986e+01 5.749879117854856357e-03
2.998312372525609959e+01 5.656226251139717838e-03
3.027478593754393543e+01 5.563999811010266784e-03
3.056928530738937155e+01 5.472925719421666349e-03
3.086664943337274636e+01 5.383237541669701198e-03
3.116690618254088463e+01 5.294831909702034899e-03
3.147008369301855879e+01 5.207697573214711655e-03
3.177621037664554038e+01 5.121823379218818847e-03
3.208531492163897525e+01 5.037163544923533263e-03
3.239742629528198847e+01 4.953732031502978798e-03
3.271257374663825601e+01 4.871510064335832571e-03
3.303078680929315425e+01 4.790482554514851124e-03
3.335209530412127066e+01 4.710581850373355209e-03
3.367652934208116022e+01 4.631867905171013246e-03
3.400411932703705986e+01 4.554301413706134637e-03
3.433489595860830690e+01 4.477861731296335635e-03
3.466889023504609213e+01 4.402517675119201751e-03
3.500613345613854221e+01 4.328290507921871491e-03
3.534665722614391115e+01 4.255130899739893897e-03
3.569049345675229290e+01 4.183046095739428698e-03
3.603767437007633134e+01 4.111991003967615903e-03
3.638823250167062184e+01 4.042011165539064962e-03
3.674220070358090595e+01 3.973045392245040837e-03
3.709961214742267543e+01 3.905090049330529195e-03
3.746050032748993175e+01 3.838144662082598312e-03
3.782489906389385936e+01 3.772186286873866964e-03
3.819284250573236505e+01 3.707194726554149337e-03
3.856436513429023449e+01 3.643162635580000659e-03
3.893950176627063087e+01 3.580086813641849761e-03
3.931828755705770106e+01 3.517940810689449381e-03
3.970075800401124155e+01 3.456738920495380438e-03
4.008694894979318946e+01 3.396408812827547523e-03
4.047689658572676308e+01 3.336998967205009534e-03
4.087063745518780422e+01 3.278499955319223724e-03
4.126820845702955864e+01 3.220808657428158705e-03
4.166964684904057492e+01 3.164070829600425412e-03
4.207499025143619065e+01 3.108139840026247994e-03
4.248427665038425260e+01 3.053057700153327756e-03
4.289754440156466586e+01 2.998809231164812402e-03
4.331483223376402947e+01 2.945377935283919647e-03
4.373617925250492533e+01 2.892763329295545711e-03
4.416162494371084790e+01 2.840936998497097139e-03
4.459120917740628443e+01 2.789902152236214440e-03
4.502497221145327444e+01 2.739634279786195420e-03
4.546295469532399380e+01 2.690156148765816043e-03
4.590519767391037220e+01 2.641430145360574439e-03
4.635174259137027519e+01 2.593467440513558264e-03
4.680263129501155817e+01 2.546182392740226758e-03
4.725790603921362276e+01 2.499664817650697982e-03
4.771760948938745628e+01 2.453860038057173714e-03
4.818178472597362827e+01 2.408763508634291332e-03
4.865047524847972937e+01 2.364430012782614641e-03
4.912372497955678341e+01 2.320650342871024164e-03
4.960157826911540724e+01 2.277612401943621655e-03
5.008407989848212338e+01 2.235257333906138892e-03
5.057127508459573306e+01 2.193549932256980313e-03
5.106320948424492911e+01 2.152512552026297158e-03
5.155992919834686461e+01 2.112108851414197085e-03
5.206148077626762216e+01 2.072334249394411701e-03
5.256791122018424289e+01 2.033185203811531307e-03
5.307926798948964375e+01 1.994664096423983540e-03
5.359559900524011766e+01 1.956747454056662928e-03
5.411695265464637572e+01 1.919431153673316782e-03
5.464337779560780461e+01 1.882703700443311536e-03
5.517492376129128928e+01 1.846558672474490253e-03
5.571164036475430237e+01 1.810998749262331944e-03
5.625357790361330501e+01 1.776007260733672303e-03
5.680078716475694733e+01 1.741559009785702793e-03
5.735331942910571712e+01 1.707685833117179430e-03
5.791122647641758192e+01 1.674350452314346581e-03
5.847456059014062646e+01 1.641541726671169035e-03
5.904337456231242243e+01 1.609275717728065637e-03
5.961772169850755887e+01 1.577525012175669521e-03
6.019765582283304184e+01 1.546286139450531866e-03
6.078323128297230227e+01 1.515570844951348627e-03
6.137450295527852973e+01 1.485339476257673940e-03
6.197152624991698389e+01 1.455606453935478746e-03
6.257435711605789663e+01 1.426362381364568643e-03
6.318305204711957401e+01 1.397597448778141373e-03
6.379766808606282069e+01 1.369301559204984687e-03
6.441826283073628190e+01 1.341475314838134472e-03
6.504489443927437264e+01 1.314113906620260203e-03
6.567762163554736787e+01 1.287196534292641813e-03
6.631650371466487570e+01 1.260723182466441748e-03
6.696160054853221766e+01 1.234700411521081134e-03
6.761297259146149941e+01 1.209105726785451949e-03
6.827068088583682481e+01 1.183934591420648334e-03
6.893478706783510290e+01 1.159192275843264758e-03
6.960535337320180815e+01 1.134859362076587894e-03
7.028244264308352740e+01 1.110934878990116640e-03
7.096611832991698066e+01 1.087412857907564491e-03
7.165644450337531168e+01 1.064287762402443393e-03
7.235348585637258623e+01 1.041555541539719316e-03
7.305730771112592947e+01 1.019209074761034256e-03
7.376797602527737752e+01 9.972375647472921101e-04
7.448555739807494547e+01 9.756392722265872343e-04
7.521011907661404905e+01 9.544115007412552710e-04
7.594172896213913759e+01 9.335435535591577166e-04
7.668045561640717267e+01 9.130340810191193241e-04
7.742636826811269657e+01 8.928798141829797849e-04
7.817953681937576960e+01 8.730687936945685746e-04
7.894003185229233566e+01 8.535818402494331405e-04
7.970792463554894880e+01 8.344617727495311308e-04
8.048328713110151966e+01 8.156534667172728528e-04
8.126619200091946027e+01 7.971825902545103199e-04
8.205671261379453085e+01 7.790149475112160453e-04
8.285492305221690401e+01 7.611680190969929765e-04
8.366089811931756515e+01 7.436304989665136218e-04
8.447471334587828551e+01 7.264004665599218657e-04
8.529644499741024788e+01 7.094728827479851148e-04
8.612617008130067120e+01 6.928357729326014300e-04
8.696396635402970787e+01 6.764915503597962411e-04
8.780991232845718741e+01 6.604285999599954346e-04
8.866408728118061333e+01 6.446524706658049485e-04
8.952657125996400111e+01 6.291519690529819497e-04
9.039744509123974581e+01 6.139203382342152708e-04
9.127679038768296493e+01 5.989560770474542349e-04
9.216468955586012157e+01 5.842599183295643607e-04
9.306122580395103228e+01 5.698144701121784367e-04
9.396648314954700254e+01 5.556295198604823283e-04
9.488054642752423717e+01 5.416894912499345405e-04
9.580350129799435877e+01 5.279992003229551888e-04
9.673543425433136633e+01 5.145430323379608780e-04
9.767643263127766318e+01 5.013275150067455620e-04
9.862658461312820180e+01 4.883416792917028492e-04
9.958597924199507645e+01 4.755862391031594281e-04
1.005547064261513555e+02 4.630531313417814718e-04
1.015328569484565975e+02 4.507390394106209480e-04
1.025205224748657002e+02 4.386411916634475679e-04
1.035177955630176285e+02 4.267547673267789400e-04
1.045247696709102172e+02 4.150743912981612218e-04
1.055415391656582784e+02 4.035971141028382942e-04
1.065681993323370733e+02 3.923199636653070259e-04
1.076048463829117878e+02 3.812381844545933616e-04
1.086515774652539505e+02 3.703468613624304596e-04
1.097084906722451905e+02 3.596384988625594037e-04
1.107756850509708642e+02 3.491144395813677577e-04
1.118532606120007102e+02 3.387716797571033341e-04
1.129413183387621018e+02 3.285993265668534229e-04
1.140399601970033103e+02 3.185965768175510093e-04
1.151492891443491402e+02 3.087608956165499899e-04
1.162694091399494027e+02 2.990837453115740771e-04
1.174004251542213098e+02 2.895646336032326731e-04
1.185424431786863977e+02 2.802019782590858214e-04
1.196955702359042846e+02 2.709851874098251345e-04
1.208599143895007444e+02 2.619097568813962104e-04
1.220355847542956980e+02 2.529719460884232080e-04
1.232226915065284345e+02 2.441689163782922696e-04
1.244213458941827213e+02 2.354942835927240844e-04
1.256316602474121424e+02 2.269435633198394365e-04
1.268537479890670454e+02 2.185076045086394622e-04
1.280877236453237629e+02 2.101843613125072355e-04
1.293337028564169486e+02 2.019665563304946494e-04
1.305918023874777987e+02 1.938478631206907532e-04
1.318621401394748602e+02 1.858166454883807071e-04
1.331448351602640230e+02 1.778734137480307868e-04
1.344400076557447221e+02 1.700018232736779094e-04
1.357477790011246839e+02 1.621963635025353131e-04
1.370682717522946348e+02 1.544438490062174192e-04
1.384016096573132870e+02 1.467330870555459785e-04
1.397479176680040780e+02 1.390489685920885210e-04
1.411073219516657957e+02 1.313757194280931436e-04
1.424799499028946457e+02 1.236923056076806354e-04
1.438659301555238414e+02 1.159748542618785052e-04
1.452653925946781328e+02 1.081926344749575684e-04
1.466784683689457722e+02 1.003061507734683070e-04
1.481052899026690000e+02 9.226425129982858528e-05
1.495459909083537866e+02 8.399572925311949139e-05
1.510007063992007659e+02 7.539785666305768067e-05
1.524695727017573006e+02 6.631192941740760136e-05
1.539527274686944622e+02 5.646840092213015276e-05
1.554503096917050300e+02 4.533546534098879062e-05
1.569624597145302403e+02 3.152068775446213511e-05
1.584893192461114211e+02 0.000000000000000000e+00
