1.000000000000000021e-02 1.288233325009489283e+00
1.009727545900835841e-02 1.288228142254000952e+00
1.019549716950923779e-02 1.288222835186157766e+00
1.029467433620748044e-02 1.288217416504643387e+00
1.039481625334708927e-02 1.288211935921555140e+00
1.049593230558227772e-02 1.288206434382514587e+00
1.059803196885688789e-02 1.288200662214902925e+00
1.070112481129246833e-02 1.288194658668136539e+00
1.080522049408488318e-02 1.288188676823085466e+00
1.091032877240974419e-02 1.288188415027066380e+00
1.101645949633656314e-02 1.288175696631511880e+00
1.112362261175187626e-02 1.288169915089158346e+00
1.123182816129126085e-02 1.288163226638460390e+00
1.134108628528052165e-02 1.288156323671961756e+00
1.145140722268592030e-02 1.288149292261665524e+00
1.156280131207376022e-02 1.288142387504524367e+00
1.167527899257919492e-02 1.288135445968331627e+00
1.178885080488457221e-02 1.288128154734870412e+00
1.190352739220719262e-02 1.288120511309716054e+00
1.201931950129673729e-02 1.288112942178377907e+00
1.213623798344241195e-02 1.288105085788288529e+00
1.225429379548980714e-02 1.288097229487152662e+00
1.237349800086776086e-02 1.288089147023122161e+00
1.249386177062509519e-02 1.288080907826371524e+00
1.261539638447754796e-02 1.288072521514051605e+00
1.273811323186478488e-02 1.288063956626364304e+00
1.286202381301779218e-02 1.288055534081851361e+00
1.298713974003655978e-02 1.288046857483051699e+00
1.311347273797833224e-02 1.288037889438457873e+00
1.324103464595636874e-02 1.288028725005545994e+00
1.336983741824946531e-02 1.288018639540404298e+00
1.349989312542219239e-02 1.288008948330460424e+00
1.363121395545611320e-02 1.287999267120215396e+00
1.376381221489191876e-02 1.287989471297339650e+00
1.389770032998276401e-02 1.287978622943603213e+00
1.403289084785873213e-02 1.287968936235117434e+00
1.416939643770268736e-02 1.287958730729952705e+00
1.430722989193757184e-02 1.287948136978408487e+00
1.444640412742520530e-02 1.287936666388278972e+00
1.458693218667675602e-02 1.287925665987885937e+00
1.472882723907502529e-02 1.287914413183592899e+00
1.487210258210860774e-02 1.287902833244408241e+00
1.501677164261799868e-02 1.287891293589479291e+00
1.516284797805393485e-02 1.287879738424398290e+00
1.531034527774784160e-02 1.287868502580558738e+00
1.545927736419477720e-02 1.287854693972439790e+00
1.560965819434872483e-02 1.287841975825673835e+00
1.576150186093060873e-02 1.287828917067746159e+00
1.591482259374891323e-02 1.287815594499107874e+00
1.606963476103326349e-02 1.287801976910107005e+00
1.622595287078087284e-02 1.287788553932684765e+00
1.638379157211618947e-02 1.287774336925325391e+00
1.654316565666366645e-02 1.287759985615660963e+00
1.670409005993399310e-02 1.287745425905534091e+00
1.686657986272368723e-02 1.287730603479505298e+00
1.703065029252844378e-02 1.287715478885781195e+00
1.719631672497009753e-02 1.287700149754208656e+00
1.736359468523754335e-02 1.287684439707039052e+00
1.753249984954170088e-02 1.287668359553930886e+00
1.770304804658450262e-02 1.287651970602854856e+00
1.787525525904235316e-02 1.287635323590460512e+00
1.804913762506383731e-02 1.287618287326320665e+00
1.822471143978214581e-02 1.287600883604447910e+00
1.840199315684210371e-02 1.287582618560576098e+00
1.858099938994215231e-02 1.287564614021744935e+00
1.876174691439120440e-02 1.287546391085266473e+00
1.894425266868081034e-02 1.287527517898360285e+00
1.912853375607242307e-02 1.287508345656645625e+00
1.931460744620030340e-02 1.287488842490458696e+00
1.950249117668984011e-02 1.287468808088355843e+00
1.969220255479172538e-02 1.287448363602535784e+00
1.988375935903200636e-02 1.287427586270834201e+00
2.007717954087816226e-02 1.287406398487715542e+00
2.027248122642137662e-02 1.287384855418985730e+00
2.046968271807520987e-02 1.287363853735522534e+00
2.066880249629082095e-02 1.287341337194376711e+00
2.086985922128879734e-02 1.287318401912729282e+00
2.107287173480786382e-02 1.287295138547008388e+00
2.127785906187062287e-02 1.287271325828719837e+00
2.148484041256648255e-02 1.287247440346499294e+00
2.169383518385184506e-02 1.287222228809222990e+00
2.190486296136792688e-02 1.287197123719218128e+00
2.211794352127614133e-02 1.287171425661596258e+00
2.233309683211144592e-02 1.287145049696132082e+00
2.255034305665360936e-02 1.287118241803441920e+00
2.276970255381680075e-02 1.287091312254599718e+00
2.299119588055741764e-02 1.287063605806289646e+00
2.321484379380064564e-02 1.287034936284473297e+00
2.344066725238556220e-02 1.287006593748338590e+00
2.366868741902936057e-02 1.286977693555641844e+00
2.389892566231050300e-02 1.286951738219705321e+00
2.413140355867127856e-02 1.286916525697889835e+00
2.436614289443983158e-02 1.286890063829070341e+00
2.460316566787181664e-02 1.286856945783724004e+00
2.484249409121190577e-02 1.286827511916102784e+00
2.508415059277539771e-02 1.286796187922847112e+00
2.532815781905008515e-02 1.286760012524977181e+00
2.557453863681850847e-02 1.286726081275115119e+00
2.582331613530085626e-02 1.286690363129598058e+00
2.607451362831877603e-02 1.286653947452313762e+00
2.632815465648021339e-02 1.286614097040452709e+00
2.658426298938541474e-02 1.286577242262440191e+00
2.684286262785454819e-02 1.286540546385887440e+00
2.710397780617682106e-02 1.286500908575241686e+00
2.736763299438163891e-02 1.286461805397412839e+00
2.763385290053169824e-02 1.286421805045053768e+00
2.790266247303856487e-02 1.286381058216070850e+00
2.817408690300057458e-02 1.286338625422844162e+00
2.844815162656363222e-02 1.286296264798848732e+00
2.872488232730495070e-02 1.286272067850662504e+00
2.900430493863991738e-02 1.286208861197756903e+00
2.928644564625237229e-02 1.286164654319112532e+00
2.957133089054861039e-02 1.286118084954327223e+00
2.985898736913520854e-02 1.286071538029466943e+00
3.014944203932094433e-02 1.286023641400932505e+00
3.044272212064302874e-02 1.285974540562597968e+00
3.073885509741795460e-02 1.285924932065418913e+00
3.103786872131722788e-02 1.285874242979876847e+00
3.133979101396793671e-02 1.285823116677536015e+00
3.164465026957891114e-02 1.285770348154440912e+00
3.195247505759213347e-02 1.285716524871625133e+00
3.226329422536015901e-02 1.285662209005092871e+00
3.257713690084949876e-02 1.285606834510910179e+00
3.289403249537032475e-02 1.285550260075186246e+00
3.321401070633261954e-02 1.285491816580611957e+00
3.353710152002930406e-02 1.285433345966045637e+00
3.386333521444636480e-02 1.285373421885066536e+00
3.419274236210027851e-02 1.285312204785386436e+00
3.452535383290306070e-02 1.285249769775167916e+00
3.486120079705520153e-02 1.285185767502331711e+00
3.520031472796678745e-02 1.285121241045679819e+00
3.554272740520694751e-02 1.285054947898686573e+00
3.588847091748199186e-02 1.284987022949742430e+00
3.623757766564258964e-02 1.284918381549012834e+00
3.659008036572020811e-02 1.284848168400087642e+00
3.694601205199302130e-02 1.284776479342044198e+00
3.730540608008161424e-02 1.284702537307722325e+00
3.766829613007490613e-02 1.284629041659397952e+00
3.803471620968648659e-02 1.284553394565215667e+00
3.840470065744145539e-02 1.284475771860139837e+00
3.877828414589457040e-02 1.284396333241039079e+00
3.915550168487941241e-02 1.284316625895932429e+00
3.953638862478930927e-02 1.284233080984021669e+00
3.992098065989020672e-02 1.284149553670709709e+00
4.030931383166566628e-02 1.284064946116580286e+00
4.070142453219438572e-02 1.283978017871060251e+00
4.109734950756069316e-02 1.283901859507975418e+00
4.149712586129815362e-02 1.283799665082602903e+00
4.190079105786669034e-02 1.283707427224128672e+00
4.230838292616342228e-02 1.283614320826513611e+00
4.271993966306778662e-02 1.283518891805157658e+00
4.313549983702118923e-02 1.283420525624119346e+00
4.355510239164130798e-02 1.283322508791197913e+00
4.397878664937160398e-02 1.283221133439439221e+00
4.440659231516640160e-02 1.283118900972771925e+00
4.483855948021186338e-02 1.283013998436548508e+00
4.527472862568297785e-02 1.282906565726322556e+00
4.571514062653719151e-02 1.282797141536867525e+00
4.615983675534499064e-02 1.282685283972234469e+00
4.660885868615767536e-02 1.282571820764089709e+00
4.706224849841281199e-02 1.282455908725972371e+00
4.752004868087766204e-02 1.282337077847896412e+00
4.798230213563085128e-02 1.282216865175889620e+00
4.844905218208294534e-02 1.282093507896876261e+00
4.892034256103611894e-02 1.281968997235024332e+00
4.939621743878321036e-02 1.281840433827529990e+00
4.987672141124663283e-02 1.281710452667311761e+00
5.036189950815770505e-02 1.281578112143789250e+00
5.085179719727656034e-02 1.281443478745464937e+00
5.134646038865306461e-02 1.281306458178660179e+00
5.184593543892913187e-02 1.281165483940291283e+00
5.235026915568305461e-02 1.281022515778861504e+00
5.285950880181603667e-02 1.280876592652051782e+00
5.337370209998133774e-02 1.280728172994562764e+00
5.389289723705643909e-02 1.280576920473936564e+00
5.441714286865893119e-02 1.280423189186608912e+00
5.494648812370611646e-02 1.280264873982754015e+00
5.548098260901916656e-02 1.280104137896562966e+00
5.602067641397187603e-02 1.279940013390696185e+00
5.656562011518465050e-02 1.279772651149068796e+00
5.711586478126431943e-02 1.279602101823652971e+00
5.767146197758996756e-02 1.279428749299820423e+00
5.823246377114527778e-02 1.279251161546171467e+00
5.879892273539785025e-02 1.279070965302563589e+00
5.937089195522609469e-02 1.278887123756317745e+00
5.994842503189409116e-02 1.278699403557296721e+00
6.053157608807464840e-02 1.278509385988843672e+00
6.112039977292132997e-02 1.278315923680296340e+00
6.171495126718981594e-02 1.278117156324852566e+00
6.231528628840921763e-02 1.277915404323668458e+00
6.292146109610344262e-02 1.277709318845278164e+00
6.353353249706343575e-02 1.277499318624065516e+00
6.415155785067082339e-02 1.277285307706437001e+00
6.477559507427335661e-02 1.277067237262710320e+00
6.540570264861225724e-02 1.276845361679608271e+00
6.604193962330305590e-02 1.276618314691020828e+00
6.668436562236895737e-02 1.276387237457987212e+00
6.733304084982863480e-02 1.276151048764886164e+00
6.798802609533814711e-02 1.275912021507737082e+00
6.864938273988777095e-02 1.275666587779110017e+00
6.931717276155408003e-02 1.275416759156299706e+00
6.999145874130821565e-02 1.275162641501929262e+00
7.067230386888070925e-02 1.274904194034003124e+00
7.135977194868306506e-02 1.274640023505898112e+00
7.205392740578704658e-02 1.274370746085542239e+00
7.275483529196229149e-02 1.274096621754379433e+00
7.346256129177256011e-02 1.273817820233534848e+00
7.417717172873124210e-02 1.273532049093521357e+00
7.489873357151664857e-02 1.273241304396640627e+00
7.562731444024800576e-02 1.272944866895667992e+00
7.636298261282241373e-02 1.272642556161196703e+00
7.710580703131336699e-02 1.272335180879887062e+00
7.785585730843146146e-02 1.272022491850734349e+00
7.861320373404813433e-02 1.271700904327995207e+00
7.937791728178281159e-02 1.271381270487073056e+00
8.015006961565404597e-02 1.271046475615067894e+00
8.092973309679550586e-02 1.270709202177712216e+00
8.171698079023696770e-02 1.270362290503696423e+00
8.251188647175167201e-02 1.270010898924297305e+00
8.331452463477014014e-02 1.269653442803508003e+00
8.412497049736118726e-02 1.269288239155560882e+00
8.494330000928071445e-02 1.268938880922738877e+00
8.576958985908941790e-02 1.268537987670658618e+00
8.660391748133952627e-02 1.268174401491374503e+00
8.744636106383144036e-02 1.267786560015191633e+00
8.829699955494091368e-02 1.267394405326869533e+00
8.915591267101763417e-02 1.266949776503099034e+00
9.002318090385581784e-02 1.266532879046577520e+00
9.089888552823731371e-02 1.266107715282749346e+00
9.178310860954806694e-02 1.265678131880421109e+00
9.267593301146882789e-02 1.265238806493071522e+00
9.357744240374062106e-02 1.264793327070161233e+00
9.448772127000577836e-02 1.264335460823548196e+00
9.540685491572513388e-02 1.263867150975437559e+00
9.633492947617222635e-02 1.263392027533901230e+00
9.727203192450542546e-02 1.262908389699491929e+00
9.821825007991856482e-02 1.262410285712847635e+00
9.917367261587073379e-02 1.261908904310944379e+00
1.001383890683960748e-01 1.261395636397366182e+00
1.011124898444945991e-01 1.260873743085783483e+00
1.020960662306047012e-01 1.260340855054989939e+00
1.030892104011576216e-01 1.259799031209969389e+00
1.040920154272158005e-01 1.259246983911240791e+00
1.051045752851944987e-01 1.258686784530301583e+00
1.061269848656690717e-01 1.258113560461574076e+00
1.071593399822671072e-01 1.257529865480394360e+00
1.082017373806478805e-01 1.256934483214140696e+00
1.092542747475682557e-01 1.256328509093914025e+00
1.103170507200377515e-01 1.255711004376176332e+00
1.113901648945616746e-01 1.255083515514106240e+00
1.124737178364751955e-01 1.254441850330382247e+00
1.135678110893671017e-01 1.253789512431232822e+00
1.146725471845963656e-01 1.253124765628211623e+00
1.157880296509002094e-01 1.252447028435137000e+00
1.169143630240966764e-01 1.251755840260627028e+00
1.180516528568804902e-01 1.251052549019871174e+00
1.192000057287153220e-01 1.250335731497004721e+00
1.203595292558212876e-01 1.249606433053461085e+00
1.215303321012602134e-01 1.248863295837678633e+00
1.227125239851190319e-01 1.248106698380737400e+00
1.239062156947916271e-01 1.247335049272943808e+00
1.251115190953615564e-01 1.246549776381137065e+00
1.263285471400849291e-01 1.245749833564243403e+00
1.275574138809759950e-01 1.244938442419795566e+00
1.287982344794950385e-01 1.244105548062332645e+00
1.300511252173409127e-01 1.243265352085775044e+00
1.313162035073478784e-01 1.242399271386193993e+00
1.325935879044890797e-01 1.241521311919269843e+00
1.338833981169864351e-01 1.240629169642884611e+00
1.351857550175293021e-01 1.239719798796926176e+00
1.365007806546013891e-01 1.238793232016328849e+00
1.378285982639189389e-01 1.237848530481818976e+00
1.391693322799789911e-01 1.236887576860703719e+00
1.405231083477211373e-01 1.235909129999634759e+00
1.418900533343016301e-01 1.234914113291398774e+00
1.432702953409830948e-01 1.233898431603298818e+00
1.446639637151387880e-01 1.232865376977806404e+00
1.460711890623745679e-01 1.231814524792098631e+00
1.474921032587684921e-01 1.230742062751844834e+00
1.489268394632288772e-01 1.229651879828494332e+00
1.503755321299738434e-01 1.228541767731184731e+00
1.518383170211306810e-01 1.227411477715581789e+00
1.533153312194593942e-01 1.226260040074274915e+00
1.548067131411984265e-01 1.225087614638519229e+00
1.563126025490369497e-01 1.223894220261732446e+00
1.578331405652117214e-01 1.222678719067122888e+00
1.593684696847328941e-01 1.221446004651120631e+00
1.609187337887370006e-01 1.220214161585873924e+00
1.624840781579713067e-01 1.218902702675692895e+00
1.640646494864078653e-01 1.217597525290905036e+00
1.656605958949914359e-01 1.216273161946846315e+00
1.672720669455196874e-01 1.214919755257040990e+00
1.688992136546599021e-01 1.213543308235999874e+00
1.705421885081006561e-01 1.212144392560059680e+00
1.722011454748421100e-01 1.210717898688759675e+00
1.738762400216251336e-01 1.209267516687944966e+00
1.755676291275001522e-01 1.207791458513638005e+00
1.772754712985387948e-01 1.206290165652973645e+00
1.789999265826875408e-01 1.204761464962751383e+00
1.807411565847668600e-01 1.203200160813516328e+00
1.824993244816152382e-01 1.201624710935741414e+00
1.842745950373816666e-01 1.200033593702193979e+00
1.860671346189656239e-01 1.198375901166611079e+00
1.878771112116086051e-01 1.196707595928623524e+00
1.897046944346358344e-01 1.195011452208511793e+00
1.915500555573527997e-01 1.193287110186339151e+00
1.934133675150944698e-01 1.191531983172637199e+00
1.952948049254327745e-01 1.189744230810497516e+00
1.971945441045395986e-01 1.187927233199409738e+00
1.991127630837108697e-01 1.186081949128207524e+00
2.010496416260497965e-01 1.184201616492264186e+00
2.030053612433137811e-01 1.182291263440978568e+00
2.049801052129238688e-01 1.180345197824464787e+00
2.069740585951406198e-01 1.178368009909669833e+00
2.089874082504071251e-01 1.176375575935228346e+00
2.110203428568595552e-01 1.174313445374925768e+00
2.130730529280097374e-01 1.172232849435306479e+00
2.151457308305980698e-01 1.170118622092513272e+00
2.172385708026215445e-01 1.167968902847962509e+00
2.193517689715359098e-01 1.165782927213174114e+00
2.214855233726360506e-01 1.163560642624054564e+00
2.236400339676138660e-01 1.161301457577126328e+00
2.258155026632983065e-01 1.159005199635407157e+00
2.280121333305757114e-01 1.156672315352586411e+00
2.302301318234963867e-01 1.154298906219917153e+00
2.324697059985647851e-01 1.151886138541245330e+00
2.347310657342196183e-01 1.149435654295070997e+00
2.370144229505012079e-01 1.146944306638706390e+00
2.393199916289123208e-01 1.144412778755478310e+00
2.416479878324700736e-01 1.141841139819266049e+00
2.439986297259550130e-01 1.139228157879156544e+00
2.463721375963552895e-01 1.136572119118299584e+00
2.487687338735107279e-01 1.133876962727420779e+00
2.511886431509580686e-01 1.131134355644537459e+00
2.536320922069775774e-01 1.128350228174166414e+00
2.560993100258459609e-01 1.125520875736139015e+00
2.585905278192945911e-01 1.122647641120646300e+00
2.611059790481781162e-01 1.119732011473695055e+00
2.636458994443517945e-01 1.116769747709519311e+00
2.662105270327638773e-01 1.113761293664779384e+00
2.688001021537606006e-01 1.110707006328395030e+00
2.714148674856106669e-01 1.107604691838399491e+00
2.740550680672460548e-01 1.104454604552753905e+00
2.767209513212268712e-01 1.101259407551438141e+00
2.794127670769268601e-01 1.098014913719140173e+00
2.821307675939472293e-01 1.094719584851853833e+00
2.848752075857552413e-01 1.091376435290640323e+00
2.876463442435557849e-01 1.087985440325888842e+00
2.904444372603925406e-01 1.084541948097946795e+00
2.932697488554852905e-01 1.081049489352066351e+00
2.961225437988035947e-01 1.077504654347932744e+00
2.990030894358785551e-01 1.073908320449450393e+00
3.019116557128577738e-01 1.070262645946630675e+00
3.048485152018017286e-01 1.066561674298519113e+00
3.078139431262288950e-01 1.062818792081831942e+00
3.108082173869063936e-01 1.059005760206281677e+00
3.138316185878944342e-01 1.055145712324945917e+00
3.168844300628416155e-01 1.051231930219044708e+00
3.199669379015380732e-01 1.047278247936323403e+00
3.230794309767249795e-01 1.043244619407736495e+00
3.262222009711669979e-01 1.039181300103035666e+00
3.293955424049855307e-01 1.035036113826185655e+00
3.325997526632606949e-01 1.030848708272976921e+00
3.358351320238990301e-01 1.026605711874843729e+00
3.391019836857747105e-01 1.022306659573179566e+00
3.424006137971423724e-01 1.017956571904227392e+00
3.457313314843284413e-01 1.013539548106726862e+00
3.490944488806992929e-01 1.009068564575082760e+00
3.524902811559130766e-01 1.004543866380096739e+00
3.559191465454557002e-01 9.999575525949212507e-01
3.593813663804627523e-01 9.953179209289687579e-01
3.628772651178337472e-01 9.906179441607597669e-01
3.664071703706370808e-01 9.858609392940774763e-01
3.699714129388128048e-01 9.810447864979751076e-01
3.735703268401719401e-01 9.761733039764745046e-01
3.772042493416999376e-01 9.712428087910659480e-01
3.808735209911614517e-01 9.662508700791649918e-01
3.845784856490158665e-01 9.612039083700543163e-01
3.883194905206404091e-01 9.561005746642654568e-01
3.920968861888690649e-01 9.509329236731397517e-01
3.959110266468458539e-01 9.457073126753507974e-01
3.997622693312000708e-01 9.404287169662470802e-01
4.036509751555413805e-01 9.350879073140366815e-01
4.075775085442840395e-01 9.296914350207210465e-01
4.115422374667966343e-01 9.242353919722575695e-01
4.155455334718875515e-01 9.187239731545050470e-01
4.195877717226225712e-01 9.131524979747525084e-01
4.236693310314835759e-01 9.074955145017883362e-01
4.277905938958687093e-01 9.018380414157659564e-01
4.319519465339363706e-01 8.960980594535095101e-01
4.361537789208005944e-01 8.902989332748254547e-01
4.403964848250754294e-01 8.844446485195660568e-01
4.446804618457780300e-01 8.785337050392735270e-01
4.490061114495874639e-01 8.725687609524598320e-01
4.533738390084691150e-01 8.665490521522201117e-01
4.577840538376618529e-01 8.604721095798143482e-01
4.622371692340384031e-01 8.543434528564340935e-01
4.667336025148346446e-01 8.481618677162376940e-01
4.712737750567601580e-01 8.419285049151804534e-01
4.758581123354846953e-01 8.356397906838944900e-01
4.804870439655131720e-01 8.293024483977261552e-01
4.851610037404442966e-01 8.229134440172569676e-01
4.898804296736250508e-01 8.164721773878106381e-01
4.946457640391963562e-01 8.099851845460910305e-01
4.994574534135413635e-01 8.034477112595276305e-01
5.043159487171361421e-01 7.968574527612626301e-01
5.092217052568053237e-01 7.902314846744642463e-01
5.141751827683928022e-01 7.835517686231995294e-01
5.191768454598426619e-01 7.768309251405064453e-01
5.242271620547044320e-01 7.700651471962158823e-01
5.293266058360561743e-01 7.632254380485208323e-01
5.344756546908600026e-01 7.564030885803992854e-01
5.396747911547442600e-01 7.495140006396228127e-01
5.449245024572260121e-01 7.425804123036042759e-01
5.502252805673685243e-01 7.356112160599788119e-01
5.555776222398878250e-01 7.286033716128231807e-01
5.609820290617031358e-01 7.215589451546891020e-01
5.664390074989449353e-01 7.144814277087147003e-01
5.719490689444144405e-01 7.073723327184148202e-01
5.775127297655114900e-01 7.002315590068550755e-01
5.831305113526221717e-01 6.930527839695056480e-01
5.888029401679826247e-01 6.858482871829876260e-01
5.945305477950136863e-01 6.786180949556669395e-01
6.003138709881384871e-01 6.713599383227253359e-01
6.061534517230839914e-01 6.640783231926831176e-01
6.120498372476699256e-01 6.567718067576150398e-01
6.180035801330957534e-01 6.494436177341403882e-01
6.240152383257209223e-01 6.420860028693992083e-01
6.300853751993553686e-01 6.347313385438142497e-01
6.362145596080520660e-01 6.273437835521016304e-01
6.424033659394193796e-01 6.199493240124744897e-01
6.486523741684461219e-01 6.125373608523738689e-01
6.549621699118558515e-01 6.051145642863429153e-01
6.613333444829840868e-01 5.976824624988669177e-01
6.677664949471955325e-01 5.902389450696502449e-01
6.742622241778342129e-01 5.827908721883618970e-01
6.808211409127237213e-01 5.753385301106065386e-01
6.874438598112112553e-01 5.678913924180160055e-01
6.941310015117725385e-01 5.604268625315419472e-01
7.008831926901714082e-01 5.529686232046987504e-01
7.077010661181889484e-01 5.455164927681742659e-01
7.145852607229240538e-01 5.380689363089569133e-01
7.215364216466665370e-01 5.306237181763399091e-01
7.285552003073593186e-01 5.231924289634718450e-01
7.356422544596413760e-01 5.157666493359263082e-01
7.427982482564918776e-01 5.083551072340087851e-01
7.500238523114668432e-01 5.009202344412931884e-01
7.573197437615483141e-01 4.935677834988759782e-01
7.646866063305975958e-01 4.862107710166488350e-01
7.721251303934327792e-01 4.788660626999271530e-01
7.796360130405233235e-01 4.715427428653184982e-01
7.872199581433195759e-01 4.642131114238910450e-01
7.948776764202123424e-01 4.569674076968150422e-01
8.026098855031396084e-01 4.497203652974467447e-01
8.104173100048355227e-01 4.425016218436139126e-01
8.183006815867394090e-01 4.352774801041792152e-01
8.262607390275591435e-01 4.281584267284955225e-01
8.342982282925082149e-01 4.210376511972443447e-01
8.424139026032094746e-01 4.139093908989549542e-01
8.506085225082840040e-01 4.068997038977437697e-01
8.588828559546254349e-01 3.999080494237056138e-01
8.672376783593644944e-01 3.929294375261624950e-01
8.756737726825394308e-01 3.860071882037514612e-01
8.841919295004664336e-01 3.791289710541799196e-01
8.927929470798307010e-01 3.722961739771946110e-01
9.014776314524917122e-01 3.655127784813725356e-01
9.102467964910225806e-01 3.587764280345372980e-01
9.191012639849772681e-01 3.520922691084029110e-01
9.280418637179072006e-01 3.454592677922952437e-01
9.370694335451198453e-01 3.388798130588958069e-01
9.461848194722002336e-01 3.323510438375800735e-01
9.553888757342895444e-01 3.258692064155996326e-01
9.646824648761427312e-01 3.194276940552846500e-01
9.740664578329562007e-01 3.131346027197065562e-01
9.835417340119908536e-01 3.068442934258172050e-01
9.931091813749796104e-01 3.006175411034157641e-01
1.002769696521346621e+00 2.944536937629448348e-01
1.012524184772224167e+00 2.883520036637739481e-01
1.022373560255302127e+00 2.823135770651972187e-01
1.032318745990486564e+00 2.763483508778898923e-01
1.042360673976402197e+00 2.704428454810477445e-01
1.052500285277732761e+00 2.646101249657529242e-01
1.062738530113414459e+00 2.588468170397767443e-01
1.073076367945679621e+00 2.531455154218556491e-01
1.083514767569973225e+00 2.475220128352375315e-01
1.094054707205742494e+00 2.419702009278413279e-01
1.104697174588111785e+00 2.364875284697339486e-01
1.115443167060441221e+00 2.310728422950066863e-01
1.126293691667795249e+00 2.257469498730977076e-01
1.137249765251314271e+00 2.204815976589049320e-01
1.148312414543511073e+00 2.152762316547995880e-01
1.159482676264482759e+00 2.101740411578199019e-01
1.170761597219069250e+00 2.051271296044039627e-01
1.182150234394952371e+00 2.001848538454555626e-01
1.193649655061713055e+00 1.952435587559790131e-01
1.205260936870842681e+00 1.904692189664220492e-01
1.216985167956738056e+00 1.857412795148464246e-01
1.228823447038673411e+00 1.810673282773784809e-01
1.240776883523764251e+00 1.764796074650453461e-01
1.252846597610937529e+00 1.719785328277752545e-01
1.265033720395903893e+00 1.675458866989915085e-01
1.277339393977160009e+00 1.631899642313552612e-01
1.289764771563017165e+00 1.589103159569071333e-01
1.302311017579677488e+00 1.547069546449942046e-01
1.314979307780347773e+00 1.505795609596023155e-01
1.327770829355430449e+00 1.465273200931391795e-01
1.340686781043774811e+00 1.425515464707857727e-01
1.353728373245021821e+00 1.386474975060113246e-01
1.366896828133026487e+00 1.348233990421673634e-01
1.380193379770397355e+00 1.310712763475540832e-01
1.393619274224142002e+00 1.273944243905413554e-01
1.407175769682446731e+00 1.237886055465095003e-01
1.420864136572576708e+00 1.202573605359052583e-01
1.434685657679937831e+00 1.167991861560770533e-01
1.448641628268290127e+00 1.134011120776560050e-01
1.462733356201129986e+00 1.100846617413666351e-01
1.476962162064259898e+00 1.068538057650999379e-01
1.491329379289537682e+00 1.036802928196362550e-01
1.505836354279841416e+00 1.005765737320221120e-01
1.520484446535244283e+00 9.754004899754913083e-02
1.535275028780422657e+00 9.457213660849439485e-02
1.550209487093291205e+00 9.167641745496864225e-02
1.565289221034902312e+00 8.884443125536906072e-02
1.580515643780601165e+00 8.607867402815776170e-02
1.595890182252465817e+00 8.337798963041528899e-02
1.611414277253019778e+00 8.073851519691081779e-02
1.627089383600260675e+00 7.816966703361517832e-02
1.642916970263993193e+00 7.566018638784084704e-02
1.658898520503498064e+00 7.321284237206289458e-02
1.675035532006524441e+00 7.082763541187370171e-02
1.691329517029648732e+00 6.850092168620108835e-02
1.707782002539993016e+00 6.623385446478284588e-02
1.724394530358320354e+00 6.402536641008640950e-02
1.741168657303530987e+00 6.187851229177000756e-02
1.758105955338547632e+00 5.978086824042438269e-02
1.775208011717636092e+00 5.774264213154552822e-02
1.792476429135148930e+00 5.575951190100079252e-02
1.809912825875727105e+00 5.382965245335213228e-02
1.827518835965944666e+00 5.195423948688200622e-02
1.845296109327445366e+00 5.012903721560586084e-02
1.863246311931559873e+00 4.835457588433025866e-02
1.881371125955437096e+00 4.663133565284816734e-02
1.899672249939675650e+00 4.495383843421069114e-02
1.918151398947507635e+00 4.333080100896653797e-02
1.936810304725519849e+00 4.175035090897469270e-02
1.955650715865949074e+00 4.020383971882379726e-02
1.974674397970537454e+00 3.872999716714671525e-02
1.993883133816001019e+00 3.729003008967494981e-02
2.013278723521096492e+00 3.588814370199334969e-02
2.032862984715323673e+00 3.453323859169112747e-02
2.052637752709252084e+00 3.321950720986582839e-02
2.072604880666519822e+00 3.194597914055247873e-02
2.092766239777499759e+00 3.071109617077027315e-02
2.113123719434652603e+00 2.951471553631274461e-02
2.133679227409597701e+00 2.835947255656604687e-02
2.154434690031884259e+00 2.723712737906572659e-02
2.175392052369522489e+00 2.615451877033338896e-02
2.196553278411258248e+00 2.510682556684967412e-02
2.217920351250634692e+00 2.409049639538640708e-02
2.239495273271823184e+00 2.310993258902429431e-02
2.261280066337279404e+00 2.216315720563843267e-02
2.283276771977218012e+00 2.124709806803214140e-02
2.305487451580938707e+00 2.036281685273156825e-02
2.327914186589993051e+00 1.950890661899735284e-02
2.350559078693253756e+00 1.868460427592704559e-02
2.373424250023866033e+00 1.788912948485612414e-02
2.396511843358130278e+00 1.712153596364619432e-02
2.419824022316292567e+00 1.638130195701322303e-02
2.443362971565319341e+00 1.566767877815274101e-02
2.467130897023623426e+00 1.498126708821157817e-02
2.491130026067788439e+00 1.431793587554990727e-02
2.515362607741312928e+00 1.367865701805848384e-02
2.539830912965362675e+00 1.306393364295843108e-02
2.564537234751594674e+00 1.247201591910162936e-02
2.589483888417040802e+00 1.190259820721432070e-02
2.614673211801092023e+00 1.135466841944002964e-02
2.640107565484572927e+00 1.082782914260260743e-02
2.665789333010967876e+00 1.032134087815244662e-02
2.691720921109787668e+00 9.834445705779270783e-03
2.717904759922122881e+00 9.367091459448981597e-03
2.744343303228365283e+00 8.917602807809744611e-03
2.771039028678170535e+00 8.486371142195019146e-03
2.797994438022641805e+00 8.072633398820350942e-03
2.825212057348790218e+00 7.675625691052143616e-03
2.852694437316245057e+00 7.294771245181113500e-03
2.880444153396297668e+00 6.929855729554154457e-03
2.908463806113254169e+00 6.580143404406933391e-03
2.936756021288137397e+00 6.245235736958502926e-03
2.965323450284773621e+00 5.924162807925618078e-03
2.994168770258243573e+00 5.617140675403719564e-03
3.023294684405779531e+00 5.320478656563479812e-03
3.052703922220086241e+00 5.042250025229005374e-03
3.082399239745143404e+00 4.773578711012073546e-03
3.112383419834465759e+00 4.517206125084763900e-03
3.142659272411905569e+00 4.271678813759423668e-03
3.173229634734976212e+00 4.037537117775372685e-03
3.204097371660752813e+00 3.813953326699506558e-03
3.235265375914330388e+00 3.601009476962228895e-03
3.266736568359921655e+00 3.397363783588463679e-03
3.298513898274578082e+00 3.205745339412554781e-03
3.330600343624588788e+00 3.020706577338556041e-03
3.362998911344535991e+00 2.843323011030769645e-03
3.395712637619100693e+00 2.676498123499530726e-03
3.428744588167585317e+00 2.517115583096921332e-03
3.462097858531227423e+00 2.365922665909015333e-03
3.495775574363275240e+00 2.222214300936371009e-03
3.529780891721914671e+00 2.085739578428621923e-03
3.564116997366032269e+00 1.956173341602668314e-03
3.598787109053855460e+00 1.833273699094558132e-03
3.633794475844513094e+00 1.716758530229734120e-03
3.669142378402494131e+00 1.606442236917904375e-03
3.704834129305105694e+00 1.501904435801917860e-03
3.740873073352900313e+00 1.403026661539076483e-03
3.777262587883141176e+00 1.308931570822829049e-03
3.814006083086284082e+00 1.221103275652327428e-03
3.851107002325572903e+00 1.137631091372364595e-03
3.888568822459721019e+00 1.058857633151691303e-03
3.926395054168756449e+00 9.845748334947172515e-04
3.964589242282997805e+00 9.145784919756111669e-04
4.003154966115265445e+00 8.486524371308873469e-04
4.042095839796306045e+00 7.866403880170776868e-04
4.081415512613501662e+00 7.283524577105100458e-04
4.121117669352832635e+00 6.735832874896172410e-04
4.161206030644208020e+00 6.222139352705409595e-04
4.201684353310133346e+00 5.740259183165870869e-04
4.242556430717777438e+00 5.289010296796406050e-04
4.283826093134470270e+00 4.866718653599717663e-04
4.325497208086633627e+00 4.471962133266134463e-04
4.367573680722233398e+00 4.103324255273959405e-04
4.410059454176736615e+00 3.759473588076613819e-04
4.452958509942654963e+00 3.439087725588559465e-04
4.496274868242640110e+00 3.140914484616476039e-04
4.540012588406244554e+00 2.863776283390859884e-04
4.584175769250333765e+00 2.606492380440871589e-04
4.628768549463215365e+00 2.367899574949630355e-04
4.673795107992464004e+00 2.147184158203007450e-04
4.719259664436561863e+00 1.943058391017648005e-04
4.765166479440326341e+00 1.754692347929003016e-04
4.811519855094205766e+00 1.581071951247985845e-04
4.858324135337417360e+00 1.421360465482112312e-04
4.905583706365050922e+00 1.274692471449409147e-04
4.953302997039108924e+00 1.140242269191695895e-04
5.001486479303548727e+00 1.017346962361145770e-04
5.050138668603383785e+00 9.049730480303023886e-05
5.099264124307808288e+00 8.026656611036097494e-05
5.148867450137498025e+00 7.097041139311475772e-05
5.198953294596024399e+00 6.253628562110878089e-05
5.249526351405507718e+00 5.490886068959864266e-05
5.300591359946452030e+00 4.803416900229241353e-05
5.352153105701904501e+00 4.185174173346632378e-05
5.404216420705915347e+00 3.630738154004107372e-05
5.456786183996381823e+00 3.135708788713657878e-05
5.509867322072253160e+00 2.694278733567416633e-05
5.563464809355226137e+00 2.303058590168303020e-05
5.617583668655908191e+00 1.957243073403851279e-05
5.672228971644543094e+00 1.653481633948121693e-05
5.727405839326266346e+00 1.387418955447104867e-05
5.783119442521027054e+00 1.155734829459435236e-05
5.839375002348160315e+00 9.551836398560036026e-06
5.896177790715694478e+00 7.828181182915272882e-06
5.953533130814370189e+00 6.352401601530105124e-06
6.011446397616513337e+00 5.101117288423508204e-06
6.069923018379741464e+00 4.047782539491136700e-06
6.128968473155564034e+00 3.171625801571775344e-06
6.188588295302960063e+00 2.448691769957719034e-06
6.248788072006894012e+00 1.858292871069291038e-06
6.309573444801936049e+00 1.383669214596569443e-06
6.370950110100935149e+00 1.008023069821941990e-06
6.432923819728876502e+00 7.155236325008874645e-07
6.495500381461869033e+00 4.928248243477610407e-07
6.558685659571435345e+00 3.273626027001853367e-07
6.622485575374063238e+00 2.077311706771436850e-07
6.686906107786136921e+00 1.239308320193606842e-07
6.751953293884205287e+00 6.883559155029202100e-08
6.817633229470763112e+00 3.479775370866229581e-08
6.883952069645496330e+00 1.537018262947884756e-08
6.950916029382126382e+00 5.612837897267726462e-09
7.018531384110795912e+00 1.478163843673762357e-09
7.086804470306189430e+00 2.038986444523594933e-10
7.155741686081340980e+00 0.000000000000000000e+00
