1.000000000000000021e-02 1.837272668851831714e+00
1.009727545900835841e-02 1.837268604007453732e+00
1.019549716950923779e-02 1.837264330227211584e+00
1.029467433620748044e-02 1.837259987027221930e+00
1.039481625334708927e-02 1.837254136528183590e+00
1.049593230558227772e-02 1.837249503825000962e+00
1.059803196885688789e-02 1.837244785102509548e+00
1.070112481129246833e-02 1.837241617550583017e+00
1.080522049408488318e-02 1.837236866103116872e+00
1.091032877240974419e-02 1.837231844436981287e+00
1.101645949633656314e-02 1.837226876259658637e+00
1.112362261175187626e-02 1.837221910065062414e+00
1.123182816129126085e-02 1.837216857732717701e+00
1.134108628528052165e-02 1.837213006013861838e+00
1.145140722268592030e-02 1.837207784851146330e+00
1.156280131207376022e-02 1.837202458904901858e+00
1.167527899257919492e-02 1.837197035964289960e+00
1.178885080488457221e-02 1.837190039730512536e+00
1.190352739220719262e-02 1.837186383736776563e+00
1.201931950129673729e-02 1.837181675820289906e+00
1.213623798344241195e-02 1.837172727692086616e+00
1.225429379548980714e-02 1.837166719218278121e+00
1.237349800086776086e-02 1.837161897981432146e+00
1.249386177062509519e-02 1.837155642399870059e+00
1.261539638447754796e-02 1.837149244341535148e+00
1.273811323186478488e-02 1.837142747213145411e+00
1.286202381301779218e-02 1.837136140555494235e+00
1.298713974003655978e-02 1.837129440137423630e+00
1.311347273797833224e-02 1.837122598712662702e+00
1.324103464595636874e-02 1.837115631241649671e+00
1.336983741824946531e-02 1.837108537588016066e+00
1.349989312542219239e-02 1.837101228229107486e+00
1.363121395545611320e-02 1.837093783220299814e+00
1.376381221489191876e-02 1.837086147046238294e+00
1.389770032998276401e-02 1.837078331458825708e+00
1.403289084785873213e-02 1.837070332244145732e+00
1.416939643770268736e-02 1.837062203758476953e+00
1.430722989193757184e-02 1.837053983332726625e+00
1.444640412742520530e-02 1.837045585432503625e+00
1.458693218667675602e-02 1.837037034097757093e+00
1.472882723907502529e-02 1.837028210794887206e+00
1.487210258210860774e-02 1.837019350533246609e+00
1.501677164261799868e-02 1.837010344760746650e+00
1.516284797805393485e-02 1.837001233806079270e+00
1.531034527774784160e-02 1.836992035131738144e+00
1.545927736419477720e-02 1.836982617630050996e+00
1.560965819434872483e-02 1.836972997539516372e+00
1.576150186093060873e-02 1.836963173483733724e+00
1.591482259374891323e-02 1.836953088336724882e+00
1.606963476103326349e-02 1.836942852169913376e+00
1.622595287078087284e-02 1.836932400672390608e+00
1.638379157211618947e-02 1.836921727894626155e+00
1.654316565666366645e-02 1.836910906701503476e+00
1.670409005993399310e-02 1.836903899600034862e+00
1.686657986272368723e-02 1.836892567190236525e+00
1.703065029252844378e-02 1.836880809174735951e+00
1.719631672497009753e-02 1.836869000865681834e+00
1.736359468523754335e-02 1.836856937775262821e+00
1.753249984954170088e-02 1.836844975537053948e+00
1.770304804658450262e-02 1.836832520363092858e+00
1.787525525904235316e-02 1.836819870028498114e+00
1.804913762506383731e-02 1.836807012542519102e+00
1.822471143978214581e-02 1.836793875061473624e+00
1.840199315684210371e-02 1.836780388890306703e+00
1.858099938994215231e-02 1.836772369042791064e+00
1.876174691439120440e-02 1.836751353083884819e+00
1.894425266868081034e-02 1.836743086078582499e+00
1.912853375607242307e-02 1.836721114408988775e+00
1.931460744620030340e-02 1.836707001320978305e+00
1.950249117668984011e-02 1.836691579565498555e+00
1.969220255479172538e-02 1.836675885203839176e+00
1.988375935903200636e-02 1.836660279786339611e+00
2.007717954087816226e-02 1.836643331506361720e+00
2.027248122642137662e-02 1.836626906403639126e+00
2.046968271807520987e-02 1.836610061851847275e+00
2.066880249629082095e-02 1.836593107637526812e+00
2.086985922128879734e-02 1.836575217105092861e+00
2.107287173480786382e-02 1.836557391303560438e+00
2.127785906187062287e-02 1.836539336151981505e+00
2.148484041256648255e-02 1.836520977507731578e+00
2.169383518385184506e-02 1.836502516217575431e+00
2.190486296136792688e-02 1.836483487537426074e+00
2.211794352127614133e-02 1.836464264527364776e+00
2.233309683211144592e-02 1.836446354237198708e+00
2.255034305665360936e-02 1.836426080332439037e+00
2.276970255381680075e-02 1.836405400756319084e+00
2.299119588055741764e-02 1.836384621911049120e+00
2.321484379380064564e-02 1.836363036557506989e+00
2.344066725238556220e-02 1.836341169567131226e+00
2.366868741902936057e-02 1.836319150029983360e+00
2.389892566231050300e-02 1.836296930917363124e+00
2.413140355867127856e-02 1.836274141186082343e+00
2.436614289443983158e-02 1.836250825673992892e+00
2.460316566787181664e-02 1.836226967988633829e+00
2.484249409121190577e-02 1.836202593140883188e+00
2.508415059277539771e-02 1.836178111196311358e+00
2.532815781905008515e-02 1.836152745441362200e+00
2.557453863681850847e-02 1.836126689142856039e+00
2.582331613530085626e-02 1.836099803128830921e+00
2.607451362831877603e-02 1.836072673866845362e+00
2.632815465648021339e-02 1.836045042039945230e+00
2.658426298938541474e-02 1.836016851430012808e+00
2.684286262785454819e-02 1.835989337975552305e+00
2.710397780617682106e-02 1.835960130432569892e+00
2.736763299438163891e-02 1.835930468182256137e+00
2.763385290053169824e-02 1.835900268718506867e+00
2.790266247303856487e-02 1.835869117476709000e+00
2.817408690300057458e-02 1.835837358579307299e+00
2.844815162656363222e-02 1.835804789008437465e+00
2.872488232730495070e-02 1.835771863196475673e+00
2.900430493863991738e-02 1.835738189473672621e+00
2.928644564625237229e-02 1.835703908137567009e+00
2.957133089054861039e-02 1.835668794434469842e+00
2.985898736913520854e-02 1.835632971310214412e+00
3.014944203932094433e-02 1.835596594988543107e+00
3.044272212064302874e-02 1.835556927832955543e+00
3.073885509741795460e-02 1.835521877845347261e+00
3.103786872131722788e-02 1.835485177518954236e+00
3.133979101396793671e-02 1.835446031388871191e+00
3.164465026957891114e-02 1.835405515410140520e+00
3.195247505759213347e-02 1.835365162034340081e+00
3.226329422536015901e-02 1.835323935739505696e+00
3.257713690084949876e-02 1.835281835539018358e+00
3.289403249537032475e-02 1.835239017701454589e+00
3.321401070633261954e-02 1.835195151904935207e+00
3.353710152002930406e-02 1.835150380680178328e+00
3.386333521444636480e-02 1.835104754183691789e+00
3.419274236210027851e-02 1.835058091203278785e+00
3.452535383290306070e-02 1.835010539115973227e+00
3.486120079705520153e-02 1.834962898196591752e+00
3.520031472796678745e-02 1.834912644791239833e+00
3.554272740520694751e-02 1.834862449267228524e+00
3.588847091748199186e-02 1.834811557340894073e+00
3.623757766564258964e-02 1.834758690580895024e+00
3.659008036572020811e-02 1.834706216735152884e+00
3.694601205199302130e-02 1.834652775428342597e+00
3.730540608008161424e-02 1.834596895384216220e+00
3.766829613007490613e-02 1.834541041610400214e+00
3.803471620968648659e-02 1.834483292257248932e+00
3.840470065744145539e-02 1.834424625769444317e+00
3.877828414589457040e-02 1.834364881050255525e+00
3.915550168487941241e-02 1.834306229962646251e+00
3.953638862478930927e-02 1.834241627837863708e+00
3.992098065989020672e-02 1.834177434363177150e+00
4.030931383166566628e-02 1.834113663694321383e+00
4.070142453219438572e-02 1.834049164672433729e+00
4.109734950756069316e-02 1.833980900423507920e+00
4.149712586129815362e-02 1.833912752652983924e+00
4.190079105786669034e-02 1.833842940442209413e+00
4.230838292616342228e-02 1.833771724240737644e+00
4.271993966306778662e-02 1.833698897009116813e+00
4.313549983702118923e-02 1.833625322299874849e+00
4.355510239164130798e-02 1.833549860976970480e+00
4.397878664937160398e-02 1.833472956683406041e+00
4.440659231516640160e-02 1.833394582176220311e+00
4.483855948021186338e-02 1.833314830251890015e+00
4.527472862568297785e-02 1.833233522077889921e+00
4.571514062653719151e-02 1.833149516857396133e+00
4.615983675534499064e-02 1.833064976256588485e+00
4.660885868615767536e-02 1.832978640889079358e+00
4.706224849841281199e-02 1.832890835776532779e+00
4.752004868087766204e-02 1.832801427845277997e+00
4.798230213563085128e-02 1.832709802570473778e+00
4.844905218208294534e-02 1.832616074197899847e+00
4.892034256103611894e-02 1.832520355558034275e+00
4.939621743878321036e-02 1.832422775590984543e+00
4.987672141124663283e-02 1.832323361013838081e+00
5.036189950815770505e-02 1.832222376006802600e+00
5.085179719727656034e-02 1.832119920174686944e+00
5.134646038865306461e-02 1.832015410524190369e+00
5.184593543892913187e-02 1.831909010015353223e+00
5.235026915568305461e-02 1.831800410489976549e+00
5.285950880181603667e-02 1.831690257800087762e+00
5.337370209998133774e-02 1.831577935139407032e+00
5.389289723705643909e-02 1.831464347090920874e+00
5.441714286865893119e-02 1.831347618987052117e+00
5.494648812370611646e-02 1.831228633991899279e+00
5.548098260901916656e-02 1.831106989199251522e+00
5.602067641397187603e-02 1.830984094981417565e+00
5.656562011518465050e-02 1.830857875465899287e+00
5.711586478126431943e-02 1.830726797067295131e+00
5.767146197758996756e-02 1.830592122819090894e+00
5.823246377114527778e-02 1.830459578635271090e+00
5.879892273539785025e-02 1.830325061581875357e+00
5.937089195522609469e-02 1.830184864441805725e+00
5.994842503189409116e-02 1.830040411539994416e+00
6.053157608807464840e-02 1.829895965642509559e+00
6.112039977292132997e-02 1.829746747954688724e+00
6.171495126718981594e-02 1.829594690400482504e+00
6.231528628840921763e-02 1.829440740433788681e+00
6.292146109610344262e-02 1.829286956522795826e+00
6.353353249706343575e-02 1.829125346291037735e+00
6.415155785067082339e-02 1.828962721647172440e+00
6.477559507427335661e-02 1.828797253659548039e+00
6.540570264861225724e-02 1.828627726498236683e+00
6.604193962330305590e-02 1.828457748131352201e+00
6.668436562236895737e-02 1.828282339448560334e+00
6.733304084982863480e-02 1.828103610984056715e+00
6.798802609533814711e-02 1.827921210605530256e+00
6.864938273988777095e-02 1.827734954394974132e+00
6.931717276155408003e-02 1.827544910626076380e+00
6.999145874130821565e-02 1.827351492102805564e+00
7.067230386888070925e-02 1.827154144445916728e+00
7.135977194868306506e-02 1.826952281163052971e+00
7.205392740578704658e-02 1.826746769084216071e+00
7.275483529196229149e-02 1.826537392300630946e+00
7.346256129177256011e-02 1.826324234672284330e+00
7.417717172873124210e-02 1.826107097485133668e+00
7.489873357151664857e-02 1.825884992216644243e+00
7.562731444024800576e-02 1.825659754871018725e+00
7.636298261282241373e-02 1.825429086913827437e+00
7.710580703131336699e-02 1.825195829433580386e+00
7.785585730843146146e-02 1.824957165685024529e+00
7.861320373404813433e-02 1.824713255997527206e+00
7.937791728178281159e-02 1.824467485906581032e+00
8.015006961565404597e-02 1.824211075537461424e+00
8.092973309679550586e-02 1.823956204899448208e+00
8.171698079023696770e-02 1.823693919674804542e+00
8.251188647175167201e-02 1.823426113065099941e+00
8.331452463477014014e-02 1.823153044331009554e+00
8.412497049736118726e-02 1.822874733221673704e+00
8.494330000928071445e-02 1.822591082195002654e+00
8.576958985908941790e-02 1.822298091846524137e+00
8.660391748133952627e-02 1.822004476490917346e+00
8.744636106383144036e-02 1.821704626476936761e+00
8.829699955494091368e-02 1.821399046382175202e+00
8.915591267101763417e-02 1.821089615428987507e+00
9.002318090385581784e-02 1.820770116245701509e+00
9.089888552823731371e-02 1.820446617076732609e+00
9.178310860954806694e-02 1.820116414222738621e+00
9.267593301146882789e-02 1.819780236850220723e+00
9.357744240374062106e-02 1.819436683518010467e+00
9.448772127000577836e-02 1.819087018119852628e+00
9.540685491572513388e-02 1.818728388221712233e+00
9.633492947617222635e-02 1.818364638504893271e+00
9.727203192450542546e-02 1.817994750436721318e+00
9.821825007991856482e-02 1.817617561867009623e+00
9.917367261587073379e-02 1.817233383932467250e+00
1.001383890683960748e-01 1.816841759720893457e+00
1.011124898444945991e-01 1.816442245527881916e+00
1.020960662306047012e-01 1.816035059366605919e+00
1.030892104011576216e-01 1.815619505880974982e+00
1.040920154272158005e-01 1.815195874411652088e+00
1.051045752851944987e-01 1.814764443803748684e+00
1.061269848656690717e-01 1.814324231171477786e+00
1.071593399822671072e-01 1.813878406371907337e+00
1.082017373806478805e-01 1.813420334100774634e+00
1.092542747475682557e-01 1.812955913634237026e+00
1.103170507200377515e-01 1.812482538143285193e+00
1.113901648945616746e-01 1.812000461908052973e+00
1.124737178364751955e-01 1.811509088893987540e+00
1.135678110893671017e-01 1.811007945532345786e+00
1.146725471845963656e-01 1.810497399891233483e+00
1.157880296509002094e-01 1.809974048549668257e+00
1.169143630240966764e-01 1.809444393749999991e+00
1.180516528568804902e-01 1.808905824734358125e+00
1.192000057287153220e-01 1.808354293680821012e+00
1.203595292558212876e-01 1.807793179420480456e+00
1.215303321012602134e-01 1.807221441687834496e+00
1.227125239851190319e-01 1.806639065720926363e+00
1.239062156947916271e-01 1.806043757359154789e+00
1.251115190953615564e-01 1.805438148545053911e+00
1.263285471400849291e-01 1.804820900262700256e+00
1.275574138809759950e-01 1.804192111047400182e+00
1.287982344794950385e-01 1.803551426921337963e+00
1.300511252173409127e-01 1.802898749010468871e+00
1.313162035073478784e-01 1.802233832150207604e+00
1.325935879044890797e-01 1.801559022299710211e+00
1.338833981169864351e-01 1.800868901986285575e+00
1.351857550175293021e-01 1.800165599830374275e+00
1.365007806546013891e-01 1.799451455041988668e+00
1.378285982639189389e-01 1.798721178651049080e+00
1.391693322799789911e-01 1.797976302659396897e+00
1.405231083477211373e-01 1.797218793287263638e+00
1.418900533343016301e-01 1.796447478412975363e+00
1.432702953409830948e-01 1.795662652807330950e+00
1.446639637151387880e-01 1.794863216168975928e+00
1.460711890623745679e-01 1.794047708571519406e+00
1.474921032587684921e-01 1.793216160304038853e+00
1.489268394632288772e-01 1.792368916843343651e+00
1.503755321299738434e-01 1.791506081625459545e+00
1.518383170211306810e-01 1.790629207346510654e+00
1.533153312194593942e-01 1.789734789722144725e+00
1.548067131411984265e-01 1.788823534284065486e+00
1.563126025490369497e-01 1.787893577176679294e+00
1.578331405652117214e-01 1.786947772105321519e+00
1.593684696847328941e-01 1.785984742836366435e+00
1.609187337887370006e-01 1.785001958546301726e+00
1.624840781579713067e-01 1.784005568466439540e+00
1.640646494864078653e-01 1.782987198686727170e+00
1.656605958949914359e-01 1.781948668329387031e+00
1.672720669455196874e-01 1.780895622660495281e+00
1.688992136546599021e-01 1.779816959813991684e+00
1.705421885081006561e-01 1.778724325640675730e+00
1.722011454748421100e-01 1.777609569118949073e+00
1.738762400216251336e-01 1.776474098240343080e+00
1.755676291275001522e-01 1.775319974395624500e+00
1.772754712985387948e-01 1.774142200220997001e+00
1.789999265826875408e-01 1.772941320661604037e+00
1.807411565847668600e-01 1.771718597247325055e+00
1.824993244816152382e-01 1.770473182799977341e+00
1.842745950373816666e-01 1.769206797348181981e+00
1.860671346189656239e-01 1.767918108941799904e+00
1.878771112116086051e-01 1.766603775635675166e+00
1.897046944346358344e-01 1.765267117150761456e+00
1.915500555573527997e-01 1.763906434068105655e+00
1.934133675150944698e-01 1.762521855396147474e+00
1.952948049254327745e-01 1.761111497738588660e+00
1.971945441045395986e-01 1.759675419273001307e+00
1.991127630837108697e-01 1.758212540431635329e+00
2.010496416260497965e-01 1.756724339150838254e+00
2.030053612433137811e-01 1.755210166799125338e+00
2.049801052129238688e-01 1.753669646193293463e+00
2.069740585951406198e-01 1.752098243502814956e+00
2.089874082504071251e-01 1.750498103970935526e+00
2.110203428568595552e-01 1.748870761898889015e+00
2.130730529280097374e-01 1.747215980153362214e+00
2.151457308305980698e-01 1.745531520335081188e+00
2.172385708026215445e-01 1.743816145653043215e+00
2.193517689715359098e-01 1.742069590991714101e+00
2.214855233726360506e-01 1.740292480904043870e+00
2.236400339676138660e-01 1.738484201355402936e+00
2.258155026632983065e-01 1.736645072816302093e+00
2.280121333305757114e-01 1.734774412660445631e+00
2.302301318234963867e-01 1.732869468218858566e+00
2.324697059985647851e-01 1.730932711566758542e+00
2.347310657342196183e-01 1.728958678361027790e+00
2.370144229505012079e-01 1.726952689561298993e+00
2.393199916289123208e-01 1.724910512604304058e+00
2.416479878324700736e-01 1.722832933528875676e+00
2.439986297259550130e-01 1.720720179061849153e+00
2.463721375963552895e-01 1.718568969246292655e+00
2.487687338735107279e-01 1.716384956969291498e+00
2.511886431509580686e-01 1.714160453943243123e+00
2.536320922069775774e-01 1.711896638160584461e+00
2.560993100258459609e-01 1.709595069124991928e+00
2.585905278192945911e-01 1.707255232999228323e+00
2.611059790481781162e-01 1.704876711942342915e+00
2.636458994443517945e-01 1.702456962934354001e+00
2.662105270327638773e-01 1.699994778265701001e+00
2.688001021537606006e-01 1.697489679660316497e+00
2.714148674856106669e-01 1.694945967200826242e+00
2.740550680672460548e-01 1.692358145505251654e+00
2.767209513212268712e-01 1.689725647799751096e+00
2.794127670769268601e-01 1.687052471667558340e+00
2.821307675939472293e-01 1.684331370568195707e+00
2.848752075857552413e-01 1.681567607495890515e+00
2.876463442435557849e-01 1.678758498920839504e+00
2.904444372603925406e-01 1.675899662972773374e+00
2.932697488554852905e-01 1.672999484232230438e+00
2.961225437988035947e-01 1.670044028846539685e+00
2.990030894358785551e-01 1.667048829459273129e+00
3.019116557128577738e-01 1.664002519855320106e+00
3.048485152018017286e-01 1.660903190602874835e+00
3.078139431262288950e-01 1.657757862025434514e+00
3.108082173869063936e-01 1.654561445915892159e+00
3.138316185878944342e-01 1.651312064306422744e+00
3.168844300628416155e-01 1.648012125266733907e+00
3.199669379015380732e-01 1.644663214686429287e+00
3.230794309767249795e-01 1.641262147231725477e+00
3.262222009711669979e-01 1.637810986180143091e+00
3.293955424049855307e-01 1.634282222256668415e+00
3.325997526632606949e-01 1.630717320115092850e+00
3.358351320238990301e-01 1.627097039103166498e+00
3.391019836857747105e-01 1.623409282070930493e+00
3.424006137971423724e-01 1.619678502895261607e+00
3.457313314843284413e-01 1.615888959082615983e+00
3.490944488806992929e-01 1.612037628865066630e+00
3.524902811559130766e-01 1.608126205173923795e+00
3.559191465454557002e-01 1.604158220638625787e+00
3.593813663804627523e-01 1.600133366125393364e+00
3.628772651178337472e-01 1.596047043360108608e+00
3.664071703706370808e-01 1.591899395910276294e+00
3.699714129388128048e-01 1.587689950098093883e+00
3.735703268401719401e-01 1.583419655225283051e+00
3.772042493416999376e-01 1.579088525765476536e+00
3.808735209911614517e-01 1.574691385768103524e+00
3.845784856490158665e-01 1.570234844230819604e+00
3.883194905206404091e-01 1.565710417675762578e+00
3.920968861888690649e-01 1.561123349919518732e+00
3.959110266468458539e-01 1.556474053663756685e+00
3.997622693312000708e-01 1.551753770935701215e+00
4.036509751555413805e-01 1.546975659484899568e+00
4.075775085442840395e-01 1.542122907606500837e+00
4.115422374667966343e-01 1.537205045426500938e+00
4.155455334718875515e-01 1.532225904054562715e+00
4.195877717226225712e-01 1.527176024688583267e+00
4.236693310314835759e-01 1.522057065363480399e+00
4.277905938958687093e-01 1.516869419480054049e+00
4.319519465339363706e-01 1.511614624163274634e+00
4.361537789208005944e-01 1.506289551093632273e+00
4.403964848250754294e-01 1.500897093268393601e+00
4.446804618457780300e-01 1.495432372575110858e+00
4.490061114495874639e-01 1.489898820308870109e+00
4.533738390084691150e-01 1.484294320884442575e+00
4.577840538376618529e-01 1.478619554927008917e+00
4.622371692340384031e-01 1.472873840799314271e+00
4.667336025148346446e-01 1.467057599592500150e+00
4.712737750567601580e-01 1.461172387807494699e+00
4.758581123354846953e-01 1.455208735317123914e+00
4.804870439655131720e-01 1.449180504661720992e+00
4.851610037404442966e-01 1.443078674259535177e+00
4.898804296736250508e-01 1.436902856114953719e+00
4.946457640391963562e-01 1.430658039132664205e+00
4.994574534135413635e-01 1.424338669985754091e+00
5.043159487171361421e-01 1.417946804456635457e+00
5.092217052568053237e-01 1.411486781745735275e+00
5.141751827683928022e-01 1.404954175287361551e+00
5.191768454598426619e-01 1.398345613992106440e+00
5.242271620547044320e-01 1.391669149770040859e+00
5.293266058360561743e-01 1.384927532621775370e+00
5.344756546908600026e-01 1.378097658837453832e+00
5.396747911547442600e-01 1.371207283755547346e+00
5.449245024572260121e-01 1.364245099137039618e+00
5.502252805673685243e-01 1.357210424914740088e+00
5.555776222398878250e-01 1.350108156567997542e+00
5.609820290617031358e-01 1.342930471351269084e+00
5.664390074989449353e-01 1.335697868558471058e+00
5.719490689444144405e-01 1.328375514136139746e+00
5.775127297655114900e-01 1.320992921926559704e+00
5.831305113526221717e-01 1.313540178411893411e+00
5.888029401679826247e-01 1.306020191201438641e+00
5.945305477950136863e-01 1.298436473835776539e+00
6.003138709881384871e-01 1.290781150695482937e+00
6.061534517230839914e-01 1.283059762203297538e+00
6.120498372476699256e-01 1.275275705924624470e+00
6.180035801330957534e-01 1.267423800488288066e+00
6.240152383257209223e-01 1.259510527196682661e+00
6.300853751993553686e-01 1.251530728169252482e+00
6.362145596080520660e-01 1.243490983110356218e+00
6.424033659394193796e-01 1.235386110093998013e+00
6.486523741684461219e-01 1.227223959258344710e+00
6.549621699118558515e-01 1.218999786904639393e+00
6.613333444829840868e-01 1.210687750936233709e+00
6.677664949471955325e-01 1.202377814551433222e+00
6.742622241778342129e-01 1.193979129389817206e+00
6.808211409127237213e-01 1.185527431290653855e+00
6.874438598112112553e-01 1.177015828333408898e+00
6.941310015117725385e-01 1.168454311094063947e+00
7.008831926901714082e-01 1.159840283126440941e+00
7.077010661181889484e-01 1.151176658504934558e+00
7.145852607229240538e-01 1.142459081657084763e+00
7.215364216466665370e-01 1.133696501459998673e+00
7.285552003073593186e-01 1.124882578072671890e+00
7.356422544596413760e-01 1.116028256144400821e+00
7.427982482564918776e-01 1.107125862411349804e+00
7.500238523114668432e-01 1.098180213407445871e+00
7.573197437615483141e-01 1.089196095239306272e+00
7.646866063305975958e-01 1.080168076615430461e+00
7.721251303934327792e-01 1.071104915653239287e+00
7.796360130405233235e-01 1.062003302261752546e+00
7.872199581433195759e-01 1.052865723651809748e+00
7.948776764202123424e-01 1.043693343858896005e+00
8.026098855031396084e-01 1.034497535298140036e+00
8.104173100048355227e-01 1.025259354522377153e+00
8.183006815867394090e-01 1.016000524005805206e+00
8.262607390275591435e-01 1.006712609236154909e+00
8.342982282925082149e-01 9.973967255762710149e-01
8.424139026032094746e-01 9.880633102296608739e-01
8.506085225082840040e-01 9.787046122318041608e-01
8.588828559546254349e-01 9.693286989033453871e-01
8.672376783593644944e-01 9.599336114774659201e-01
8.756737726825394308e-01 9.505225594224224750e-01
8.841919295004664336e-01 9.410995965111847994e-01
8.927929470798307010e-01 9.316606708683506932e-01
9.014776314524917122e-01 9.222149478429481073e-01
9.102467964910225806e-01 9.127628304848087737e-01
9.191012639849772681e-01 9.032985311272142548e-01
9.280418637179072006e-01 8.938352874090909062e-01
9.370694335451198453e-01 8.843679850050581992e-01
9.461848194722002336e-01 8.748969642808592795e-01
9.553888757342895444e-01 8.654359714988327790e-01
9.646824648761427312e-01 8.559715361587389992e-01
9.740664578329562007e-01 8.465123758828072553e-01
9.835417340119908536e-01 8.370649593755081774e-01
9.931091813749796104e-01 8.276246773760878028e-01
1.002769696521346621e+00 8.181955171848445119e-01
1.012524184772224167e+00 8.087815048731031853e-01
1.022373560255302127e+00 7.993835254442493987e-01
1.032318745990486564e+00 7.899987685202446430e-01
1.042360673976402197e+00 7.806366201817086514e-01
1.052500285277732761e+00 7.712940091645148488e-01
1.062738530113414459e+00 7.619793161726792219e-01
1.073076367945679621e+00 7.526837837432773792e-01
1.083514767569973225e+00 7.434152885435244551e-01
1.094054707205742494e+00 7.341764305557839654e-01
1.104697174588111785e+00 7.249727036007973524e-01
1.115443167060441221e+00 7.157964800602061306e-01
1.126293691667795249e+00 7.066556397890094710e-01
1.137249765251314271e+00 6.975508109377737131e-01
1.148312414543511073e+00 6.884820829995067504e-01
1.159482676264482759e+00 6.794559636351416021e-01
1.170761597219069250e+00 6.704686900203703503e-01
1.182150234394952371e+00 6.615261988126619475e-01
1.193649655061713055e+00 6.526267825112184173e-01
1.205260936870842681e+00 6.437708240994902686e-01
1.216985167956738056e+00 6.349671819296408559e-01
1.228823447038673411e+00 6.262106401055680394e-01
1.240776883523764251e+00 6.175057604130683719e-01
1.252846597610937529e+00 6.088498021796037163e-01
1.265033720395903893e+00 6.002492279431765887e-01
1.277339393977160009e+00 5.917041715961606219e-01
1.289764771563017165e+00 5.832156160578065851e-01
1.302311017579677488e+00 5.747842108265078798e-01
1.314979307780347773e+00 5.664100773572159353e-01
1.327770829355430449e+00 5.580988156166056813e-01
1.340686781043774811e+00 5.498460875704221928e-01
1.353728373245021821e+00 5.416588712309200471e-01
1.366896828133026487e+00 5.335325698039756759e-01
1.380193379770397355e+00 5.254739417223078801e-01
1.393619274224142002e+00 5.174770911123600658e-01
1.407175769682446731e+00 5.095502361026049698e-01
1.420864136572576708e+00 5.016880619058994295e-01
1.434685657679937831e+00 4.938980044745028830e-01
1.448641628268290127e+00 4.861739812974074093e-01
1.462733356201129986e+00 4.785227131218995900e-01
1.476962162064259898e+00 4.709399798305564655e-01
1.491329379289537682e+00 4.634310602503923793e-01
1.505836354279841416e+00 4.559935687743944532e-01
1.520484446535244283e+00 4.486289659677932251e-01
1.535275028780422657e+00 4.413389455401738326e-01
1.550209487093291205e+00 4.341213747815123036e-01
1.565289221034902312e+00 4.269794142725369390e-01
1.580515643780601165e+00 4.199149769484858408e-01
1.595890182252465817e+00 4.129243720961636166e-01
1.611414277253019778e+00 4.060070928759285103e-01
1.627089383600260675e+00 3.991711734991065796e-01
1.642916970263993193e+00 3.924089027990863565e-01
1.658898520503498064e+00 3.857257963622118813e-01
1.675035532006524441e+00 3.791179439791074746e-01
1.691329517029648732e+00 3.725867823198590334e-01
1.707782002539993016e+00 3.661364289062482014e-01
1.724394530358320354e+00 3.597610557007787646e-01
1.741168657303530987e+00 3.534653138420811302e-01
1.758105955338547632e+00 3.472466292468079918e-01
1.775208011717636092e+00 3.411044980672642835e-01
1.792476429135148930e+00 3.350432740066972004e-01
1.809912825875727105e+00 3.290585690693093590e-01
1.827518835965944666e+00 3.231502873911555884e-01
1.845296109327445366e+00 3.173208942146160672e-01
1.863246311931559873e+00 3.115690010905728946e-01
1.881371125955437096e+00 3.058943029335273733e-01
1.899672249939675650e+00 3.002971871282540395e-01
1.918151398947507635e+00 2.947763729981450753e-01
1.936810304725519849e+00 2.893309502312772508e-01
1.955650715865949074e+00 2.839644314698341887e-01
1.974674397970537454e+00 2.786740416055106251e-01
1.993883133816001019e+00 2.734563023612882615e-01
2.013278723521096492e+00 2.683168374618725704e-01
2.032862984715323673e+00 2.632514745296229974e-01
2.052637752709252084e+00 2.582585922490186481e-01
2.072604880666519822e+00 2.533412884825931299e-01
2.092766239777499759e+00 2.484969557967192377e-01
2.113123719434652603e+00 2.437275265493835663e-01
2.133679227409597701e+00 2.390322676824242487e-01
2.154434690031884259e+00 2.344059120528844686e-01
2.175392052369522489e+00 2.298538061690258150e-01
2.196553278411258248e+00 2.253719791211934720e-01
2.217920351250634692e+00 2.209604279855287845e-01
2.239495273271823184e+00 2.166177727394234254e-01
2.261280066337279404e+00 2.123446192103588537e-01
2.283276771977218012e+00 2.081416074148647044e-01
2.305487451580938707e+00 2.040072995351625562e-01
2.327914186589993051e+00 1.999395966110034950e-01
2.350559078693253756e+00 1.959382876795659201e-01
2.373424250023866033e+00 1.920027830727153162e-01
2.396511843358130278e+00 1.881343319414456872e-01
2.419824022316292567e+00 1.843310447974150779e-01
2.443362971565319341e+00 1.805916265834804912e-01
2.467130897023623426e+00 1.769217292834782407e-01
2.491130026067788439e+00 1.733012325302636381e-01
2.515362607741312928e+00 1.697504838611714750e-01
2.539830912965362675e+00 1.662615402770259709e-01
2.564537234751594674e+00 1.628330900980951290e-01
2.589483888417040802e+00 1.594644973920772424e-01
2.614673211801092023e+00 1.561552184978755309e-01
2.640107565484572927e+00 1.529044514212381800e-01
2.665789333010967876e+00 1.497121957462630715e-01
2.691720921109787668e+00 1.465769623897428264e-01
2.717904759922122881e+00 1.434985341730261876e-01
2.744343303228365283e+00 1.404748880701894020e-01
2.771039028678170535e+00 1.375071456549841753e-01
2.797994438022641805e+00 1.345931284832500574e-01
2.825212057348790218e+00 1.317329146254259953e-01
2.852694437316245057e+00 1.289248804631436263e-01
2.880444153396297668e+00 1.261707615466527987e-01
2.908463806113254169e+00 1.234668066009128318e-01
2.936756021288137397e+00 1.208137215167251616e-01
2.965323450284773621e+00 1.182106274635487536e-01
2.994168770258243573e+00 1.156557784455427007e-01
3.023294684405779531e+00 1.131513560238854993e-01
3.052703922220086241e+00 1.106935590173667716e-01
3.082399239745143404e+00 1.082830438199408329e-01
3.112383419834465759e+00 1.059191482423649383e-01
3.142659272411905569e+00 1.036008130832037216e-01
3.173229634734976212e+00 1.013264593736556002e-01
3.204097371660752813e+00 9.909765550740119722e-02
3.235265375914330388e+00 9.691184182568397809e-02
3.266736568359921655e+00 9.476928617711385949e-02
3.298513898274578082e+00 9.266854835652882372e-02
3.330600343624588788e+00 9.060925824481980140e-02
3.362998911344535991e+00 8.859167211586313484e-02
3.395712637619100693e+00 8.661321907209890147e-02
3.428744588167585317e+00 8.467550841605275824e-02
3.462097858531227423e+00 8.277558553128143426e-02
3.495775574363275240e+00 8.091417597703952358e-02
3.529780891721914671e+00 7.909092812502581393e-02
3.564116997366032269e+00 7.730439385622094040e-02
3.598787109053855460e+00 7.555355536893827717e-02
3.633794475844513094e+00 7.383903357138418833e-02
3.669142378402494131e+00 7.215949503915713992e-02
3.704834129305105694e+00 7.051476404604224701e-02
3.740873073352900313e+00 6.890395147550133770e-02
3.777262587883141176e+00 6.732580674871249671e-02
3.814006083086284082e+00 6.577935573268181568e-02
3.851107002325572903e+00 6.426813245560834831e-02
3.888568822459721019e+00 6.278671486730670603e-02
3.926395054168756449e+00 6.133617425151887542e-02
3.964589242282997805e+00 5.991671897500458477e-02
4.003154966115265445e+00 5.852620520948993710e-02
4.042095839796306045e+00 5.716546700013430682e-02
4.081415512613501662e+00 5.583394960984636168e-02
4.121117669352832635e+00 5.453059477115689002e-02
4.161206030644208020e+00 5.325453641796591697e-02
4.201684353310133346e+00 5.200579993631589126e-02
4.242556430717777438e+00 5.078407836639785289e-02
4.283826093134470270e+00 4.958842686689688556e-02
4.325497208086633627e+00 4.841877573834169057e-02
4.367573680722233398e+00 4.727389536149301935e-02
4.410059454176736615e+00 4.615386941824174694e-02
4.452958509942654963e+00 4.505834262592620099e-02
4.496274868242640110e+00 4.398657177852669659e-02
4.540012588406244554e+00 4.293814587937138522e-02
4.584175769250333765e+00 4.191277116814938475e-02
4.628768549463215365e+00 4.090961401738837933e-02
4.673795107992464004e+00 3.992153930861554179e-02
4.719259664436561863e+00 3.896931149786907189e-02
4.765166479440326341e+00 3.802090097107460598e-02
4.811519855094205766e+00 3.711419371733332834e-02
4.858324135337417360e+00 3.620544398394949515e-02
4.905583706365050922e+00 3.533925669021684840e-02
4.953302997039108924e+00 3.448178042358664847e-02
5.001486479303548727e+00 3.364339215188495713e-02
5.050138668603383785e+00 3.282366369483230573e-02
5.099264124307808288e+00 3.202342952671929921e-02
5.148867450137498025e+00 3.123905596903159276e-02
5.198953294596024399e+00 3.047350817435592191e-02
5.249526351405507718e+00 2.972518847620194207e-02
5.300591359946452030e+00 2.899380356962972735e-02
5.352153105701904501e+00 2.827899223231211678e-02
5.404216420705915347e+00 2.758047173569364019e-02
5.456786183996381823e+00 2.689287216503271488e-02
5.509867322072253160e+00 2.623104636934479872e-02
5.563464809355226137e+00 2.557920122356726125e-02
5.617583668655908191e+00 2.494249164907504437e-02
5.672228971644543094e+00 2.432055720667389287e-02
5.727405839326266346e+00 2.371248163789256569e-02
5.783119442521027054e+00 2.311870592338053851e-02
5.839375002348160315e+00 2.253869097141075403e-02
5.896177790715694478e+00 2.197205311983128559e-02
5.953533130814370189e+00 2.141871824755465711e-02
6.011446397616513337e+00 2.087816828868586244e-02
6.069923018379741464e+00 2.035026298790228172e-02
6.128968473155564034e+00 1.983468024879674399e-02
6.188588295302960063e+00 1.933126414379979924e-02
6.248788072006894012e+00 1.883952594509529649e-02
6.309573444801936049e+00 1.835943416900782943e-02
6.370950110100935149e+00 1.789062321205428172e-02
6.432923819728876502e+00 1.742780185154744685e-02
6.495500381461869033e+00 1.698602422845662402e-02
6.558685659571435345e+00 1.654949004065875071e-02
6.622485575374063238e+00 1.612384163490720654e-02
6.686906107786136921e+00 1.570761173017055576e-02
6.751953293884205287e+00 1.530213524295153879e-02
6.817633229470763112e+00 1.490573853873264354e-02
6.883952069645496330e+00 1.451945099645129793e-02
6.950916029382126382e+00 1.414174853856363379e-02
7.018531384110795912e+00 1.377378290364307534e-02
7.086804470306189430e+00 1.341437670016707578e-02
7.155741686081340980e+00 1.306364421677725166e-02
7.225349491787214085e+00 1.272081896666733478e-02
7.295634410618154320e+00 1.238762845645616749e-02
7.366603029223159460e+00 1.206159228916288406e-02
7.438261998323163482e+00 1.174334663763782795e-02
7.510618033334286459e+00 1.143353435891402738e-02
7.583677914997190683e+00 1.113095960569951935e-02
7.657448490012479958e+00 1.083579334197773240e-02
7.731936671682362316e+00 1.054783104087939072e-02
7.807149440558499798e+00 1.026694345950125015e-02
7.883093845096216690e+00 9.993171914752071311e-03
7.959777002314985417e+00 9.725761014619607042e-03
8.037206098465421888e+00 9.465164161939565793e-03
8.115388389702712146e+00 9.211268288261654016e-03
8.194331202766655053e+00 8.963498913732912549e-03
8.274041935668218883e+00 8.721836271052310977e-03
8.354528058382872047e+00 8.486243408670116062e-03
8.435797113550611570e+00 8.256985136570938258e-03
8.517856717182803905e+00 8.032515710459511155e-03
8.600714559375941093e+00 7.813316332782918247e-03
8.684378405032257220e+00 7.599220460244119138e-03
8.768856094587436090e+00 7.393808484003862140e-03
8.854155544745349715e+00 7.191521018210806325e-03
8.940284749219998162e+00 6.994348177612419622e-03
9.027251779484577909e+00 6.802176103222434995e-03
9.115064785527916769e+00 6.614782302992145736e-03
9.203731996618220279e+00 6.432338203284609750e-03
9.293261722074316111e+00 6.254331107245902389e-03
9.383662352044273902e+00 6.081117754216358237e-03
9.474942358291729150e+00 5.912204989653785901e-03
9.567110294989774388e+00 5.747627297964087376e-03
9.660174799522645017e+00 5.587272343086090685e-03
9.754144593295098531e+00 5.431049998627267110e-03
9.849028482549766039e+00 5.279199760885747682e-03
9.944835359192397917e+00 5.130574503658074173e-03
1.004157420162519543e+01 4.986248730489697793e-03
1.013925407558815373e+01 4.845469736525731715e-03
1.023788413500867378e+01 4.708433601288959311e-03
1.033747362285940774e+01 4.573884686453066548e-03
1.043803187202444072e+01 4.445041803741275194e-03
1.053956830617394580e+01 4.318470665314803718e-03
1.064209244064724658e+01 4.195369626647117885e-03
1.074561388334458023e+01 4.075219258138215381e-03
1.085014233562746178e+01 3.957753716160517660e-03
1.095568759322787855e+01 3.844588770784155164e-03
1.106225954716621906e+01 3.733830118540070169e-03
1.116986818467823817e+01 3.626006182325338615e-03
1.127852359015096795e+01 3.521037919496251573e-03
1.138823594606782130e+01 3.418895261586943433e-03
1.149901553396274245e+01 3.319421519487493304e-03
1.161087273538378994e+01 3.222632717704795782e-03
1.172381803286598512e+01 3.128263296142695486e-03
1.183786201091373513e+01 3.036763124175481578e-03
1.195301535699265827e+01 2.947549740461410332e-03
1.206928886253119870e+01 2.860753450598791953e-03
1.218669342393191712e+01 2.776299697906861076e-03
1.230524004359261525e+01 2.694122101741036352e-03
1.242493983093746479e+01 2.614193050295733622e-03
1.254580400345803248e+01 2.536353113682939669e-03
1.266784388776455827e+01 2.460764364035397146e-03
1.279107092064739781e+01 2.387191117467683896e-03
1.291549665014884063e+01 2.315922240145312262e-03
1.304113273664525430e+01 2.246065812508813916e-03
1.316799095393986185e+01 2.178332960413850283e-03
1.329608319036608854e+01 2.112354314240274741e-03
1.342542144990170527e+01 2.048508257576442046e-03
1.355601785329368880e+01 1.986269481484548120e-03
1.368788463919415221e+01 1.925765923031407456e-03
1.382103416530724438e+01 1.866946236943119826e-03
1.395547890954729020e+01 1.809759416090613330e-03
1.409123147120805619e+01 1.754180210139849897e-03
1.422830457214353395e+01 1.700103925576190462e-03
1.436671105796013137e+01 1.647633350004351150e-03
1.450646389922046886e+01 1.596615444903798278e-03
1.464757619265895272e+01 1.547034048228156794e-03
1.479006116240903168e+01 1.498832300160302935e-03
1.493393216124253264e+01 1.452017063968766373e-03
1.507920267182097263e+01 1.406525231156416107e-03
1.522588630795911513e+01 1.362330843624121870e-03
1.537399681590069456e+01 1.319401925659275570e-03
1.552354807560667105e+01 1.277722710071325539e-03
1.567455410205595001e+01 1.237189673662531875e-03
1.582702904655883280e+01 1.197861010067180097e-03
1.598098719808309376e+01 1.159657988214777722e-03
1.613644298459311699e+01 1.122551603503045992e-03
1.629341097440194730e+01 1.086539421240983148e-03
1.645190587753662470e+01 1.051569251584335641e-03
1.661194254711659113e+01 1.017616550527562390e-03
1.677353598074571295e+01 9.846558083806656540e-04
1.693670132191772026e+01 9.526614413970609834e-04
1.710145386143542012e+01 9.216227187895510795e-04
1.726780903884355922e+01 8.914746515614165381e-04
1.743578244387577669e+01 8.622282081111312321e-04
1.760538981791556523e+01 8.338465413874228058e-04
1.777664705547142532e+01 8.063102267099753065e-04
1.794957020566648254e+01 7.795964327374493028e-04
1.812417547374237614e+01 7.536788260549684903e-04
1.830047922257800863e+01 7.285390488763331552e-04
1.847849797422290763e+01 7.041505934249828310e-04
1.865824841144566193e+01 6.805055017239307162e-04
1.883974737929719367e+01 6.575730474955263387e-04
1.902301188668945642e+01 6.353322838380656354e-04
1.920805910798935301e+01 6.137725147395125744e-04
1.939490638462828542e+01 5.928639789751062811e-04
1.958357122672716955e+01 5.726026577534838041e-04
1.977407131473744428e+01 5.529581993468851231e-04
1.996642450109793288e+01 5.339194307378861094e-04
2.016064881190793656e+01 5.154720418590331673e-04
2.035676244861640072e+01 4.975894687540941301e-04
2.055478378972772546e+01 4.802667006726866182e-04
2.075473139252405730e+01 4.634835191552626643e-04
2.095662399480432825e+01 4.472130124394971479e-04
2.116048051664034446e+01 4.314788363509532328e-04
2.136632006214970403e+01 4.162216165434341839e-04
2.157416192128621546e+01 4.014474592606607313e-04
2.178402557164756459e+01 3.871445417270371627e-04
2.199593068030074861e+01 3.732993905583371951e-04
2.220989710562497521e+01 3.598877891410306030e-04
2.242594489917278011e+01 3.469065721810975483e-04
2.264409430754907504e+01 3.343468212418503082e-04
2.286436577430861306e+01 3.221885257725960868e-04
2.308677994187169702e+01 3.104235122894316253e-04
2.331135765345874944e+01 2.990411375152012647e-04
2.353811995504354471e+01 2.880128341818032024e-04
2.376708809732560823e+01 2.773755939659588348e-04
2.399828353772154799e+01 2.670719483751916022e-04
2.423172794237600769e+01 2.571110633023808868e-04
2.446744318819203201e+01 2.474747309215458591e-04
2.470545136488123816e+01 2.381615214457823582e-04
2.494577477703398571e+01 2.291523365807578573e-04
2.518843594620949489e+01 2.204525599780905319e-04
2.543345761304651020e+01 2.120410077939290203e-04
2.568086273939435316e+01 2.039079596311995886e-04
2.593067451046487548e+01 1.960528221557328971e-04
2.618291633700505372e+01 1.884681573626453333e-04
2.643761185749101372e+01 1.811393948972671232e-04
2.669478494034320804e+01 1.740592925656939832e-04
2.695445968616333587e+01 1.672214980918681560e-04
2.721666042999271795e+01 1.606164818489993215e-04
2.748141174359293259e+01 1.542476197141167088e-04
2.774873843774846804e+01 1.481043785648654941e-04
2.801866556459195223e+01 1.421683188437269723e-04
2.829121841995168651e+01 1.364452475049270205e-04
2.856642254572233952e+01 1.309193619305247058e-04
2.884430373225852051e+01 1.255904530749898473e-04
2.912488802079168337e+01 1.204511986542697809e-04
2.940820170587063842e+01 1.154973436297876519e-04
2.969427133782552986e+01 1.107182280700893504e-04
2.998312372525609959e+01 1.061202291194821967e-04
3.027478593754393543e+01 1.016838566117105150e-04
3.056928530738937155e+01 9.739725501640458902e-05
3.086664943337274636e+01 9.327458442004699882e-05
3.116690618254088463e+01 8.930730651916347570e-05
3.147008369301855879e+01 8.548474197080571505e-05
3.177621037664554038e+01 8.180299095855024418e-05
3.208531492163897525e+01 7.825884485488656620e-05
3.239742629528198847e+01 7.484887985948125190e-05
3.271257374663825601e+01 7.156885289401680825e-05
3.303078680929315425e+01 6.841024621660208303e-05
3.335209530412127066e+01 6.537358981368153682e-05
3.367652934208116022e+01 6.245794351761579108e-05
3.400411932703705986e+01 5.964761795709081236e-05
3.433489595860830690e+01 5.694353781669428952e-05
3.466889023504609213e+01 5.435083363876237034e-05
3.500613345613854221e+01 5.185663319207871829e-05
3.534665722614391115e+01 4.946540114770711492e-05
3.569049345675229290e+01 4.716310232410801738e-05
3.603767437007633134e+01 4.495678904755223942e-05
3.638823250167062184e+01 4.283445212529379793e-05
3.674220070358090595e+01 4.080345229843769864e-05
3.709961214742267543e+01 3.885127195520081563e-05
3.746050032748993175e+01 3.697851961918541150e-05
3.782489906389385936e+01 3.518676006896698504e-05
3.819284250573236505e+01 3.346561687974303949e-05
3.856436513429023449e+01 3.181594836322692432e-05
3.893950176627063087e+01 3.023628414033534474e-05
3.931828755705770106e+01 2.872328004063074938e-05
3.970075800401124155e+01 2.727592869331876881e-05
4.008694894979318946e+01 2.588880300926531063e-05
4.047689658572676308e+01 2.456330602874866976e-05
4.087063745518780422e+01 2.329188319375929140e-05
4.126820845702955864e+01 2.208145794484807242e-05
4.166964684904057492e+01 2.091772386977123593e-05
4.207499025143619065e+01 1.981271204569597439e-05
4.248427665038425260e+01 1.875032618056291477e-05
4.289754440156466586e+01 1.773839887931989229e-05
4.331483223376402947e+01 1.677369852389776499e-05
4.373617925250492533e+01 1.585097161302306872e-05
4.416162494371084790e+01 1.497280786501907441e-05
4.459120917740628443e+01 1.413569922337588810e-05
4.502497221145327444e+01 1.333473582324022408e-05
4.546295469532399380e+01 1.257445098028369093e-05
4.590519767391037220e+01 1.185717509310656174e-05
4.635174259137027519e+01 1.116518827698491348e-05
4.680263129501155817e+01 1.050842207337946480e-05
4.725790603921362276e+01 9.882711901275739001e-06
4.771760948938745628e+01 9.289276174940003616e-06
4.818178472597362827e+01 8.725996559480125257e-06
4.865047524847972937e+01 8.191175210578630327e-06
4.912372497955678341e+01 7.683913376484872635e-06
4.960157826911540724e+01 7.202818355280599650e-06
5.008407989848212338e+01 6.746620866846693296e-06
5.057127508459573306e+01 6.314829693675182786e-06
5.106320948424492911e+01 5.904846585630409027e-06
5.155992919834686461e+01 5.516869944715907048e-06
5.206148077626762216e+01 5.150770749264525394e-06
5.256791122018424289e+01 4.804363675288273852e-06
5.307926798948964375e+01 4.477576917298531822e-06
5.359559900524011766e+01 4.168170161049433514e-06
5.411695265464637572e+01 3.877057894854296731e-06
5.464337779560780461e+01 3.602310176519947229e-06
5.517492376129128928e+01 3.343724687402556367e-06
5.571164036475430237e+01 3.100454532037919575e-06
5.625357790361330501e+01 2.871346527135373911e-06
5.680078716475694733e+01 2.656322156796349663e-06
5.735331942910571712e+01 2.454596681112620548e-06
5.791122647641758192e+01 2.265085709861214675e-06
5.847456059014062646e+01 2.087729462208176004e-06
5.904337456231242243e+01 1.922439664588957572e-06
5.961772169850755887e+01 1.766756722866454241e-06
6.019765582283304184e+01 1.621813853942081733e-06
6.078323128297230227e+01 1.486361316982473872e-06
6.137450295527852973e+01 1.360297941300024543e-06
6.197152624991698389e+01 1.242869997324257659e-06
6.257435711605789663e+01 1.133163911318396154e-06
6.318305204711957401e+01 1.031763660549586433e-06
6.379766808606282069e+01 9.378937262660396610e-07
6.441826283073628190e+01 8.508762546826511924e-07
6.504489443927437264e+01 7.702009382256423402e-07
6.567762163554736787e+01 6.957621948776954828e-07
6.631650371466487570e+01 6.271912442633204206e-07
6.696160054853221766e+01 5.641294518135949751e-07
6.761297259146149941e+01 5.060221356098526475e-07
6.827068088583682481e+01 4.528949934353183766e-07
6.893478706783510290e+01 4.041166468303398911e-07
6.960535337320180815e+01 3.596044464169887597e-07
7.028244264308352740e+01 3.190662400814979932e-07
7.096611832991698066e+01 2.821902512798039122e-07
7.165644450337531168e+01 2.487533939754290340e-07
7.235348585637258623e+01 2.184785477779260487e-07
7.305730771112592947e+01 1.911940122788682355e-07
7.376797602527737752e+01 1.666074812188697951e-07
7.448555739807494547e+01 1.445974620376441718e-07
7.521011907661404905e+01 1.239968015738741272e-07
7.594172896213913759e+01 1.065782403989718678e-07
7.668045561640717267e+01 9.085581553461137642e-08
7.742636826811269657e+01 7.724134564546508992e-08
7.817953681937576960e+01 6.498785585285025316e-08
7.894003185229233566e+01 5.454432157709877536e-08
7.970792463554894880e+01 4.544535209903958610e-08
8.048328713110151966e+01 3.734365504115518615e-08
8.126619200091946027e+01 3.034988395203569382e-08
8.205671261379453085e+01 2.463303371192128606e-08
8.285492305221690401e+01 1.978182072613955137e-08
8.366089811931756515e+01 1.569656661801632033e-08
8.447471334587828551e+01 1.229600137436766153e-08
8.529644499741024788e+01 9.492318660918490993e-09
8.612617008130067120e+01 7.204680370168039442e-09
8.696396635402970787e+01 5.362103674604434636e-09
8.780991232845718741e+01 3.904224589784551257e-09
8.866408728118061333e+01 2.769844242489849511e-09
8.952657125996400111e+01 1.906112915664684296e-09
9.039744509123974581e+01 1.263515936433837958e-09
9.127679038768296493e+01 8.014313167170235250e-10
9.216468955586012157e+01 4.801430803064072700e-10
9.306122580395103228e+01 2.677213422177094845e-10
9.396648314954700254e+01 1.355200088189512955e-10
9.488054642752423717e+01 5.991497197195117528e-11
9.580350129799435877e+01 2.165772924076741594e-11
9.673543425433136633e+01 5.601143658503647512e-12
9.767643263127766318e+01 7.421461101420658259e-13
9.862658461312820180e+01 0.000000000000000000e+00
