1.000000000000000021e-02 1.132221848453506929e+00
1.009727545900835841e-02 1.132215854426626978e+00
1.019549716950923779e-02 1.132209767213697704e+00
1.029467433620748044e-02 1.132203175299209663e+00
1.039481625334708927e-02 1.132196650801576610e+00
1.049593230558227772e-02 1.132190390056475593e+00
1.059803196885688789e-02 1.132183819952063741e+00
1.070112481129246833e-02 1.132176851829729269e+00
1.080522049408488318e-02 1.132170272553684853e+00
1.091032877240974419e-02 1.132163463422760641e+00
1.101645949633656314e-02 1.132156469723230030e+00
1.112362261175187626e-02 1.132149232809996242e+00
1.123182816129126085e-02 1.132141757358765544e+00
1.134108628528052165e-02 1.132134374283096268e+00
1.145140722268592030e-02 1.132126702787467964e+00
1.156280131207376022e-02 1.132118540832548925e+00
1.167527899257919492e-02 1.132110575017698073e+00
1.178885080488457221e-02 1.132102475351175253e+00
1.190352739220719262e-02 1.132094679502462009e+00
1.201931950129673729e-02 1.132085831020765543e+00
1.213623798344241195e-02 1.132077202803785099e+00
1.225429379548980714e-02 1.132068494410878090e+00
1.237349800086776086e-02 1.132059520719734813e+00
1.249386177062509519e-02 1.132050153700050465e+00
1.261539638447754796e-02 1.132040862233760548e+00
1.273811323186478488e-02 1.132031238642651871e+00
1.286202381301779218e-02 1.132021549133090721e+00
1.298713974003655978e-02 1.132011898399560845e+00
1.311347273797833224e-02 1.132001877750489438e+00
1.324103464595636874e-02 1.131992474017599282e+00
1.336983741824946531e-02 1.131981177206741407e+00
1.349989312542219239e-02 1.131970499104775429e+00
1.363121395545611320e-02 1.131959641198556854e+00
1.376381221489191876e-02 1.131948503404906159e+00
1.389770032998276401e-02 1.131937176311075932e+00
1.403289084785873213e-02 1.131925566710220599e+00
1.416939643770268736e-02 1.131913393784407473e+00
1.430722989193757184e-02 1.131901322853827496e+00
1.444640412742520530e-02 1.131889068953442434e+00
1.458693218667675602e-02 1.131876846993014496e+00
1.472882723907502529e-02 1.131864044813874370e+00
1.487210258210860774e-02 1.131850952313989245e+00
1.501677164261799868e-02 1.131837678856559171e+00
1.516284797805393485e-02 1.131824152184235599e+00
1.531034527774784160e-02 1.131810368782132148e+00
1.545927736419477720e-02 1.131796337685448295e+00
1.560965819434872483e-02 1.131795636456043974e+00
1.576150186093060873e-02 1.131857323614773314e+00
1.591482259374891323e-02 1.131752995789235827e+00
1.606963476103326349e-02 1.131737856546082721e+00
1.622595287078087284e-02 1.131722325686724817e+00
1.638379157211618947e-02 1.131706517228579623e+00
1.654316565666366645e-02 1.131690206935318521e+00
1.670409005993399310e-02 1.131673776676505261e+00
1.686657986272368723e-02 1.131660172790078134e+00
1.703065029252844378e-02 1.131640009814527836e+00
1.719631672497009753e-02 1.131622436178941316e+00
1.736359468523754335e-02 1.131604933245933475e+00
1.753249984954170088e-02 1.131586787369265767e+00
1.770304804658450262e-02 1.131568461190684882e+00
1.787525525904235316e-02 1.131547189000934539e+00
1.804913762506383731e-02 1.131530456998129264e+00
1.822471143978214581e-02 1.131510917906492830e+00
1.840199315684210371e-02 1.131491027820126449e+00
1.858099938994215231e-02 1.131470725751056561e+00
1.876174691439120440e-02 1.131450982870438660e+00
1.894425266868081034e-02 1.131429643091574899e+00
1.912853375607242307e-02 1.131411704799798912e+00
1.931460744620030340e-02 1.131389696702090886e+00
1.950249117668984011e-02 1.131368305614969483e+00
1.969220255479172538e-02 1.131341694165729495e+00
1.988375935903200636e-02 1.131320856482168402e+00
2.007717954087816226e-02 1.131293197152060781e+00
2.027248122642137662e-02 1.131269075040803651e+00
2.046968271807520987e-02 1.131244136555658697e+00
2.066880249629082095e-02 1.131219053052056278e+00
2.086985922128879734e-02 1.131193457192363194e+00
2.107287173480786382e-02 1.131167316828259439e+00
2.127785906187062287e-02 1.131140669811719901e+00
2.148484041256648255e-02 1.131112453139541785e+00
2.169383518385184506e-02 1.131085621606997327e+00
2.190486296136792688e-02 1.131056878007104860e+00
2.211794352127614133e-02 1.131027758089523605e+00
2.233309683211144592e-02 1.131000434430074142e+00
2.255034305665360936e-02 1.130969009463502983e+00
2.276970255381680075e-02 1.130938561432221823e+00
2.299119588055741764e-02 1.130906257740099230e+00
2.321484379380064564e-02 1.130874993939886997e+00
2.344066725238556220e-02 1.130842226584424459e+00
2.366868741902936057e-02 1.130809198622970912e+00
2.389892566231050300e-02 1.130775418374425634e+00
2.413140355867127856e-02 1.130741021601957330e+00
2.436614289443983158e-02 1.130705913188661649e+00
2.460316566787181664e-02 1.130670602724495488e+00
2.484249409121190577e-02 1.130633967111066784e+00
2.508415059277539771e-02 1.130597303053140212e+00
2.532815781905008515e-02 1.130559145365181983e+00
2.557453863681850847e-02 1.130520155704658247e+00
2.582331613530085626e-02 1.130480736747370596e+00
2.607451362831877603e-02 1.130441131093061102e+00
2.632815465648021339e-02 1.130400281360200987e+00
2.658426298938541474e-02 1.130358292095722250e+00
2.684286262785454819e-02 1.130316123368839465e+00
2.710397780617682106e-02 1.130272668557467330e+00
2.736763299438163891e-02 1.130228510013604026e+00
2.763385290053169824e-02 1.130183440824808594e+00
2.790266247303856487e-02 1.130137450371693442e+00
2.817408690300057458e-02 1.130090559394669070e+00
2.844815162656363222e-02 1.130041518447515658e+00
2.872488232730495070e-02 1.129993543183871241e+00
2.900430493863991738e-02 1.129943810235121138e+00
2.928644564625237229e-02 1.129892931693587066e+00
2.957133089054861039e-02 1.129840958361217673e+00
2.985898736913520854e-02 1.129788071358839519e+00
3.014944203932094433e-02 1.129734049230387116e+00
3.044272212064302874e-02 1.129679009710174986e+00
3.073885509741795460e-02 1.129623258989346901e+00
3.103786872131722788e-02 1.129565761403581670e+00
3.133979101396793671e-02 1.129508431454987916e+00
3.164465026957891114e-02 1.129449759666169673e+00
3.195247505759213347e-02 1.129389499559203536e+00
3.226329422536015901e-02 1.129328346658459825e+00
3.257713690084949876e-02 1.129265549271943669e+00
3.289403249537032475e-02 1.129201870142902742e+00
3.321401070633261954e-02 1.129137086116373867e+00
3.353710152002930406e-02 1.129070925331042918e+00
3.386333521444636480e-02 1.129003472655592200e+00
3.419274236210027851e-02 1.128935042255706289e+00
3.452535383290306070e-02 1.128864527560060615e+00
3.486120079705520153e-02 1.128792748732979190e+00
3.520031472796678745e-02 1.128719381858925175e+00
3.554272740520694751e-02 1.128644556997416615e+00
3.588847091748199186e-02 1.128568792211396499e+00
3.623757766564258964e-02 1.128491094208332601e+00
3.659008036572020811e-02 1.128412052455876724e+00
3.694601205199302130e-02 1.128331468927638470e+00
3.730540608008161424e-02 1.128249215979965525e+00
3.766829613007490613e-02 1.128165559888631764e+00
3.803471620968648659e-02 1.128080086570233620e+00
3.840470065744145539e-02 1.127993231730945123e+00
3.877828414589457040e-02 1.127904959464111068e+00
3.915550168487941241e-02 1.127814599944845675e+00
3.953638862478930927e-02 1.127722625845212212e+00
3.992098065989020672e-02 1.127627447746228695e+00
4.030931383166566628e-02 1.127533398487526428e+00
4.070142453219438572e-02 1.127435514519231408e+00
4.109734950756069316e-02 1.127336352557597898e+00
4.149712586129815362e-02 1.127235072581925790e+00
4.190079105786669034e-02 1.127131302877915742e+00
4.230838292616342228e-02 1.127025225216167215e+00
4.271993966306778662e-02 1.126917727536333791e+00
4.313549983702118923e-02 1.126807735120580078e+00
4.355510239164130798e-02 1.126695388915925466e+00
4.397878664937160398e-02 1.126581426404177133e+00
4.440659231516640160e-02 1.126465273364159358e+00
4.483855948021186338e-02 1.126346413635775923e+00
4.527472862568297785e-02 1.126225965772512216e+00
4.571514062653719151e-02 1.126102805224530101e+00
4.615983675534499064e-02 1.125977520971473078e+00
4.660885868615767536e-02 1.125850686997658334e+00
4.706224849841281199e-02 1.125720045013379300e+00
4.752004868087766204e-02 1.125587355743144391e+00
4.798230213563085128e-02 1.125451980860489920e+00
4.844905218208294534e-02 1.125314086872513775e+00
4.892034256103611894e-02 1.125173421349582759e+00
4.939621743878321036e-02 1.125029984495440782e+00
4.987672141124663283e-02 1.124891174959889328e+00
5.036189950815770505e-02 1.124734829846619988e+00
5.085179719727656034e-02 1.124582614882289278e+00
5.134646038865306461e-02 1.124427890189311441e+00
5.184593543892913187e-02 1.124270003718625288e+00
5.235026915568305461e-02 1.124118062352701619e+00
5.285950880181603667e-02 1.123945080661258533e+00
5.337370209998133774e-02 1.123777997668966577e+00
5.389289723705643909e-02 1.123608219883568404e+00
5.441714286865893119e-02 1.123439273505729918e+00
5.494648812370611646e-02 1.123262093835874165e+00
5.548098260901916656e-02 1.123076266618094010e+00
5.602067641397187603e-02 1.122892870206642080e+00
5.656562011518465050e-02 1.122704895592691487e+00
5.711586478126431943e-02 1.122513644622423534e+00
5.767146197758996756e-02 1.122318692696518294e+00
5.823246377114527778e-02 1.122119648773795220e+00
5.879892273539785025e-02 1.121917097676728092e+00
5.937089195522609469e-02 1.121710768394800883e+00
5.994842503189409116e-02 1.121500574029436814e+00
6.053157608807464840e-02 1.121286337754563434e+00
6.112039977292132997e-02 1.121067469189072741e+00
6.171495126718981594e-02 1.120844607703620044e+00
6.231528628840921763e-02 1.120617863875133846e+00
6.292146109610344262e-02 1.120386178866179749e+00
6.353353249706343575e-02 1.120150341539215999e+00
6.415155785067082339e-02 1.119909900583717643e+00
6.477559507427335661e-02 1.119684079353752360e+00
6.540570264861225724e-02 1.119414579532955534e+00
6.604193962330305590e-02 1.119160886633075114e+00
6.668436562236895737e-02 1.118921090770032878e+00
6.733304084982863480e-02 1.118636591319195128e+00
6.798802609533814711e-02 1.118368064457395672e+00
6.864938273988777095e-02 1.118092944830544555e+00
6.931717276155408003e-02 1.117815037303132808e+00
6.999145874130821565e-02 1.117529227639256550e+00
7.067230386888070925e-02 1.117239683697203168e+00
7.135977194868306506e-02 1.116941055096211999e+00
7.205392740578704658e-02 1.116620324033083200e+00
7.275483529196229149e-02 1.116334066509191869e+00
7.346256129177256011e-02 1.116020852149763209e+00
7.417717172873124210e-02 1.115689053121893926e+00
7.489873357151664857e-02 1.115371488429031110e+00
7.562731444024800576e-02 1.115039103381773034e+00
7.636298261282241373e-02 1.114701041284937411e+00
7.710580703131336699e-02 1.114356443162134669e+00
7.785585730843146146e-02 1.114003783411076975e+00
7.861320373404813433e-02 1.113645128293802467e+00
7.937791728178281159e-02 1.113279893207433702e+00
8.015006961565404597e-02 1.112908896985037588e+00
8.092973309679550586e-02 1.112529744721202141e+00
8.171698079023696770e-02 1.112143002626228450e+00
8.251188647175167201e-02 1.111750256920240210e+00
8.331452463477014014e-02 1.111349456827433801e+00
8.412497049736118726e-02 1.110940817864373598e+00
8.494330000928071445e-02 1.110525131912693420e+00
8.576958985908941790e-02 1.110100467815378078e+00
8.660391748133952627e-02 1.109669040032936760e+00
8.744636106383144036e-02 1.109227841687605576e+00
8.829699955494091368e-02 1.108778453256923369e+00
8.915591267101763417e-02 1.108320816206319837e+00
9.002318090385581784e-02 1.107853638604367585e+00
9.089888552823731371e-02 1.107378313351241372e+00
9.178310860954806694e-02 1.106894336317746586e+00
9.267593301146882789e-02 1.106401233559448860e+00
9.357744240374062106e-02 1.105899236384684681e+00
9.448772127000577836e-02 1.105386965192118431e+00
9.540685491572513388e-02 1.104865535714011582e+00
9.633492947617222635e-02 1.104333953388926925e+00
9.727203192450542546e-02 1.103793097169851523e+00
9.821825007991856482e-02 1.103241948672779582e+00
9.917367261587073379e-02 1.102679803524146296e+00
1.001383890683960748e-01 1.102112932223149322e+00
1.011124898444945991e-01 1.101523538239829403e+00
1.020960662306047012e-01 1.100930074956571136e+00
1.030892104011576216e-01 1.100324946623219668e+00
1.040920154272158005e-01 1.099708034495409992e+00
1.051045752851944987e-01 1.099079202088120377e+00
1.061269848656690717e-01 1.098438382378247535e+00
1.071593399822671072e-01 1.097784950125908265e+00
1.082017373806478805e-01 1.097121982233839388e+00
1.092542747475682557e-01 1.096446543969081810e+00
1.103170507200377515e-01 1.095756811969618161e+00
1.113901648945616746e-01 1.095055904429030003e+00
1.124737178364751955e-01 1.094340348886378322e+00
1.135678110893671017e-01 1.093612482905108596e+00
1.146725471845963656e-01 1.092871266255876606e+00
1.157880296509002094e-01 1.092115535790893377e+00
1.169143630240966764e-01 1.091345748985680153e+00
1.180516528568804902e-01 1.090561512164033964e+00
1.192000057287153220e-01 1.089762775009906370e+00
1.203595292558212876e-01 1.088949371011499245e+00
1.215303321012602134e-01 1.088122740855691939e+00
1.227125239851190319e-01 1.087303552266818407e+00
1.239062156947916271e-01 1.086420430208459686e+00
1.251115190953615564e-01 1.085545617322714929e+00
1.263285471400849291e-01 1.084646969380960391e+00
1.275574138809759950e-01 1.083748906931517375e+00
1.287982344794950385e-01 1.082827177163823595e+00
1.300511252173409127e-01 1.081886067738195401e+00
1.313162035073478784e-01 1.080927165091526643e+00
1.325935879044890797e-01 1.079952015621083117e+00
1.338833981169864351e-01 1.078959181740314355e+00
1.351857550175293021e-01 1.077949842451204177e+00
1.365007806546013891e-01 1.076919953611094050e+00
1.378285982639189389e-01 1.075865621785017545e+00
1.391693322799789911e-01 1.074807006253749142e+00
1.405231083477211373e-01 1.073746603878680927e+00
1.418900533343016301e-01 1.072615604116268662e+00
1.432702953409830948e-01 1.071489476815359332e+00
1.446639637151387880e-01 1.070343774031022432e+00
1.460711890623745679e-01 1.069178248130424613e+00
1.474921032587684921e-01 1.067992000377991468e+00
1.489268394632288772e-01 1.066782735904373336e+00
1.503755321299738434e-01 1.065551723727490963e+00
1.518383170211306810e-01 1.064301809063796345e+00
1.533153312194593942e-01 1.063027144135695323e+00
1.548067131411984265e-01 1.061730591284879788e+00
1.563126025490369497e-01 1.060412596550694975e+00
1.578331405652117214e-01 1.059068927571150898e+00
1.593684696847328941e-01 1.057714898484576782e+00
1.609187337887370006e-01 1.056310898331373149e+00
1.624840781579713067e-01 1.054895111006804775e+00
1.640646494864078653e-01 1.053455706238147549e+00
1.656605958949914359e-01 1.051989877912385074e+00
1.672720669455196874e-01 1.050499172475286569e+00
1.688992136546599021e-01 1.048982265302023986e+00
1.705421885081006561e-01 1.047439470417916851e+00
1.722011454748421100e-01 1.045869760972055085e+00
1.738762400216251336e-01 1.044273423184632010e+00
1.755676291275001522e-01 1.042648681682466938e+00
1.772754712985387948e-01 1.040995079007405177e+00
1.789999265826875408e-01 1.039314186932543294e+00
1.807411565847668600e-01 1.037603599549247635e+00
1.824993244816152382e-01 1.035865070961290213e+00
1.842745950373816666e-01 1.034096816108861061e+00
1.860671346189656239e-01 1.032298356361076141e+00
1.878771112116086051e-01 1.030468897780090209e+00
1.897046944346358344e-01 1.028608638855760482e+00
1.915500555573527997e-01 1.026718009174769852e+00
1.934133675150944698e-01 1.024794761945609256e+00
1.952948049254327745e-01 1.022838313880713557e+00
1.971945441045395986e-01 1.020850100190399790e+00
1.991127630837108697e-01 1.018830056416867968e+00
2.010496416260497965e-01 1.016774555527076851e+00
2.030053612433137811e-01 1.014686743673123281e+00
2.049801052129238688e-01 1.012563672149977112e+00
2.069740585951406198e-01 1.010406281511825100e+00
2.089874082504071251e-01 1.008212017108484737e+00
2.110203428568595552e-01 1.005983359980058500e+00
2.130730529280097374e-01 1.003718728233195412e+00
2.151457308305980698e-01 1.001416847160190526e+00
2.172385708026215445e-01 9.990770181467197864e-01
2.193517689715359098e-01 9.967008914837890421e-01
2.214855233726360506e-01 9.942868380916983773e-01
2.236400339676138660e-01 9.918342328628135807e-01
2.258155026632983065e-01 9.893419927243695122e-01
2.280121333305757114e-01 9.868102281916172336e-01
2.302301318234963867e-01 9.842402838796827647e-01
2.324697059985647851e-01 9.816239187387979515e-01
2.347310657342196183e-01 9.789778557112691626e-01
2.370144229505012079e-01 9.762858321179761489e-01
2.393199916289123208e-01 9.735498592072769908e-01
2.416479878324700736e-01 9.707723887420268705e-01
2.439986297259550130e-01 9.679615996669230782e-01
2.463721375963552895e-01 9.650929004979027503e-01
2.487687338735107279e-01 9.621885050579404020e-01
2.511886431509580686e-01 9.592384280525430018e-01
2.536320922069775774e-01 9.562452581744713687e-01
2.560993100258459609e-01 9.532233302894305149e-01
2.585905278192945911e-01 9.501252330561212878e-01
2.611059790481781162e-01 9.470044444429273067e-01
2.636458994443517945e-01 9.438249590725424909e-01
2.662105270327638773e-01 9.406035661949977422e-01
2.688001021537606006e-01 9.373407224667754667e-01
2.714148674856106669e-01 9.340239324093509987e-01
2.740550680672460548e-01 9.306635523793812537e-01
2.767209513212268712e-01 9.272549940749461594e-01
2.794127670769268601e-01 9.238016441485691344e-01
2.821307675939472293e-01 9.202933137756497128e-01
2.848752075857552413e-01 9.167412765741871361e-01
2.876463442435557849e-01 9.131403015643247967e-01
2.904444372603925406e-01 9.094891564866073308e-01
2.932697488554852905e-01 9.057857630047583264e-01
2.961225437988035947e-01 9.020335444435921834e-01
2.990030894358785551e-01 8.982340951126785988e-01
3.019116557128577738e-01 8.943844918580790004e-01
3.048485152018017286e-01 8.904844815678719661e-01
3.078139431262288950e-01 8.865254684433248045e-01
3.108082173869063936e-01 8.825215017250710448e-01
3.138316185878944342e-01 8.784655740544226044e-01
3.168844300628416155e-01 8.743583620447618054e-01
3.199669379015380732e-01 8.701999012399256328e-01
3.230794309767249795e-01 8.659888186343193128e-01
3.262222009711669979e-01 8.617253272635047034e-01
3.293955424049855307e-01 8.574115791234516726e-01
3.325997526632606949e-01 8.530442392263226647e-01
3.358351320238990301e-01 8.486238679426778564e-01
3.391019836857747105e-01 8.441490398832185438e-01
3.424006137971423724e-01 8.396279208987388332e-01
3.457313314843284413e-01 8.350521215306075939e-01
3.490944488806992929e-01 8.304215297764618864e-01
3.524902811559130766e-01 8.257400863519593903e-01
3.559191465454557002e-01 8.210066255986959716e-01
3.593813663804627523e-01 8.162221293285200074e-01
3.628772651178337472e-01 8.113830043761472988e-01
3.664071703706370808e-01 8.064934374110510618e-01
3.699714129388128048e-01 8.015519347340880341e-01
3.735703268401719401e-01 7.965721407296355583e-01
3.772042493416999376e-01 7.915130328542286930e-01
3.808735209911614517e-01 7.864178832744410652e-01
3.845784856490158665e-01 7.812698702212540480e-01
3.883194905206404091e-01 7.760715047460137184e-01
3.920968861888690649e-01 7.708217744728592669e-01
3.959110266468458539e-01 7.655245659712796025e-01
3.997622693312000708e-01 7.601776072405519447e-01
4.036509751555413805e-01 7.547773764656404705e-01
4.075775085442840395e-01 7.493329035155378293e-01
4.115422374667966343e-01 7.438340457410256290e-01
4.155455334718875515e-01 7.382973637680652068e-01
4.195877717226225712e-01 7.327083238598555148e-01
4.236693310314835759e-01 7.270703100041928657e-01
4.277905938958687093e-01 7.213896513898332419e-01
4.319519465339363706e-01 7.156625358563979411e-01
4.361537789208005944e-01 7.098933774775182393e-01
4.403964848250754294e-01 7.040737164383350510e-01
4.446804618457780300e-01 6.982143531358688815e-01
4.490061114495874639e-01 6.923115317194429297e-01
4.533738390084691150e-01 6.863680039030322089e-01
4.577840538376618529e-01 6.803824033369290092e-01
4.622371692340384031e-01 6.743583864514610671e-01
4.667336025148346446e-01 6.682938441625456694e-01
4.712737750567601580e-01 6.621910422000911733e-01
4.758581123354846953e-01 6.560533493861558929e-01
4.804870439655131720e-01 6.498769090725303732e-01
4.851610037404442966e-01 6.436647807697178925e-01
4.898804296736250508e-01 6.374203707764808380e-01
4.946457640391963562e-01 6.311419484731435325e-01
4.994574534135413635e-01 6.248332521722784749e-01
5.043159487171361421e-01 6.184940283085438306e-01
5.092217052568053237e-01 6.121229959425475986e-01
5.141751827683928022e-01 6.057196148015515647e-01
5.191768454598426619e-01 5.993010636784479317e-01
5.242271620547044320e-01 5.928520205169879320e-01
5.293266058360561743e-01 5.863768907106972073e-01
5.344756546908600026e-01 5.798773001040020691e-01
5.396747911547442600e-01 5.733595759662181157e-01
5.449245024572260121e-01 5.668012569670580758e-01
5.502252805673685243e-01 5.602625865709894848e-01
5.555776222398878250e-01 5.536889202151262790e-01
5.609820290617031358e-01 5.470969040861332067e-01
5.664390074989449353e-01 5.404926992532332886e-01
5.719490689444144405e-01 5.338760460844662603e-01
5.775127297655114900e-01 5.272422712287988533e-01
5.831305113526221717e-01 5.206100560893427431e-01
5.888029401679826247e-01 5.139647347618299111e-01
5.945305477950136863e-01 5.073129475195982119e-01
6.003138709881384871e-01 5.006592234241807882e-01
6.061534517230839914e-01 4.939979121952564611e-01
6.120498372476699256e-01 4.873394327810243176e-01
6.180035801330957534e-01 4.806786032826747546e-01
6.240152383257209223e-01 4.740223571725050711e-01
6.300853751993553686e-01 4.673693538780563372e-01
6.362145596080520660e-01 4.607222585765523570e-01
6.424033659394193796e-01 4.540521337397225299e-01
6.486523741684461219e-01 4.474476136905237711e-01
6.549621699118558515e-01 4.408307458153303826e-01
6.613333444829840868e-01 4.342240371945466082e-01
6.677664949471955325e-01 4.276303887192707265e-01
6.742622241778342129e-01 4.210548800390204183e-01
6.808211409127237213e-01 4.144952738941801718e-01
6.874438598112112553e-01 4.079570415358403923e-01
6.941310015117725385e-01 4.014383567602144431e-01
7.008831926901714082e-01 3.949448973360958348e-01
7.077010661181889484e-01 3.884731080138110748e-01
7.145852607229240538e-01 3.820286240886485718e-01
7.215364216466665370e-01 3.756089679749364252e-01
7.285552003073593186e-01 3.692254239928537962e-01
7.356422544596413760e-01 3.628470583554577744e-01
7.427982482564918776e-01 3.565561279009995532e-01
7.500238523114668432e-01 3.502690485236247264e-01
7.573197437615483141e-01 3.440203083954766483e-01
7.646866063305975958e-01 3.378096244724375641e-01
7.721251303934327792e-01 3.316367339084830279e-01
7.796360130405233235e-01 3.255045024673464127e-01
7.872199581433195759e-01 3.194195759325858530e-01
7.948776764202123424e-01 3.133731406082681525e-01
8.026098855031396084e-01 3.073768440308878858e-01
8.104173100048355227e-01 3.014271030608396962e-01
8.183006815867394090e-01 2.955203295500792859e-01
8.262607390275591435e-01 2.896626661654253532e-01
8.342982282925082149e-01 2.838682610331925704e-01
8.424139026032094746e-01 2.781182829565403969e-01
8.506085225082840040e-01 2.724177747471039357e-01
8.588828559546254349e-01 2.667862459454706237e-01
8.672376783593644944e-01 2.611994848241019351e-01
8.756737726825394308e-01 2.556544060738455970e-01
8.841919295004664336e-01 2.501965809515168671e-01
8.927929470798307010e-01 2.447854406266286587e-01
9.014776314524917122e-01 2.394313211408758135e-01
9.102467964910225806e-01 2.341165518252113220e-01
9.191012639849772681e-01 2.289174324342629907e-01
9.280418637179072006e-01 2.237588268816102233e-01
9.370694335451198453e-01 2.186472550868626963e-01
9.461848194722002336e-01 2.136084298627569100e-01
9.553888757342895444e-01 2.086425488240768733e-01
9.646824648761427312e-01 2.037364072187833053e-01
9.740664578329562007e-01 1.989082084534593287e-01
9.835417340119908536e-01 1.941249339900071869e-01
9.931091813749796104e-01 1.894204397281856467e-01
1.002769696521346621e+00 1.847844088384348049e-01
1.012524184772224167e+00 1.802165705440289534e-01
1.022373560255302127e+00 1.757177476560800866e-01
1.032318745990486564e+00 1.712846205361935881e-01
1.042360673976402197e+00 1.669261177000506968e-01
1.052500285277732761e+00 1.626324960021330868e-01
1.062738530113414459e+00 1.584161968147780875e-01
1.073076367945679621e+00 1.542645032684063222e-01
1.083514767569973225e+00 1.501836156949617196e-01
1.094054707205742494e+00 1.461744267053221857e-01
1.104697174588111785e+00 1.422225717005151935e-01
1.115443167060441221e+00 1.383515306111473830e-01
1.126293691667795249e+00 1.345660169280231688e-01
1.137249765251314271e+00 1.308370435845396529e-01
1.148312414543511073e+00 1.271781609203705421e-01
1.159482676264482759e+00 1.235869735304234718e-01
1.170761597219069250e+00 1.200632710226959277e-01
1.182150234394952371e+00 1.166188787015745854e-01
1.193649655061713055e+00 1.132375007548307305e-01
1.205260936870842681e+00 1.099247861961884093e-01
1.216985167956738056e+00 1.066780011942059653e-01
1.228823447038673411e+00 1.035012446417086784e-01
1.240776883523764251e+00 1.003945992564825446e-01
1.252846597610937529e+00 9.735236574266201148e-02
1.265033720395903893e+00 9.437653509266753782e-02
1.277339393977160009e+00 9.146974710479847948e-02
1.289764771563017165e+00 8.862249135415993517e-02
1.302311017579677488e+00 8.584177965637877772e-02
1.314979307780347773e+00 8.312598085323308350e-02
1.327770829355430449e+00 8.047870981711406635e-02
1.340686781043774811e+00 7.788508289499705695e-02
1.353728373245021821e+00 7.535658299561526219e-02
1.366896828133026487e+00 7.289086208090954366e-02
1.380193379770397355e+00 7.048485620451057365e-02
1.393619274224142002e+00 6.814069372545762671e-02
1.407175769682446731e+00 6.585333437840205917e-02
1.420864136572576708e+00 6.362469233268056024e-02
1.434685657679937831e+00 6.145359572997310948e-02
1.448641628268290127e+00 5.933568460496096986e-02
1.462733356201129986e+00 5.728620906743643604e-02
1.476962162064259898e+00 5.527639134760737455e-02
1.491329379289537682e+00 5.332504435231046058e-02
1.505836354279841416e+00 5.143032593133237823e-02
1.520484446535244283e+00 4.959031098706264545e-02
1.535275028780422657e+00 4.779532647880831847e-02
1.550209487093291205e+00 4.605599097240457851e-02
1.565289221034902312e+00 4.436598059869558547e-02
1.580515643780601165e+00 4.272423095571489804e-02
1.595890182252465817e+00 4.112888900784014007e-02
1.611414277253019778e+00 3.958005160694788582e-02
1.627089383600260675e+00 3.808105552498371182e-02
1.642916970263993193e+00 3.662224916560121585e-02
1.658898520503498064e+00 3.521174837448557554e-02
1.675035532006524441e+00 3.384446771027725676e-02
1.691329517029648732e+00 3.251548392136669602e-02
1.707782002539993016e+00 3.123069569530273482e-02
1.724394530358320354e+00 2.998693547382629693e-02
1.741168657303530987e+00 2.878344739406770922e-02
1.758105955338547632e+00 2.761788206476835372e-02
1.775208011717636092e+00 2.649074251165188520e-02
1.792476429135148930e+00 2.540076036502688858e-02
1.809912825875727105e+00 2.434706139906070779e-02
1.827518835965944666e+00 2.332856567649748900e-02
1.845296109327445366e+00 2.234471172736024816e-02
1.863246311931559873e+00 2.139480436418029694e-02
1.881371125955437096e+00 2.048154604359237602e-02
1.899672249939675650e+00 1.959275154932898708e-02
1.918151398947507635e+00 1.873818940624651791e-02
1.936810304725519849e+00 1.791459078892301826e-02
1.955650715865949074e+00 1.712105827236824751e-02
1.974674397970537454e+00 1.635508347338682222e-02
1.993883133816001019e+00 1.561774046674819366e-02
2.013278723521096492e+00 1.490715088462619096e-02
2.032862984715323673e+00 1.422411235623622164e-02
2.052637752709252084e+00 1.356606159759374264e-02
2.072604880666519822e+00 1.293353036322791513e-02
2.092766239777499759e+00 1.232439833574520971e-02
2.113123719434652603e+00 1.173891891122693341e-02
2.133679227409597701e+00 1.117703789244913273e-02
2.154434690031884259e+00 1.063694435140988964e-02
2.175392052369522489e+00 1.011816430531207490e-02
2.196553278411258248e+00 9.620445222371916058e-03
2.217920351250634692e+00 9.142885422415264127e-03
2.239495273271823184e+00 8.684996790501471955e-03
2.261280066337279404e+00 8.245530147718452968e-03
2.283276771977218012e+00 7.824798126778644003e-03
2.305487451580938707e+00 7.417360803005809862e-03
2.327914186589993051e+00 7.035669440518967262e-03
2.350559078693253756e+00 6.666256639055680513e-03
2.373424250023866033e+00 6.313424970459464297e-03
2.396511843358130278e+00 5.975055535751347749e-03
2.419824022316292567e+00 5.652101105013780311e-03
2.443362971565319341e+00 5.343372936500811674e-03
2.467130897023623426e+00 5.048998822350925057e-03
2.491130026067788439e+00 4.767437370395545201e-03
2.515362607741312928e+00 4.501654482263247464e-03
2.539830912965362675e+00 4.245340314600585391e-03
2.564537234751594674e+00 3.999244694394494919e-03
2.589483888417040802e+00 3.767163096476182534e-03
2.614673211801092023e+00 3.545914991825663103e-03
2.640107565484572927e+00 3.335528760032156498e-03
2.665789333010967876e+00 3.135334980052681842e-03
2.691720921109787668e+00 2.945120920313677119e-03
2.717904759922122881e+00 2.764327563354115544e-03
2.744343303228365283e+00 2.592624775488226122e-03
2.771039028678170535e+00 2.429834682433081906e-03
2.797994438022641805e+00 2.275480480913600907e-03
2.825212057348790218e+00 2.129078753802484368e-03
2.852694437316245057e+00 1.990497495313720087e-03
2.880444153396297668e+00 1.859200895591273323e-03
2.908463806113254169e+00 1.735203169676471490e-03
2.936756021288137397e+00 1.617765818130112226e-03
2.965323450284773621e+00 1.507118137767486437e-03
2.994168770258243573e+00 1.402559362689895532e-03
3.023294684405779531e+00 1.303950765842924785e-03
3.052703922220086241e+00 1.210993748221155008e-03
3.082399239745143404e+00 1.123493189402097019e-03
3.112383419834465759e+00 1.041154484582239434e-03
3.142659272411905569e+00 9.638629219261577114e-04
3.173229634734976212e+00 8.910474845542732877e-04
3.204097371660752813e+00 8.228072352122956564e-04
3.235265375914330388e+00 7.588456434214744823e-04
3.266736568359921655e+00 6.989385574159989603e-04
3.298513898274578082e+00 6.428844156374901708e-04
3.330600343624588788e+00 5.904922622725282096e-04
3.362998911344535991e+00 5.415764505189465776e-04
3.395712637619100693e+00 4.959561627978999231e-04
3.428744588167585317e+00 4.534571051179365911e-04
3.462097858531227423e+00 4.139154663494103658e-04
3.495775574363275240e+00 3.771736790158137522e-04
3.529780891721914671e+00 3.430763482013301753e-04
3.564116997366032269e+00 3.114777050736968552e-04
3.598787109053855460e+00 2.822325373532805692e-04
3.633794475844513094e+00 2.552154065158116153e-04
3.669142378402494131e+00 2.302854863357838141e-04
3.704834129305105694e+00 2.073251774812870569e-04
3.740873073352900313e+00 1.862140716670179720e-04
3.777262587883141176e+00 1.668373322599386941e-04
3.814006083086284082e+00 1.491023751716923746e-04
3.851107002325572903e+00 1.328666242795253840e-04
3.888568822459721019e+00 1.180581919556382338e-04
3.926395054168756449e+00 1.045811571776473424e-04
3.964589242282997805e+00 9.234650115623817170e-05
4.003154966115265445e+00 8.125216563349598733e-05
4.042095839796306045e+00 7.123959058443914117e-05
4.081415512613501662e+00 6.221878156988736106e-05
4.121117669352832635e+00 5.411325793610756706e-05
4.161206030644208020e+00 4.686279737995003848e-05
4.201684353310133346e+00 4.038087494478740064e-05
4.242556430717777438e+00 3.462130570442637899e-05
4.283826093134470270e+00 2.952317672825370665e-05
4.325497208086633627e+00 2.503046545870766824e-05
4.367573680722233398e+00 2.108401779601826694e-05
4.410059454176736615e+00 1.763807945302939083e-05
4.452958509942654963e+00 1.464315430688065835e-05
4.496274868242640110e+00 1.206049748606554295e-05
4.540012588406244554e+00 9.841472417365861402e-06
4.584175769250333765e+00 7.950344229074837228e-06
4.628768549463215365e+00 6.351181736725990340e-06
4.673795107992464004e+00 5.013950531865649880e-06
4.719259664436561863e+00 3.903777525201440848e-06
4.765166479440326341e+00 2.991140655446237102e-06
4.811519855094205766e+00 2.251713799898575485e-06
4.858324135337417360e+00 1.661259416757467935e-06
4.905583706365050922e+00 1.196766037031960101e-06
4.953302997039108924e+00 8.388044789196668281e-07
5.001486479303548727e+00 5.689654508331204353e-07
5.050138668603383785e+00 3.705135627285671882e-07
5.099264124307808288e+00 2.298070708810515939e-07
5.148867450137498025e+00 1.331118212008048768e-07
5.198953294596024399e+00 7.110613401296857532e-08
5.249526351405507718e+00 3.382840487741335883e-08
5.300591359946452030e+00 1.391771756027062463e-08
5.352153105701904501e+00 4.475234911237444636e-09
5.404216420705915347e+00 9.190997458521141749e-10
5.456786183996381823e+00 0.000000000000000000e+00
