1.000000000000000021e-02 1.978546148918588043e+00
1.009727545900835841e-02 1.978542219068886832e+00
1.019549716950923779e-02 1.978538202914298605e+00
1.029467433620748044e-02 1.978534191787010510e+00
1.039481625334708927e-02 1.978530256566230161e+00
1.049593230558227772e-02 1.978526249685618854e+00
1.059803196885688789e-02 1.978522136276473553e+00
1.070112481129246833e-02 1.978517932859817252e+00
1.080522049408488318e-02 1.978513658111871631e+00
1.091032877240974419e-02 1.978509296617878999e+00
1.101645949633656314e-02 1.978504836188382798e+00
1.112362261175187626e-02 1.978500261946344096e+00
1.123182816129126085e-02 1.978495574336992968e+00
1.134108628528052165e-02 1.978490773091945432e+00
1.145140722268592030e-02 1.978485859213867881e+00
1.156280131207376022e-02 1.978480827519242480e+00
1.167527899257919492e-02 1.978475683632334725e+00
1.178885080488457221e-02 1.978470499155886797e+00
1.190352739220719262e-02 1.978465211992912476e+00
1.201931950129673729e-02 1.978459828600015902e+00
1.213623798344241195e-02 1.978454354741583154e+00
1.225429379548980714e-02 1.978448786592073239e+00
1.237349800086776086e-02 1.978443090164820228e+00
1.249386177062509519e-02 1.978437301669496051e+00
1.261539638447754796e-02 1.978431357550101133e+00
1.273811323186478488e-02 1.978425394231918544e+00
1.286202381301779218e-02 1.978419328867685900e+00
1.298713974003655978e-02 1.978413129798693992e+00
1.311347273797833224e-02 1.978406791409903720e+00
1.324103464595636874e-02 1.978400371322509121e+00
1.336983741824946531e-02 1.978393900673378170e+00
1.349989312542219239e-02 1.978387293103746281e+00
1.363121395545611320e-02 1.978380553279306397e+00
1.376381221489191876e-02 1.978373669001589175e+00
1.389770032998276401e-02 1.978366613875345292e+00
1.403289084785873213e-02 1.978359393975331448e+00
1.416939643770268736e-02 1.978352036370759626e+00
1.430722989193757184e-02 1.978344505430049471e+00
1.444640412742520530e-02 1.978336771625438750e+00
1.458693218667675602e-02 1.978328825630276011e+00
1.472882723907502529e-02 1.978320697002958095e+00
1.487210258210860774e-02 1.978312370886685656e+00
1.501677164261799868e-02 1.978303842872384033e+00
1.516284797805393485e-02 1.978295134230079411e+00
1.531034527774784160e-02 1.978286245386551068e+00
1.545927736419477720e-02 1.978277146509069828e+00
1.560965819434872483e-02 1.978267826004907803e+00
1.576150186093060873e-02 1.978258296918103953e+00
1.591482259374891323e-02 1.978248555195337044e+00
1.606963476103326349e-02 1.978238624310817428e+00
1.622595287078087284e-02 1.978228515058812809e+00
1.638379157211618947e-02 1.978218172116150031e+00
1.654316565666366645e-02 1.978207617751057024e+00
1.670409005993399310e-02 1.978196846341565784e+00
1.686657986272368723e-02 1.978185840971408149e+00
1.703065029252844378e-02 1.978174589390888416e+00
1.719631672497009753e-02 1.978163079792415013e+00
1.736359468523754335e-02 1.978151296311649876e+00
1.753249984954170088e-02 1.978139297158427956e+00
1.770304804658450262e-02 1.978127058130811466e+00
1.787525525904235316e-02 1.978114669447979868e+00
1.804913762506383731e-02 1.978102036451066192e+00
1.822471143978214581e-02 1.978089110866737776e+00
1.840199315684210371e-02 1.978075892008395620e+00
1.858099938994215231e-02 1.978062419406485528e+00
1.876174691439120440e-02 1.978048670005563059e+00
1.894425266868081034e-02 1.978034554038633264e+00
1.912853375607242307e-02 1.978020209166629684e+00
1.931460744620030340e-02 1.978005656139412816e+00
1.950249117668984011e-02 1.977990784692944759e+00
1.969220255479172538e-02 1.977975572630629397e+00
1.988375935903200636e-02 1.977960034210016760e+00
2.007717954087816226e-02 1.977944296032762450e+00
2.027248122642137662e-02 1.977928226947801571e+00
2.046968271807520987e-02 1.977911798518989794e+00
2.066880249629082095e-02 1.977894959765170713e+00
2.086985922128879734e-02 1.977877980262201518e+00
2.107287173480786382e-02 1.977860793220379998e+00
2.127785906187062287e-02 1.977843292768621142e+00
2.148484041256648255e-02 1.977825419094618509e+00
2.169383518385184506e-02 1.977807240562215130e+00
2.190486296136792688e-02 1.977788609288535282e+00
2.211794352127614133e-02 1.977769550471905724e+00
2.233309683211144592e-02 1.977750041126965064e+00
2.255034305665360936e-02 1.977730067616008558e+00
2.276970255381680075e-02 1.977709746260065904e+00
2.299119588055741764e-02 1.977689219381456587e+00
2.321484379380064564e-02 1.977668225339857644e+00
2.344066725238556220e-02 1.977646793124289148e+00
2.366868741902936057e-02 1.977624957796791039e+00
2.389892566231050300e-02 1.977602809009160856e+00
2.413140355867127856e-02 1.977580291296785475e+00
2.436614289443983158e-02 1.977557764329156198e+00
2.460316566787181664e-02 1.977534460176938902e+00
2.484249409121190577e-02 1.977510695074792491e+00
2.508415059277539771e-02 1.977486385967062610e+00
2.532815781905008515e-02 1.977461531735798195e+00
2.557453863681850847e-02 1.977436214322336294e+00
2.582331613530085626e-02 1.977410367550689552e+00
2.607451362831877603e-02 1.977383921706806991e+00
2.632815465648021339e-02 1.977356403851148414e+00
2.658426298938541474e-02 1.977328914400337201e+00
2.684286262785454819e-02 1.977300983847451343e+00
2.710397780617682106e-02 1.977272753294351038e+00
2.736763299438163891e-02 1.977243979713141142e+00
2.763385290053169824e-02 1.977214553565326494e+00
2.790266247303856487e-02 1.977184690535449318e+00
2.817408690300057458e-02 1.977154429736635022e+00
2.844815162656363222e-02 1.977123693143207683e+00
2.872488232730495070e-02 1.977092301690916543e+00
2.900430493863991738e-02 1.977060177446660516e+00
2.928644564625237229e-02 1.977027317473524892e+00
2.957133089054861039e-02 1.976993694932248413e+00
2.985898736913520854e-02 1.976959329117307540e+00
3.014944203932094433e-02 1.976924344320012406e+00
3.044272212064302874e-02 1.976888525059426804e+00
3.073885509741795460e-02 1.976851789220572586e+00
3.103786872131722788e-02 1.976814197194919132e+00
3.133979101396793671e-02 1.976775783893444549e+00
3.164465026957891114e-02 1.976737260061614654e+00
3.195247505759213347e-02 1.976697389126455651e+00
3.226329422536015901e-02 1.976656968234990153e+00
3.257713690084949876e-02 1.976615838804572700e+00
3.289403249537032475e-02 1.976573865615433689e+00
3.321401070633261954e-02 1.976531327546317662e+00
3.353710152002930406e-02 1.976488087396917059e+00
3.386333521444636480e-02 1.976444288041140585e+00
3.419274236210027851e-02 1.976399685388092964e+00
3.452535383290306070e-02 1.976354175064905627e+00
3.486120079705520153e-02 1.976307818939708083e+00
3.520031472796678745e-02 1.976260561876155952e+00
3.554272740520694751e-02 1.976212403491808045e+00
3.588847091748199186e-02 1.976163207914023001e+00
3.623757766564258964e-02 1.976112927722902368e+00
3.659008036572020811e-02 1.976061738321240213e+00
3.694601205199302130e-02 1.976009621199393607e+00
3.730540608008161424e-02 1.975956419311291068e+00
3.766829613007490613e-02 1.975901972656405770e+00
3.803471620968648659e-02 1.975846279145625051e+00
3.840470065744145539e-02 1.975789621182389766e+00
3.877828414589457040e-02 1.975731967438122183e+00
3.915550168487941241e-02 1.975673092859590918e+00
3.953638862478930927e-02 1.975612946850366480e+00
3.992098065989020672e-02 1.975551343340091748e+00
4.030931383166566628e-02 1.975488535749882590e+00
4.070142453219438572e-02 1.975424549559507748e+00
4.109734950756069316e-02 1.975359644726684571e+00
4.149712586129815362e-02 1.975293201421310263e+00
4.190079105786669034e-02 1.975225208944600075e+00
4.230838292616342228e-02 1.975155903351490050e+00
4.271993966306778662e-02 1.975085199491264820e+00
4.313549983702118923e-02 1.975013093320746371e+00
4.355510239164130798e-02 1.974939620234708704e+00
4.397878664937160398e-02 1.974864785362527408e+00
4.440659231516640160e-02 1.974789269121742574e+00
4.483855948021186338e-02 1.974711042898733782e+00
4.527472862568297785e-02 1.974629951859410149e+00
4.571514062653719151e-02 1.974548738105904144e+00
4.615983675534499064e-02 1.974466696298990742e+00
4.660885868615767536e-02 1.974382862782742887e+00
4.706224849841281199e-02 1.974298841892047518e+00
4.752004868087766204e-02 1.974210369270006815e+00
4.798230213563085128e-02 1.974122862855899108e+00
4.844905218208294534e-02 1.974032616620045033e+00
4.892034256103611894e-02 1.973939070260753992e+00
4.939621743878321036e-02 1.973845838958574461e+00
4.987672141124663283e-02 1.973752836108105591e+00
5.036189950815770505e-02 1.973655591996555492e+00
5.085179719727656034e-02 1.973556333513883709e+00
5.134646038865306461e-02 1.973454868990656141e+00
5.184593543892913187e-02 1.973351232288363066e+00
5.235026915568305461e-02 1.973247009362328441e+00
5.285950880181603667e-02 1.973136941389834309e+00
5.337370209998133774e-02 1.973028773896831511e+00
5.389289723705643909e-02 1.972915844490008341e+00
5.441714286865893119e-02 1.972801137432217411e+00
5.494648812370611646e-02 1.972684331544483305e+00
5.548098260901916656e-02 1.972565877141544854e+00
5.602067641397187603e-02 1.972445321101786941e+00
5.656562011518465050e-02 1.972322555756684359e+00
5.711586478126431943e-02 1.972197805463690390e+00
5.767146197758996756e-02 1.972070869024227902e+00
5.823246377114527778e-02 1.971941236917696294e+00
5.879892273539785025e-02 1.971808874824252156e+00
5.937089195522609469e-02 1.971673889458585460e+00
5.994842503189409116e-02 1.971536076777788971e+00
6.053157608807464840e-02 1.971395360743109615e+00
6.112039977292132997e-02 1.971251498869843077e+00
6.171495126718981594e-02 1.971105081205920317e+00
6.231528628840921763e-02 1.970955963526868748e+00
6.292146109610344262e-02 1.970803393499747314e+00
6.353353249706343575e-02 1.970647738691958972e+00
6.415155785067082339e-02 1.970489115874943131e+00
6.477559507427335661e-02 1.970328644260368245e+00
6.540570264861225724e-02 1.970165470732087476e+00
6.604193962330305590e-02 1.970001299075364143e+00
6.668436562236895737e-02 1.969830777073222849e+00
6.733304084982863480e-02 1.969657067241296522e+00
6.798802609533814711e-02 1.969479512459672677e+00
6.864938273988777095e-02 1.969298517358459399e+00
6.931717276155408003e-02 1.969111921894426409e+00
6.999145874130821565e-02 1.968923837826812573e+00
7.067230386888070925e-02 1.968731686331751218e+00
7.135977194868306506e-02 1.968536097107123961e+00
7.205392740578704658e-02 1.968336137375958694e+00
7.275483529196229149e-02 1.968132594054209816e+00
7.346256129177256011e-02 1.967925846100093024e+00
7.417717172873124210e-02 1.967715555971501384e+00
7.489873357151664857e-02 1.967501388114653693e+00
7.562731444024800576e-02 1.967284443245018943e+00
7.636298261282241373e-02 1.967062268856551333e+00
7.710580703131336699e-02 1.966835563429418121e+00
7.785585730843146146e-02 1.966603750028983022e+00
7.861320373404813433e-02 1.966366928641144485e+00
7.937791728178281159e-02 1.966125949491149605e+00
8.015006961565404597e-02 1.965879846063330660e+00
8.092973309679550586e-02 1.965629314905060099e+00
8.171698079023696770e-02 1.965372591692395199e+00
8.251188647175167201e-02 1.965112310001159601e+00
8.331452463477014014e-02 1.964847363086479115e+00
8.412497049736118726e-02 1.964576834449300202e+00
8.494330000928071445e-02 1.964301496886683207e+00
8.576958985908941790e-02 1.964021444528101679e+00
8.660391748133952627e-02 1.963736429621506074e+00
8.744636106383144036e-02 1.963446206953405104e+00
8.829699955494091368e-02 1.963150173396515097e+00
8.915591267101763417e-02 1.962848274194947340e+00
9.002318090385581784e-02 1.962540305787060513e+00
9.089888552823731371e-02 1.962226378720240305e+00
9.178310860954806694e-02 1.961906171248963382e+00
9.267593301146882789e-02 1.961579859290424332e+00
9.357744240374062106e-02 1.961246815832436763e+00
9.448772127000577836e-02 1.960906946812910112e+00
9.540685491572513388e-02 1.960559347614116543e+00
9.633492947617222635e-02 1.960205859302506237e+00
9.727203192450542546e-02 1.959845189946654465e+00
9.821825007991856482e-02 1.959477236124276933e+00
9.917367261587073379e-02 1.959101523457914995e+00
1.001383890683960748e-01 1.958720450970524496e+00
1.011124898444945991e-01 1.958333341661025129e+00
1.020960662306047012e-01 1.957938903971515598e+00
1.030892104011576216e-01 1.957536355366552794e+00
1.040920154272158005e-01 1.957126766110655725e+00
1.051045752851944987e-01 1.956710341646551665e+00
1.061269848656690717e-01 1.956284669687713640e+00
1.071593399822671072e-01 1.955850571665348481e+00
1.082017373806478805e-01 1.955408333858241310e+00
1.092542747475682557e-01 1.954957754948586146e+00
1.103170507200377515e-01 1.954499016139511935e+00
1.113901648945616746e-01 1.954030577240223998e+00
1.124737178364751955e-01 1.953552137076411732e+00
1.135678110893671017e-01 1.953063257070479786e+00
1.146725471845963656e-01 1.952565354486076155e+00
1.157880296509002094e-01 1.952058076640978523e+00
1.169143630240966764e-01 1.951541945207194262e+00
1.180516528568804902e-01 1.951015899252815267e+00
1.192000057287153220e-01 1.950480939707407213e+00
1.203595292558212876e-01 1.949937152943485685e+00
1.215303321012602134e-01 1.949384553126106701e+00
1.227125239851190319e-01 1.948819795787277487e+00
1.239062156947916271e-01 1.948242820579477286e+00
1.251115190953615564e-01 1.947655132660826460e+00
1.263285471400849291e-01 1.947057753760890408e+00
1.275574138809759950e-01 1.946447674580917164e+00
1.287982344794950385e-01 1.945825930211670052e+00
1.300511252173409127e-01 1.945191222640314077e+00
1.313162035073478784e-01 1.944543503493517456e+00
1.325935879044890797e-01 1.943887245234687811e+00
1.338833981169864351e-01 1.943217014535597809e+00
1.351857550175293021e-01 1.942533074295554885e+00
1.365007806546013891e-01 1.941836596531176795e+00
1.378285982639189389e-01 1.941128068210208557e+00
1.391693322799789911e-01 1.940406561654947293e+00
1.405231083477211373e-01 1.939671630291099014e+00
1.418900533343016301e-01 1.938924021989002044e+00
1.432702953409830948e-01 1.938161067027631024e+00
1.446639637151387880e-01 1.937384244970315583e+00
1.460711890623745679e-01 1.936592299257225536e+00
1.474921032587684921e-01 1.935785113094446119e+00
1.489268394632288772e-01 1.934962189695203838e+00
1.503755321299738434e-01 1.934122870370228453e+00
1.518383170211306810e-01 1.933267548259820723e+00
1.533153312194593942e-01 1.932398491212281577e+00
1.548067131411984265e-01 1.931512721389875731e+00
1.563126025490369497e-01 1.930611009427257496e+00
1.578331405652117214e-01 1.929692804178728904e+00
1.593684696847328941e-01 1.928758038810225672e+00
1.609187337887370006e-01 1.927805111374334635e+00
1.624840781579713067e-01 1.926833790198063667e+00
1.640646494864078653e-01 1.925844194119255670e+00
1.656605958949914359e-01 1.924836267104471199e+00
1.672720669455196874e-01 1.923811120535025676e+00
1.688992136546599021e-01 1.922767432010475286e+00
1.705421885081006561e-01 1.921701686102273987e+00
1.722011454748421100e-01 1.920617330319824401e+00
1.738762400216251336e-01 1.919512634519519922e+00
1.755676291275001522e-01 1.918387337900003597e+00
1.772754712985387948e-01 1.917242261823613125e+00
1.789999265826875408e-01 1.916077365216695361e+00
1.807411565847668600e-01 1.914889330712576276e+00
1.824993244816152382e-01 1.913679417638877389e+00
1.842745950373816666e-01 1.912446669973164592e+00
1.860671346189656239e-01 1.911192331256821975e+00
1.878771112116086051e-01 1.909916019474909188e+00
1.897046944346358344e-01 1.908616421390023410e+00
1.915500555573527997e-01 1.907293155215683544e+00
1.934133675150944698e-01 1.905948316435851053e+00
1.952948049254327745e-01 1.904578371224608935e+00
1.971945441045395986e-01 1.903180963039808216e+00
1.991127630837108697e-01 1.901757795039475729e+00
2.010496416260497965e-01 1.900310284927334781e+00
2.030053612433137811e-01 1.898836899876277462e+00
2.049801052129238688e-01 1.897336201947842138e+00
2.069740585951406198e-01 1.895806731491156638e+00
2.089874082504071251e-01 1.894249598793445344e+00
2.110203428568595552e-01 1.892665942026828585e+00
2.130730529280097374e-01 1.891056352616549585e+00
2.151457308305980698e-01 1.889417007394402992e+00
2.172385708026215445e-01 1.887747384290887842e+00
2.193517689715359098e-01 1.886047792894271380e+00
2.214855233726360506e-01 1.884318647409894742e+00
2.236400339676138660e-01 1.882557997151684370e+00
2.258155026632983065e-01 1.880767681245213652e+00
2.280121333305757114e-01 1.878946351196934428e+00
2.302301318234963867e-01 1.877093782913995090e+00
2.324697059985647851e-01 1.875207962062748646e+00
2.347310657342196183e-01 1.873287436791889915e+00
2.370144229505012079e-01 1.871333134932439135e+00
2.393199916289123208e-01 1.869341852277315974e+00
2.416479878324700736e-01 1.867317798635837356e+00
2.439986297259550130e-01 1.865261678691166214e+00
2.463721375963552895e-01 1.863168678980261950e+00
2.487687338735107279e-01 1.861037819413245087e+00
2.511886431509580686e-01 1.858868934210368140e+00
2.536320922069775774e-01 1.856664416314673050e+00
2.560993100258459609e-01 1.854421436507368570e+00
2.585905278192945911e-01 1.852142864528681043e+00
2.611059790481781162e-01 1.849827760172860991e+00
2.636458994443517945e-01 1.847469034186728143e+00
2.662105270327638773e-01 1.845064840622549607e+00
2.688001021537606006e-01 1.842622599304755804e+00
2.714148674856106669e-01 1.840144056125148531e+00
2.740550680672460548e-01 1.837624554684524680e+00
2.767209513212268712e-01 1.835057090058215046e+00
2.794127670769268601e-01 1.832445573389526405e+00
2.821307675939472293e-01 1.829798182926851702e+00
2.848752075857552413e-01 1.827100591709119426e+00
2.876463442435557849e-01 1.824356784105487517e+00
2.904444372603925406e-01 1.821565942397315840e+00
2.932697488554852905e-01 1.818735685220391307e+00
2.961225437988035947e-01 1.815858707413412043e+00
2.990030894358785551e-01 1.812933411849369181e+00
3.019116557128577738e-01 1.809957683643191872e+00
3.048485152018017286e-01 1.806935675038816802e+00
3.078139431262288950e-01 1.803864494201387503e+00
3.108082173869063936e-01 1.800742197321570703e+00
3.138316185878944342e-01 1.797570146770882227e+00
3.168844300628416155e-01 1.794346566972763179e+00
3.199669379015380732e-01 1.791072242359426747e+00
3.230794309767249795e-01 1.787742870191400435e+00
3.262222009711669979e-01 1.784367389025080186e+00
3.293955424049855307e-01 1.780938909170391993e+00
3.325997526632606949e-01 1.777449890150122114e+00
3.358351320238990301e-01 1.773907130911364760e+00
3.391019836857747105e-01 1.770309864020386925e+00
3.424006137971423724e-01 1.766659901530066801e+00
3.457313314843284413e-01 1.762953266821311926e+00
3.490944488806992929e-01 1.759188415570945407e+00
3.524902811559130766e-01 1.755364884388570523e+00
3.559191465454557002e-01 1.751482417228533039e+00
3.593813663804627523e-01 1.747542579453813305e+00
3.628772651178337472e-01 1.743542072992292802e+00
3.664071703706370808e-01 1.739486180545613880e+00
3.699714129388128048e-01 1.735365296479767450e+00
3.735703268401719401e-01 1.731185552690297502e+00
3.772042493416999376e-01 1.726942508750717975e+00
3.808735209911614517e-01 1.722639716181125324e+00
3.845784856490158665e-01 1.718270152422672226e+00
3.883194905206404091e-01 1.713837467523067204e+00
3.920968861888690649e-01 1.709345507580437351e+00
3.959110266468458539e-01 1.704786474957650899e+00
3.997622693312000708e-01 1.700164617189322769e+00
4.036509751555413805e-01 1.695474228107516357e+00
4.075775085442840395e-01 1.690717898328245150e+00
4.115422374667966343e-01 1.685897947629332982e+00
4.155455334718875515e-01 1.681009057800014084e+00
4.195877717226225712e-01 1.676055771874835898e+00
4.236693310314835759e-01 1.671033657292745556e+00
4.277905938958687093e-01 1.665940986077037334e+00
4.319519465339363706e-01 1.660778612577523017e+00
4.361537789208005944e-01 1.655551893087238380e+00
4.403964848250754294e-01 1.650256217665755143e+00
4.446804618457780300e-01 1.644886088501348986e+00
4.490061114495874639e-01 1.639449823016606800e+00
4.533738390084691150e-01 1.633941378797000743e+00
4.577840538376618529e-01 1.628362803845818663e+00
4.622371692340384031e-01 1.622711975098560577e+00
4.667336025148346446e-01 1.616989698788440677e+00
4.712737750567601580e-01 1.611201291577917694e+00
4.758581123354846953e-01 1.605331526739442571e+00
4.804870439655131720e-01 1.599399913862299183e+00
4.851610037404442966e-01 1.593392272592690784e+00
4.898804296736250508e-01 1.587308735193880604e+00
4.946457640391963562e-01 1.581157866502253428e+00
4.994574534135413635e-01 1.574931082533308713e+00
5.043159487171361421e-01 1.568633872393421447e+00
5.092217052568053237e-01 1.562261590609913986e+00
5.141751827683928022e-01 1.555822135529591588e+00
5.191768454598426619e-01 1.549304915751667844e+00
5.242271620547044320e-01 1.542710346825468815e+00
5.293266058360561743e-01 1.536053056344880430e+00
5.344756546908600026e-01 1.529320080166325369e+00
5.396747911547442600e-01 1.522517979258140697e+00
5.449245024572260121e-01 1.515636982380412556e+00
5.502252805673685243e-01 1.508680865017901329e+00
5.555776222398878250e-01 1.501663276606783448e+00
5.609820290617031358e-01 1.494568719457203043e+00
5.664390074989449353e-01 1.487399263476768763e+00
5.719490689444144405e-01 1.480163860734612591e+00
5.775127297655114900e-01 1.472857853552056451e+00
5.831305113526221717e-01 1.465481000083911356e+00
5.888029401679826247e-01 1.458031345313343996e+00
5.945305477950136863e-01 1.450514775972056691e+00
6.003138709881384871e-01 1.442927621995286902e+00
6.061534517230839914e-01 1.435275453843453564e+00
6.120498372476699256e-01 1.427550686514005962e+00
6.180035801330957534e-01 1.419762448542192690e+00
6.240152383257209223e-01 1.411905416288505188e+00
6.300853751993553686e-01 1.403981788922726848e+00
6.362145596080520660e-01 1.395995748548136683e+00
6.424033659394193796e-01 1.387939168918839616e+00
6.486523741684461219e-01 1.379831732698790336e+00
6.549621699118558515e-01 1.371644567185571706e+00
6.613333444829840868e-01 1.363405065544651018e+00
6.677664949471955325e-01 1.355104287105417749e+00
6.742622241778342129e-01 1.346741195413261094e+00
6.808211409127237213e-01 1.338321111043088818e+00
6.874438598112112553e-01 1.329836949309894711e+00
6.941310015117725385e-01 1.321303413427365347e+00
7.008831926901714082e-01 1.312707191341650592e+00
7.077010661181889484e-01 1.304060031820567955e+00
7.145852607229240538e-01 1.295359868358568756e+00
7.215364216466665370e-01 1.286602985883731121e+00
7.285552003073593186e-01 1.277797961840453800e+00
7.356422544596413760e-01 1.268942086403971770e+00
7.427982482564918776e-01 1.260036480667141578e+00
7.500238523114668432e-01 1.251084655321324624e+00
7.573197437615483141e-01 1.242086944695892425e+00
7.646866063305975958e-01 1.233040948231401757e+00
7.721251303934327792e-01 1.223959329561774112e+00
7.796360130405233235e-01 1.214830245276492304e+00
7.872199581433195759e-01 1.205661378597113753e+00
7.948776764202123424e-01 1.196456370085692722e+00
8.026098855031396084e-01 1.187212531883113265e+00
8.104173100048355227e-01 1.177934569703589895e+00
8.183006815867394090e-01 1.168621122377711652e+00
8.262607390275591435e-01 1.159277248014389583e+00
8.342982282925082149e-01 1.149899574426111126e+00
8.424139026032094746e-01 1.140496210225100615e+00
8.506085225082840040e-01 1.131064193818976271e+00
8.588828559546254349e-01 1.121610400533674001e+00
8.672376783593644944e-01 1.112130840551457611e+00
8.756737726825394308e-01 1.102627340563644642e+00
8.841919295004664336e-01 1.093104442588966663e+00
8.927929470798307010e-01 1.083569484860589904e+00
9.014776314524917122e-01 1.074012894329066325e+00
9.102467964910225806e-01 1.064441939880302890e+00
9.191012639849772681e-01 1.054859053424248572e+00
9.280418637179072006e-01 1.045265766707060617e+00
9.370694335451198453e-01 1.035664125069401642e+00
9.461848194722002336e-01 1.026056696294757042e+00
9.553888757342895444e-01 1.016445186295092507e+00
9.646824648761427312e-01 1.006826494765252100e+00
9.740664578329562007e-01 9.972067684604479787e-01
9.835417340119908536e-01 9.875927489000818627e-01
9.931091813749796104e-01 9.779787657989726934e-01
1.002769696521346621e+00 9.683701860353661761e-01
1.012524184772224167e+00 9.587666199482557383e-01
1.022373560255302127e+00 9.491730818388119939e-01
1.032318745990486564e+00 9.395877570974966453e-01
1.042360673976402197e+00 9.300178757507987504e-01
1.052500285277732761e+00 9.204626463961724792e-01
1.062738530113414459e+00 9.109201185581761173e-01
1.073076367945679621e+00 9.013986922319560113e-01
1.083514767569973225e+00 8.918932772666565700e-01
1.094054707205742494e+00 8.824139279682007286e-01
1.104697174588111785e+00 8.729562469804301728e-01
1.115443167060441221e+00 8.635234740189611236e-01
1.126293691667795249e+00 8.541165057168775832e-01
1.137249765251314271e+00 8.447423513156845365e-01
1.148312414543511073e+00 8.353946314499566261e-01
1.159482676264482759e+00 8.260832584940027701e-01
1.170761597219069250e+00 8.168025034192170075e-01
1.182150234394952371e+00 8.075592183309316940e-01
1.193649655061713055e+00 7.983524886122663755e-01
1.205260936870842681e+00 7.891842673436437750e-01
1.216985167956738056e+00 7.800586534300095742e-01
1.228823447038673411e+00 7.709738025718215759e-01
1.240776883523764251e+00 7.619316541734016957e-01
1.252846597610937529e+00 7.529366331628393194e-01
1.265033720395903893e+00 7.439867365557601975e-01
1.277339393977160009e+00 7.350852507318337281e-01
1.289764771563017165e+00 7.262377942291983191e-01
1.302311017579677488e+00 7.174286086906384030e-01
1.314979307780347773e+00 7.086845675403031786e-01
1.327770829355430449e+00 6.999897465483168046e-01
1.340686781043774811e+00 6.913473058649092229e-01
1.353728373245021821e+00 6.827629908042341933e-01
1.366896828133026487e+00 6.742336351882280976e-01
1.380193379770397355e+00 6.657648763087837818e-01
1.393619274224142002e+00 6.573540757381526323e-01
1.407175769682446731e+00 6.490030167069875677e-01
1.420864136572576708e+00 6.407155228379795009e-01
1.434685657679937831e+00 6.324859006796795802e-01
1.448641628268290127e+00 6.243227747851335385e-01
1.462733356201129986e+00 6.162254777886879697e-01
1.476962162064259898e+00 6.081889101820248111e-01
1.491329379289537682e+00 6.002204323810084174e-01
1.505836354279841416e+00 5.923173870750442216e-01
1.520484446535244283e+00 5.844809610286946233e-01
1.535275028780422657e+00 5.767171622769566852e-01
1.550209487093291205e+00 5.690167814253609402e-01
1.565289221034902312e+00 5.613861085924141126e-01
1.580515643780601165e+00 5.538265078745407965e-01
1.595890182252465817e+00 5.463366619305053407e-01
1.611414277253019778e+00 5.389181891349775766e-01
1.627089383600260675e+00 5.315699655842809346e-01
1.642916970263993193e+00 5.242945740039467450e-01
1.658898520503498064e+00 5.170883030858947071e-01
1.675035532006524441e+00 5.099554622354497413e-01
1.691329517029648732e+00 5.028959089004854111e-01
1.707782002539993016e+00 4.959115972780145931e-01
1.724394530358320354e+00 4.889970809228679771e-01
1.741168657303530987e+00 4.821542523191978402e-01
1.758105955338547632e+00 4.753863533375127792e-01
1.775208011717636092e+00 4.686952638355039169e-01
1.792476429135148930e+00 4.620749600187835648e-01
1.809912825875727105e+00 4.555271836327914881e-01
1.827518835965944666e+00 4.490536301719561529e-01
1.845296109327445366e+00 4.426531178637132524e-01
1.863246311931559873e+00 4.363284453596221191e-01
1.881371125955437096e+00 4.300758796219671942e-01
1.899672249939675650e+00 4.238976664841552222e-01
1.918151398947507635e+00 4.177905335840827461e-01
1.936810304725519849e+00 4.117556949624789908e-01
1.955650715865949074e+00 4.057972605205164007e-01
1.974674397970537454e+00 3.999100250992033700e-01
1.993883133816001019e+00 3.940953385027524680e-01
2.013278723521096492e+00 3.883510025162900114e-01
2.032862984715323673e+00 3.826797627444100680e-01
2.052637752709252084e+00 3.770804680655893137e-01
2.072604880666519822e+00 3.715530585543354025e-01
2.092766239777499759e+00 3.660955086311953321e-01
2.113123719434652603e+00 3.607078472687441639e-01
2.133679227409597701e+00 3.553916099556857500e-01
2.154434690031884259e+00 3.501434248945065053e-01
2.175392052369522489e+00 3.449653379600042813e-01
2.196553278411258248e+00 3.398562340712039109e-01
2.217920351250634692e+00 3.348156290603652163e-01
2.239495273271823184e+00 3.298421869267975093e-01
2.261280066337279404e+00 3.249367575621535109e-01
2.283276771977218012e+00 3.200973101471928928e-01
2.305487451580938707e+00 3.153256095776735268e-01
2.327914186589993051e+00 3.106183405715097212e-01
2.350559078693253756e+00 3.059769463722537552e-01
2.373424250023866033e+00 3.013995826404779477e-01
2.396511843358130278e+00 2.968872878185406239e-01
2.419824022316292567e+00 2.924382637444833399e-01
2.443362971565319341e+00 2.880516969453486009e-01
2.467130897023623426e+00 2.837280478537101969e-01
2.491130026067788439e+00 2.794656612397891648e-01
2.515362607741312928e+00 2.752647965446639589e-01
2.539830912965362675e+00 2.711248579055856034e-01
2.564537234751594674e+00 2.670451526591586244e-01
2.589483888417040802e+00 2.630215935979617337e-01
2.614673211801092023e+00 2.590602628929559170e-01
2.640107565484572927e+00 2.551557419559489781e-01
2.665789333010967876e+00 2.513080114288983591e-01
2.691720921109787668e+00 2.475182228206245227e-01
2.717904759922122881e+00 2.437825459790121108e-01
2.744343303228365283e+00 2.401049352904466583e-01
2.771039028678170535e+00 2.364800531713264764e-01
2.797994438022641805e+00 2.329106930671321352e-01
2.825212057348790218e+00 2.293943414990496366e-01
2.852694437316245057e+00 2.259290616719974998e-01
2.880444153396297668e+00 2.225191018806203791e-01
2.908463806113254169e+00 2.191592416758619821e-01
2.936756021288137397e+00 2.158494726863823820e-01
2.965323450284773621e+00 2.125903856482146692e-01
2.994168770258243573e+00 2.093815332192160428e-01
3.023294684405779531e+00 2.062213008631303135e-01
3.052703922220086241e+00 2.031096607294041734e-01
3.082399239745143404e+00 2.000449216623251258e-01
3.112383419834465759e+00 1.970272489228375445e-01
3.142659272411905569e+00 1.940566546977422480e-01
3.173229634734976212e+00 1.911315772116586043e-01
3.204097371660752813e+00 1.882512400893513460e-01
3.235265375914330388e+00 1.854161888356455345e-01
3.266736568359921655e+00 1.826239385641882651e-01
3.298513898274578082e+00 1.798753190376658484e-01
3.330600343624588788e+00 1.771688139125194295e-01
3.362998911344535991e+00 1.745062631074910109e-01
3.395712637619100693e+00 1.718840028592413249e-01
3.428744588167585317e+00 1.693012228579068579e-01
3.462097858531227423e+00 1.667597111350788419e-01
3.495775574363275240e+00 1.642579367288531933e-01
3.529780891721914671e+00 1.617962745656080503e-01
3.564116997366032269e+00 1.593715967196543126e-01
3.598787109053855460e+00 1.569850130328798443e-01
3.633794475844513094e+00 1.546354730948882872e-01
3.669142378402494131e+00 1.523233729272118198e-01
3.704834129305105694e+00 1.500479578437502737e-01
3.740873073352900313e+00 1.478076228907033440e-01
3.777262587883141176e+00 1.456021931688919469e-01
3.814006083086284082e+00 1.434311188761761557e-01
3.851107002325572903e+00 1.412940865108859023e-01
3.888568822459721019e+00 1.391915152001281519e-01
3.926395054168756449e+00 1.371215184618567728e-01
3.964589242282997805e+00 1.350833912734929476e-01
4.003154966115265445e+00 1.330773810451444106e-01
4.042095839796306045e+00 1.311033067465435797e-01
4.081415512613501662e+00 1.291603012522561100e-01
4.121117669352832635e+00 1.272474166155666553e-01
4.161206030644208020e+00 1.253643327400059682e-01
4.201684353310133346e+00 1.235111488365227411e-01
4.242556430717777438e+00 1.216870280692207706e-01
4.283826093134470270e+00 1.198912657366108248e-01
4.325497208086633627e+00 1.181235543273915362e-01
4.367573680722233398e+00 1.163838889257818449e-01
4.410059454176736615e+00 1.146710523124629677e-01
4.452958509942654963e+00 1.129854930892359721e-01
4.496274868242640110e+00 1.113257393539299617e-01
4.540012588406244554e+00 1.096924835240041668e-01
4.584175769250333765e+00 1.080843279779550442e-01
4.628768549463215365e+00 1.065015351361571633e-01
4.673795107992464004e+00 1.049430669452285497e-01
4.719259664436561863e+00 1.034091379023205637e-01
4.765166479440326341e+00 1.018991769270829600e-01
4.811519855094205766e+00 1.004124600578619880e-01
4.858324135337417360e+00 9.894904619060145012e-02
4.905583706365050922e+00 9.750809882281485930e-02
4.953302997039108924e+00 9.608963294839474589e-02
5.001486479303548727e+00 9.469358894664790804e-02
5.050138668603383785e+00 9.331898817473062435e-02
5.099264124307808288e+00 9.196492294853586547e-02
5.148867450137498025e+00 9.063271189513287529e-02
5.198953294596024399e+00 8.932061415238881641e-02
5.249526351405507718e+00 8.802894969851671192e-02
5.300591359946452030e+00 8.675685059381132991e-02
5.352153105701904501e+00 8.550442621478611394e-02
5.404216420705915347e+00 8.427188596734797033e-02
5.456786183996381823e+00 8.305747108797717493e-02
5.509867322072253160e+00 8.186227292273891287e-02
5.563464809355226137e+00 8.068491484758769094e-02
5.617583668655908191e+00 7.952543783620240336e-02
5.672228971644543094e+00 7.838465302128930223e-02
5.727405839326266346e+00 7.726027974189896008e-02
5.783119442521027054e+00 7.615349252889345999e-02
5.839375002348160315e+00 7.506330272134963122e-02
5.896177790715694478e+00 7.398974593238413777e-02
5.953533130814370189e+00 7.293283133955989761e-02
6.011446397616513337e+00 7.189159093459211725e-02
6.069923018379741464e+00 7.086597722837485736e-02
6.128968473155564034e+00 6.985607537440281789e-02
6.188588295302960063e+00 6.886151812614264844e-02
6.248788072006894012e+00 6.788168633949821784e-02
6.309573444801936049e+00 6.691688673580456492e-02
6.370950110100935149e+00 6.596653485750782198e-02
6.432923819728876502e+00 6.502929839945346957e-02
6.495500381461869033e+00 6.410785752104099233e-02
6.558685659571435345e+00 6.319960279748339238e-02
6.622485575374063238e+00 6.230506655698941215e-02
6.686906107786136921e+00 6.142342202494477377e-02
6.751953293884205287e+00 6.055489528545322103e-02
6.817633229470763112e+00 5.969947361655838364e-02
6.883952069645496330e+00 5.885711091580565768e-02
6.950916029382126382e+00 5.802673557106152735e-02
7.018531384110795912e+00 5.720869690568081145e-02
7.086804470306189430e+00 5.640277141867731242e-02
7.155741686081340980e+00 5.560872800807830502e-02
7.225349491787214085e+00 5.482668627302959147e-02
7.295634410618154320e+00 5.405585338727635775e-02
7.366603029223159460e+00 5.329643776484303125e-02
7.438261998323163482e+00 5.254784541668618830e-02
7.510618033334286459e+00 5.181047664668807229e-02
7.583677914997190683e+00 5.108408205696102905e-02
7.657448490012479958e+00 5.036238539343597387e-02
7.731936671682362316e+00 4.966239989483653416e-02
7.807149440558499798e+00 4.896695721352618824e-02
7.883093845096216690e+00 4.828180775131834385e-02
7.959777002314985417e+00 4.760660752476161134e-02
8.037206098465421888e+00 4.694105208665502044e-02
8.115388389702712146e+00 4.628516272757055017e-02
8.194331202766655053e+00 4.563869888818741782e-02
8.274041935668218883e+00 4.500146756177754448e-02
8.354528058382872047e+00 4.437356051979409605e-02
8.435797113550611570e+00 4.375456370259585281e-02
8.517856717182803905e+00 4.314457700626967568e-02
8.600714559375941093e+00 4.254306240440979686e-02
8.684378405032257220e+00 4.195037048027235732e-02
8.768856094587436090e+00 4.136592327138103459e-02
8.854155544745349715e+00 4.079008131342654053e-02
8.940284749219998162e+00 4.022217592297895605e-02
9.027251779484577909e+00 3.966248010155373760e-02
9.115064785527916769e+00 3.911063161557098294e-02
9.203731996618220279e+00 3.856673604325753374e-02
9.293261722074316111e+00 3.803034511281447316e-02
9.383662352044273902e+00 3.750165619342780282e-02
9.474942358291729150e+00 3.698024713778478439e-02
9.567110294989774388e+00 3.646638773998493732e-02
9.660174799522645017e+00 3.595963993144341009e-02
9.754144593295098531e+00 3.546008472796632199e-02
9.849028482549766039e+00 3.496733701794282195e-02
9.944835359192397917e+00 3.448158811102461363e-02
1.004157420162519543e+01 3.400264127996568270e-02
1.013925407558815373e+01 3.353039015974631359e-02
1.023788413500867378e+01 3.306456340849506931e-02
1.033747362285940774e+01 3.260528343091267239e-02
1.043803187202444072e+01 3.215255733752855893e-02
1.053956830617394580e+01 3.170587001124779147e-02
1.064209244064724658e+01 3.126557974132520429e-02
1.074561388334458023e+01 3.083122629592853145e-02
1.085014233562746178e+01 3.040281101856833618e-02
1.095568759322787855e+01 2.998058597488501009e-02
1.106225954716621906e+01 2.956391191663706314e-02
1.116986818467823817e+01 2.915305735058102560e-02
1.127852359015096795e+01 2.874777488125824718e-02
1.138823594606782130e+01 2.834807552149747403e-02
1.149901553396274245e+01 2.795400151469118119e-02
1.161087273538378994e+01 2.756522566038544647e-02
1.172381803286598512e+01 2.718163350256232874e-02
1.183786201091373513e+01 2.680341850960529793e-02
1.195301535699265827e+01 2.643034572292881496e-02
1.206928886253119870e+01 2.606226218214410806e-02
1.218669342393191712e+01 2.569933633820467925e-02
1.230524004359261525e+01 2.534127267954406834e-02
1.242493983093746479e+01 2.498793913039501838e-02
1.254580400345803248e+01 2.463958244767973718e-02
1.266784388776455827e+01 2.429595761241365795e-02
1.279107092064739781e+01 2.395685282607725244e-02
1.291549665014884063e+01 2.362227910805203210e-02
1.304113273664525430e+01 2.329223150772295053e-02
1.316799095393986185e+01 2.296681685152380040e-02
1.329608319036608854e+01 2.264559314029295639e-02
1.342542144990170527e+01 2.232882640708261715e-02
1.355601785329368880e+01 2.201624107781127021e-02
1.368788463919415221e+01 2.170789013396319869e-02
1.382103416530724438e+01 2.140368422270107207e-02
1.395547890954729020e+01 2.110353231850226746e-02
1.409123147120805619e+01 2.080738708695642480e-02
1.422830457214353395e+01 2.051519759288070524e-02
1.436671105796013137e+01 2.022693584929522240e-02
1.450646389922046886e+01 1.994253032331434056e-02
1.464757619265895272e+01 1.966194903865006380e-02
1.479006116240903168e+01 1.938500411994550227e-02
1.493393216124253264e+01 1.911182345242790764e-02
1.507920267182097263e+01 1.884229884480351572e-02
1.522588630795911513e+01 1.857634042875025426e-02
1.537399681590069456e+01 1.831394453973510597e-02
1.552354807560667105e+01 1.805495772585644088e-02
1.567455410205595001e+01 1.779950476245216809e-02
1.582702904655883280e+01 1.754742907404561320e-02
1.598098719808309376e+01 1.729864055439205017e-02
1.613644298459311699e+01 1.705320935021102310e-02
1.629341097440194730e+01 1.681095543653848834e-02
1.645190587753662470e+01 1.657197124004531827e-02
1.661194254711659113e+01 1.633615355616624409e-02
1.677353598074571295e+01 1.610344909251497716e-02
1.693670132191772026e+01 1.587380336865389791e-02
1.710145386143542012e+01 1.564720667898357800e-02
1.726780903884355922e+01 1.542361486749731572e-02
1.743578244387577669e+01 1.520298060531049406e-02
1.760538981791556523e+01 1.498522493003697810e-02
1.777664705547142532e+01 1.477039257643168561e-02
1.794957020566648254e+01 1.455837334692340959e-02
1.812417547374237614e+01 1.434798586108156776e-02
1.830047922257800863e+01 1.414271276923481993e-02
1.847849797422290763e+01 1.393896111775244119e-02
1.865824841144566193e+01 1.373791497355167888e-02
1.883974737929719367e+01 1.353950388742688332e-02
1.902301188668945642e+01 1.334374640350911509e-02
1.920805910798935301e+01 1.315054400943177493e-02
1.939490638462828542e+01 1.295988168162736688e-02
1.958357122672716955e+01 1.277179773949132374e-02
1.977407131473744428e+01 1.258612707699065594e-02
1.996642450109793288e+01 1.240294869027625500e-02
2.016064881190793656e+01 1.222213501130463287e-02
2.035676244861640072e+01 1.204371813802754786e-02
2.055478378972772546e+01 1.186768073665131484e-02
2.075473139252405730e+01 1.169396016599194218e-02
2.095662399480432825e+01 1.152251800436811420e-02
2.116048051664034446e+01 1.135335428005774042e-02
2.136632006214970403e+01 1.118638855739482844e-02
2.157416192128621546e+01 1.102168819300094332e-02
2.178402557164756459e+01 1.085909708689928102e-02
2.199593068030074861e+01 1.069868215983823222e-02
2.220989710562497521e+01 1.054041881671217810e-02
2.242594489917278011e+01 1.038419645178608949e-02
2.264409430754907504e+01 1.023006389768064961e-02
2.286436577430861306e+01 1.007796005403346733e-02
2.308677994187169702e+01 9.927885047074702651e-03
2.331135765345874944e+01 9.779769811467275975e-03
2.353811995504354471e+01 9.633681720921759631e-03
2.376708809732560823e+01 9.489461959891972581e-03
2.399828353772154799e+01 9.347173372973301836e-03
2.423172794237600769e+01 9.206775251632250134e-03
2.446744318819203201e+01 9.068236389142381865e-03
2.470545136488123816e+01 8.931553991005848625e-03
2.494577477703398571e+01 8.796672001599687568e-03
2.518843594620949489e+01 8.663586840542750883e-03
2.543345761304651020e+01 8.532293263110498488e-03
2.568086273939435316e+01 8.402719414857489841e-03
2.593067451046487548e+01 8.274885844419665321e-03
2.618291633700505372e+01 8.148759400355363655e-03
2.643761185749101372e+01 8.024320683439785384e-03
2.669478494034320804e+01 7.901530521735155438e-03
2.695445968616333587e+01 7.780415315557162592e-03
2.721666042999271795e+01 7.660869731316766532e-03
2.748141174359293259e+01 7.542960872105057904e-03
2.774873843774846804e+01 7.426632441274161160e-03
2.801866556459195223e+01 7.311869748449614272e-03
2.829121841995168651e+01 7.198636818403095737e-03
2.856642254572233952e+01 7.086934804551737327e-03
2.884430373225852051e+01 6.976741967463462486e-03
2.912488802079168337e+01 6.868021744559036149e-03
2.940820170587063842e+01 6.760772651154927683e-03
2.969427133782552986e+01 6.654984169865570467e-03
2.998312372525609959e+01 6.550606677937932838e-03
3.027478593754393543e+01 6.447742945447181712e-03
3.056928530738937155e+01 6.346095093307481914e-03
3.086664943337274636e+01 6.245915185110487156e-03
3.116690618254088463e+01 6.147097946459839993e-03
3.147008369301855879e+01 6.049630001518384662e-03
3.177621037664554038e+01 5.953499010559725954e-03
3.208531492163897525e+01 5.858661008477916536e-03
3.239742629528198847e+01 5.765127334161173657e-03
3.271257374663825601e+01 5.672870047382346306e-03
3.303078680929315425e+01 5.581907259413763575e-03
3.335209530412127066e+01 5.492132679612450781e-03
3.367652934208116022e+01 5.403624857562043179e-03
3.400411932703705986e+01 5.316347895423535579e-03
3.433489595860830690e+01 5.230268614757842445e-03
3.466889023504609213e+01 5.145356307452029349e-03
3.500613345613854221e+01 5.061653534762653589e-03
3.534665722614391115e+01 4.979087205495546023e-03
3.569049345675229290e+01 4.897673068536383990e-03
3.603767437007633134e+01 4.817364195365715987e-03
3.638823250167062184e+01 4.738207536450438247e-03
3.674220070358090595e+01 4.660142562542116985e-03
3.709961214742267543e+01 4.583162765237713474e-03
3.746050032748993175e+01 4.507271830369164248e-03
3.782489906389385936e+01 4.432440450365642513e-03
3.819284250573236505e+01 4.358659626175859399e-03
3.856436513429023449e+01 4.285907703131589669e-03
3.893950176627063087e+01 4.214187118162147049e-03
3.931828755705770106e+01 4.143473880042086895e-03
3.970075800401124155e+01 4.073784900891785216e-03
4.008694894979318946e+01 4.005030972876274901e-03
4.047689658572676308e+01 3.937277260701349708e-03
4.087063745518780422e+01 3.870516797534590079e-03
4.126820845702955864e+01 3.804667417103786264e-03
4.166964684904057492e+01 3.739777421211764805e-03
4.207499025143619065e+01 3.675802698862259878e-03
4.248427665038425260e+01 3.612751832047113483e-03
4.289754440156466586e+01 3.550609065974034105e-03
4.331483223376402947e+01 3.489362221633613564e-03
4.373617925250492533e+01 3.428996184549221084e-03
4.416162494371084790e+01 3.369496009378628986e-03
4.459120917740628443e+01 3.310857878501471604e-03
4.502497221145327444e+01 3.253062064591168059e-03
4.546295469532399380e+01 3.196129964305368006e-03
4.590519767391037220e+01 3.140022066241488115e-03
4.635174259137027519e+01 3.084770866354623591e-03
4.680263129501155817e+01 3.030222902010705228e-03
4.725790603921362276e+01 2.976538657680794300e-03
4.771760948938745628e+01 2.923638003262331916e-03
4.818178472597362827e+01 2.871516920504879958e-03
4.865047524847972937e+01 2.820162249513007233e-03
4.912372497955678341e+01 2.769565636844884861e-03
4.960157826911540724e+01 2.719722518706306144e-03
5.008407989848212338e+01 2.670612989453073020e-03
5.057127508459573306e+01 2.622242277095252448e-03
5.106320948424492911e+01 2.574594040218282191e-03
5.155992919834686461e+01 2.527651002818403179e-03
5.206148077626762216e+01 2.481413265764225318e-03
5.256791122018424289e+01 2.435869621281056777e-03
5.307926798948964375e+01 2.391015263817329334e-03
5.359559900524011766e+01 2.346824752257708341e-03
5.411695265464637572e+01 2.303326689710400842e-03
5.464337779560780461e+01 2.260447693359380825e-03
5.517492376129128928e+01 2.218263366877859522e-03
5.571164036475430237e+01 2.176711218831214878e-03
5.625357790361330501e+01 2.135791009916913376e-03
5.680078716475694733e+01 2.095477700266729255e-03
5.735331942910571712e+01 2.055810320880238976e-03
5.791122647641758192e+01 2.016745420017962160e-03
5.847456059014062646e+01 1.978265250107987157e-03
5.904337456231242243e+01 1.940393721515354733e-03
5.961772169850755887e+01 1.903111719129873137e-03
6.019765582283304184e+01 1.866389799237669518e-03
6.078323128297230227e+01 1.830261336804187965e-03
6.137450295527852973e+01 1.794685228437365668e-03
6.197152624991698389e+01 1.759655218036639251e-03
6.257435711605789663e+01 1.725191074713857547e-03
6.318305204711957401e+01 1.691262229495888673e-03
6.379766808606282069e+01 1.657862860969485123e-03
6.441826283073628190e+01 1.624994950250003081e-03
6.504489443927437264e+01 1.592652655108311955e-03
6.567762163554736787e+01 1.560813105453112259e-03
6.631650371466487570e+01 1.529478125785304395e-03
6.696160054853221766e+01 1.498651911627792719e-03
6.761297259146149941e+01 1.468312970286978847e-03
6.827068088583682481e+01 1.438455333077616645e-03
6.893478706783510290e+01 1.409085559018843394e-03
6.960535337320180815e+01 1.380181969440654344e-03
7.028244264308352740e+01 1.351753407236867301e-03
7.096611832991698066e+01 1.323764173715883752e-03
7.165644450337531168e+01 1.296237903310723527e-03
7.235348585637258623e+01 1.269160528020406775e-03
7.305730771112592947e+01 1.242523966314796127e-03
7.376797602527737752e+01 1.216316606558737103e-03
7.448555739807494547e+01 1.190538388036868362e-03
7.521011907661404905e+01 1.165183349471007228e-03
7.594172896213913759e+01 1.140240211435354731e-03
7.668045561640717267e+01 1.115710927881704857e-03
7.742636826811269657e+01 1.091589231883986419e-03
7.817953681937576960e+01 1.067862602781328041e-03
7.894003185229233566e+01 1.044526574444011504e-03
7.970792463554894880e+01 1.021575284223731617e-03
8.048328713110151966e+01 9.990059975397010909e-04
8.126619200091946027e+01 9.768199063661271980e-04
8.205671261379453085e+01 9.549925912689682418e-04
8.285492305221690401e+01 9.335316163049346347e-04
8.366089811931756515e+01 9.124292417171354311e-04
8.447471334587828551e+01 8.916825509031287575e-04
8.529644499741024788e+01 8.712891877472211163e-04
8.612617008130067120e+01 8.512277415056026609e-04
8.696396635402970787e+01 8.315089009764184804e-04
8.780991232845718741e+01 8.121169254924150063e-04
8.866408728118061333e+01 7.930582348276990837e-04
8.952657125996400111e+01 7.743203237228078913e-04
9.039744509123974581e+01 7.558927974009242408e-04
9.127679038768296493e+01 7.377829922125125417e-04
9.216468955586012157e+01 7.199829571398641982e-04
9.306122580395103228e+01 7.024753592200816714e-04
9.396648314954700254e+01 6.852723534278936214e-04
9.488054642752423717e+01 6.683555751687751635e-04
9.580350129799435877e+01 6.517310899993843673e-04
9.673543425433136633e+01 6.353806291631216175e-04
9.767643263127766318e+01 6.193122232396196161e-04
9.862658461312820180e+01 6.035134908716531868e-04
9.958597924199507645e+01 5.879841511615537062e-04
1.005547064261513555e+02 5.727166697285812104e-04
1.015328569484565975e+02 5.577063912359311740e-04
1.025205224748657002e+02 5.429495129475334428e-04
1.035177955630176285e+02 5.284434228821558019e-04
1.045247696709102172e+02 5.141782272291288598e-04
1.055415391656582784e+02 5.001580275839491267e-04
1.065681993323370733e+02 4.863631338018921651e-04
1.076048463829117878e+02 4.728039350538504760e-04
1.086515774652539505e+02 4.594695053829437746e-04
1.097084906722451905e+02 4.463509909666824450e-04
1.107756850509708642e+02 4.334563620728690606e-04
1.118532606120007102e+02 4.207637116338004408e-04
1.129413183387621018e+02 4.082785768284511981e-04
1.140399601970033103e+02 3.959940166320949427e-04
1.151492891443491402e+02 3.839071461957298476e-04
1.162694091399494027e+02 3.720075425694361476e-04
1.174004251542213098e+02 3.602954723720680074e-04
1.185424431786863977e+02 3.487684443405085120e-04
1.196955702359042846e+02 3.374141555181357690e-04
1.208599143895007444e+02 3.262265182182243445e-04
1.220355847542956980e+02 3.152027573348928184e-04
1.232226915065284345e+02 3.043380840419344078e-04
1.244213458941827213e+02 2.936253183276222320e-04
1.256316602474121424e+02 2.830587604943360022e-04
1.268537479890670454e+02 2.726281767744111553e-04
1.280877236453237629e+02 2.623296115643317301e-04
1.293337028564169486e+02 2.521556491429665400e-04
1.305918023874777987e+02 2.420980598861498028e-04
1.318621401394748602e+02 2.321390018086550810e-04
1.331448351602640230e+02 2.222900650977417735e-04
1.344400076557447221e+02 2.125201968819712074e-04
1.357477790011246839e+02 2.028262080419849784e-04
1.370682717522946348e+02 1.931918416741879474e-04
1.384016096573132870e+02 1.836031949805608146e-04
1.397479176680040780e+02 1.740414986654030473e-04
1.411073219516657957e+02 1.644870766733883948e-04
1.424799499028946457e+02 1.549137055595597372e-04
1.438659301555238414e+02 1.452915204990623370e-04
1.452653925946781328e+02 1.355820566995636679e-04
1.466784683689457722e+02 1.257358245677173570e-04
1.481052899026690000e+02 1.156886304686078162e-04
1.495459909083537866e+02 1.053510797684709506e-04
1.510007063992007659e+02 9.459412833553343966e-05
1.524695727017573006e+02 8.321834321215382160e-05
1.539527274686944622e+02 7.088493320828436481e-05
1.554503096917050300e+02 5.692544166181044441e-05
1.569624597145302403e+02 3.958975058953722323e-05
1.584893192461114211e+02 0.000000000000000000e+00
