1.000000000000000021e-02 1.910531890446844683e+00
1.009727545900835841e-02 1.910528011393164416e+00
1.019549716950923779e-02 1.910524046883448568e+00
1.029467433620748044e-02 1.910520013154174856e+00
1.039481625334708927e-02 1.910516058545772333e+00
1.049593230558227772e-02 1.910512017261620343e+00
1.059803196885688789e-02 1.910507875612399653e+00
1.070112481129246833e-02 1.910503640705998762e+00
1.080522049408488318e-02 1.910499321965911657e+00
1.091032877240974419e-02 1.910490574423639343e+00
1.101645949633656314e-02 1.910486638058942477e+00
1.112362261175187626e-02 1.910481971019516445e+00
1.123182816129126085e-02 1.910477192890977394e+00
1.134108628528052165e-02 1.910472299396489992e+00
1.145140722268592030e-02 1.910467292423289498e+00
1.156280131207376022e-02 1.910462165932788503e+00
1.167527899257919492e-02 1.910456925483575263e+00
1.178885080488457221e-02 1.910451644215712452e+00
1.190352739220719262e-02 1.910446257709206730e+00
1.201931950129673729e-02 1.910440773505162948e+00
1.213623798344241195e-02 1.910435196993071072e+00
1.225429379548980714e-02 1.910429525541059048e+00
1.237349800086776086e-02 1.910423725244533300e+00
1.249386177062509519e-02 1.910417833761631545e+00
1.261539638447754796e-02 1.910411777022204882e+00
1.273811323186478488e-02 1.910405705931411902e+00
1.286202381301779218e-02 1.910399531279484586e+00
1.298713974003655978e-02 1.910393219890457850e+00
1.311347273797833224e-02 1.910386769881690094e+00
1.324103464595636874e-02 1.910380227528738040e+00
1.336983741824946531e-02 1.910373614134818876e+00
1.349989312542219239e-02 1.910366859702983033e+00
1.363121395545611320e-02 1.910359977613082849e+00
1.376381221489191876e-02 1.910352949369731768e+00
1.389770032998276401e-02 1.910345749019954242e+00
1.403289084785873213e-02 1.910338385485508939e+00
1.416939643770268736e-02 1.910332013031927456e+00
1.430722989193757184e-02 1.910324149633479296e+00
1.444640412742520530e-02 1.910316091765060342e+00
1.458693218667675602e-02 1.910307815616885563e+00
1.472882723907502529e-02 1.910299354153477625e+00
1.487210258210860774e-02 1.910290687316313907e+00
1.501677164261799868e-02 1.910281810292029148e+00
1.516284797805393485e-02 1.910272749889372124e+00
1.531034527774784160e-02 1.910263507524867510e+00
1.545927736419477720e-02 1.910254555526958997e+00
1.560965819434872483e-02 1.910244371429042687e+00
1.576150186093060873e-02 1.910234470728130463e+00
1.591482259374891323e-02 1.910224350439822416e+00
1.606963476103326349e-02 1.910214038765852385e+00
1.622595287078087284e-02 1.910203545690035698e+00
1.638379157211618947e-02 1.910195523261501327e+00
1.654316565666366645e-02 1.910183010565196238e+00
1.670409005993399310e-02 1.910172775489816122e+00
1.686657986272368723e-02 1.910161587591139742e+00
1.703065029252844378e-02 1.910150159473561482e+00
1.719631672497009753e-02 1.910138479500317121e+00
1.736359468523754335e-02 1.910126559617736142e+00
1.753249984954170088e-02 1.910114435026342150e+00
1.770304804658450262e-02 1.910102052123570759e+00
1.787525525904235316e-02 1.910089528340402687e+00
1.804913762506383731e-02 1.910076758961668508e+00
1.822471143978214581e-02 1.910063691533729457e+00
1.840199315684210371e-02 1.910050332658833838e+00
1.858099938994215231e-02 1.910036753764376760e+00
1.876174691439120440e-02 1.910022875338475812e+00
1.894425266868081034e-02 1.910008629880062925e+00
1.912853375607242307e-02 1.909994151231974469e+00
1.931460744620030340e-02 1.909982128813380919e+00
1.950249117668984011e-02 1.909967080779274573e+00
1.969220255479172538e-02 1.909949108561296960e+00
1.988375935903200636e-02 1.909933415561685610e+00
2.007717954087816226e-02 1.909917537754495021e+00
2.027248122642137662e-02 1.909901327067769383e+00
2.046968271807520987e-02 1.909884775990891015e+00
2.066880249629082095e-02 1.909867846661589930e+00
2.086985922128879734e-02 1.909850772223389281e+00
2.107287173480786382e-02 1.909833492904356778e+00
2.127785906187062287e-02 1.909815909544471557e+00
2.148484041256648255e-02 1.909797963881676663e+00
2.169383518385184506e-02 1.909779712012709796e+00
2.190486296136792688e-02 1.909761004386372418e+00
2.211794352127614133e-02 1.909741867285938310e+00
2.233309683211144592e-02 1.909722274193419667e+00
2.255034305665360936e-02 1.909702214122390052e+00
2.276970255381680075e-02 1.909681784755832945e+00
2.299119588055741764e-02 1.909661111777515075e+00
2.321484379380064564e-02 1.909639971181964047e+00
2.344066725238556220e-02 1.909618318995525810e+00
2.366868741902936057e-02 1.909596365106750460e+00
2.389892566231050300e-02 1.909574012075901495e+00
2.413140355867127856e-02 1.909551307437725276e+00
2.436614289443983158e-02 1.909528105295369205e+00
2.460316566787181664e-02 1.909504656498590913e+00
2.484249409121190577e-02 1.909480747398687894e+00
2.508415059277539771e-02 1.909456294820038424e+00
2.532815781905008515e-02 1.909431340956473377e+00
2.557453863681850847e-02 1.909405863569624717e+00
2.582331613530085626e-02 1.909379850249547816e+00
2.607451362831877603e-02 1.909353230546137592e+00
2.632815465648021339e-02 1.909326065545085660e+00
2.658426298938541474e-02 1.909298443383514732e+00
2.684286262785454819e-02 1.909270331005500587e+00
2.710397780617682106e-02 1.909241857195323577e+00
2.736763299438163891e-02 1.909212771780204765e+00
2.763385290053169824e-02 1.909183043478822839e+00
2.790266247303856487e-02 1.909152873134248862e+00
2.817408690300057458e-02 1.909126109400126170e+00
2.844815162656363222e-02 1.909094637248277548e+00
2.872488232730495070e-02 1.909062502626775792e+00
2.900430493863991738e-02 1.909027099401187755e+00
2.928644564625237229e-02 1.908993886922472738e+00
2.957133089054861039e-02 1.908959931313193747e+00
2.985898736913520854e-02 1.908924968779425857e+00
3.014944203932094433e-02 1.908889641371924961e+00
3.044272212064302874e-02 1.908853496244435233e+00
3.073885509741795460e-02 1.908816207749761462e+00
3.103786872131722788e-02 1.908779168408667015e+00
3.133979101396793671e-02 1.908740289150052227e+00
3.164465026957891114e-02 1.908700680396548055e+00
3.195247505759213347e-02 1.908658963536585151e+00
3.226329422536015901e-02 1.908617988269507348e+00
3.257713690084949876e-02 1.908576099437430118e+00
3.289403249537032475e-02 1.908533419660753072e+00
3.321401070633261954e-02 1.908490165702670494e+00
3.353710152002930406e-02 1.908446051484528949e+00
3.386333521444636480e-02 1.908401104247181124e+00
3.419274236210027851e-02 1.908355457486091700e+00
3.452535383290306070e-02 1.908308934904719534e+00
3.486120079705520153e-02 1.908261505615243214e+00
3.520031472796678745e-02 1.908217056872407058e+00
3.554272740520694751e-02 1.908167845228424087e+00
3.588847091748199186e-02 1.908114982478885890e+00
3.623757766564258964e-02 1.908066169325188355e+00
3.659008036572020811e-02 1.908012124443486002e+00
3.694601205199302130e-02 1.907959573747851190e+00
3.730540608008161424e-02 1.907905917289794751e+00
3.766829613007490613e-02 1.907851147002737946e+00
3.803471620968648659e-02 1.907796860508627734e+00
3.840470065744145539e-02 1.907738185141181653e+00
3.877828414589457040e-02 1.907680145168687558e+00
3.915550168487941241e-02 1.907620815700252992e+00
3.953638862478930927e-02 1.907560204365261081e+00
3.992098065989020672e-02 1.907498033698448392e+00
4.030931383166566628e-02 1.907435003737824708e+00
4.070142453219438572e-02 1.907371096775483554e+00
4.109734950756069316e-02 1.907305303886215775e+00
4.149712586129815362e-02 1.907237953805376307e+00
4.190079105786669034e-02 1.907168196048106390e+00
4.230838292616342228e-02 1.907098287772243106e+00
4.271993966306778662e-02 1.907026979633733577e+00
4.313549983702118923e-02 1.906955912632687822e+00
4.355510239164130798e-02 1.906881945245585186e+00
4.397878664937160398e-02 1.906806466122568766e+00
4.440659231516640160e-02 1.906729351538150263e+00
4.483855948021186338e-02 1.906650558514297433e+00
4.527472862568297785e-02 1.906569948969440986e+00
4.571514062653719151e-02 1.906487545136916539e+00
4.615983675534499064e-02 1.906404131410728731e+00
4.660885868615767536e-02 1.906318921947153688e+00
4.706224849841281199e-02 1.906232199443496311e+00
4.752004868087766204e-02 1.906143839122397710e+00
4.798230213563085128e-02 1.906054109882486358e+00
4.844905218208294534e-02 1.905962633703351949e+00
4.892034256103611894e-02 1.905873947415685832e+00
4.939621743878321036e-02 1.905778965144744319e+00
4.987672141124663283e-02 1.905682969312392450e+00
5.036189950815770505e-02 1.905584297786997228e+00
5.085179719727656034e-02 1.905483688143256638e+00
5.134646038865306461e-02 1.905377446311502521e+00
5.184593543892913187e-02 1.905274908141463275e+00
5.235026915568305461e-02 1.905166434514715235e+00
5.285950880181603667e-02 1.905058867408420342e+00
5.337370209998133774e-02 1.904947401612521629e+00
5.389289723705643909e-02 1.904833757900125546e+00
5.441714286865893119e-02 1.904718238626396554e+00
5.494648812370611646e-02 1.904600214312888173e+00
5.548098260901916656e-02 1.904478887947137045e+00
5.602067641397187603e-02 1.904358312002053299e+00
5.656562011518465050e-02 1.904234149312304725e+00
5.711586478126431943e-02 1.904107980420739032e+00
5.767146197758996756e-02 1.903977937756401229e+00
5.823246377114527778e-02 1.903847165484981119e+00
5.879892273539785025e-02 1.903714063899776932e+00
5.937089195522609469e-02 1.903577657031988446e+00
5.994842503189409116e-02 1.903437549884332780e+00
6.053157608807464840e-02 1.903295284193700088e+00
6.112039977292132997e-02 1.903149656718589489e+00
6.171495126718981594e-02 1.903002860915601335e+00
6.231528628840921763e-02 1.902852268009857850e+00
6.292146109610344262e-02 1.902698189947158891e+00
6.353353249706343575e-02 1.902540999582881032e+00
6.415155785067082339e-02 1.902380810886762363e+00
6.477559507427335661e-02 1.902218627194715683e+00
6.540570264861225724e-02 1.902053627137325176e+00
6.604193962330305590e-02 1.901884852410677951e+00
6.668436562236895737e-02 1.901709950998640819e+00
6.733304084982863480e-02 1.901534475172148797e+00
6.798802609533814711e-02 1.901355121606173926e+00
6.864938273988777095e-02 1.901172444612574841e+00
6.931717276155408003e-02 1.900986204935583457e+00
6.999145874130821565e-02 1.900796574652153126e+00
7.067230386888070925e-02 1.900602840680133632e+00
7.135977194868306506e-02 1.900405372530167947e+00
7.205392740578704658e-02 1.900201972261956973e+00
7.275483529196229149e-02 1.899995992846715609e+00
7.346256129177256011e-02 1.899786720840836551e+00
7.417717172873124210e-02 1.899573997139407666e+00
7.489873357151664857e-02 1.899357359535890355e+00
7.562731444024800576e-02 1.899137503220297729e+00
7.636298261282241373e-02 1.898912931720978747e+00
7.710580703131336699e-02 1.898682913737482547e+00
7.785585730843146146e-02 1.898448436826001062e+00
7.861320373404813433e-02 1.898208897258151895e+00
7.937791728178281159e-02 1.897964556037199158e+00
8.015006961565404597e-02 1.897715300811306793e+00
8.092973309679550586e-02 1.897461530187297907e+00
8.171698079023696770e-02 1.897203180815002943e+00
8.251188647175167201e-02 1.896939896559503236e+00
8.331452463477014014e-02 1.896671915361596295e+00
8.412497049736118726e-02 1.896398272760732251e+00
8.494330000928071445e-02 1.896119781152637351e+00
8.576958985908941790e-02 1.895840844343794407e+00
8.660391748133952627e-02 1.895551992635594374e+00
8.744636106383144036e-02 1.895254787001038554e+00
8.829699955494091368e-02 1.894955755108763906e+00
8.915591267101763417e-02 1.894649258544325976e+00
9.002318090385581784e-02 1.894338298719680180e+00
9.089888552823731371e-02 1.894020801541821175e+00
9.178310860954806694e-02 1.893696983981734361e+00
9.267593301146882789e-02 1.893366947868339478e+00
9.357744240374062106e-02 1.893024500580887892e+00
9.448772127000577836e-02 1.892686370629766079e+00
9.540685491572513388e-02 1.892334826046756957e+00
9.633492947617222635e-02 1.891977295389345670e+00
9.727203192450542546e-02 1.891612530619439791e+00
9.821825007991856482e-02 1.891240403918091673e+00
9.917367261587073379e-02 1.890860458944707556e+00
1.001383890683960748e-01 1.890475055355368639e+00
1.011124898444945991e-01 1.890087620903350141e+00
1.020960662306047012e-01 1.889684604256875788e+00
1.030892104011576216e-01 1.889277481372529266e+00
1.040920154272158005e-01 1.888863237869305323e+00
1.051045752851944987e-01 1.888442070827013541e+00
1.061269848656690717e-01 1.888011588447084943e+00
1.071593399822671072e-01 1.887572536074091811e+00
1.082017373806478805e-01 1.887125246746794049e+00
1.092542747475682557e-01 1.886669558260303914e+00
1.103170507200377515e-01 1.886204370623931315e+00
1.113901648945616746e-01 1.885731679193932253e+00
1.124737178364751955e-01 1.885247894408375036e+00
1.135678110893671017e-01 1.884753655362748193e+00
1.146725471845963656e-01 1.884249067227606433e+00
1.157880296509002094e-01 1.883738911425602014e+00
1.169143630240966764e-01 1.883218016988711607e+00
1.180516528568804902e-01 1.882686949363291617e+00
1.192000057287153220e-01 1.882145934784029917e+00
1.203595292558212876e-01 1.881594138816084394e+00
1.215303321012602134e-01 1.881033280859785828e+00
1.227125239851190319e-01 1.880461930523643410e+00
1.239062156947916271e-01 1.879877696656896413e+00
1.251115190953615564e-01 1.879282362970348119e+00
1.263285471400849291e-01 1.878677663837273748e+00
1.275574138809759950e-01 1.878061854616326798e+00
1.287982344794950385e-01 1.877433293663109959e+00
1.300511252173409127e-01 1.876791660997390698e+00
1.313162035073478784e-01 1.876139860990065911e+00
1.325935879044890797e-01 1.875475279942365514e+00
1.338833981169864351e-01 1.874799005617800329e+00
1.351857550175293021e-01 1.874105265796966346e+00
1.365007806546013891e-01 1.873400880199663776e+00
1.378285982639189389e-01 1.872684100803645446e+00
1.391693322799789911e-01 1.871954396452889302e+00
1.405231083477211373e-01 1.871210889663882604e+00
1.418900533343016301e-01 1.870454220286839275e+00
1.432702953409830948e-01 1.869684417736267701e+00
1.446639637151387880e-01 1.868895377998304630e+00
1.460711890623745679e-01 1.868097434744067309e+00
1.474921032587684921e-01 1.867281507535076601e+00
1.489268394632288772e-01 1.866448886782226868e+00
1.503755321299738434e-01 1.865601939737674630e+00
1.518383170211306810e-01 1.864738802001165263e+00
1.533153312194593942e-01 1.863857511528836275e+00
1.548067131411984265e-01 1.862961939251268406e+00
1.563126025490369497e-01 1.862050260995117057e+00
1.578331405652117214e-01 1.861122519319635238e+00
1.593684696847328941e-01 1.860177449350806089e+00
1.609187337887370006e-01 1.859214093513985366e+00
1.624840781579713067e-01 1.858231719855391262e+00
1.640646494864078653e-01 1.857230868957328918e+00
1.656605958949914359e-01 1.856211436465566633e+00
1.672720669455196874e-01 1.855174734627424327e+00
1.688992136546599021e-01 1.854119210611873569e+00
1.705421885081006561e-01 1.853041504984397791e+00
1.722011454748421100e-01 1.851945345861838899e+00
1.738762400216251336e-01 1.850830738630086403e+00
1.755676291275001522e-01 1.849693290979757654e+00
1.772754712985387948e-01 1.848535898138334188e+00
1.789999265826875408e-01 1.847358833986881832e+00
1.807411565847668600e-01 1.846157687413565229e+00
1.824993244816152382e-01 1.844937120403882691e+00
1.842745950373816666e-01 1.843691591518454187e+00
1.860671346189656239e-01 1.842423692874943786e+00
1.878771112116086051e-01 1.841132582015233998e+00
1.897046944346358344e-01 1.839819249687274283e+00
1.915500555573527997e-01 1.838479540921517996e+00
1.934133675150944698e-01 1.837120255655969370e+00
1.952948049254327745e-01 1.835734778093386144e+00
1.971945441045395986e-01 1.834321444962401015e+00
1.991127630837108697e-01 1.832883090874250831e+00
2.010496416260497965e-01 1.831422036716317425e+00
2.030053612433137811e-01 1.829930504594774021e+00
2.049801052129238688e-01 1.828414216239271362e+00
2.069740585951406198e-01 1.826869215474344887e+00
2.089874082504071251e-01 1.825296482803736353e+00
2.110203428568595552e-01 1.823697100601380905e+00
2.130730529280097374e-01 1.822071485887639231e+00
2.151457308305980698e-01 1.820414076814482085e+00
2.172385708026215445e-01 1.818728697494251589e+00
2.193517689715359098e-01 1.817009582081311470e+00
2.214855233726360506e-01 1.815263821735348726e+00
2.236400339676138660e-01 1.813483905002355900e+00
2.258155026632983065e-01 1.811674216391761849e+00
2.280121333305757114e-01 1.809833200711405743e+00
2.302301318234963867e-01 1.807960759971525277e+00
2.324697059985647851e-01 1.806055339107724977e+00
2.347310657342196183e-01 1.804115025376526127e+00
2.370144229505012079e-01 1.802140910569650867e+00
2.393199916289123208e-01 1.800131017261943578e+00
2.416479878324700736e-01 1.798085785598478203e+00
2.439986297259550130e-01 1.796009153953434412e+00
2.463721375963552895e-01 1.793894447974621498e+00
2.487687338735107279e-01 1.791743205729681376e+00
2.511886431509580686e-01 1.789553413480664767e+00
2.536320922069775774e-01 1.787326566912930570e+00
2.560993100258459609e-01 1.785060466050710559e+00
2.585905278192945911e-01 1.782757982073728931e+00
2.611059790481781162e-01 1.780418957668047142e+00
2.636458994443517945e-01 1.778036245662642179e+00
2.662105270327638773e-01 1.775608070766658386e+00
2.688001021537606006e-01 1.773141907855350974e+00
2.714148674856106669e-01 1.770639010212153419e+00
2.740550680672460548e-01 1.768094998147893948e+00
2.767209513212268712e-01 1.765502444239809954e+00
2.794127670769268601e-01 1.762865735933947686e+00
2.821307675939472293e-01 1.760190357581712828e+00
2.848752075857552413e-01 1.757469853694182627e+00
2.876463442435557849e-01 1.754700992015467254e+00
2.904444372603925406e-01 1.751883129363483560e+00
2.932697488554852905e-01 1.749024177090552579e+00
2.961225437988035947e-01 1.746119552396913521e+00
2.990030894358785551e-01 1.743166281339232793e+00
3.019116557128577738e-01 1.740160887151746882e+00
3.048485152018017286e-01 1.737110508012796206e+00
3.078139431262288950e-01 1.734009949276301255e+00
3.108082173869063936e-01 1.730859716141837312e+00
3.138316185878944342e-01 1.727658608798845474e+00
3.168844300628416155e-01 1.724406387111588668e+00
3.199669379015380732e-01 1.721101412684115983e+00
3.230794309767249795e-01 1.717743357525671533e+00
3.262222009711669979e-01 1.714335571949813009e+00
3.293955424049855307e-01 1.710875806807425237e+00
3.325997526632606949e-01 1.707354936983559668e+00
3.358351320238990301e-01 1.703780325317281852e+00
3.391019836857747105e-01 1.700150893915971073e+00
3.424006137971423724e-01 1.696467952205454655e+00
3.457313314843284413e-01 1.692728488051005176e+00
3.490944488806992929e-01 1.688931023742946902e+00
3.524902811559130766e-01 1.685074401034245328e+00
3.559191465454557002e-01 1.681157890896217255e+00
3.593813663804627523e-01 1.677184405728130656e+00
3.628772651178337472e-01 1.673150072968593749e+00
3.664071703706370808e-01 1.669059242666261378e+00
3.699714129388128048e-01 1.664903656564300505e+00
3.735703268401719401e-01 1.660689048145835622e+00
3.772042493416999376e-01 1.656410045436137457e+00
3.808735209911614517e-01 1.652071254867817363e+00
3.845784856490158665e-01 1.647665815874797879e+00
3.883194905206404091e-01 1.643199009753017803e+00
3.920968861888690649e-01 1.638670365285724628e+00
3.959110266468458539e-01 1.634073534034844455e+00
3.997622693312000708e-01 1.629415280041354164e+00
4.036509751555413805e-01 1.624688148792477360e+00
4.075775085442840395e-01 1.619894056042613606e+00
4.115422374667966343e-01 1.615037046449440128e+00
4.155455334718875515e-01 1.610110611065665775e+00
4.195877717226225712e-01 1.605118532724555180e+00
4.236693310314835759e-01 1.600058635844044064e+00
4.277905938958687093e-01 1.594928129541629769e+00
4.319519465339363706e-01 1.589727367971045080e+00
4.361537789208005944e-01 1.584463309350787164e+00
4.403964848250754294e-01 1.579128112134585704e+00
4.446804618457780300e-01 1.573718740336083277e+00
4.490061114495874639e-01 1.568245977515193568e+00
4.533738390084691150e-01 1.562697241608197007e+00
4.577840538376618529e-01 1.557080092080974421e+00
4.622371692340384031e-01 1.551392222189613701e+00
4.667336025148346446e-01 1.545630250715300358e+00
4.712737750567601580e-01 1.539803564278136028e+00
4.758581123354846953e-01 1.533894781000810781e+00
4.804870439655131720e-01 1.527924252215425049e+00
4.851610037404442966e-01 1.521878099985850552e+00
4.898804296736250508e-01 1.515755690475393047e+00
4.946457640391963562e-01 1.509566681428607282e+00
4.994574534135413635e-01 1.503302226895201432e+00
5.043159487171361421e-01 1.496966303475366855e+00
5.092217052568053237e-01 1.490556814223547688e+00
5.141751827683928022e-01 1.484077620341418768e+00
5.191768454598426619e-01 1.477522803798929640e+00
5.242271620547044320e-01 1.470893718254383531e+00
5.293266058360561743e-01 1.464198460631952248e+00
5.344756546908600026e-01 1.457427587600556240e+00
5.396747911547442600e-01 1.450588486112440512e+00
5.449245024572260121e-01 1.443669157635560918e+00
5.502252805673685243e-01 1.436682928437285733e+00
5.555776222398878250e-01 1.429629138842667180e+00
5.609820290617031358e-01 1.422500058088034480e+00
5.664390074989449353e-01 1.415296025312347661e+00
5.719490689444144405e-01 1.408025824324307784e+00
5.775127297655114900e-01 1.400685814863186884e+00
5.831305113526221717e-01 1.393276171652273243e+00
5.888029401679826247e-01 1.385794815764509469e+00
5.945305477950136863e-01 1.378246281731986711e+00
6.003138709881384871e-01 1.370628366955323640e+00
6.061534517230839914e-01 1.362945873319510559e+00
6.120498372476699256e-01 1.355192321789101539e+00
6.180035801330957534e-01 1.347374693694499026e+00
6.240152383257209223e-01 1.339489871959474776e+00
6.300853751993553686e-01 1.331538728876467514e+00
6.362145596080520660e-01 1.323526928683576021e+00
6.424033659394193796e-01 1.315443634761465308e+00
6.486523741684461219e-01 1.307312205477702438e+00
6.549621699118558515e-01 1.299101172420003225e+00
6.613333444829840868e-01 1.290839036559526587e+00
6.677664949471955325e-01 1.282517570903159765e+00
6.742622241778342129e-01 1.274133124445523402e+00
6.808211409127237213e-01 1.265693236657430276e+00
6.874438598112112553e-01 1.257191790343873183e+00
6.941310015117725385e-01 1.248640370518514287e+00
7.008831926901714082e-01 1.240029148632759259e+00
7.077010661181889484e-01 1.231367772822482554e+00
7.145852607229240538e-01 1.222653111490343836e+00
7.215364216466665370e-01 1.213884147060158236e+00
7.285552003073593186e-01 1.205068615617212346e+00
7.356422544596413760e-01 1.196203710112414997e+00
7.427982482564918776e-01 1.187289584360674555e+00
7.500238523114668432e-01 1.178332153119588277e+00
7.573197437615483141e-01 1.169331256106683314e+00
7.646866063305975958e-01 1.160281200055731654e+00
7.721251303934327792e-01 1.151197392086084959e+00
7.796360130405233235e-01 1.142069121210735227e+00
7.872199581433195759e-01 1.132900838957106249e+00
7.948776764202123424e-01 1.123700198095400449e+00
8.026098855031396084e-01 1.114461174402902044e+00
8.104173100048355227e-01 1.105188126909981028e+00
8.183006815867394090e-01 1.095885387488750640e+00
8.262607390275591435e-01 1.086552579993437018e+00
8.342982282925082149e-01 1.077187153908318873e+00
8.424139026032094746e-01 1.067798095749893372e+00
8.506085225082840040e-01 1.058384167393821240e+00
8.588828559546254349e-01 1.048948216966853364e+00
8.672376783593644944e-01 1.039487863826640268e+00
8.756737726825394308e-01 1.030007355317587692e+00
8.841919295004664336e-01 1.020508939991258135e+00
8.927929470798307010e-01 1.011000080755048991e+00
9.014776314524917122e-01 1.001472153213267102e+00
9.102467964910225806e-01 9.919324264024156346e-01
9.191012639849772681e-01 9.823830401540886159e-01
9.280418637179072006e-01 9.728248334074021120e-01
9.370694335451198453e-01 9.632616024724109938e-01
9.461848194722002336e-01 9.536926998966762659e-01
9.553888757342895444e-01 9.441239539313553975e-01
9.646824648761427312e-01 9.345512113786960118e-01
9.740664578329562007e-01 9.249778808434075961e-01
9.835417340119908536e-01 9.154126646941196377e-01
9.931091813749796104e-01 9.058503826553192528e-01
1.002769696521346621e+00 8.962960232291454776e-01
1.012524184772224167e+00 8.867488611830357526e-01
1.022373560255302127e+00 8.772143254156247183e-01
1.032318745990486564e+00 8.676910921286751233e-01
1.042360673976402197e+00 8.581852493122075209e-01
1.052500285277732761e+00 8.486963305552515102e-01
1.062738530113414459e+00 8.392226193539382706e-01
1.073076367945679621e+00 8.297736991560499265e-01
1.083514767569973225e+00 8.203439750720067369e-01
1.094054707205742494e+00 8.109399315844867395e-01
1.104697174588111785e+00 8.015614406572516559e-01
1.115443167060441221e+00 7.922105083880650600e-01
1.126293691667795249e+00 7.828894161406965146e-01
1.137249765251314271e+00 7.736015588705050794e-01
1.148312414543511073e+00 7.643434440544658592e-01
1.159482676264482759e+00 7.551242370928030745e-01
1.170761597219069250e+00 7.459377630971356643e-01
1.182150234394952371e+00 7.367936345726437963e-01
1.193649655061713055e+00 7.276867691512646230e-01
1.205260936870842681e+00 7.186215658639042436e-01
1.216985167956738056e+00 7.096019362712283618e-01
1.228823447038673411e+00 7.006242243770723910e-01
1.240776883523764251e+00 6.916949406523492661e-01
1.252846597610937529e+00 6.828122453895651978e-01
1.265033720395903893e+00 6.739782764279009797e-01
1.277339393977160009e+00 6.651952822914966035e-01
1.289764771563017165e+00 6.564692377343218643e-01
1.302311017579677488e+00 6.477846810197360750e-01
1.314979307780347773e+00 6.391667564827667736e-01
1.327770829355430449e+00 6.306007283951734488e-01
1.340686781043774811e+00 6.220898866411970207e-01
1.353728373245021821e+00 6.136403218733015308e-01
1.366896828133026487e+00 6.052475003040393986e-01
1.380193379770397355e+00 5.969179246306166586e-01
1.393619274224142002e+00 5.886494567654597665e-01
1.407175769682446731e+00 5.804423984012243576e-01
1.420864136572576708e+00 5.723020673404708436e-01
1.434685657679937831e+00 5.642217189266275357e-01
1.448641628268290127e+00 5.562108282745655830e-01
1.462733356201129986e+00 5.482681733720415895e-01
1.476962162064259898e+00 5.403874049135164448e-01
1.491329379289537682e+00 5.325787279647266059e-01
1.505836354279841416e+00 5.248373708574557428e-01
1.520484446535244283e+00 5.171647489669576325e-01
1.535275028780422657e+00 5.095670617052633355e-01
1.550209487093291205e+00 5.020355382440165881e-01
1.565289221034902312e+00 4.945756036011876855e-01
1.580515643780601165e+00 4.871896411797828064e-01
1.595890182252465817e+00 4.798754547660648573e-01
1.611414277253019778e+00 4.726338515754128222e-01
1.627089383600260675e+00 4.654664596070400284e-01
1.642916970263993193e+00 4.583735882540542206e-01
1.658898520503498064e+00 4.513518632397773289e-01
1.675035532006524441e+00 4.444058317807232927e-01
1.691329517029648732e+00 4.375354856351612587e-01
1.707782002539993016e+00 4.307417394452585091e-01
1.724394530358320354e+00 4.240199468971949659e-01
1.741168657303530987e+00 4.173725393860007182e-01
1.758105955338547632e+00 4.108017371878775470e-01
1.775208011717636092e+00 4.043097977181396296e-01
1.792476429135148930e+00 3.978866475629898036e-01
1.809912825875727105e+00 3.915463110772910982e-01
1.827518835965944666e+00 3.852777140475923123e-01
1.845296109327445366e+00 3.790838624965258696e-01
1.863246311931559873e+00 3.729680325126571439e-01
1.881371125955437096e+00 3.669261392531426580e-01
1.899672249939675650e+00 3.609599659215125822e-01
1.918151398947507635e+00 3.550679601144150488e-01
1.936810304725519849e+00 3.492489955892739140e-01
1.955650715865949074e+00 3.435082990860334196e-01
1.974674397970537454e+00 3.378407684921892473e-01
1.993883133816001019e+00 3.322472665324801011e-01
2.013278723521096492e+00 3.267259736631931699e-01
2.032862984715323673e+00 3.212791042569511091e-01
2.052637752709252084e+00 3.159062780273559357e-01
2.072604880666519822e+00 3.106064445505972160e-01
2.092766239777499759e+00 3.053781415936538401e-01
2.113123719434652603e+00 3.002212713081294226e-01
2.133679227409597701e+00 2.951370570182950681e-01
2.154434690031884259e+00 2.901226767133074924e-01
2.175392052369522489e+00 2.851802790535125642e-01
2.196553278411258248e+00 2.803075142866629510e-01
2.217920351250634692e+00 2.755057479542146193e-01
2.239495273271823184e+00 2.707707598705089702e-01
2.261280066337279404e+00 2.661056853549196299e-01
2.283276771977218012e+00 2.615086464497998753e-01
2.305487451580938707e+00 2.569802780831942357e-01
2.327914186589993051e+00 2.525183055880798610e-01
2.350559078693253756e+00 2.481219885507920386e-01
2.373424250023866033e+00 2.437913652907976736e-01
2.396511843358130278e+00 2.395270904328259676e-01
2.419824022316292567e+00 2.353272795828297848e-01
2.443362971565319341e+00 2.311907182077316547e-01
2.467130897023623426e+00 2.271184389919644053e-01
2.491130026067788439e+00 2.231083652242996929e-01
2.515362607741312928e+00 2.191602312801942398e-01
2.539830912965362675e+00 2.152751954008228497e-01
2.564537234751594674e+00 2.114502201655185931e-01
2.589483888417040802e+00 2.076836243394004355e-01
2.614673211801092023e+00 2.039793928848971927e-01
2.640107565484572927e+00 2.003327151154669084e-01
2.665789333010967876e+00 1.967440454380780801e-01
2.691720921109787668e+00 1.932136782861024193e-01
2.717904759922122881e+00 1.897388816246052545e-01
2.744343303228365283e+00 1.863222975303388540e-01
2.771039028678170535e+00 1.829597129057970728e-01
2.797994438022641805e+00 1.796528498996408096e-01
2.825212057348790218e+00 1.763997206715695043e-01
2.852694437316245057e+00 1.731988634391085913e-01
2.880444153396297668e+00 1.700534542183924913e-01
2.908463806113254169e+00 1.669589687751283080e-01
2.936756021288137397e+00 1.639152947509334990e-01
2.965323450284773621e+00 1.609229846466523617e-01
2.994168770258243573e+00 1.579808259105413282e-01
3.023294684405779531e+00 1.550880574359622122e-01
3.052703922220086241e+00 1.522442028565781369e-01
3.082399239745143404e+00 1.494482847725879804e-01
3.112383419834465759e+00 1.466994139406119224e-01
3.142659272411905569e+00 1.439980333115013222e-01
3.173229634734976212e+00 1.413426088387480517e-01
3.204097371660752813e+00 1.387325823817022463e-01
3.235265375914330388e+00 1.361674673940436453e-01
3.266736568359921655e+00 1.336464583085894275e-01
3.298513898274578082e+00 1.311681339093453691e-01
3.330600343624588788e+00 1.287333455479547639e-01
3.362998911344535991e+00 1.263422617344661381e-01
3.395712637619100693e+00 1.239912496797943020e-01
3.428744588167585317e+00 1.216809049568511186e-01
3.462097858531227423e+00 1.194104144286335101e-01
3.495775574363275240e+00 1.171821421323549911e-01
3.529780891721914671e+00 1.149925078519945104e-01
3.564116997366032269e+00 1.128406045159696391e-01
3.598787109053855460e+00 1.107263451888336331e-01
3.633794475844513094e+00 1.086494335842657227e-01
3.669142378402494131e+00 1.066100835455804086e-01
3.704834129305105694e+00 1.046071129337563799e-01
3.740873073352900313e+00 1.026394717775855059e-01
3.777262587883141176e+00 1.007064874182188180e-01
3.814006083086284082e+00 9.880786214417487667e-02
3.851107002325572903e+00 9.694381441823564372e-02
3.888568822459721019e+00 9.511358691557991740e-02
3.926395054168756449e+00 9.331585190030872168e-02
3.964589242282997805e+00 9.154991640106029116e-02
4.003154966115265445e+00 8.981586266074892411e-02
4.042095839796306045e+00 8.811353764848268988e-02
4.081415512613501662e+00 8.644211371310117631e-02
4.121117669352832635e+00 8.480080393887678980e-02
4.161206030644208020e+00 8.318915299706276800e-02
4.201684353310133346e+00 8.160673669340720582e-02
4.242556430717777438e+00 8.005303129282760610e-02
4.283826093134470270e+00 7.852787190462609535e-02
4.325497208086633627e+00 7.703048683018742793e-02
4.367573680722233398e+00 7.556056845949585266e-02
4.410059454176736615e+00 7.411694999946019657e-02
4.452958509942654963e+00 7.270044556181563811e-02
4.496274868242640110e+00 7.130956400549853802e-02
4.540012588406244554e+00 6.994420588840383202e-02
4.584175769250333765e+00 6.860442947342458575e-02
4.628768549463215365e+00 6.728854887231154602e-02
4.673795107992464004e+00 6.599734240957152998e-02
4.719259664436561863e+00 6.472990285494227558e-02
4.765166479440326341e+00 6.348589835524798275e-02
4.811519855094205766e+00 6.226488628857618224e-02
4.858324135337417360e+00 6.106646286222396774e-02
4.905583706365050922e+00 5.989002459248204263e-02
4.953302997039108924e+00 5.873554058013143869e-02
5.001486479303548727e+00 5.760281074906742349e-02
5.050138668603383785e+00 5.649097006902820128e-02
5.099264124307808288e+00 5.539930184064044416e-02
5.148867450137498025e+00 5.432856027251611181e-02
5.198953294596024399e+00 5.327750176036754465e-02
5.249526351405507718e+00 5.224618832600060048e-02
5.300591359946452030e+00 5.123388318387898932e-02
5.352153105701904501e+00 5.024056222198552968e-02
5.404216420705915347e+00 4.926617975547168543e-02
5.456786183996381823e+00 4.830954068056568518e-02
5.509867322072253160e+00 4.737133574911041312e-02
5.563464809355226137e+00 4.644934471356861744e-02
5.617583668655908191e+00 4.554643284792208452e-02
5.672228971644543094e+00 4.466004546101969008e-02
5.727405839326266346e+00 4.378997897527107247e-02
5.783119442521027054e+00 4.293624860036084068e-02
5.839375002348160315e+00 4.209868761732202258e-02
5.896177790715694478e+00 4.127686885505053166e-02
5.953533130814370189e+00 4.047065978266963654e-02
6.011446397616513337e+00 3.967968877379141057e-02
6.069923018379741464e+00 3.890332769529736279e-02
6.128968473155564034e+00 3.814183111649143559e-02
6.188588295302960063e+00 3.739485412759973454e-02
6.248788072006894012e+00 3.666179674351746631e-02
6.309573444801936049e+00 3.594266134846763744e-02
6.370950110100935149e+00 3.523730854331316720e-02
6.432923819728876502e+00 3.454499677788196860e-02
6.495500381461869033e+00 3.386645307983601749e-02
6.558685659571435345e+00 3.320006247364997581e-02
6.622485575374063238e+00 3.254670792265135226e-02
6.686906107786136921e+00 3.190555647911606785e-02
6.751953293884205287e+00 3.127664989309468513e-02
6.817633229470763112e+00 3.065984004568900884e-02
6.883952069645496330e+00 3.005473155336060506e-02
6.950916029382126382e+00 2.946102735564445213e-02
7.018531384110795912e+00 2.887882761768207143e-02
7.086804470306189430e+00 2.830758687658984502e-02
7.155741686081340980e+00 2.774734341042555882e-02
7.225349491787214085e+00 2.719777252626384700e-02
7.295634410618154320e+00 2.665866828412618086e-02
7.366603029223159460e+00 2.612998078026187998e-02
7.438261998323163482e+00 2.561127200784155816e-02
7.510618033334286459e+00 2.510252530238172436e-02
7.583677914997190683e+00 2.460361260253316612e-02
7.657448490012479958e+00 2.410948702428659593e-02
7.731936671682362316e+00 2.363422581715822479e-02
7.807149440558499798e+00 2.315797847307912716e-02
7.883093845096216690e+00 2.270155105715210980e-02
7.959777002314985417e+00 2.224873536108088953e-02
8.037206098465421888e+00 2.180457351386170042e-02
8.115388389702712146e+00 2.136892072700801587e-02
8.194331202766655053e+00 2.094164521446757049e-02
8.274041935668218883e+00 2.052258269104854926e-02
8.354528058382872047e+00 2.011169093932693719e-02
8.435797113550611570e+00 1.970867758390304481e-02
8.517856717182803905e+00 1.931341005585917106e-02
8.600714559375941093e+00 1.892596169655054450e-02
8.684378405032257220e+00 1.854564805607704717e-02
8.768856094587436090e+00 1.817027463483169777e-02
8.854155544745349715e+00 1.780738594858946588e-02
8.940284749219998162e+00 1.744883609560240328e-02
9.027251779484577909e+00 1.709728161828820078e-02
9.115064785527916769e+00 1.675269150890140030e-02
9.203731996618220279e+00 1.641451172835614938e-02
9.293261722074316111e+00 1.608297801989938200e-02
9.383662352044273902e+00 1.575800113982791378e-02
9.474942358291729150e+00 1.543921143819468496e-02
9.567110294989774388e+00 1.512668160851430958e-02
9.660174799522645017e+00 1.482019709848649697e-02
9.754144593295098531e+00 1.451973505587949090e-02
9.849028482549766039e+00 1.422504003245867767e-02
9.944835359192397917e+00 1.393611318905193380e-02
1.004157420162519543e+01 1.365286232469332950e-02
1.013925407558815373e+01 1.337512305067778233e-02
1.023788413500867378e+01 1.310280511767683564e-02
1.033747362285940774e+01 1.283573460290023290e-02
1.043803187202444072e+01 1.257401745535491160e-02
1.053956830617394580e+01 1.231733725601280409e-02
1.064209244064724658e+01 1.206570077228078311e-02
1.074561388334458023e+01 1.181901331411695268e-02
1.085014233562746178e+01 1.157710449950255689e-02
1.095568759322787855e+01 1.134000959805435936e-02
1.106225954716621906e+01 1.110757383375057458e-02
1.116986818467823817e+01 1.087945087896913590e-02
1.127852359015096795e+01 1.065615750230419247e-02
1.138823594606782130e+01 1.043717630834887014e-02
1.149901553396274245e+01 1.022247014000473436e-02
1.161087273538378994e+01 1.001199528309871557e-02
1.172381803286598512e+01 9.805623940030839050e-03
1.183786201091373513e+01 9.603357063289939127e-03
1.195301535699265827e+01 9.405083028591930752e-03
1.206928886253119870e+01 9.210722221754565411e-03
1.218669342393191712e+01 9.020207211844469622e-03
1.230524004359261525e+01 8.833443160946764447e-03
1.242493983093746479e+01 8.650382919023863817e-03
1.254580400345803248e+01 8.471103245547039959e-03
1.266784388776455827e+01 8.295157023973426594e-03
1.279107092064739781e+01 8.122631554534310780e-03
1.291549665014884063e+01 7.953810974880366064e-03
1.304113273664525430e+01 7.788176112172289639e-03
1.316799095393986185e+01 7.625888050994235681e-03
1.329608319036608854e+01 7.466790428561550889e-03
1.342542144990170527e+01 7.310893268866646560e-03
1.355601785329368880e+01 7.158375390260485194e-03
1.368788463919415221e+01 7.008325107109070022e-03
1.382103416530724438e+01 6.861590964890959543e-03
1.395547890954729020e+01 6.716458725823565984e-03
1.409123147120805619e+01 6.576780340326248905e-03
1.422830457214353395e+01 6.438665685035371844e-03
1.436671105796013137e+01 6.303297505941986463e-03
1.450646389922046886e+01 6.170643976379282074e-03
1.464757619265895272e+01 6.040662577102859018e-03
1.479006116240903168e+01 5.913261715809675807e-03
1.493393216124253264e+01 5.788279743113127797e-03
1.507920267182097263e+01 5.666136069196256800e-03
1.522588630795911513e+01 5.546281350927309908e-03
1.537399681590069456e+01 5.428857719630219604e-03
1.552354807560667105e+01 5.313774758988222373e-03
1.567455410205595001e+01 5.201037963663493989e-03
1.582702904655883280e+01 5.090561979174351367e-03
1.598098719808309376e+01 4.982316667806836394e-03
1.613644298459311699e+01 4.876280574899604682e-03
1.629341097440194730e+01 4.772358809798040238e-03
1.645190587753662470e+01 4.670575450580890034e-03
1.661194254711659113e+01 4.570851443584118996e-03
1.677353598074571295e+01 4.473146931297566735e-03
1.693670132191772026e+01 4.377424783493614156e-03
1.710145386143542012e+01 4.283645195716731871e-03
1.726780903884355922e+01 4.191795615927181549e-03
1.743578244387577669e+01 4.101806590318207886e-03
1.760538981791556523e+01 4.013635111378987402e-03
1.777664705547142532e+01 3.927270627908823093e-03
1.794957020566648254e+01 3.842691574782813434e-03
1.812417547374237614e+01 3.759829656708571759e-03
1.830047922257800863e+01 3.678654069728921373e-03
1.847849797422290763e+01 3.599154374280435879e-03
1.865824841144566193e+01 3.521333243142276033e-03
1.883974737929719367e+01 3.444886635034966754e-03
1.902301188668945642e+01 3.370302823014930445e-03
1.920805910798935301e+01 3.297125843644172893e-03
1.939490638462828542e+01 3.225452092790993385e-03
1.958357122672716955e+01 3.155238434440444870e-03
1.977407131473744428e+01 3.086533616321783784e-03
1.996642450109793288e+01 3.019223318549302520e-03
2.016064881190793656e+01 2.953210866612076321e-03
2.035676244861640072e+01 2.888717596793145999e-03
2.055478378972772546e+01 2.825496704316088348e-03
2.075473139252405730e+01 2.763580618181942991e-03
2.095662399480432825e+01 2.702946827519205845e-03
2.116048051664034446e+01 2.643576269118866427e-03
2.136632006214970403e+01 2.585299904156634649e-03
2.157416192128621546e+01 2.528514919332591759e-03
2.178402557164756459e+01 2.472763206457485874e-03
2.199593068030074861e+01 2.418187915604748731e-03
2.220989710562497521e+01 2.364749982856217611e-03
2.242594489917278011e+01 2.312423895714414181e-03
2.264409430754907504e+01 2.261249151397519419e-03
2.286436577430861306e+01 2.211000421066617629e-03
2.308677994187169702e+01 2.161933691781877005e-03
2.331135765345874944e+01 2.113856932975612460e-03
2.353811995504354471e+01 2.066815199054589710e-03
2.376708809732560823e+01 2.020726103585041185e-03
2.399828353772154799e+01 1.975607332774077709e-03
2.423172794237600769e+01 1.931474968589074479e-03
2.446744318819203201e+01 1.888252544911814875e-03
2.470545136488123816e+01 1.845948322844420285e-03
2.494577477703398571e+01 1.804533970005740970e-03
2.518843594620949489e+01 1.763991615605296683e-03
2.543345761304651020e+01 1.724323448367858728e-03
2.568086273939435316e+01 1.685487720600812797e-03
2.593067451046487548e+01 1.647468067798487116e-03
2.618291633700505372e+01 1.610273180519745375e-03
2.643761185749101372e+01 1.573867266245825144e-03
2.669478494034320804e+01 1.538230554009493902e-03
2.695445968616333587e+01 1.503361207040014406e-03
2.721666042999271795e+01 1.469231350766745823e-03
2.748141174359293259e+01 1.435832567475440070e-03
2.774873843774846804e+01 1.403149344953426953e-03
2.801866556459195223e+01 1.371154979264487504e-03
2.829121841995168651e+01 1.339960563853488055e-03
2.856642254572233952e+01 1.309247157031434008e-03
2.884430373225852051e+01 1.279282711265681627e-03
2.912488802079168337e+01 1.249962260247975592e-03
2.940820170587063842e+01 1.221274552381430801e-03
2.969427133782552986e+01 1.193207029816693550e-03
2.998312372525609959e+01 1.165746699536717454e-03
3.027478593754393543e+01 1.138877746177297846e-03
3.056928530738937155e+01 1.112586748569810349e-03
3.086664943337274636e+01 1.086874146294261470e-03
3.116690618254088463e+01 1.061715362369809908e-03
3.147008369301855879e+01 1.037107771403669026e-03
3.177621037664554038e+01 1.013031476032552527e-03
3.208531492163897525e+01 9.894804654947814398e-04
3.239742629528198847e+01 9.664438240845952578e-04
3.271257374663825601e+01 9.439247901934747376e-04
3.303078680929315425e+01 9.218718130012389187e-04
3.335209530412127066e+01 9.003135407498267769e-04
3.367652934208116022e+01 8.792290152267837359e-04
3.400411932703705986e+01 8.586086951020453295e-04
3.433489595860830690e+01 8.384392117001573637e-04
3.466889023504609213e+01 8.187128816975629188e-04
3.500613345613854221e+01 7.994261715951299233e-04
3.534665722614391115e+01 7.805686881557457506e-04
3.569049345675229290e+01 7.621139075867983852e-04
3.603767437007633134e+01 7.440690224914761099e-04
3.638823250167062184e+01 7.264334882193460973e-04
3.674220070358090595e+01 7.091848866191529516e-04
3.709961214742267543e+01 6.923182238297731104e-04
3.746050032748993175e+01 6.758268880770328417e-04
3.782489906389385936e+01 6.597001405115328993e-04
3.819284250573236505e+01 6.439409655797866637e-04
3.856436513429023449e+01 6.285250267234072366e-04
3.893950176627063087e+01 6.134594365658711367e-04
3.931828755705770106e+01 5.987276317636076439e-04
3.970075800401124155e+01 5.843291106930664433e-04
4.008694894979318946e+01 5.702487046609041503e-04
4.047689658572676308e+01 5.564982214898858909e-04
4.087063745518780422e+01 5.430393845940385171e-04
4.126820845702955864e+01 5.298856270778268523e-04
4.166964684904057492e+01 5.170292421163223380e-04
4.207499025143619065e+01 5.044722159553493646e-04
4.248427665038425260e+01 4.921931565581264163e-04
4.289754440156466586e+01 4.801943949494033993e-04
4.331483223376402947e+01 4.684619928648130834e-04
4.373617925250492533e+01 4.570053168412231454e-04
4.416162494371084790e+01 4.458026806737803321e-04
4.459120917740628443e+01 4.348564553891582523e-04
4.502497221145327444e+01 4.241616688013615075e-04
4.546295469532399380e+01 4.137088323014891122e-04
4.590519767391037220e+01 4.034965456777879901e-04
4.635174259137027519e+01 3.935141649187134244e-04
4.680263129501155817e+01 3.837626931060569260e-04
4.725790603921362276e+01 3.742360246028860935e-04
4.771760948938745628e+01 3.649288845878350426e-04
4.818178472597362827e+01 3.558466551908678085e-04
4.865047524847972937e+01 3.469663863772504370e-04
4.912372497955678341e+01 3.382685083726682564e-04
4.960157826911540724e+01 3.297894043701373465e-04
5.008407989848212338e+01 3.215100751667826864e-04
5.057127508459573306e+01 3.134189614897325447e-04
5.106320948424492911e+01 3.055153838796529644e-04
5.155992919834686461e+01 2.977950474527711004e-04
5.206148077626762216e+01 2.902575609922096456e-04
5.256791122018424289e+01 2.828958515218228556e-04
5.307926798948964375e+01 2.757036952294654951e-04
5.359559900524011766e+01 2.686790321856825253e-04
5.411695265464637572e+01 2.618205562803977327e-04
5.464337779560780461e+01 2.551292943147557700e-04
5.517492376129128928e+01 2.485760988173782980e-04
5.571164036475430237e+01 2.421949408485123991e-04
5.625357790361330501e+01 2.359565579347088252e-04
5.680078716475694733e+01 2.298662568029128219e-04
5.735331942910571712e+01 2.239220895009532135e-04
5.791122647641758192e+01 2.181182564429003361e-04
5.847456059014062646e+01 2.124487476036701150e-04
5.904337456231242243e+01 2.069172619942598215e-04
5.961772169850755887e+01 2.015132254253539817e-04
6.019765582283304184e+01 1.962389662762425058e-04
6.078323128297230227e+01 1.910918374808950480e-04
6.137450295527852973e+01 1.860670099416719084e-04
6.197152624991698389e+01 1.811612362812265137e-04
6.257435711605789663e+01 1.763739592000200984e-04
6.318305204711957401e+01 1.717001263315831062e-04
6.379766808606282069e+01 1.671390448485126398e-04
6.441826283073628190e+01 1.626878331355782227e-04
6.504489443927437264e+01 1.583458317268608619e-04
6.567762163554736787e+01 1.541035842740682530e-04
6.631650371466487570e+01 1.499662832211963264e-04
6.696160054853221766e+01 1.459288688056856816e-04
6.761297259146149941e+01 1.419910248507339141e-04
6.827068088583682481e+01 1.381307841147630356e-04
6.893478706783510290e+01 1.343946722692353441e-04
6.960535337320180815e+01 1.307373586966224723e-04
7.028244264308352740e+01 1.271622898928625089e-04
7.096611832991698066e+01 1.236840720518897810e-04
7.165644450337531168e+01 1.202847991171760795e-04
7.235348585637258623e+01 1.169661855346177575e-04
7.305730771112592947e+01 1.137362076422868384e-04
7.376797602527737752e+01 1.105813051513450059e-04
7.448555739807494547e+01 1.075034978699072788e-04
7.521011907661404905e+01 1.045068647966695019e-04
7.594172896213913759e+01 1.015750593753926936e-04
7.668045561640717267e+01 9.871970391521011181e-05
7.742636826811269657e+01 9.593250382082054199e-05
7.817953681937576960e+01 9.321786896656142547e-05
7.894003185229233566e+01 9.056915911980075676e-05
7.970792463554894880e+01 8.798731338226303421e-05
8.048328713110151966e+01 8.546907771431956256e-05
8.126619200091946027e+01 8.301449891149543831e-05
8.205671261379453085e+01 8.061877633452810938e-05
8.285492305221690401e+01 7.828197559302844607e-05
8.366089811931756515e+01 7.600644753551143401e-05
8.447471334587828551e+01 7.378520985143954217e-05
8.529644499741024788e+01 7.161979877829310935e-05
8.612617008130067120e+01 6.951093245526613457e-05
8.696396635402970787e+01 6.745304628371773649e-05
8.780991232845718741e+01 6.544779847616315758e-05
8.866408728118061333e+01 6.349263481340085584e-05
8.952657125996400111e+01 6.158673967940686621e-05
9.039744509123974581e+01 5.972775552732510252e-05
9.127679038768296493e+01 5.791646649270652309e-05
9.216468955586012157e+01 5.615158714182282327e-05
9.306122580395103228e+01 5.442992551662073647e-05
9.396648314954700254e+01 5.275352785926936430e-05
9.488054642752423717e+01 5.111993717671287150e-05
9.580350129799435877e+01 4.952508352063407775e-05
9.673543425433136633e+01 4.797801508877200201e-05
9.767643263127766318e+01 4.645798418692299121e-05
9.862658461312820180e+01 4.498306015513961058e-05
9.958597924199507645e+01 4.354511192751834415e-05
1.005547064261513555e+02 4.214108253117527554e-05
1.015328569484565975e+02 4.077629989177007164e-05
1.025205224748657002e+02 3.944504359257171067e-05
1.035177955630176285e+02 3.814798772108557098e-05
1.045247696709102172e+02 3.688282394296730414e-05
1.055415391656582784e+02 3.565005293427547204e-05
1.065681993323370733e+02 3.444867173053444299e-05
1.076048463829117878e+02 3.327818991345352290e-05
1.086515774652539505e+02 3.213596156824388261e-05
1.097084906722451905e+02 3.102387596294356274e-05
1.107756850509708642e+02 2.993785473391762734e-05
1.118532606120007102e+02 2.888052060075985638e-05
1.129413183387621018e+02 2.784920846244659526e-05
1.140399601970033103e+02 2.684365680458885621e-05
1.151492891443491402e+02 2.586327428898007821e-05
1.162694091399494027e+02 2.490674125560284283e-05
1.174004251542213098e+02 2.397394391960686426e-05
1.185424431786863977e+02 2.306421097417186338e-05
1.196955702359042846e+02 2.217669747746662691e-05
1.208599143895007444e+02 2.131025201320935374e-05
1.220355847542956980e+02 2.046421046991765035e-05
1.232226915065284345e+02 1.963870730497041254e-05
1.244213458941827213e+02 1.883227641627732715e-05
1.256316602474121424e+02 1.804479186780948551e-05
1.268537479890670454e+02 1.727477580327236659e-05
1.280877236453237629e+02 1.652207638990780202e-05
1.293337028564169486e+02 1.578585361555140480e-05
1.305918023874777987e+02 1.506540240419690936e-05
1.318621401394748602e+02 1.435965822771483239e-05
1.331448351602640230e+02 1.366806967656477379e-05
1.344400076557447221e+02 1.298960967884699469e-05
1.357477790011246839e+02 1.232360494662478335e-05
1.370682717522946348e+02 1.166883789551352380e-05
1.384016096573132870e+02 1.102424208624343794e-05
1.397479176680040780e+02 1.038864734218971753e-05
1.411073219516657957e+02 9.760764183701748996e-06
1.424799499028946457e+02 9.138910580901163984e-06
1.438659301555238414e+02 8.521288306872928209e-06
1.452653925946781328e+02 7.905605784769277839e-06
1.466784683689457722e+02 7.288977874037088187e-06
1.481052899026690000e+02 6.667773821123758012e-06
1.495459909083537866e+02 6.036975206438214214e-06
1.510007063992007659e+02 5.389425459405164384e-06
1.524695727017573006e+02 4.714144656548346783e-06
1.539527274686944622e+02 3.992556995493387021e-06
1.554503096917050300e+02 3.188045513677845361e-06
1.569624597145302403e+02 2.204596054592680720e-06
1.584893192461114211e+02 0.000000000000000000e+00
