1.000000000000000021e-02 1.790989530162322430e+00
1.009727545900835841e-02 1.790984640152279317e+00
1.019549716950923779e-02 1.790980447314366897e+00
1.029467433620748044e-02 1.790976188895527343e+00
1.039481625334708927e-02 1.790971853385978640e+00
1.049593230558227772e-02 1.790967446188379553e+00
1.059803196885688789e-02 1.790962981736269999e+00
1.070112481129246833e-02 1.790958668180802515e+00
1.080522049408488318e-02 1.790954019813980391e+00
1.091032877240974419e-02 1.790949278936757372e+00
1.101645949633656314e-02 1.790944441347974925e+00
1.112362261175187626e-02 1.790939527601612902e+00
1.123182816129126085e-02 1.790934545254788901e+00
1.134108628528052165e-02 1.790967374219346375e+00
1.145140722268592030e-02 1.790951406934564227e+00
1.156280131207376022e-02 1.790918937290233437e+00
1.167527899257919492e-02 1.790913674103376874e+00
1.178885080488457221e-02 1.790910130019317315e+00
1.190352739220719262e-02 1.790904550189142297e+00
1.201931950129673729e-02 1.790898833603512763e+00
1.213623798344241195e-02 1.790890675220605077e+00
1.225429379548980714e-02 1.790887721104582386e+00
1.237349800086776086e-02 1.790881602353526558e+00
1.249386177062509519e-02 1.790875652393258521e+00
1.261539638447754796e-02 1.790869266093072509e+00
1.273811323186478488e-02 1.790862407132888912e+00
1.286202381301779218e-02 1.790855919720879985e+00
1.298713974003655978e-02 1.790849013602038076e+00
1.311347273797833224e-02 1.790842061650254280e+00
1.324103464595636874e-02 1.790834931635712834e+00
1.336983741824946531e-02 1.790827648954924856e+00
1.349989312542219239e-02 1.790820233912819415e+00
1.363121395545611320e-02 1.790812620459730331e+00
1.376381221489191876e-02 1.790805035387670330e+00
1.389770032998276401e-02 1.790796940437769491e+00
1.403289084785873213e-02 1.790788869682119921e+00
1.416939643770268736e-02 1.790780842090771152e+00
1.430722989193757184e-02 1.790772429572245139e+00
1.444640412742520530e-02 1.790763525549015966e+00
1.458693218667675602e-02 1.790755102175439761e+00
1.472882723907502529e-02 1.790746280456375406e+00
1.487210258210860774e-02 1.790737253440593646e+00
1.501677164261799868e-02 1.790728023679405423e+00
1.516284797805393485e-02 1.790719816428485434e+00
1.531034527774784160e-02 1.790710246138378370e+00
1.545927736419477720e-02 1.790698916455416345e+00
1.560965819434872483e-02 1.790690731329593666e+00
1.576150186093060873e-02 1.790680610184889332e+00
1.591482259374891323e-02 1.790668395525163881e+00
1.606963476103326349e-02 1.790659835597691929e+00
1.622595287078087284e-02 1.790647132148057041e+00
1.638379157211618947e-02 1.790639091126720261e+00
1.654316565666366645e-02 1.790624767602303713e+00
1.670409005993399310e-02 1.790613574896238402e+00
1.686657986272368723e-02 1.790602150395347758e+00
1.703065029252844378e-02 1.790590843969933399e+00
1.719631672497009753e-02 1.790579063153916461e+00
1.736359468523754335e-02 1.790567049427375323e+00
1.753249984954170088e-02 1.790554907689141162e+00
1.770304804658450262e-02 1.790542606837727257e+00
1.787525525904235316e-02 1.790529967336285111e+00
1.804913762506383731e-02 1.790520435526008924e+00
1.822471143978214581e-02 1.790506356187755443e+00
1.840199315684210371e-02 1.790493258521807851e+00
1.858099938994215231e-02 1.790479265252102881e+00
1.876174691439120440e-02 1.790461762834078652e+00
1.894425266868081034e-02 1.790447504182688609e+00
1.912853375607242307e-02 1.790432976826365374e+00
1.931460744620030340e-02 1.790418149152583904e+00
1.950249117668984011e-02 1.790403070554734466e+00
1.969220255479172538e-02 1.790387637852071556e+00
1.988375935903200636e-02 1.790371847353912305e+00
2.007717954087816226e-02 1.790357829488726793e+00
2.027248122642137662e-02 1.790341452926448085e+00
2.046968271807520987e-02 1.790324731472310749e+00
2.066880249629082095e-02 1.790307604751257609e+00
2.086985922128879734e-02 1.790290018556893292e+00
2.107287173480786382e-02 1.790266200531036356e+00
2.127785906187062287e-02 1.790247746452337640e+00
2.148484041256648255e-02 1.790229122797456052e+00
2.169383518385184506e-02 1.790216083528757274e+00
2.190486296136792688e-02 1.790196796115344435e+00
2.211794352127614133e-02 1.790176874546728580e+00
2.233309683211144592e-02 1.790156369083401033e+00
2.255034305665360936e-02 1.790135572327820279e+00
2.276970255381680075e-02 1.790114373509657186e+00
2.299119588055741764e-02 1.790092217588456380e+00
2.321484379380064564e-02 1.790070354852872692e+00
2.344066725238556220e-02 1.790048088938520410e+00
2.366868741902936057e-02 1.790025306832591534e+00
2.389892566231050300e-02 1.790002017470473161e+00
2.413140355867127856e-02 1.789978841890905725e+00
2.436614289443983158e-02 1.789954596070027382e+00
2.460316566787181664e-02 1.789929826455769479e+00
2.484249409121190577e-02 1.789904012649782272e+00
2.508415059277539771e-02 1.789877869348055706e+00
2.532815781905008515e-02 1.789851967693133039e+00
2.557453863681850847e-02 1.789825527856804710e+00
2.582331613530085626e-02 1.789798240650381844e+00
2.607451362831877603e-02 1.789770742496874512e+00
2.632815465648021339e-02 1.789742966708493865e+00
2.658426298938541474e-02 1.789714589834754843e+00
2.684286262785454819e-02 1.789685749866119835e+00
2.710397780617682106e-02 1.789656186975989716e+00
2.736763299438163891e-02 1.789626301957383259e+00
2.763385290053169824e-02 1.789595717586837997e+00
2.790266247303856487e-02 1.789564588237340326e+00
2.817408690300057458e-02 1.789534269801828392e+00
2.844815162656363222e-02 1.789500505753570003e+00
2.872488232730495070e-02 1.789467432185823492e+00
2.900430493863991738e-02 1.789433887977426085e+00
2.928644564625237229e-02 1.789399386133762926e+00
2.957133089054861039e-02 1.789364066465697345e+00
2.985898736913520854e-02 1.789328002552520447e+00
3.014944203932094433e-02 1.789291344987191223e+00
3.044272212064302874e-02 1.789253976684085368e+00
3.073885509741795460e-02 1.789215812089015145e+00
3.103786872131722788e-02 1.789177367046928424e+00
3.133979101396793671e-02 1.789137702507702432e+00
3.164465026957891114e-02 1.789097211663197573e+00
3.195247505759213347e-02 1.789055317195393568e+00
3.226329422536015901e-02 1.789013347254366115e+00
3.257713690084949876e-02 1.788970564377423189e+00
3.289403249537032475e-02 1.788927032158339703e+00
3.321401070633261954e-02 1.788881316685283940e+00
3.353710152002930406e-02 1.788837050367359405e+00
3.386333521444636480e-02 1.788790828484599249e+00
3.419274236210027851e-02 1.788743643887548140e+00
3.452535383290306070e-02 1.788695624095617775e+00
3.486120079705520153e-02 1.788646489724361466e+00
3.520031472796678745e-02 1.788596624797045731e+00
3.554272740520694751e-02 1.788545428606322041e+00
3.588847091748199186e-02 1.788493311293328336e+00
3.623757766564258964e-02 1.788440364754108503e+00
3.659008036572020811e-02 1.788386532495116699e+00
3.694601205199302130e-02 1.788331522820011177e+00
3.730540608008161424e-02 1.788275067232965032e+00
3.766829613007490613e-02 1.788217791257304734e+00
3.803471620968648659e-02 1.788159748225794710e+00
3.840470065744145539e-02 1.788100363098914070e+00
3.877828414589457040e-02 1.788039515608819574e+00
3.915550168487941241e-02 1.787978112841207334e+00
3.953638862478930927e-02 1.787915013218822846e+00
3.992098065989020672e-02 1.787848643291095385e+00
4.030931383166566628e-02 1.787782647928927604e+00
4.070142453219438572e-02 1.787718841902555589e+00
4.109734950756069316e-02 1.787651028992109037e+00
4.149712586129815362e-02 1.787580945560044432e+00
4.190079105786669034e-02 1.787511409432067211e+00
4.230838292616342228e-02 1.787438892524746636e+00
4.271993966306778662e-02 1.787364938444388374e+00
4.313549983702118923e-02 1.787289566529461471e+00
4.355510239164130798e-02 1.787212873560090287e+00
4.397878664937160398e-02 1.787134845281405537e+00
4.440659231516640160e-02 1.787055511264622920e+00
4.483855948021186338e-02 1.786974518468506412e+00
4.527472862568297785e-02 1.786891919325493738e+00
4.571514062653719151e-02 1.786807798582420448e+00
4.615983675534499064e-02 1.786722268218223331e+00
4.660885868615767536e-02 1.786635044352799184e+00
4.706224849841281199e-02 1.786545430323274397e+00
4.752004868087766204e-02 1.786454893798348209e+00
4.798230213563085128e-02 1.786362542481858995e+00
4.844905218208294534e-02 1.786268138549820028e+00
4.892034256103611894e-02 1.786171757476982869e+00
4.939621743878321036e-02 1.786075882824567307e+00
4.987672141124663283e-02 1.785975728989025679e+00
5.036189950815770505e-02 1.785870918386293305e+00
5.085179719727656034e-02 1.785766944152175073e+00
5.134646038865306461e-02 1.785660553342609536e+00
5.184593543892913187e-02 1.785554864922979101e+00
5.235026915568305461e-02 1.785442209027820804e+00
5.285950880181603667e-02 1.785330669249547197e+00
5.337370209998133774e-02 1.785216242374114692e+00
5.389289723705643909e-02 1.785099282009413368e+00
5.441714286865893119e-02 1.784980202923136750e+00
5.494648812370611646e-02 1.784856711205350166e+00
5.548098260901916656e-02 1.784735021435845503e+00
5.602067641397187603e-02 1.784606830705318226e+00
5.656562011518465050e-02 1.784478710148758474e+00
5.711586478126431943e-02 1.784347910435833517e+00
5.767146197758996756e-02 1.784213886583991382e+00
5.823246377114527778e-02 1.784074900143846287e+00
5.879892273539785025e-02 1.783938261926067526e+00
5.937089195522609469e-02 1.783795429939336596e+00
5.994842503189409116e-02 1.783654907008160651e+00
6.053157608807464840e-02 1.783504508499684338e+00
6.112039977292132997e-02 1.783358005083889308e+00
6.171495126718981594e-02 1.783201810777298446e+00
6.231528628840921763e-02 1.783046149630717503e+00
6.292146109610344262e-02 1.782889587027845835e+00
6.353353249706343575e-02 1.782725789634995284e+00
6.415155785067082339e-02 1.782565016734324770e+00
6.477559507427335661e-02 1.782396449105303038e+00
6.540570264861225724e-02 1.782224105192069086e+00
6.604193962330305590e-02 1.782044891395673458e+00
6.668436562236895737e-02 1.781866193175327240e+00
6.733304084982863480e-02 1.781684172159314183e+00
6.798802609533814711e-02 1.781499093767102027e+00
6.864938273988777095e-02 1.781310000820735651e+00
6.931717276155408003e-02 1.781117634376542247e+00
6.999145874130821565e-02 1.780919689430259467e+00
7.067230386888070925e-02 1.780723062521864408e+00
7.135977194868306506e-02 1.780517246212607319e+00
7.205392740578704658e-02 1.780309496670270386e+00
7.275483529196229149e-02 1.780098569301672873e+00
7.346256129177256011e-02 1.779882642081014765e+00
7.417717172873124210e-02 1.779664044533579181e+00
7.489873357151664857e-02 1.779440661397515777e+00
7.562731444024800576e-02 1.779209927597111607e+00
7.636298261282241373e-02 1.778976785091040735e+00
7.710580703131336699e-02 1.778739245846863382e+00
7.785585730843146146e-02 1.778496720925828445e+00
7.861320373404813433e-02 1.778250397689514095e+00
7.937791728178281159e-02 1.777998323744311326e+00
8.015006961565404597e-02 1.777740370481903254e+00
8.092973309679550586e-02 1.777477598725089036e+00
8.171698079023696770e-02 1.777211495478645098e+00
8.251188647175167201e-02 1.776940785593418948e+00
8.331452463477014014e-02 1.776663691296751058e+00
8.412497049736118726e-02 1.776381466307453305e+00
8.494330000928071445e-02 1.776091791471155368e+00
8.576958985908941790e-02 1.775798078781154921e+00
8.660391748133952627e-02 1.775500494736206303e+00
8.744636106383144036e-02 1.775196373860353116e+00
8.829699955494091368e-02 1.774885843361436955e+00
8.915591267101763417e-02 1.774570696950813931e+00
9.002318090385581784e-02 1.774248305717182950e+00
9.089888552823731371e-02 1.773920662277620020e+00
9.178310860954806694e-02 1.773585750891073509e+00
9.267593301146882789e-02 1.773242789568026057e+00
9.357744240374062106e-02 1.772892960378102956e+00
9.448772127000577836e-02 1.772535439431279336e+00
9.540685491572513388e-02 1.772173934719628363e+00
9.633492947617222635e-02 1.771806594082024899e+00
9.727203192450542546e-02 1.771428940071286373e+00
9.821825007991856482e-02 1.771046050290482787e+00
9.917367261587073379e-02 1.770656480653016507e+00
1.001383890683960748e-01 1.770259077888265864e+00
1.011124898444945991e-01 1.769854034780749430e+00
1.020960662306047012e-01 1.769442877124663749e+00
1.030892104011576216e-01 1.769022977451335743e+00
1.040920154272158005e-01 1.768591479752646078e+00
1.051045752851944987e-01 1.768154795949185898e+00
1.061269848656690717e-01 1.767710016331627720e+00
1.071593399822671072e-01 1.767257295735295664e+00
1.082017373806478805e-01 1.766794026962579478e+00
1.092542747475682557e-01 1.766321125265575720e+00
1.103170507200377515e-01 1.765840232428509626e+00
1.113901648945616746e-01 1.765353130643899648e+00
1.124737178364751955e-01 1.764854605741016380e+00
1.135678110893671017e-01 1.764344535657748958e+00
1.146725471845963656e-01 1.763826042890273005e+00
1.157880296509002094e-01 1.763296997205859196e+00
1.169143630240966764e-01 1.762759429215919438e+00
1.180516528568804902e-01 1.762211736249543970e+00
1.192000057287153220e-01 1.761653359550763298e+00
1.203595292558212876e-01 1.761083955544195057e+00
1.215303321012602134e-01 1.760503777863494212e+00
1.227125239851190319e-01 1.759910897094530080e+00
1.239062156947916271e-01 1.759306983521653489e+00
1.251115190953615564e-01 1.758693966413200194e+00
1.263285471400849291e-01 1.758068939985422352e+00
1.275574138809759950e-01 1.757430938044160396e+00
1.287982344794950385e-01 1.756782165541646457e+00
1.300511252173409127e-01 1.756121956022770103e+00
1.313162035073478784e-01 1.755447731290072477e+00
1.325935879044890797e-01 1.754761344988117422e+00
1.338833981169864351e-01 1.754062671195826040e+00
1.351857550175293021e-01 1.753350458191419659e+00
1.365007806546013891e-01 1.752624452305958647e+00
1.378285982639189389e-01 1.751882536239765864e+00
1.391693322799789911e-01 1.751127090747082393e+00
1.405231083477211373e-01 1.750359402139493037e+00
1.418900533343016301e-01 1.749578661958511638e+00
1.432702953409830948e-01 1.748782516317880953e+00
1.446639637151387880e-01 1.747971209941191040e+00
1.460711890623745679e-01 1.747142243917302551e+00
1.474921032587684921e-01 1.746299365529671022e+00
1.489268394632288772e-01 1.745443392882641831e+00
1.503755321299738434e-01 1.744566929718208481e+00
1.518383170211306810e-01 1.743678422015763729e+00
1.533153312194593942e-01 1.742770792844137162e+00
1.548067131411984265e-01 1.741844010637680018e+00
1.563126025490369497e-01 1.740904491060230486e+00
1.578331405652117214e-01 1.739972569947015879e+00
1.593684696847328941e-01 1.738967008758389943e+00
1.609187337887370006e-01 1.737973003263416194e+00
1.624840781579713067e-01 1.736962952529762294e+00
1.640646494864078653e-01 1.735929752223042577e+00
1.656605958949914359e-01 1.734880917880938123e+00
1.672720669455196874e-01 1.733809565334875291e+00
1.688992136546599021e-01 1.732717739500265752e+00
1.705421885081006561e-01 1.731607821432496808e+00
1.722011454748421100e-01 1.730477747894295204e+00
1.738762400216251336e-01 1.729325553715585162e+00
1.755676291275001522e-01 1.728153520175608415e+00
1.772754712985387948e-01 1.726960246705517399e+00
1.789999265826875408e-01 1.725746427702950614e+00
1.807411565847668600e-01 1.724510024951542597e+00
1.824993244816152382e-01 1.723245265851736097e+00
1.842745950373816666e-01 1.721962281431390851e+00
1.860671346189656239e-01 1.720654453597252997e+00
1.878771112116086051e-01 1.719324589127424696e+00
1.897046944346358344e-01 1.717971969236077312e+00
1.915500555573527997e-01 1.716592432563009529e+00
1.934133675150944698e-01 1.715188460697828488e+00
1.952948049254327745e-01 1.713759009430700919e+00
1.971945441045395986e-01 1.712303634436150190e+00
1.991127630837108697e-01 1.710822657617034226e+00
2.010496416260497965e-01 1.709314284795559802e+00
2.030053612433137811e-01 1.707778746747041998e+00
2.049801052129238688e-01 1.706215484857091846e+00
2.069740585951406198e-01 1.704624977097265459e+00
2.089874082504071251e-01 1.703006842660778730e+00
2.110203428568595552e-01 1.701356687536762280e+00
2.130730529280097374e-01 1.699677103270857970e+00
2.151457308305980698e-01 1.697971122770945307e+00
2.172385708026215445e-01 1.696235456896624472e+00
2.193517689715359098e-01 1.694467414651119608e+00
2.214855233726360506e-01 1.692667675449303299e+00
2.236400339676138660e-01 1.690835563220166593e+00
2.258155026632983065e-01 1.688973151847023235e+00
2.280121333305757114e-01 1.687078182771121204e+00
2.302301318234963867e-01 1.685147416199711756e+00
2.324697059985647851e-01 1.683185114902017832e+00
2.347310657342196183e-01 1.681187409231643670e+00
2.370144229505012079e-01 1.679155383255644285e+00
2.393199916289123208e-01 1.677089702296904017e+00
2.416479878324700736e-01 1.674984033751726331e+00
2.439986297259550130e-01 1.672844288558231085e+00
2.463721375963552895e-01 1.670667326248744144e+00
2.487687338735107279e-01 1.668454838133063944e+00
2.511886431509580686e-01 1.666203905098233351e+00
2.536320922069775774e-01 1.663913208181306169e+00
2.560993100258459609e-01 1.661585454239683957e+00
2.585905278192945911e-01 1.659216655039261079e+00
2.611059790481781162e-01 1.656808507985139123e+00
2.636458994443517945e-01 1.654357408747926250e+00
2.662105270327638773e-01 1.651868268878652124e+00
2.688001021537606006e-01 1.649333848870960573e+00
2.714148674856106669e-01 1.646757381313874058e+00
2.740550680672460548e-01 1.644136368889026034e+00
2.767209513212268712e-01 1.641474282348548197e+00
2.794127670769268601e-01 1.638769876761360766e+00
2.821307675939472293e-01 1.636017914497116976e+00
2.848752075857552413e-01 1.633221123274689823e+00
2.876463442435557849e-01 1.630379541054161274e+00
2.904444372603925406e-01 1.627487827348788940e+00
2.932697488554852905e-01 1.624553471295315576e+00
2.961225437988035947e-01 1.621569533904636984e+00
2.990030894358785551e-01 1.618535405215512091e+00
3.019116557128577738e-01 1.615449404015862900e+00
3.048485152018017286e-01 1.612321100460530676e+00
3.078139431262288950e-01 1.609140676232242217e+00
3.108082173869063936e-01 1.605907879421893281e+00
3.138316185878944342e-01 1.602624060721454136e+00
3.168844300628416155e-01 1.599287073908258527e+00
3.199669379015380732e-01 1.595898109537457366e+00
3.230794309767249795e-01 1.592455046786011241e+00
3.262222009711669979e-01 1.588962387360166595e+00
3.293955424049855307e-01 1.585412177853562810e+00
3.325997526632606949e-01 1.581801275262740836e+00
3.358351320238990301e-01 1.578140136844888186e+00
3.391019836857747105e-01 1.574427745509632492e+00
3.424006137971423724e-01 1.570653801939174476e+00
3.457313314843284413e-01 1.566818836844588114e+00
3.490944488806992929e-01 1.562927181551525990e+00
3.524902811559130766e-01 1.558983724246932434e+00
3.559191465454557002e-01 1.554976727458421637e+00
3.593813663804627523e-01 1.550905914613271763e+00
3.628772651178337472e-01 1.546779382720081752e+00
3.664071703706370808e-01 1.542593152849154770e+00
3.699714129388128048e-01 1.538343840920648686e+00
3.735703268401719401e-01 1.534039014270437651e+00
3.772042493416999376e-01 1.529657978438047294e+00
3.808735209911614517e-01 1.525222232863674421e+00
3.845784856490158665e-01 1.520729780968054667e+00
3.883194905206404091e-01 1.516156660453339633e+00
3.920968861888690649e-01 1.511528283764404623e+00
3.959110266468458539e-01 1.506834450525986302e+00
3.997622693312000708e-01 1.502076128732244387e+00
4.036509751555413805e-01 1.497250774815889196e+00
4.075775085442840395e-01 1.492360967611704448e+00
4.115422374667966343e-01 1.487402713431339674e+00
4.155455334718875515e-01 1.482379110452648696e+00
4.195877717226225712e-01 1.477280995048549705e+00
4.236693310314835759e-01 1.472122954877372880e+00
4.277905938958687093e-01 1.466895833056209186e+00
4.319519465339363706e-01 1.461597266308155119e+00
4.361537789208005944e-01 1.456230840274808758e+00
4.403964848250754294e-01 1.450796048579369835e+00
4.446804618457780300e-01 1.445290250121296971e+00
4.490061114495874639e-01 1.439714351609878928e+00
4.533738390084691150e-01 1.434069523716557937e+00
4.577840538376618529e-01 1.428353303387426276e+00
4.622371692340384031e-01 1.422566707213880344e+00
4.667336025148346446e-01 1.416710613881449143e+00
4.712737750567601580e-01 1.410784164460900714e+00
4.758581123354846953e-01 1.404782345372567409e+00
4.804870439655131720e-01 1.398712956103360883e+00
4.851610037404442966e-01 1.392572051259925336e+00
4.898804296736250508e-01 1.386354546425294654e+00
4.946457640391963562e-01 1.380075066299848663e+00
4.994574534135413635e-01 1.373718856122807752e+00
5.043159487171361421e-01 1.367288211888527005e+00
5.092217052568053237e-01 1.360792872835162814e+00
5.141751827683928022e-01 1.354221076684285263e+00
5.191768454598426619e-01 1.347578633168140749e+00
5.242271620547044320e-01 1.340868153504537474e+00
5.293266058360561743e-01 1.334086123109209154e+00
5.344756546908600026e-01 1.327231289466074715e+00
5.396747911547442600e-01 1.320306945901310369e+00
5.449245024572260121e-01 1.313312287748089391e+00
5.502252805673685243e-01 1.306272118630440460e+00
5.555776222398878250e-01 1.299114420408192361e+00
5.609820290617031358e-01 1.291911361538010006e+00
5.664390074989449353e-01 1.284638838730692845e+00
5.719490689444144405e-01 1.277300709181996119e+00
5.775127297655114900e-01 1.269889686619961156e+00
5.831305113526221717e-01 1.262405774175065609e+00
5.888029401679826247e-01 1.254874648623149902e+00
5.945305477950136863e-01 1.247265957177857487e+00
6.003138709881384871e-01 1.239589980174691242e+00
6.061534517230839914e-01 1.231850644025472397e+00
6.120498372476699256e-01 1.224048878446414523e+00
6.180035801330957534e-01 1.216182906388362683e+00
6.240152383257209223e-01 1.208234435780569216e+00
6.300853751993553686e-01 1.200262069329615766e+00
6.362145596080520660e-01 1.192207618980729134e+00
6.424033659394193796e-01 1.184096656610388765e+00
6.486523741684461219e-01 1.175925263475326110e+00
6.549621699118558515e-01 1.167694502786051025e+00
6.613333444829840868e-01 1.159406687764351185e+00
6.677664949471955325e-01 1.151064841641037617e+00
6.742622241778342129e-01 1.142674734549665949e+00
6.808211409127237213e-01 1.134214148652847420e+00
6.874438598112112553e-01 1.125708975998046091e+00
6.941310015117725385e-01 1.117152986412787596e+00
7.008831926901714082e-01 1.108547650443702848e+00
7.077010661181889484e-01 1.099889156022193282e+00
7.145852607229240538e-01 1.091188235921373817e+00
7.215364216466665370e-01 1.082436071122460763e+00
7.285552003073593186e-01 1.073643878995594214e+00
7.356422544596413760e-01 1.064804549138516743e+00
7.427982482564918776e-01 1.055925983690365166e+00
7.500238523114668432e-01 1.047003527816009916e+00
7.573197437615483141e-01 1.038046736819794091e+00
7.646866063305975958e-01 1.029048203682312090e+00
7.721251303934327792e-01 1.020015777848838567e+00
7.796360130405233235e-01 1.010948461915393892e+00
7.872199581433195759e-01 1.001849672980282824e+00
7.948776764202123424e-01 9.927204639658483432e-01
8.026098855031396084e-01 9.835595098073179887e-01
8.104173100048355227e-01 9.743718845087467884e-01
8.183006815867394090e-01 9.651623500096314645e-01
8.262607390275591435e-01 9.559270186331818575e-01
8.342982282925082149e-01 9.466648505047358109e-01
8.424139026032094746e-01 9.373895364301662037e-01
8.506085225082840040e-01 9.280928664719856336e-01
8.588828559546254349e-01 9.187788752369721035e-01
8.672376783593644944e-01 9.094539116616395802e-01
8.756737726825394308e-01 9.001103920791173607e-01
8.841919295004664336e-01 8.907627239890693049e-01
8.927929470798307010e-01 8.814013408036057706e-01
9.014776314524917122e-01 8.720359126655117255e-01
9.102467964910225806e-01 8.626651328252634698e-01
9.191012639849772681e-01 8.532880921251378981e-01
9.280418637179072006e-01 8.439164119301175715e-01
9.370694335451198453e-01 8.345427708478500017e-01
9.461848194722002336e-01 8.251712851862336162e-01
9.553888757342895444e-01 8.158034419521074110e-01
9.646824648761427312e-01 8.064455399719200335e-01
9.740664578329562007e-01 7.970971318944771733e-01
9.835417340119908536e-01 7.877585665853770180e-01
9.931091813749796104e-01 7.784337293828593740e-01
1.002769696521346621e+00 7.691214425390825449e-01
1.012524184772224167e+00 7.598295677472195475e-01
1.022373560255302127e+00 7.505537571453565482e-01
1.032318745990486564e+00 7.413022575197649733e-01
1.042360673976402197e+00 7.320709794863604625e-01
1.052500285277732761e+00 7.228655649260038452e-01
1.062738530113414459e+00 7.136841823105244398e-01
1.073076367945679621e+00 7.045318245168982196e-01
1.083514767569973225e+00 6.954151616315181750e-01
1.094054707205742494e+00 6.863240253008631164e-01
1.104697174588111785e+00 6.772692527234684956e-01
1.115443167060441221e+00 6.682697578551533013e-01
1.126293691667795249e+00 6.592710219273811845e-01
1.137249765251314271e+00 6.503327411055193075e-01
1.148312414543511073e+00 6.414383277056109334e-01
1.159482676264482759e+00 6.325733998642777411e-01
1.170761597219069250e+00 6.237596179806226271e-01
1.182150234394952371e+00 6.149935830693458172e-01
1.193649655061713055e+00 6.062770619303363695e-01
1.205260936870842681e+00 5.976079102860913927e-01
1.216985167956738056e+00 5.889886176147788310e-01
1.228823447038673411e+00 5.804205906471248122e-01
1.240776883523764251e+00 5.719085995255925869e-01
1.252846597610937529e+00 5.634548130594345672e-01
1.265033720395903893e+00 5.550525433070012671e-01
1.277339393977160009e+00 5.466004937312869405e-01
1.289764771563017165e+00 5.384215680610964228e-01
1.302311017579677488e+00 5.302058475544044747e-01
1.314979307780347773e+00 5.220467332908733660e-01
1.327770829355430449e+00 5.139501231809268100e-01
1.340686781043774811e+00 5.059167023680883890e-01
1.353728373245021821e+00 4.979499659270225087e-01
1.366896828133026487e+00 4.900549187549736452e-01
1.380193379770397355e+00 4.822154670730140480e-01
1.393619274224142002e+00 4.744501254221692443e-01
1.407175769682446731e+00 4.667565758353588445e-01
1.420864136572576708e+00 4.591293738695987336e-01
1.434685657679937831e+00 4.515762657289519311e-01
1.448641628268290127e+00 4.440935588399039236e-01
1.462733356201129986e+00 4.366833414619156750e-01
1.476962162064259898e+00 4.293496797215810568e-01
1.491329379289537682e+00 4.220854445664559695e-01
1.505836354279841416e+00 4.148985737537156382e-01
1.520484446535244283e+00 4.077866270944372484e-01
1.535275028780422657e+00 4.007537634207661292e-01
1.550209487093291205e+00 3.937881011583126423e-01
1.565289221034902312e+00 3.869086368902269757e-01
1.580515643780601165e+00 3.801021203191895514e-01
1.595890182252465817e+00 3.733738424910779119e-01
1.611414277253019778e+00 3.667257135728479445e-01
1.627089383600260675e+00 3.601552326685968919e-01
1.642916970263993193e+00 3.536585127656594052e-01
1.658898520503498064e+00 3.472458526538032553e-01
1.675035532006524441e+00 3.409096290440615240e-01
1.691329517029648732e+00 3.346545407290212881e-01
1.707782002539993016e+00 3.284759300514375480e-01
1.724394530358320354e+00 3.223767973613050342e-01
1.741168657303530987e+00 3.163595824056057992e-01
1.758105955338547632e+00 3.104181746237928419e-01
1.775208011717636092e+00 3.045596531563064535e-01
1.792476429135148930e+00 2.987770673774117203e-01
1.809912825875727105e+00 2.930731350704057214e-01
1.827518835965944666e+00 2.874514514991934888e-01
1.845296109327445366e+00 2.819068399987116336e-01
1.863246311931559873e+00 2.764395719418844544e-01
1.881371125955437096e+00 2.710506492114985733e-01
1.899672249939675650e+00 2.657399296679386347e-01
1.918151398947507635e+00 2.605079335093491433e-01
1.936810304725519849e+00 2.553534375249013055e-01
1.955650715865949074e+00 2.502737065499483493e-01
1.974674397970537454e+00 2.452720339095631197e-01
1.993883133816001019e+00 2.403469203247566854e-01
2.013278723521096492e+00 2.354967650066416007e-01
2.032862984715323673e+00 2.307219735900607749e-01
2.052637752709252084e+00 2.260233659583764931e-01
2.072604880666519822e+00 2.213968070640161823e-01
2.092766239777499759e+00 2.168453458004978018e-01
2.113123719434652603e+00 2.123676984798845424e-01
2.133679227409597701e+00 2.079636662917711820e-01
2.154434690031884259e+00 2.036301780502903780e-01
2.175392052369522489e+00 1.993657159156858871e-01
2.196553278411258248e+00 1.951779145266293869e-01
2.217920351250634692e+00 1.910580336129422963e-01
2.239495273271823184e+00 1.869924739345715237e-01
2.261280066337279404e+00 1.830269021588978307e-01
2.283276771977218012e+00 1.791205168998250552e-01
2.305487451580938707e+00 1.752692149084728868e-01
2.327914186589993051e+00 1.714916286285444735e-01
2.350559078693253756e+00 1.677811118941121837e-01
2.373424250023866033e+00 1.641357140275608861e-01
2.396511843358130278e+00 1.605547567885959870e-01
2.419824022316292567e+00 1.570170082647140419e-01
2.443362971565319341e+00 1.535867076490540495e-01
2.467130897023623426e+00 1.501652638853090971e-01
2.491130026067788439e+00 1.468696913614803146e-01
2.515362607741312928e+00 1.435665510687564872e-01
2.539830912965362675e+00 1.403983232165873785e-01
2.564537234751594674e+00 1.372533524604925281e-01
2.589483888417040802e+00 1.341674417239836492e-01
2.614673211801092023e+00 1.311141566349682819e-01
2.640107565484572927e+00 1.281727765883342862e-01
2.665789333010967876e+00 1.252558939986035680e-01
2.691720921109787668e+00 1.223989464304888058e-01
2.717904759922122881e+00 1.195971593571107799e-01
2.744343303228365283e+00 1.168150860376978434e-01
2.771039028678170535e+00 1.141562852440840409e-01
2.797994438022641805e+00 1.115159199128596956e-01
2.825212057348790218e+00 1.089099963904893442e-01
2.852694437316245057e+00 1.063918621438498940e-01
2.880444153396297668e+00 1.039056505723114920e-01
2.908463806113254169e+00 1.014698822670140749e-01
2.936756021288137397e+00 9.908343798923686940e-02
2.965323450284773621e+00 9.674967580368862285e-02
2.994168770258243573e+00 9.445498861541183622e-02
3.023294684405779531e+00 9.221227557263246555e-02
3.052703922220086241e+00 9.001454736198208351e-02
3.082399239745143404e+00 8.786334873302742432e-02
3.112383419834465759e+00 8.575647780311822233e-02
3.142659272411905569e+00 8.369406634442926041e-02
3.173229634734976212e+00 8.167453243177018318e-02
3.204097371660752813e+00 7.969784936539701936e-02
3.235265375914330388e+00 7.776297669993142980e-02
3.266736568359921655e+00 7.586930783604266260e-02
3.298513898274578082e+00 7.401783316239947397e-02
3.330600343624588788e+00 7.220280339532092473e-02
3.362998911344535991e+00 7.042846780485854941e-02
3.395712637619100693e+00 6.869165138833298323e-02
3.428744588167585317e+00 6.699485189146638098e-02
3.462097858531227423e+00 6.533359487969601920e-02
3.495775574363275240e+00 6.370857448829027325e-02
3.529780891721914671e+00 6.211872222776521069e-02
3.564116997366032269e+00 6.056661570225927577e-02
3.598787109053855460e+00 5.904580343504532008e-02
3.633794475844513094e+00 5.756158017736533183e-02
3.669142378402494131e+00 5.610934017577056537e-02
3.704834129305105694e+00 5.468952775063038590e-02
3.740873073352900313e+00 5.329970392856844819e-02
3.777262587883141176e+00 5.194639241053878448e-02
3.814006083086284082e+00 5.062006020536058415e-02
3.851107002325572903e+00 4.932473872325425501e-02
3.888568822459721019e+00 4.805900112785419648e-02
3.926395054168756449e+00 4.682225182380687217e-02
3.964589242282997805e+00 4.561398477673101609e-02
4.003154966115265445e+00 4.443339375576171174e-02
4.042095839796306045e+00 4.328131455162433083e-02
4.081415512613501662e+00 4.215451846970562355e-02
4.121117669352832635e+00 4.105443904752919398e-02
4.161206030644208020e+00 3.998055010930963438e-02
4.201684353310133346e+00 3.893126832066633874e-02
4.242556430717777438e+00 3.790712370746883442e-02
4.283826093134470270e+00 3.690690217553480729e-02
4.325497208086633627e+00 3.593076894203593719e-02
4.367573680722233398e+00 3.497957234832255874e-02
4.410059454176736615e+00 3.404741130498493973e-02
4.452958509942654963e+00 3.313532135135910384e-02
4.496274868242640110e+00 3.224461521673079034e-02
4.540012588406244554e+00 3.138837546140536838e-02
4.584175769250333765e+00 3.054444686423429464e-02
4.628768549463215365e+00 2.972100400958230942e-02
4.673795107992464004e+00 2.891762084853231191e-02
4.719259664436561863e+00 2.811308529249774077e-02
4.765166479440326341e+00 2.736918437169793064e-02
4.811519855094205766e+00 2.662232894885748977e-02
4.858324135337417360e+00 2.589588808862335403e-02
4.905583706365050922e+00 2.518638930237435819e-02
4.953302997039108924e+00 2.449448563753057681e-02
5.001486479303548727e+00 2.381973162726257198e-02
5.050138668603383785e+00 2.316180430146794200e-02
5.099264124307808288e+00 2.252033853221902318e-02
5.148867450137498025e+00 2.189497910877231945e-02
5.198953294596024399e+00 2.128531991886535232e-02
5.249526351405507718e+00 2.069102453979613371e-02
5.300591359946452030e+00 2.011180292928874472e-02
5.352153105701904501e+00 1.954258980493191189e-02
5.404216420705915347e+00 1.899461365597606560e-02
5.456786183996381823e+00 1.846090178372986751e-02
5.509867322072253160e+00 1.793914042649487686e-02
5.563464809355226137e+00 1.742943018118938217e-02
5.617583668655908191e+00 1.693349219892653634e-02
5.672228971644543094e+00 1.645031796139721433e-02
5.727405839326266346e+00 1.597862473758098270e-02
5.783119442521027054e+00 1.552129615182131460e-02
5.839375002348160315e+00 1.507477057802348447e-02
5.896177790715694478e+00 1.463993744753097799e-02
5.953533130814370189e+00 1.421646026554338957e-02
6.011446397616513337e+00 1.380410352792348257e-02
6.069923018379741464e+00 1.340201202311346387e-02
6.128968473155564034e+00 1.301167665451868558e-02
6.188588295302960063e+00 1.263110588420962056e-02
6.248788072006894012e+00 1.226058834067943019e-02
6.309573444801936049e+00 1.190001262485312558e-02
6.370950110100935149e+00 1.154901831870879837e-02
6.432923819728876502e+00 1.120747758605673133e-02
6.495500381461869033e+00 1.087468060283276576e-02
6.558685659571435345e+00 1.055148606802601592e-02
6.622485575374063238e+00 1.023675935095597934e-02
6.686906107786136921e+00 9.931775778240316266e-03
6.751953293884205287e+00 9.632582035085010194e-03
6.817633229470763112e+00 9.342755239302717729e-03
6.883952069645496330e+00 9.060140673226546940e-03
6.950916029382126382e+00 8.786614613384769942e-03
7.018531384110795912e+00 8.519907157426008168e-03
7.086804470306189430e+00 8.260617454246879307e-03
7.155741686081340980e+00 8.008381342819725912e-03
7.225349491787214085e+00 7.763158217886168347e-03
7.295634410618154320e+00 7.524739249943729683e-03
7.366603029223159460e+00 7.292774902563373129e-03
7.438261998323163482e+00 7.067582649664170755e-03
7.510618033334286459e+00 6.848609109444986354e-03
7.583677914997190683e+00 6.635802685495285208e-03
7.657448490012479958e+00 6.428866118861526618e-03
7.731936671682362316e+00 6.227834716317111330e-03
7.807149440558499798e+00 6.032467258427550751e-03
7.883093845096216690e+00 5.842368770854931663e-03
7.959777002314985417e+00 5.658202888707490608e-03
8.037206098465421888e+00 5.479196766969812726e-03
8.115388389702712146e+00 5.305034534317683119e-03
8.194331202766655053e+00 5.136043281540497371e-03
8.274041935668218883e+00 4.971988592389518617e-03
8.354528058382872047e+00 4.812393134928910805e-03
8.435797113550611570e+00 4.657573007757821217e-03
8.517856717182803905e+00 4.507329378415995610e-03
8.600714559375941093e+00 4.361331464026738450e-03
8.684378405032257220e+00 4.219719175247290885e-03
8.768856094587436090e+00 4.082073714440838386e-03
8.854155544745349715e+00 3.948551063507366697e-03
8.940284749219998162e+00 3.819160981092433252e-03
9.027251779484577909e+00 3.693391821383131077e-03
9.115064785527916769e+00 3.571441081707513870e-03
9.203731996618220279e+00 3.453230143497922153e-03
9.293261722074316111e+00 3.338237845288944284e-03
9.383662352044273902e+00 3.226956134579063180e-03
9.474942358291729150e+00 3.118772517788558248e-03
9.567110294989774388e+00 3.013980256016633111e-03
9.660174799522645017e+00 2.912327800817860520e-03
9.754144593295098531e+00 2.813770413844448454e-03
9.849028482549766039e+00 2.718193481739884353e-03
9.944835359192397917e+00 2.625519490736252185e-03
1.004157420162519543e+01 2.535711579576581127e-03
1.013925407558815373e+01 2.448639140746445165e-03
1.023788413500867378e+01 2.364254619975505057e-03
1.033747362285940774e+01 2.282508892336223942e-03
1.043803187202444072e+01 2.203240964138891093e-03
1.053956830617394580e+01 2.126433864808022992e-03
1.064209244064724658e+01 2.052048747591773536e-03
1.074561388334458023e+01 1.979975389369459122e-03
1.085014233562746178e+01 1.910121397996978557e-03
1.095568759322787855e+01 1.842565159896513566e-03
1.106225954716621906e+01 1.777094624763287658e-03
1.116986818467823817e+01 1.713700458683952007e-03
1.127852359015096795e+01 1.652326282200657125e-03
1.138823594606782130e+01 1.592901441122544608e-03
1.149901553396274245e+01 1.535334472890656282e-03
1.161087273538378994e+01 1.479717015743403511e-03
1.172381803286598512e+01 1.425847364322298293e-03
1.183786201091373513e+01 1.373659363782567169e-03
1.195301535699265827e+01 1.323320284706697245e-03
1.206928886253119870e+01 1.274503694764238942e-03
1.218669342393191712e+01 1.227312004315765127e-03
1.230524004359261525e+01 1.181672162862722154e-03
1.242493983093746479e+01 1.137527922199192600e-03
1.254580400345803248e+01 1.094866553451865612e-03
1.266784388776455827e+01 1.053606563627344566e-03
1.279107092064739781e+01 1.013727667631253090e-03
1.291549665014884063e+01 9.751781816482406589e-04
1.304113273664525430e+01 9.379291847550906731e-04
1.316799095393986185e+01 9.019412982455835741e-04
1.329608319036608854e+01 8.671624801860318768e-04
1.342542144990170527e+01 8.335738789009391114e-04
1.355601785329368880e+01 8.011165680623911177e-04
1.368788463919415221e+01 7.697982991265807417e-04
1.382103416530724438e+01 7.395478363807952548e-04
1.395547890954729020e+01 7.103424938271895184e-04
1.409123147120805619e+01 6.821508610335261279e-04
1.422830457214353395e+01 6.549422380847266757e-04
1.436671105796013137e+01 6.286877671765640904e-04
1.450646389922046886e+01 6.033521080185814175e-04
1.464757619265895272e+01 5.789173595311006108e-04
1.479006116240903168e+01 5.553507418772416328e-04
1.493393216124253264e+01 5.326168048521210101e-04
1.507920267182097263e+01 5.107005222209071420e-04
1.522588630795911513e+01 4.895735815871611173e-04
1.537399681590069456e+01 4.692099729417384055e-04
1.552354807560667105e+01 4.495848115914194464e-04
1.567455410205595001e+01 4.306763052531530035e-04
1.582702904655883280e+01 4.124592771150883117e-04
1.598098719808309376e+01 3.949135308675491302e-04
1.613644298459311699e+01 3.780165269324596957e-04
1.629341097440194730e+01 3.617507509921077859e-04
1.645190587753662470e+01 3.460934878329326950e-04
1.661194254711659113e+01 3.310209942000905928e-04
1.677353598074571295e+01 3.165201699501442203e-04
1.693670132191772026e+01 3.025695606150442785e-04
1.710145386143542012e+01 2.891515846954096801e-04
1.726780903884355922e+01 2.762460847915128520e-04
1.743578244387577669e+01 2.638431782351551382e-04
1.760538981791556523e+01 2.519184036609977036e-04
1.777664705547142532e+01 2.404545850917105669e-04
1.794957020566648254e+01 2.294476996843406585e-04
1.812417547374237614e+01 2.188657175759719489e-04
1.830047922257800863e+01 2.087119567200790694e-04
1.847849797422290763e+01 1.989620890699850134e-04
1.865824841144566193e+01 1.896031655776695432e-04
1.883974737929719367e+01 1.806205013703761396e-04
1.902301188668945642e+01 1.720040153256658278e-04
1.920805910798935301e+01 1.637376135113871546e-04
1.939490638462828542e+01 1.558116427256582613e-04
1.958357122672716955e+01 1.482178898835776815e-04
1.977407131473744428e+01 1.409373946772816022e-04
1.996642450109793288e+01 1.339600928163314959e-04
2.016064881190793656e+01 1.272814668147241677e-04
2.035676244861640072e+01 1.208819385965827903e-04
2.055478378972772546e+01 1.147601502979622191e-04
2.075473139252405730e+01 1.089036218193354809e-04
2.095662399480432825e+01 1.032963691811474125e-04
2.116048051664034446e+01 9.793290957361562815e-05
2.136632006214970403e+01 9.281013574877277847e-05
2.157416192128621546e+01 8.791319823267590352e-05
2.178402557164756459e+01 8.323555219622190610e-05
2.199593068030074861e+01 7.876687548014805085e-05
2.220989710562497521e+01 7.450251829023887807e-05
2.242594489917278011e+01 7.043163786734897786e-05
2.264409430754907504e+01 6.654954675908477388e-05
2.286436577430861306e+01 6.284354294791943377e-05
2.308677994187169702e+01 5.931617860284904190e-05
2.331135765345874944e+01 5.595257666101330877e-05
2.353811995504354471e+01 5.275145935755505599e-05
2.376708809732560823e+01 4.972514465242654116e-05
2.399828353772154799e+01 4.680060695360082902e-05
2.423172794237600769e+01 4.404622452645318002e-05
2.446744318819203201e+01 4.141766825358483286e-05
2.470545136488123816e+01 3.892508466583319325e-05
2.494577477703398571e+01 3.655812977219956251e-05
2.518843594620949489e+01 3.430971382317830740e-05
2.543345761304651020e+01 3.217750775801381702e-05
2.568086273939435316e+01 3.015476187852646707e-05
2.593067451046487548e+01 2.823965205380766163e-05
2.618291633700505372e+01 2.642380260270528206e-05
2.643761185749101372e+01 2.470626948660716650e-05
2.669478494034320804e+01 2.307851656936409166e-05
2.695445968616333587e+01 2.154350491518644699e-05
2.721666042999271795e+01 2.009315190237848182e-05
2.748141174359293259e+01 1.871697528839254201e-05
2.774873843774846804e+01 1.742323233086539458e-05
2.801866556459195223e+01 1.620215982340895440e-05
2.829121841995168651e+01 1.505290007125132511e-05
2.856642254572233952e+01 1.396993150523517288e-05
2.884430373225852051e+01 1.295135535726797999e-05
2.912488802079168337e+01 1.199229738294549669e-05
2.940820170587063842e+01 1.109241443185090582e-05
2.969427133782552986e+01 1.024838580872651305e-05
2.998312372525609959e+01 9.456204633039390800e-06
3.027478593754393543e+01 8.713658875701381506e-06
3.056928530738937155e+01 8.022831598952830044e-06
3.086664943337274636e+01 7.372040966670916639e-06
3.116690618254088463e+01 6.766263147151331073e-06
3.147008369301855879e+01 6.200292362009665268e-06
3.177621037664554038e+01 5.673659526888576868e-06
3.208531492163897525e+01 5.183205361392544770e-06
3.239742629528198847e+01 4.725088108890226055e-06
3.271257374663825601e+01 4.301746721324489223e-06
3.303078680929315425e+01 3.909921532556862547e-06
3.335209530412127066e+01 3.546768807613860978e-06
3.367652934208116022e+01 3.210143781527787793e-06
3.400411932703705986e+01 2.899599215536929906e-06
3.433489595860830690e+01 2.613585136538143461e-06
3.466889023504609213e+01 2.350595235942743612e-06
3.500613345613854221e+01 2.108306526275069246e-06
3.534665722614391115e+01 1.886819188979584521e-06
3.569049345675229290e+01 1.683492855119622522e-06
3.603767437007633134e+01 1.497976226600342058e-06
3.638823250167062184e+01 1.329046225043749646e-06
3.674220070358090595e+01 1.175397236756902219e-06
3.709961214742267543e+01 1.036095057426293136e-06
3.746050032748993175e+01 9.099805276766160119e-07
3.782489906389385936e+01 7.963349748275993927e-07
3.819284250573236505e+01 6.939359307313554957e-07
3.856436513429023449e+01 6.022757420797549578e-07
3.893950176627063087e+01 5.202764681496333430e-07
3.931828755705770106e+01 4.490496150816450763e-07
3.970075800401124155e+01 3.823467232806361008e-07
4.008694894979318946e+01 3.250233602007738015e-07
4.047689658572676308e+01 2.747030047048610440e-07
4.087063745518780422e+01 2.305505370453775921e-07
4.126820845702955864e+01 1.921084511537350872e-07
4.166964684904057492e+01 1.588208219780366534e-07
4.207499025143619065e+01 1.292705325901006861e-07
4.248427665038425260e+01 1.049458823775474010e-07
4.289754440156466586e+01 8.406212561963050696e-08
4.331483223376402947e+01 6.646834922214855713e-08
4.373617925250492533e+01 5.208724287107453439e-08
4.416162494371084790e+01 3.998741150683716704e-08
4.459120917740628443e+01 3.012517245741676571e-08
4.502497221145327444e+01 2.243804982694667385e-08
4.546295469532399380e+01 1.635249862874147885e-08
4.590519767391037220e+01 1.161410257446672642e-08
4.635174259137027519e+01 8.003199825391440247e-09
4.680263129501155817e+01 5.313982823060475246e-09
4.725790603921362276e+01 3.377624137765597397e-09
4.771760948938745628e+01 2.029002184604999376e-09
4.818178472597362827e+01 1.135361176719568760e-09
4.865047524847972937e+01 5.775235145859631515e-10
4.912372497955678341e+01 2.571381405699711687e-10
4.960157826911540724e+01 9.397810328236743868e-11
5.008407989848212338e+01 2.478050307885962578e-11
5.057127508459573306e+01 3.426595089726126753e-12
5.106320948424492911e+01 0.000000000000000000e+00
