1.000000000000000021e-02 1.160511774765232929e+00
1.009727545900835841e-02 1.160505913879447348e+00
1.019549716950923779e-02 1.160499927015024912e+00
1.029467433620748044e-02 1.160493852800866810e+00
1.039481625334708927e-02 1.160487967223704286e+00
1.049593230558227772e-02 1.160481783154719171e+00
1.059803196885688789e-02 1.160475313086259730e+00
1.070112481129246833e-02 1.160468759119525517e+00
1.080522049408488318e-02 1.160461601603616000e+00
1.091032877240974419e-02 1.160454735069044618e+00
1.101645949633656314e-02 1.160447849569982814e+00
1.112362261175187626e-02 1.160440280434158256e+00
1.123182816129126085e-02 1.160433220582032021e+00
1.134108628528052165e-02 1.160426141344454098e+00
1.145140722268592030e-02 1.160418781172638747e+00
1.156280131207376022e-02 1.160411228495825009e+00
1.167527899257919492e-02 1.160403425085679840e+00
1.178885080488457221e-02 1.160395364209216629e+00
1.190352739220719262e-02 1.160387402389537748e+00
1.201931950129673729e-02 1.160379133289285214e+00
1.213623798344241195e-02 1.160370369675962188e+00
1.225429379548980714e-02 1.160361785071642116e+00
1.237349800086776086e-02 1.160353351515845510e+00
1.249386177062509519e-02 1.160344627702488030e+00
1.261539638447754796e-02 1.160335113458124789e+00
1.273811323186478488e-02 1.160325816735884530e+00
1.286202381301779218e-02 1.160316428594008187e+00
1.298713974003655978e-02 1.160306761530378594e+00
1.311347273797833224e-02 1.160296662327580774e+00
1.324103464595636874e-02 1.160286549624588881e+00
1.336983741824946531e-02 1.160276282185820129e+00
1.349989312542219239e-02 1.160265841074338056e+00
1.363121395545611320e-02 1.160255431357298139e+00
1.376381221489191876e-02 1.160244636770786153e+00
1.389770032998276401e-02 1.160234442959436896e+00
1.403289084785873213e-02 1.160222325570541502e+00
1.416939643770268736e-02 1.160210816517501131e+00
1.430722989193757184e-02 1.160199116444968759e+00
1.444640412742520530e-02 1.160187116168271304e+00
1.458693218667675602e-02 1.160174908403418970e+00
1.472882723907502529e-02 1.160162402304533824e+00
1.487210258210860774e-02 1.160149303065127757e+00
1.501677164261799868e-02 1.160136537994493455e+00
1.516284797805393485e-02 1.160123085749091842e+00
1.531034527774784160e-02 1.160109916892410276e+00
1.545927736419477720e-02 1.160096117493222501e+00
1.560965819434872483e-02 1.160081992510463067e+00
1.576150186093060873e-02 1.160067686495359851e+00
1.591482259374891323e-02 1.160053104597537299e+00
1.606963476103326349e-02 1.160038243932296265e+00
1.622595287078087284e-02 1.160023119499876021e+00
1.638379157211618947e-02 1.160029618273611174e+00
1.654316565666366645e-02 1.160071098980403059e+00
1.670409005993399310e-02 1.159976371414077168e+00
1.686657986272368723e-02 1.159960021320757262e+00
1.703065029252844378e-02 1.159943327731947527e+00
1.719631672497009753e-02 1.159926297156328001e+00
1.736359468523754335e-02 1.159908740547239470e+00
1.753249984954170088e-02 1.159891571388438569e+00
1.770304804658450262e-02 1.159876286506984933e+00
1.787525525904235316e-02 1.159854563183143172e+00
1.804913762506383731e-02 1.159835718709494312e+00
1.822471143978214581e-02 1.159816868831273773e+00
1.840199315684210371e-02 1.159797295685132124e+00
1.858099938994215231e-02 1.159777329041927096e+00
1.876174691439120440e-02 1.159754743333236027e+00
1.894425266868081034e-02 1.159736644848453402e+00
1.912853375607242307e-02 1.159715597844664936e+00
1.931460744620030340e-02 1.159694165329880011e+00
1.950249117668984011e-02 1.159672292617021760e+00
1.969220255479172538e-02 1.159651016646118693e+00
1.988375935903200636e-02 1.159627442006908371e+00
2.007717954087816226e-02 1.159608596832581107e+00
2.027248122642137662e-02 1.159584888967603922e+00
2.046968271807520987e-02 1.159558803571441699e+00
2.066880249629082095e-02 1.159533150921168376e+00
2.086985922128879734e-02 1.159510731211924606e+00
2.107287173480786382e-02 1.159481038828983568e+00
2.127785906187062287e-02 1.159455051866159492e+00
2.148484041256648255e-02 1.159428234756567644e+00
2.169383518385184506e-02 1.159401215072888069e+00
2.190486296136792688e-02 1.159373647028484333e+00
2.211794352127614133e-02 1.159345461461907423e+00
2.233309683211144592e-02 1.159316788274110444e+00
2.255034305665360936e-02 1.159286442069885181e+00
2.276970255381680075e-02 1.159257499869627672e+00
2.299119588055741764e-02 1.159244530184034172e+00
2.321484379380064564e-02 1.159195347385194141e+00
2.344066725238556220e-02 1.159165151742101108e+00
2.366868741902936057e-02 1.159131918933956840e+00
2.389892566231050300e-02 1.159099104913383638e+00
2.413140355867127856e-02 1.159064372590435266e+00
2.436614289443983158e-02 1.159030659281948594e+00
2.460316566787181664e-02 1.158995389648685093e+00
2.484249409121190577e-02 1.158959812301900039e+00
2.508415059277539771e-02 1.158923427534314543e+00
2.532815781905008515e-02 1.158886393166704387e+00
2.557453863681850847e-02 1.158848596146331955e+00
2.582331613530085626e-02 1.158810554218326239e+00
2.607451362831877603e-02 1.158771124702370647e+00
2.632815465648021339e-02 1.158731630273874158e+00
2.658426298938541474e-02 1.158690569637088830e+00
2.684286262785454819e-02 1.158648622833440056e+00
2.710397780617682106e-02 1.158606190133348868e+00
2.736763299438163891e-02 1.158562808654434839e+00
2.763385290053169824e-02 1.158519534697655118e+00
2.790266247303856487e-02 1.158474328553037669e+00
2.817408690300057458e-02 1.158428928499315891e+00
2.844815162656363222e-02 1.158382234359703888e+00
2.872488232730495070e-02 1.158334207355322665e+00
2.900430493863991738e-02 1.158286069028562792e+00
2.928644564625237229e-02 1.158236563181186618e+00
2.957133089054861039e-02 1.158185775630629744e+00
2.985898736913520854e-02 1.158133391605233875e+00
3.014944203932094433e-02 1.158081650365266890e+00
3.044272212064302874e-02 1.158028112314578140e+00
3.073885509741795460e-02 1.157973348648668965e+00
3.103786872131722788e-02 1.157917408744344456e+00
3.133979101396793671e-02 1.157860467686794070e+00
3.164465026957891114e-02 1.157802324770776048e+00
3.195247505759213347e-02 1.157743094397149175e+00
3.226329422536015901e-02 1.157683083207583508e+00
3.257713690084949876e-02 1.157621955729990715e+00
3.289403249537032475e-02 1.157559478225408833e+00
3.321401070633261954e-02 1.157496291672276856e+00
3.353710152002930406e-02 1.157431505660347471e+00
3.386333521444636480e-02 1.157365659652711987e+00
3.419274236210027851e-02 1.157297999284805590e+00
3.452535383290306070e-02 1.157229400767654459e+00
3.486120079705520153e-02 1.157159594647772627e+00
3.520031472796678745e-02 1.157088467370539497e+00
3.554272740520694751e-02 1.157015864694579177e+00
3.588847091748199186e-02 1.156942158348018390e+00
3.623757766564258964e-02 1.156866265088336787e+00
3.659008036572020811e-02 1.156789001860934585e+00
3.694601205199302130e-02 1.156710018740232160e+00
3.730540608008161424e-02 1.156629802567887388e+00
3.766829613007490613e-02 1.156547965061169192e+00
3.803471620968648659e-02 1.156463989397642722e+00
3.840470065744145539e-02 1.156379241265161895e+00
3.877828414589457040e-02 1.156292395284748808e+00
3.915550168487941241e-02 1.156203948236707024e+00
3.953638862478930927e-02 1.156113854461420898e+00
3.992098065989020672e-02 1.156021883666509265e+00
4.030931383166566628e-02 1.155928435638507112e+00
4.070142453219438572e-02 1.155833388988972033e+00
4.109734950756069316e-02 1.155736173387293730e+00
4.149712586129815362e-02 1.155664534323471937e+00
4.190079105786669034e-02 1.155534784673084792e+00
4.230838292616342228e-02 1.155433552192665525e+00
4.271993966306778662e-02 1.155328199863004057e+00
4.313549983702118923e-02 1.155220963258285494e+00
4.355510239164130798e-02 1.155112473123264705e+00
4.397878664937160398e-02 1.155000793622052768e+00
4.440659231516640160e-02 1.154886657670011640e+00
4.483855948021186338e-02 1.154770947704904849e+00
4.527472862568297785e-02 1.154652593640187241e+00
4.571514062653719151e-02 1.154531690316020542e+00
4.615983675534499064e-02 1.154409027415862488e+00
4.660885868615767536e-02 1.154284055407651444e+00
4.706224849841281199e-02 1.154156111581242650e+00
4.752004868087766204e-02 1.154026565332340715e+00
4.798230213563085128e-02 1.153893981338250052e+00
4.844905218208294534e-02 1.153759307237828713e+00
4.892034256103611894e-02 1.153622752669395402e+00
4.939621743878321036e-02 1.153482212271574436e+00
4.987672141124663283e-02 1.153339432714547197e+00
5.036189950815770505e-02 1.153193746363936567e+00
5.085179719727656034e-02 1.153045347172475532e+00
5.134646038865306461e-02 1.152893991177698085e+00
5.184593543892913187e-02 1.152739629782861819e+00
5.235026915568305461e-02 1.152589599144163035e+00
5.285950880181603667e-02 1.152419170733899323e+00
5.337370209998133774e-02 1.152258863097478159e+00
5.389289723705643909e-02 1.152091762362569494e+00
5.441714286865893119e-02 1.151927519890972640e+00
5.494648812370611646e-02 1.151749066342840910e+00
5.548098260901916656e-02 1.151572330096469532e+00
5.602067641397187603e-02 1.151392570593666953e+00
5.656562011518465050e-02 1.151209879947473480e+00
5.711586478126431943e-02 1.151027788477519742e+00
5.767146197758996756e-02 1.150873017061478487e+00
5.823246377114527778e-02 1.150637652530698274e+00
5.879892273539785025e-02 1.150440238739148358e+00
5.937089195522609469e-02 1.150238218419577851e+00
5.994842503189409116e-02 1.150032304315962373e+00
6.053157608807464840e-02 1.149822551876215737e+00
6.112039977292132997e-02 1.149608435311591403e+00
6.171495126718981594e-02 1.149390568742071128e+00
6.231528628840921763e-02 1.149168721074967259e+00
6.292146109610344262e-02 1.148942523056340370e+00
6.353353249706343575e-02 1.148711818219098957e+00
6.415155785067082339e-02 1.148482151290900699e+00
6.477559507427335661e-02 1.148236669743762706e+00
6.540570264861225724e-02 1.147993055406475449e+00
6.604193962330305590e-02 1.147743824777100574e+00
6.668436562236895737e-02 1.147490223332773285e+00
6.733304084982863480e-02 1.147231577167498573e+00
6.798802609533814711e-02 1.146987791283964553e+00
6.864938273988777095e-02 1.146698783474806360e+00
6.931717276155408003e-02 1.146425690353934712e+00
6.999145874130821565e-02 1.146167881691253498e+00
7.067230386888070925e-02 1.145862127775941763e+00
7.135977194868306506e-02 1.145573300212490375e+00
7.205392740578704658e-02 1.145277487815296702e+00
7.275483529196229149e-02 1.144976065688595002e+00
7.346256129177256011e-02 1.144671193289272582e+00
7.417717172873124210e-02 1.144359715760505880e+00
7.489873357151664857e-02 1.144038608121807910e+00
7.562731444024800576e-02 1.143697354912390773e+00
7.636298261282241373e-02 1.143385972382356952e+00
7.710580703131336699e-02 1.143049469004840279e+00
7.785585730843146146e-02 1.142693764020073610e+00
7.861320373404813433e-02 1.142351118197550086e+00
7.937791728178281159e-02 1.141994753832149323e+00
8.015006961565404597e-02 1.141630272730849383e+00
8.092973309679550586e-02 1.141259692753236354e+00
8.171698079023696770e-02 1.140880631885628160e+00
8.251188647175167201e-02 1.140495088136997515e+00
8.331452463477014014e-02 1.140102658497976762e+00
8.412497049736118726e-02 1.139703592544179855e+00
8.494330000928071445e-02 1.139295681455325449e+00
8.576958985908941790e-02 1.138882018810482677e+00
8.660391748133952627e-02 1.138458136750397198e+00
8.744636106383144036e-02 1.138036892468023309e+00
8.829699955494091368e-02 1.137565780130829207e+00
8.915591267101763417e-02 1.137141149916520488e+00
9.002318090385581784e-02 1.136684760476266209e+00
9.089888552823731371e-02 1.136221052201233928e+00
9.178310860954806694e-02 1.135746917027514957e+00
9.267593301146882789e-02 1.135264003690656276e+00
9.357744240374062106e-02 1.134772201592757268e+00
9.448772127000577836e-02 1.134270196402054065e+00
9.540685491572513388e-02 1.133759432914201559e+00
9.633492947617222635e-02 1.133239416085877416e+00
9.727203192450542546e-02 1.132709584499391742e+00
9.821825007991856482e-02 1.132170187162305997e+00
9.917367261587073379e-02 1.131619871674122590e+00
1.001383890683960748e-01 1.131059575930726036e+00
1.011124898444945991e-01 1.130488506346570610e+00
1.020960662306047012e-01 1.129907403038074687e+00
1.030892104011576216e-01 1.129315312638653701e+00
1.040920154272158005e-01 1.128711426931632733e+00
1.051045752851944987e-01 1.128102347910633796e+00
1.061269848656690717e-01 1.127469442720988368e+00
1.071593399822671072e-01 1.126832017503115457e+00
1.082017373806478805e-01 1.126182073261529082e+00
1.092542747475682557e-01 1.125519531069148149e+00
1.103170507200377515e-01 1.124844234851066105e+00
1.113901648945616746e-01 1.124156116317965637e+00
1.124737178364751955e-01 1.123454545251852510e+00
1.135678110893671017e-01 1.122742582672741518e+00
1.146725471845963656e-01 1.122017256467068069e+00
1.157880296509002094e-01 1.121276779613251007e+00
1.169143630240966764e-01 1.120524215462765039e+00
1.180516528568804902e-01 1.119755781862386446e+00
1.192000057287153220e-01 1.118974611308995781e+00
1.203595292558212876e-01 1.118178952774085522e+00
1.215303321012602134e-01 1.117367772920815350e+00
1.227125239851190319e-01 1.116541572872037147e+00
1.239062156947916271e-01 1.115699842583017798e+00
1.251115190953615564e-01 1.114843035661985393e+00
1.263285471400849291e-01 1.113969804554046261e+00
1.275574138809759950e-01 1.113083528105892839e+00
1.287982344794950385e-01 1.112202851852590380e+00
1.300511252173409127e-01 1.111256142285104165e+00
1.313162035073478784e-01 1.110317541177231027e+00
1.325935879044890797e-01 1.109364802488407964e+00
1.338833981169864351e-01 1.108390111246003285e+00
1.351857550175293021e-01 1.107400528358675862e+00
1.365007806546013891e-01 1.106391855344909025e+00
1.378285982639189389e-01 1.105363477674840667e+00
1.391693322799789911e-01 1.104317723022029796e+00
1.405231083477211373e-01 1.103253053088162572e+00
1.418900533343016301e-01 1.102170713383075373e+00
1.432702953409830948e-01 1.101066468062760428e+00
1.446639637151387880e-01 1.099943591307799950e+00
1.460711890623745679e-01 1.098801143124121138e+00
1.474921032587684921e-01 1.097660530961226399e+00
1.489268394632288772e-01 1.096452081803577894e+00
1.503755321299738434e-01 1.095245061069971992e+00
1.518383170211306810e-01 1.094017228385212981e+00
1.533153312194593942e-01 1.092768195650403174e+00
1.548067131411984265e-01 1.091496976077332315e+00
1.563126025490369497e-01 1.090201525343280853e+00
1.578331405652117214e-01 1.088882709589724662e+00
1.593684696847328941e-01 1.087543730547980259e+00
1.609187337887370006e-01 1.086178397842401555e+00
1.624840781579713067e-01 1.084789714042715403e+00
1.640646494864078653e-01 1.083378215513386866e+00
1.656605958949914359e-01 1.081939272258227502e+00
1.672720669455196874e-01 1.080489424992663094e+00
1.688992136546599021e-01 1.078986410179253896e+00
1.705421885081006561e-01 1.077470732227924222e+00
1.722011454748421100e-01 1.075930006518678317e+00
1.738762400216251336e-01 1.074361262020601560e+00
1.755676291275001522e-01 1.072765897434268423e+00
1.772754712985387948e-01 1.071142665697527585e+00
1.789999265826875408e-01 1.069492060153677482e+00
1.807411565847668600e-01 1.067812671139372283e+00
1.824993244816152382e-01 1.066105146937238457e+00
1.842745950373816666e-01 1.064367345408553600e+00
1.860671346189656239e-01 1.062598980261354242e+00
1.878771112116086051e-01 1.060801635044235747e+00
1.897046944346358344e-01 1.058972771266032842e+00
1.915500555573527997e-01 1.057114240547366357e+00
1.934133675150944698e-01 1.055224092518594503e+00
1.952948049254327745e-01 1.053302018367502813e+00
1.971945441045395986e-01 1.051347120791641609e+00
1.991127630837108697e-01 1.049359170147487585e+00
2.010496416260497965e-01 1.047339479961474584e+00
2.030053612433137811e-01 1.045285260415351525e+00
2.049801052129238688e-01 1.043195855913908510e+00
2.069740585951406198e-01 1.041072678268783358e+00
2.089874082504071251e-01 1.038915859046913859e+00
2.110203428568595552e-01 1.036722162274069881e+00
2.130730529280097374e-01 1.034493001807843537e+00
2.151457308305980698e-01 1.032227446595118225e+00
2.172385708026215445e-01 1.029925209523725682e+00
2.193517689715359098e-01 1.027584139612269576e+00
2.214855233726360506e-01 1.025207074795563278e+00
2.236400339676138660e-01 1.022791786598901131e+00
2.258155026632983065e-01 1.020337138342742644e+00
2.280121333305757114e-01 1.017842501276542633e+00
2.302301318234963867e-01 1.015309706905602738e+00
2.324697059985647851e-01 1.012736889284792774e+00
2.347310657342196183e-01 1.010123491825563713e+00
2.370144229505012079e-01 1.007468307930261986e+00
2.393199916289123208e-01 1.004771552191165318e+00
2.416479878324700736e-01 1.002034649179612824e+00
2.439986297259550130e-01 9.992488957277879669e-01
2.463721375963552895e-01 9.964318344553426687e-01
2.487687338735107279e-01 9.935666756727682403e-01
2.511886431509580686e-01 9.906552789661479119e-01
2.536320922069775774e-01 9.877003541960334143e-01
2.560993100258459609e-01 9.847104540023827735e-01
2.585905278192945911e-01 9.816597130449420394e-01
2.611059790481781162e-01 9.785717278915033734e-01
2.636458994443517945e-01 9.754358503971103378e-01
2.662105270327638773e-01 9.722549343424062851e-01
2.688001021537606006e-01 9.690441477579820884e-01
2.714148674856106669e-01 9.657530982427908750e-01
2.740550680672460548e-01 9.624381987681048800e-01
2.767209513212268712e-01 9.590627368612878456e-01
2.794127670769268601e-01 9.556434780254126071e-01
2.821307675939472293e-01 9.521804654657873845e-01
2.848752075857552413e-01 9.486617951197826581e-01
2.876463442435557849e-01 9.450974847927160472e-01
2.904444372603925406e-01 9.414829786415087609e-01
2.932697488554852905e-01 9.378197941638712898e-01
2.961225437988035947e-01 9.341036221594135602e-01
2.990030894358785551e-01 9.303398846418409196e-01
3.019116557128577738e-01 9.265253995023425837e-01
3.048485152018017286e-01 9.226587895244748871e-01
3.078139431262288950e-01 9.187382098838422495e-01
3.108082173869063936e-01 9.147663309717576352e-01
3.138316185878944342e-01 9.107467950681160662e-01
3.168844300628416155e-01 9.066717768884510198e-01
3.199669379015380732e-01 9.025505116863783428e-01
3.230794309767249795e-01 8.983656174719661935e-01
3.262222009711669979e-01 8.941342869259072401e-01
3.293955424049855307e-01 8.898493007466802274e-01
3.325997526632606949e-01 8.855116031282610489e-01
3.358351320238990301e-01 8.811210007220502405e-01
3.391019836857747105e-01 8.766766004365483811e-01
3.424006137971423724e-01 8.721782302416171140e-01
3.457313314843284413e-01 8.676283369775786847e-01
3.490944488806992929e-01 8.630228293303007225e-01
3.524902811559130766e-01 8.583645040338284682e-01
3.559191465454557002e-01 8.536491417962028816e-01
3.593813663804627523e-01 8.488879036315776228e-01
3.628772651178337472e-01 8.440698709599323557e-01
3.664071703706370808e-01 8.391961804253433854e-01
3.699714129388128048e-01 8.342709154483460843e-01
3.735703268401719401e-01 8.292925300182636406e-01
3.772042493416999376e-01 8.242622541274615688e-01
3.808735209911614517e-01 8.191770568199783220e-01
3.845784856490158665e-01 8.140406393119584694e-01
3.883194905206404091e-01 8.088516480386901408e-01
3.920968861888690649e-01 8.036166659175161264e-01
3.959110266468458539e-01 7.983163789833268575e-01
3.997622693312000708e-01 7.929704574537713713e-01
4.036509751555413805e-01 7.875743378567432451e-01
4.075775085442840395e-01 7.821279748727922865e-01
4.115422374667966343e-01 7.766290054892868167e-01
4.155455334718875515e-01 7.710827243528570740e-01
4.195877717226225712e-01 7.654866515441189900e-01
4.236693310314835759e-01 7.598373989118231142e-01
4.277905938958687093e-01 7.541445110259665796e-01
4.319519465339363706e-01 7.483969452551995083e-01
4.361537789208005944e-01 7.426131140315446189e-01
4.403964848250754294e-01 7.367770061524842040e-01
4.446804618457780300e-01 7.308945703015181650e-01
4.490061114495874639e-01 7.249662237828432554e-01
4.533738390084691150e-01 7.189943818516283391e-01
4.577840538376618529e-01 7.129815731033489756e-01
4.622371692340384031e-01 7.069192437150592090e-01
4.667336025148346446e-01 7.008184349689677850e-01
4.712737750567601580e-01 6.946754112779430779e-01
4.758581123354846953e-01 6.884932691297581675e-01
4.804870439655131720e-01 6.822705036298246650e-01
4.851610037404442966e-01 6.760109293304226163e-01
4.898804296736250508e-01 6.697125501905480949e-01
4.946457640391963562e-01 6.633777796534522375e-01
4.994574534135413635e-01 6.569697994061082236e-01
5.043159487171361421e-01 6.506057907507892812e-01
5.092217052568053237e-01 6.441677895433907119e-01
5.141751827683928022e-01 6.376999294665507412e-01
5.191768454598426619e-01 6.312004260974219960e-01
5.242271620547044320e-01 6.246732096650318145e-01
5.293266058360561743e-01 6.181180080461434745e-01
5.344756546908600026e-01 6.115336829528974505e-01
5.396747911547442600e-01 6.049192049501864732e-01
5.449245024572260121e-01 5.982937557029094355e-01
5.502252805673685243e-01 5.916388220362437389e-01
5.555776222398878250e-01 5.849636996977396475e-01
5.609820290617031358e-01 5.782658830569725739e-01
5.664390074989449353e-01 5.715532250025934236e-01
5.719490689444144405e-01 5.648017357466480481e-01
5.775127297655114900e-01 5.580769291365383911e-01
5.831305113526221717e-01 5.513189471535886454e-01
5.888029401679826247e-01 5.445462009559443040e-01
5.945305477950136863e-01 5.377650946848996361e-01
6.003138709881384871e-01 5.309754073511159245e-01
6.061534517230839914e-01 5.241721950918908357e-01
6.120498372476699256e-01 5.173751843793041871e-01
6.180035801330957534e-01 5.105688413084772392e-01
6.240152383257209223e-01 5.037604543007120350e-01
6.300853751993553686e-01 4.969499790813590723e-01
6.362145596080520660e-01 4.901441443038735968e-01
6.424033659394193796e-01 4.833416575764328260e-01
6.486523741684461219e-01 4.765418905913736403e-01
6.549621699118558515e-01 4.697498187756537491e-01
6.613333444829840868e-01 4.629661752832626154e-01
6.677664949471955325e-01 4.561929962864637034e-01
6.742622241778342129e-01 4.493993950912282820e-01
6.808211409127237213e-01 4.426796707975222955e-01
6.874438598112112553e-01 4.359761026392171002e-01
6.941310015117725385e-01 4.292372391128850828e-01
7.008831926901714082e-01 4.225402546974765805e-01
7.077010661181889484e-01 4.158660788380538764e-01
7.145852607229240538e-01 4.092137744572654778e-01
7.215364216466665370e-01 4.025870220016000145e-01
7.285552003073593186e-01 3.959845209706966962e-01
7.356422544596413760e-01 3.894118714313432594e-01
7.427982482564918776e-01 3.828659893655012580e-01
7.500238523114668432e-01 3.763460090463591756e-01
7.573197437615483141e-01 3.698673275249177994e-01
7.646866063305975958e-01 3.634234696577496315e-01
7.721251303934327792e-01 3.569877729458703075e-01
7.796360130405233235e-01 3.506487158392476156e-01
7.872199581433195759e-01 3.443156456697684109e-01
7.948776764202123424e-01 3.380254426251058097e-01
8.026098855031396084e-01 3.317779527865146183e-01
8.104173100048355227e-01 3.255727077264931046e-01
8.183006815867394090e-01 3.194125542666890194e-01
8.262607390275591435e-01 3.133042925631640552e-01
8.342982282925082149e-01 3.072387283839618233e-01
8.424139026032094746e-01 3.012277020256471372e-01
8.506085225082840040e-01 2.952675586495386861e-01
8.588828559546254349e-01 2.893544195017324072e-01
8.672376783593644944e-01 2.834965308177068710e-01
8.756737726825394308e-01 2.777019601547675576e-01
8.841919295004664336e-01 2.719577320753035488e-01
8.927929470798307010e-01 2.662667416373825646e-01
9.014776314524917122e-01 2.606489229466238400e-01
9.102467964910225806e-01 2.550789363835844203e-01
9.191012639849772681e-01 2.495546506739840797e-01
9.280418637179072006e-01 2.441211160550235126e-01
9.370694335451198453e-01 2.387376215379593269e-01
9.461848194722002336e-01 2.333773463299183282e-01
9.553888757342895444e-01 2.281321408876940127e-01
9.646824648761427312e-01 2.229721334876048622e-01
9.740664578329562007e-01 2.178542696217715957e-01
9.835417340119908536e-01 2.127854301772086898e-01
9.931091813749796104e-01 2.077924860112861372e-01
1.002769696521346621e+00 2.028755618596152221e-01
1.012524184772224167e+00 1.980207606626177841e-01
1.022373560255302127e+00 1.932354455891370781e-01
1.032318745990486564e+00 1.885193143630055912e-01
1.042360673976402197e+00 1.838732863254550487e-01
1.052500285277732761e+00 1.792978305904243397e-01
1.062738530113414459e+00 1.747918310078537540e-01
1.073076367945679621e+00 1.703585245663397640e-01
1.083514767569973225e+00 1.659917667187611467e-01
1.094054707205742494e+00 1.617014388179672246e-01
1.104697174588111785e+00 1.574776608929703281e-01
1.115443167060441221e+00 1.533325729832077100e-01
1.126293691667795249e+00 1.492534838566704769e-01
1.137249765251314271e+00 1.452465595402171183e-01
1.148312414543511073e+00 1.413124637408913753e-01
1.159482676264482759e+00 1.374367926422632169e-01
1.170761597219069250e+00 1.336429302239380001e-01
1.182150234394952371e+00 1.299354809947080858e-01
1.193649655061713055e+00 1.262853370021201904e-01
1.205260936870842681e+00 1.227059616152347543e-01
1.216985167956738056e+00 1.191948925244556839e-01
1.228823447038673411e+00 1.157501377886160504e-01
1.240776883523764251e+00 1.123883408347485374e-01
1.252846597610937529e+00 1.090883087759631914e-01
1.265033720395903893e+00 1.058572278454385091e-01
1.277339393977160009e+00 1.026919736528599525e-01
1.289764771563017165e+00 9.959679743329713508e-02
1.302311017579677488e+00 9.657199146524469979e-02
1.314979307780347773e+00 9.361136495574938488e-02
1.327770829355430449e+00 9.071697192522623632e-02
1.340686781043774811e+00 8.788958039228136898e-02
1.353728373245021821e+00 8.512500209547473051e-02
1.366896828133026487e+00 8.242476325190303821e-02
1.380193379770397355e+00 7.978904210171910982e-02
1.393619274224142002e+00 7.722106203197272312e-02
1.407175769682446731e+00 7.470666293309043138e-02
1.420864136572576708e+00 7.225654293616927404e-02
1.434685657679937831e+00 6.986848336860893016e-02
1.448641628268290127e+00 6.753947942333904386e-02
1.462733356201129986e+00 6.527146810326461823e-02
1.476962162064259898e+00 6.305954201023593331e-02
1.491329379289537682e+00 6.090540221751267191e-02
1.505836354279841416e+00 5.880794777343707064e-02
1.520484446535244283e+00 5.676282414585264585e-02
1.535275028780422657e+00 5.478497111746002263e-02
1.550209487093291205e+00 5.284583967104686947e-02
1.565289221034902312e+00 5.096409562368989926e-02
1.580515643780601165e+00 4.913817442489836623e-02
1.595890182252465817e+00 4.736559479036786535e-02
1.611414277253019778e+00 4.563708958523732262e-02
1.627089383600260675e+00 4.396302882505492837e-02
1.642916970263993193e+00 4.233712543166406189e-02
1.658898520503498064e+00 4.075831804163698030e-02
1.675035532006524441e+00 3.922479727589390369e-02
1.691329517029648732e+00 3.773660547275636129e-02
1.707782002539993016e+00 3.629697100198644305e-02
1.724394530358320354e+00 3.489640917792843910e-02
1.741168657303530987e+00 3.354288486571502248e-02
1.758105955338547632e+00 3.223128140785361251e-02
1.775208011717636092e+00 3.095693236561324058e-02
1.792476429135148930e+00 2.972546824270289392e-02
1.809912825875727105e+00 2.853375794383211997e-02
1.827518835965944666e+00 2.738116073907913284e-02
1.845296109327445366e+00 2.626525540577503634e-02
1.863246311931559873e+00 2.518654982910681350e-02
1.881371125955437096e+00 2.414379162021982814e-02
1.899672249939675650e+00 2.313611367552324133e-02
1.918151398947507635e+00 2.216244828149817672e-02
1.936810304725519849e+00 2.122224414655053334e-02
1.955650715865949074e+00 2.031479666238790102e-02
1.974674397970537454e+00 1.943688131005063754e-02
1.993883133816001019e+00 1.859420372235559907e-02
2.013278723521096492e+00 1.777866042516032530e-02
2.032862984715323673e+00 1.699295028447691397e-02
2.052637752709252084e+00 1.623617523695237291e-02
2.072604880666519822e+00 1.550591918323057823e-02
2.092766239777499759e+00 1.480318771636961531e-02
2.113123719434652603e+00 1.412612191138399448e-02
2.133679227409597701e+00 1.347560935000282657e-02
2.154434690031884259e+00 1.284904232779669059e-02
2.175392052369522489e+00 1.224696377296871988e-02
2.196553278411258248e+00 1.166732981224722666e-02
2.217920351250634692e+00 1.111037655675392935e-02
2.239495273271823184e+00 1.057602572773851807e-02
2.261280066337279404e+00 1.006255021087185293e-02
2.283276771977218012e+00 9.569385211978661751e-03
2.305487451580938707e+00 9.096569182561516781e-03
2.327914186589993051e+00 8.642939739850748898e-03
2.350559078693253756e+00 8.208123940501523344e-03
2.373424250023866033e+00 7.790914688090306434e-03
2.396511843358130278e+00 7.391908400365199312e-03
2.419824022316292567e+00 7.005185407346038555e-03
2.443362971565319341e+00 6.642966833080630670e-03
2.467130897023623426e+00 6.292654045860999849e-03
2.491130026067788439e+00 5.958149647104064167e-03
2.515362607741312928e+00 5.637455442668979147e-03
2.539830912965362675e+00 5.331445882585043872e-03
2.564537234751594674e+00 5.038997304721051264e-03
2.589483888417040802e+00 4.760219130044074029e-03
2.614673211801092023e+00 4.493669508344044425e-03
2.640107565484572927e+00 4.242115220263291409e-03
2.665789333010967876e+00 3.999541144468967725e-03
2.691720921109787668e+00 3.766718857535004874e-03
2.717904759922122881e+00 3.547224608432746323e-03
2.744343303228365283e+00 3.338054009438193737e-03
2.771039028678170535e+00 3.139154645185669116e-03
2.797994438022641805e+00 2.949966093085550165e-03
2.825212057348790218e+00 2.770255794921207097e-03
2.852694437316245057e+00 2.599491536069842811e-03
2.880444153396297668e+00 2.437364752491556503e-03
2.908463806113254169e+00 2.283654189833148745e-03
2.936756021288137397e+00 2.138002965775939214e-03
2.965323450284773621e+00 1.999869701899241025e-03
2.994168770258243573e+00 1.869210506966451297e-03
3.023294684405779531e+00 1.744892802841394117e-03
3.052703922220086241e+00 1.628439207128775257e-03
3.082399239745143404e+00 1.517753917679600219e-03
3.112383419834465759e+00 1.413502288903777061e-03
3.142659272411905569e+00 1.315013307813575703e-03
3.173229634734976212e+00 1.222156021140338679e-03
3.204097371660752813e+00 1.134646646335787847e-03
3.235265375914330388e+00 1.052297569206059455e-03
3.266736568359921655e+00 9.748305905802482144e-04
3.298513898274578082e+00 9.021349031621531036e-04
3.330600343624588788e+00 8.336696387714809036e-04
3.362998911344535991e+00 7.695261102336417450e-04
3.395712637619100693e+00 7.094266579914192518e-04
3.428744588167585317e+00 6.531531898375243480e-04
3.462097858531227423e+00 6.005193378293116049e-04
3.495775574363275240e+00 5.513396573331461135e-04
3.529780891721914671e+00 5.054409078728832206e-04
3.564116997366032269e+00 4.626497888639734745e-04
3.598787109053855460e+00 4.228017825382075659e-04
3.633794475844513094e+00 3.857432339712881680e-04
3.669142378402494131e+00 3.513183481526420643e-04
3.704834129305105694e+00 3.193844429368114459e-04
3.740873073352900313e+00 2.898066193404369916e-04
3.777262587883141176e+00 2.624448771123460479e-04
3.814006083086284082e+00 2.371777069693420457e-04
3.851107002325572903e+00 2.138743993697505327e-04
3.888568822459721019e+00 1.924228120810431532e-04
3.926395054168756449e+00 1.727097330324432062e-04
3.964589242282997805e+00 1.546255805841088697e-04
4.003154966115265445e+00 1.380835419718769901e-04
4.042095839796306045e+00 1.229441172166445063e-04
4.081415512613501662e+00 1.091535220366329735e-04
4.121117669352832635e+00 9.660686627017526530e-05
4.161206030644208020e+00 8.521801949911804181e-05
4.201684353310133346e+00 7.491132662361777524e-05
4.242556430717777438e+00 6.561074117539414743e-05
4.283826093134470270e+00 5.723830008296986940e-05
4.325497208086633627e+00 4.972194742886775436e-05
4.367573680722233398e+00 4.300507083406541889e-05
4.410059454176736615e+00 3.700597086882722936e-05
4.452958509942654963e+00 3.168142550003969301e-05
4.496274868242640110e+00 2.697338797000245231e-05
4.540012588406244554e+00 2.282980606964636177e-05
4.584175769250333765e+00 1.919488251389716820e-05
4.628768549463215365e+00 1.602556753281335735e-05
4.673795107992464004e+00 1.327538677523402840e-05
4.719259664436561863e+00 1.090791209372756057e-05
4.765166479440326341e+00 8.877584235497294757e-06
4.811519855094205766e+00 7.150838982697679393e-06
4.858324135337417360e+00 5.694046180519633798e-06
4.905583706365050922e+00 4.479019134066370931e-06
4.953302997039108924e+00 3.473217530051668912e-06
5.001486479303548727e+00 2.648982224221398598e-06
5.050138668603383785e+00 1.983670662545159980e-06
5.099264124307808288e+00 1.454652822161656859e-06
5.148867450137498025e+00 1.040524200624857203e-06
5.198953294596024399e+00 7.232203724999784683e-07
5.249526351405507718e+00 4.856773164595797981e-07
5.300591359946452030e+00 3.123939017536143944e-07
5.352153105701904501e+00 1.908023777022213437e-07
5.404216420705915347e+00 1.083427016190621624e-07
5.456786183996381823e+00 5.636151480993200681e-08
5.509867322072253160e+00 2.583601371627568508e-08
5.563464809355226137e+00 1.006152090667364737e-08
5.617583668655908191e+00 2.957033261827859586e-09
5.672228971644543094e+00 5.118796326022696756e-10
5.727405839326266346e+00 0.000000000000000000e+00
