1.000000000000000021e-02 1.628971675851938805e+00
1.009727545900835841e-02 1.628967152824213782e+00
1.019549716950923779e-02 1.628962231182339071e+00
1.029467433620748044e-02 1.628957839269111529e+00
1.039481625334708927e-02 1.628953169278126056e+00
1.049593230558227772e-02 1.628948292051726199e+00
1.059803196885688789e-02 1.628943959880117420e+00
1.070112481129246833e-02 1.628939064364730127e+00
1.080522049408488318e-02 1.628934701795826001e+00
1.091032877240974419e-02 1.628929649332502283e+00
1.101645949633656314e-02 1.628924520010221588e+00
1.112362261175187626e-02 1.628919220582318417e+00
1.123182816129126085e-02 1.628913699951132221e+00
1.134108628528052165e-02 1.628908190861459993e+00
1.145140722268592030e-02 1.628902543670087466e+00
1.156280131207376022e-02 1.628895903265050737e+00
1.167527899257919492e-02 1.628890084463203936e+00
1.178885080488457221e-02 1.628884061858942855e+00
1.190352739220719262e-02 1.628878779413315714e+00
1.201931950129673729e-02 1.628872787102811248e+00
1.213623798344241195e-02 1.628866547381240704e+00
1.225429379548980714e-02 1.628860147486941079e+00
1.237349800086776086e-02 1.628853652042389077e+00
1.249386177062509519e-02 1.628847047175073337e+00
1.261539638447754796e-02 1.628840516234320468e+00
1.273811323186478488e-02 1.628833342953196484e+00
1.286202381301779218e-02 1.628826307480529811e+00
1.298713974003655978e-02 1.628819139479835254e+00
1.311347273797833224e-02 1.628812218342314821e+00
1.324103464595636874e-02 1.628804715819295978e+00
1.336983741824946531e-02 1.628797034124451537e+00
1.349989312542219239e-02 1.628788600495558958e+00
1.363121395545611320e-02 1.628779843878047640e+00
1.376381221489191876e-02 1.628771271721566105e+00
1.389770032998276401e-02 1.628763359405502209e+00
1.403289084785873213e-02 1.628754542438474173e+00
1.416939643770268736e-02 1.628746312150415543e+00
1.430722989193757184e-02 1.628737583204273420e+00
1.444640412742520530e-02 1.628728624901018218e+00
1.458693218667675602e-02 1.628719542503142881e+00
1.472882723907502529e-02 1.628710295156190924e+00
1.487210258210860774e-02 1.628700897808968762e+00
1.501677164261799868e-02 1.628691283166255666e+00
1.516284797805393485e-02 1.628681500731340437e+00
1.531034527774784160e-02 1.628671481341670502e+00
1.545927736419477720e-02 1.628661270632743907e+00
1.560965819434872483e-02 1.628650802029243838e+00
1.576150186093060873e-02 1.628640514099281900e+00
1.591482259374891323e-02 1.628629500813532971e+00
1.606963476103326349e-02 1.628618855771212459e+00
1.622595287078087284e-02 1.628607715860636462e+00
1.638379157211618947e-02 1.628596288675054682e+00
1.654316565666366645e-02 1.628584675243635704e+00
1.670409005993399310e-02 1.628573048599697426e+00
1.686657986272368723e-02 1.628560939492550652e+00
1.703065029252844378e-02 1.628548961062730394e+00
1.719631672497009753e-02 1.628536258664126990e+00
1.736359468523754335e-02 1.628523279843494986e+00
1.753249984954170088e-02 1.628510000598946794e+00
1.770304804658450262e-02 1.628496929917897740e+00
1.787525525904235316e-02 1.628483219826585948e+00
1.804913762506383731e-02 1.628469203206461380e+00
1.822471143978214581e-02 1.628454755395300380e+00
1.840199315684210371e-02 1.628440176059092526e+00
1.858099938994215231e-02 1.628425271097923233e+00
1.876174691439120440e-02 1.628410237185901943e+00
1.894425266868081034e-02 1.628394859118830196e+00
1.912853375607242307e-02 1.628379094911760694e+00
1.931460744620030340e-02 1.628362974866020885e+00
1.950249117668984011e-02 1.628346726970275604e+00
1.969220255479172538e-02 1.628329772572801204e+00
1.988375935903200636e-02 1.628310097347033691e+00
2.007717954087816226e-02 1.628292527195961181e+00
2.027248122642137662e-02 1.628277358916046413e+00
2.046968271807520987e-02 1.628259192337063288e+00
2.066880249629082095e-02 1.628240743222826303e+00
2.086985922128879734e-02 1.628221723507353502e+00
2.107287173480786382e-02 1.628202766593440654e+00
2.127785906187062287e-02 1.628183397041200742e+00
2.148484041256648255e-02 1.628163316151124196e+00
2.169383518385184506e-02 1.628143053149668340e+00
2.190486296136792688e-02 1.628122574138777257e+00
2.211794352127614133e-02 1.628101594925916329e+00
2.233309683211144592e-02 1.628080095423975138e+00
2.255034305665360936e-02 1.628058135566377684e+00
2.276970255381680075e-02 1.628035908277969623e+00
2.299119588055741764e-02 1.628013120625469989e+00
2.321484379380064564e-02 1.627990875870454657e+00
2.344066725238556220e-02 1.627966060991633546e+00
2.366868741902936057e-02 1.627940711094712167e+00
2.389892566231050300e-02 1.627917334115406511e+00
2.413140355867127856e-02 1.627892127610796269e+00
2.436614289443983158e-02 1.627866556396803999e+00
2.460316566787181664e-02 1.627840529780225420e+00
2.484249409121190577e-02 1.627814688925599329e+00
2.508415059277539771e-02 1.627787553661946385e+00
2.532815781905008515e-02 1.627759737076425184e+00
2.557453863681850847e-02 1.627731505084242025e+00
2.582331613530085626e-02 1.627702563161455673e+00
2.607451362831877603e-02 1.627673796340764811e+00
2.632815465648021339e-02 1.627644025569314090e+00
2.658426298938541474e-02 1.627613563334000091e+00
2.684286262785454819e-02 1.627582466989406562e+00
2.710397780617682106e-02 1.627550928392178964e+00
2.736763299438163891e-02 1.627518598435003350e+00
2.763385290053169824e-02 1.627485616840182114e+00
2.790266247303856487e-02 1.627452008913354842e+00
2.817408690300057458e-02 1.627417773677245050e+00
2.844815162656363222e-02 1.627382823560366676e+00
2.872488232730495070e-02 1.627347095562568846e+00
2.900430493863991738e-02 1.627311158011584435e+00
2.928644564625237229e-02 1.627274204139242952e+00
2.957133089054861039e-02 1.627236015676938097e+00
2.985898736913520854e-02 1.627197296226920775e+00
3.014944203932094433e-02 1.627158384395042789e+00
3.044272212064302874e-02 1.627117931669256334e+00
3.073885509741795460e-02 1.627077906219874803e+00
3.103786872131722788e-02 1.627035698137183628e+00
3.133979101396793671e-02 1.626993563923561537e+00
3.164465026957891114e-02 1.626950274482999781e+00
3.195247505759213347e-02 1.626906369072501635e+00
3.226329422536015901e-02 1.626861560533677364e+00
3.257713690084949876e-02 1.626816692010108811e+00
3.289403249537032475e-02 1.626769103236270775e+00
3.321401070633261954e-02 1.626719688187115764e+00
3.353710152002930406e-02 1.626670777663260292e+00
3.386333521444636480e-02 1.626620923560111454e+00
3.419274236210027851e-02 1.626570217904525606e+00
3.452535383290306070e-02 1.626522243607315010e+00
3.486120079705520153e-02 1.626470122264486395e+00
3.520031472796678745e-02 1.626417082695056582e+00
3.554272740520694751e-02 1.626359458668504843e+00
3.588847091748199186e-02 1.626304625426910011e+00
3.623757766564258964e-02 1.626251738053766882e+00
3.659008036572020811e-02 1.626193293718434463e+00
3.694601205199302130e-02 1.626135576822086426e+00
3.730540608008161424e-02 1.626075630995686083e+00
3.766829613007490613e-02 1.626014471917567095e+00
3.803471620968648659e-02 1.625952109275917490e+00
3.840470065744145539e-02 1.625888475727864879e+00
3.877828414589457040e-02 1.625823355835959827e+00
3.915550168487941241e-02 1.625757325809508824e+00
3.953638862478930927e-02 1.625689972809643891e+00
3.992098065989020672e-02 1.625622203392995901e+00
4.030931383166566628e-02 1.625549847419896166e+00
4.070142453219438572e-02 1.625478183092176732e+00
4.109734950756069316e-02 1.625405996508833661e+00
4.149712586129815362e-02 1.625334680831346246e+00
4.190079105786669034e-02 1.625258786849236969e+00
4.230838292616342228e-02 1.625179715902635325e+00
4.271993966306778662e-02 1.625102411622380671e+00
4.313549983702118923e-02 1.625021869728063617e+00
4.355510239164130798e-02 1.624939790750252966e+00
4.397878664937160398e-02 1.624857795494929702e+00
4.440659231516640160e-02 1.624773125339505464e+00
4.483855948021186338e-02 1.624685875389566991e+00
4.527472862568297785e-02 1.624597476274258101e+00
4.571514062653719151e-02 1.624508023298633752e+00
4.615983675534499064e-02 1.624417958391503936e+00
4.660885868615767536e-02 1.624324242066532697e+00
4.706224849841281199e-02 1.624229917214068619e+00
4.752004868087766204e-02 1.624132005960857050e+00
4.798230213563085128e-02 1.624035021677059820e+00
4.844905218208294534e-02 1.623931725115918434e+00
4.892034256103611894e-02 1.623829984833440765e+00
4.939621743878321036e-02 1.623725528203156410e+00
4.987672141124663283e-02 1.623617693934113593e+00
5.036189950815770505e-02 1.623508981724478994e+00
5.085179719727656034e-02 1.623397409026115179e+00
5.134646038865306461e-02 1.623283623470364478e+00
5.184593543892913187e-02 1.623168008690518471e+00
5.235026915568305461e-02 1.623167681707305521e+00
5.285950880181603667e-02 1.622929335403285656e+00
5.337370209998133774e-02 1.622806838807109964e+00
5.389289723705643909e-02 1.622681957314102918e+00
5.441714286865893119e-02 1.622555021858657520e+00
5.494648812370611646e-02 1.622426400258737411e+00
5.548098260901916656e-02 1.622295245358716720e+00
5.602067641397187603e-02 1.622159768644412692e+00
5.656562011518465050e-02 1.622022680444525689e+00
5.711586478126431943e-02 1.621883337638215128e+00
5.767146197758996756e-02 1.621740734828973851e+00
5.823246377114527778e-02 1.621595369039785073e+00
5.879892273539785025e-02 1.621446667849587797e+00
5.937089195522609469e-02 1.621295887653949386e+00
5.994842503189409116e-02 1.621141808822655017e+00
6.053157608807464840e-02 1.620984603971406202e+00
6.112039977292132997e-02 1.620823949137015330e+00
6.171495126718981594e-02 1.620660352711131846e+00
6.231528628840921763e-02 1.620493796112914220e+00
6.292146109610344262e-02 1.620323715989046010e+00
6.353353249706343575e-02 1.620151237997631277e+00
6.415155785067082339e-02 1.619974810556221057e+00
6.477559507427335661e-02 1.619797003355140763e+00
6.540570264861225724e-02 1.619614651772393499e+00
6.604193962330305590e-02 1.619427888677154037e+00
6.668436562236895737e-02 1.619237196831380565e+00
6.733304084982863480e-02 1.619044445176933689e+00
6.798802609533814711e-02 1.618846815629773728e+00
6.864938273988777095e-02 1.618645277300831742e+00
6.931717276155408003e-02 1.618439699162561363e+00
6.999145874130821565e-02 1.618230041728770052e+00
7.067230386888070925e-02 1.618017242211736928e+00
7.135977194868306506e-02 1.617798969104517148e+00
7.205392740578704658e-02 1.617577701671083723e+00
7.275483529196229149e-02 1.617349322197376704e+00
7.346256129177256011e-02 1.617118325215476604e+00
7.417717172873124210e-02 1.616885049858755918e+00
7.489873357151664857e-02 1.616645472285037410e+00
7.562731444024800576e-02 1.616401453443339298e+00
7.636298261282241373e-02 1.616152077744947402e+00
7.710580703131336699e-02 1.615899781072023478e+00
7.785585730843146146e-02 1.615639960676058751e+00
7.861320373404813433e-02 1.615379336549669809e+00
7.937791728178281159e-02 1.615108664711227382e+00
8.015006961565404597e-02 1.614835092275961781e+00
8.092973309679550586e-02 1.614556472526506248e+00
8.171698079023696770e-02 1.614272135033796740e+00
8.251188647175167201e-02 1.613981757878340417e+00
8.331452463477014014e-02 1.613681697431373907e+00
8.412497049736118726e-02 1.613381460522185007e+00
8.494330000928071445e-02 1.613079004459012644e+00
8.576958985908941790e-02 1.612767500896574058e+00
8.660391748133952627e-02 1.612449431574272118e+00
8.744636106383144036e-02 1.612121387663801642e+00
8.829699955494091368e-02 1.611792871836516650e+00
8.915591267101763417e-02 1.611455238618899832e+00
9.002318090385581784e-02 1.611111759961227019e+00
9.089888552823731371e-02 1.610760867713320721e+00
9.178310860954806694e-02 1.610403433567591636e+00
9.267593301146882789e-02 1.610038596441646819e+00
9.357744240374062106e-02 1.609667293806134492e+00
9.448772127000577836e-02 1.609288727578519929e+00
9.540685491572513388e-02 1.608903554432577820e+00
9.633492947617222635e-02 1.608510867782855902e+00
9.727203192450542546e-02 1.608110616454166975e+00
9.821825007991856482e-02 1.607702564671165346e+00
9.917367261587073379e-02 1.607286881608884999e+00
1.001383890683960748e-01 1.606863439132949489e+00
1.011124898444945991e-01 1.606431505450134356e+00
1.020960662306047012e-01 1.605991040939049874e+00
1.030892104011576216e-01 1.605542401375721573e+00
1.040920154272158005e-01 1.605085322984195040e+00
1.051045752851944987e-01 1.604618605787397012e+00
1.061269848656690717e-01 1.604146237851347134e+00
1.071593399822671072e-01 1.603661092750315209e+00
1.082017373806478805e-01 1.603168350580490342e+00
1.092542747475682557e-01 1.602666491115254166e+00
1.103170507200377515e-01 1.602156253481485049e+00
1.113901648945616746e-01 1.601634344202506943e+00
1.124737178364751955e-01 1.601104201328285681e+00
1.135678110893671017e-01 1.600560305888962587e+00
1.146725471845963656e-01 1.600007808369860562e+00
1.157880296509002094e-01 1.599445846293566786e+00
1.169143630240966764e-01 1.598873321490657418e+00
1.180516528568804902e-01 1.598289974021486426e+00
1.192000057287153220e-01 1.597694179820177363e+00
1.203595292558212876e-01 1.597088464266340990e+00
1.215303321012602134e-01 1.596471571208391893e+00
1.227125239851190319e-01 1.595842065787689723e+00
1.239062156947916271e-01 1.595199202717459297e+00
1.251115190953615564e-01 1.594548103971814568e+00
1.263285471400849291e-01 1.593880394405051915e+00
1.275574138809759950e-01 1.593202749120786077e+00
1.287982344794950385e-01 1.592513813663719802e+00
1.300511252173409127e-01 1.591809520473016271e+00
1.313162035073478784e-01 1.591104248302539714e+00
1.325935879044890797e-01 1.590362431542879040e+00
1.338833981169864351e-01 1.589618832243818281e+00
1.351857550175293021e-01 1.588860904207907376e+00
1.365007806546013891e-01 1.588087878571925016e+00
1.378285982639189389e-01 1.587300380482696616e+00
1.391693322799789911e-01 1.586498101782023440e+00
1.405231083477211373e-01 1.585682212591926543e+00
1.418900533343016301e-01 1.584849538240461486e+00
1.432702953409830948e-01 1.584002520473235087e+00
1.446639637151387880e-01 1.583137813263466809e+00
1.460711890623745679e-01 1.582259883953654356e+00
1.474921032587684921e-01 1.581364484779375079e+00
1.489268394632288772e-01 1.580452715851448531e+00
1.503755321299738434e-01 1.579523323319042216e+00
1.518383170211306810e-01 1.578576710973333297e+00
1.533153312194593942e-01 1.577614656401816973e+00
1.548067131411984265e-01 1.576631531962134236e+00
1.563126025490369497e-01 1.575631625972247152e+00
1.578331405652117214e-01 1.574613561399623052e+00
1.593684696847328941e-01 1.573575677146196838e+00
1.609187337887370006e-01 1.572520072518478695e+00
1.624840781579713067e-01 1.571444730499124587e+00
1.640646494864078653e-01 1.570347378147551654e+00
1.656605958949914359e-01 1.569257101456716708e+00
1.672720669455196874e-01 1.568094825042464890e+00
1.688992136546599021e-01 1.566939255833852407e+00
1.705421885081006561e-01 1.565760813999284240e+00
1.722011454748421100e-01 1.564561341759306945e+00
1.738762400216251336e-01 1.563340232220842951e+00
1.755676291275001522e-01 1.562097474362164062e+00
1.772754712985387948e-01 1.560831332577561348e+00
1.789999265826875408e-01 1.559542885162045422e+00
1.807411565847668600e-01 1.558228717741343861e+00
1.824993244816152382e-01 1.556891503619000749e+00
1.842745950373816666e-01 1.555529405093767359e+00
1.860671346189656239e-01 1.554161305388181091e+00
1.878771112116086051e-01 1.552734031154450856e+00
1.897046944346358344e-01 1.551300311831227186e+00
1.915500555573527997e-01 1.549837804085091975e+00
1.934133675150944698e-01 1.548348971789115014e+00
1.952948049254327745e-01 1.546835009759353730e+00
1.971945441045395986e-01 1.545291906675846372e+00
1.991127630837108697e-01 1.543721591139879834e+00
2.010496416260497965e-01 1.542127057102958165e+00
2.030053612433137811e-01 1.540500482994346276e+00
2.049801052129238688e-01 1.538843751747004163e+00
2.069740585951406198e-01 1.537162235319968762e+00
2.089874082504071251e-01 1.535449840724581350e+00
2.110203428568595552e-01 1.533706928185828655e+00
2.130730529280097374e-01 1.532001567958218624e+00
2.151457308305980698e-01 1.530125950450799577e+00
2.172385708026215445e-01 1.528288327613992914e+00
2.193517689715359098e-01 1.526417916706739097e+00
2.214855233726360506e-01 1.524516545676932955e+00
2.236400339676138660e-01 1.522580843728986943e+00
2.258155026632983065e-01 1.520611097123105271e+00
2.280121333305757114e-01 1.518608903368970031e+00
2.302301318234963867e-01 1.516563624790049580e+00
2.324697059985647851e-01 1.514496935367450670e+00
2.347310657342196183e-01 1.512387849417159202e+00
2.370144229505012079e-01 1.510243976385769793e+00
2.393199916289123208e-01 1.508062125697297695e+00
2.416479878324700736e-01 1.505844782294137207e+00
2.439986297259550130e-01 1.503578942307212118e+00
2.463721375963552895e-01 1.501288663201789220e+00
2.487687338735107279e-01 1.498955159196627251e+00
2.511886431509580686e-01 1.496583556543104265e+00
2.536320922069775774e-01 1.494168039340420640e+00
2.560993100258459609e-01 1.491715526605894793e+00
2.585905278192945911e-01 1.489219362343741526e+00
2.611059790481781162e-01 1.486681583042205546e+00
2.636458994443517945e-01 1.484101435094477006e+00
2.662105270327638773e-01 1.481478975921967089e+00
2.688001021537606006e-01 1.478813990861580940e+00
2.714148674856106669e-01 1.476103361416540416e+00
2.740550680672460548e-01 1.473348588447184193e+00
2.767209513212268712e-01 1.470549586184014323e+00
2.794127670769268601e-01 1.467704270039917436e+00
2.821307675939472293e-01 1.464814686606638272e+00
2.848752075857552413e-01 1.461875350777327442e+00
2.876463442435557849e-01 1.458888247813216577e+00
2.904444372603925406e-01 1.455854926257359905e+00
2.932697488554852905e-01 1.452772479991990773e+00
2.961225437988035947e-01 1.449641162883185785e+00
2.990030894358785551e-01 1.446459253524408739e+00
3.019116557128577738e-01 1.443228119948640753e+00
3.048485152018017286e-01 1.439944565176980218e+00
3.078139431262288950e-01 1.436610628427566150e+00
3.108082173869063936e-01 1.433224387377864950e+00
3.138316185878944342e-01 1.429784306481535872e+00
3.168844300628416155e-01 1.426291950094046523e+00
3.199669379015380732e-01 1.422747137683737950e+00
3.230794309767249795e-01 1.419147343096436309e+00
3.262222009711669979e-01 1.415489810899587253e+00
3.293955424049855307e-01 1.411781085525643409e+00
3.325997526632606949e-01 1.408012509448112848e+00
3.358351320238990301e-01 1.404186179663502676e+00
3.391019836857747105e-01 1.400308219965332057e+00
3.424006137971423724e-01 1.396369123793912648e+00
3.457313314843284413e-01 1.392371331218889452e+00
3.490944488806992929e-01 1.388316798196433499e+00
3.524902811559130766e-01 1.384201511442668897e+00
3.559191465454557002e-01 1.380025109257919436e+00
3.593813663804627523e-01 1.375792224786455797e+00
3.628772651178337472e-01 1.371496039927037280e+00
3.664071703706370808e-01 1.367137493143943505e+00
3.699714129388128048e-01 1.362720326396324344e+00
3.735703268401719401e-01 1.358239594684196083e+00
3.772042493416999376e-01 1.353693103827297017e+00
3.808735209911614517e-01 1.349097758567080918e+00
3.845784856490158665e-01 1.344415066778745116e+00
3.883194905206404091e-01 1.339682615712427083e+00
3.920968861888690649e-01 1.334901536223450647e+00
3.959110266468458539e-01 1.330018699336444232e+00
3.997622693312000708e-01 1.325089736499424964e+00
4.036509751555413805e-01 1.320104061453381883e+00
4.075775085442840395e-01 1.315036465189761472e+00
4.115422374667966343e-01 1.309909548457249828e+00
4.155455334718875515e-01 1.304715617325738153e+00
4.195877717226225712e-01 1.299455516516360376e+00
4.236693310314835759e-01 1.294128696329700068e+00
4.277905938958687093e-01 1.288734978637193329e+00
4.319519465339363706e-01 1.283275125072318890e+00
4.361537789208005944e-01 1.277745042464888847e+00
4.403964848250754294e-01 1.272146046931249774e+00
4.446804618457780300e-01 1.266480451724262046e+00
4.490061114495874639e-01 1.260749346840377649e+00
4.533738390084691150e-01 1.254947363342091782e+00
4.577840538376618529e-01 1.249075673750852822e+00
4.622371692340384031e-01 1.243137347287811334e+00
4.667336025148346446e-01 1.237131746069223270e+00
4.712737750567601580e-01 1.231056578997144602e+00
4.758581123354846953e-01 1.224908131020005397e+00
4.804870439655131720e-01 1.218697184005749001e+00
4.851610037404442966e-01 1.212416706107360298e+00
4.898804296736250508e-01 1.206067335667838636e+00
4.946457640391963562e-01 1.199648566641149827e+00
4.994574534135413635e-01 1.193162854561155228e+00
5.043159487171361421e-01 1.186609754048159493e+00
5.092217052568053237e-01 1.179989627039474964e+00
5.141751827683928022e-01 1.173301623184520137e+00
5.191768454598426619e-01 1.166545289086356352e+00
5.242271620547044320e-01 1.159723993054608826e+00
5.293266058360561743e-01 1.152834604654621176e+00
5.344756546908600026e-01 1.145882552980140634e+00
5.396747911547442600e-01 1.138861180901881154e+00
5.449245024572260121e-01 1.131775390336693832e+00
5.502252805673685243e-01 1.124628075198352395e+00
5.555776222398878250e-01 1.117418584701371120e+00
5.609820290617031358e-01 1.110137411583096423e+00
5.664390074989449353e-01 1.102799453925628281e+00
5.719490689444144405e-01 1.095397717322472486e+00
5.775127297655114900e-01 1.087935499301748488e+00
5.831305113526221717e-01 1.080410892292807290e+00
5.888029401679826247e-01 1.072826738531904134e+00
5.945305477950136863e-01 1.065187443104774978e+00
6.003138709881384871e-01 1.057484029115294044e+00
6.061534517230839914e-01 1.049728306097756692e+00
6.120498372476699256e-01 1.041914986237357565e+00
6.180035801330957534e-01 1.034042643894236280e+00
6.240152383257209223e-01 1.026122318768374786e+00
6.300853751993553686e-01 1.018142783151660513e+00
6.362145596080520660e-01 1.010115674078508663e+00
6.424033659394193796e-01 1.002034824724221451e+00
6.486523741684461219e-01 9.939033085966489933e-01
6.549621699118558515e-01 9.857252056088559033e-01
6.613333444829840868e-01 9.774984355776858980e-01
6.677664949471955325e-01 9.692242270908908441e-01
6.742622241778342129e-01 9.609081152052832975e-01
6.808211409127237213e-01 9.525484412809068768e-01
6.874438598112112553e-01 9.441431476803709977e-01
6.941310015117725385e-01 9.357013430273735111e-01
7.008831926901714082e-01 9.272189025978453403e-01
7.077010661181889484e-01 9.186965826957088632e-01
7.145852607229240538e-01 9.101419627275368907e-01
7.215364216466665370e-01 9.015494628227951335e-01
7.285552003073593186e-01 8.929274931260421377e-01
7.356422544596413760e-01 8.842722819347468288e-01
7.427982482564918776e-01 8.755847493994964870e-01
7.500238523114668432e-01 8.668681963301699822e-01
7.573197437615483141e-01 8.581369080161879159e-01
7.646866063305975958e-01 8.493722767253348849e-01
7.721251303934327792e-01 8.405742796017662277e-01
7.796360130405233235e-01 8.317796539396555833e-01
7.872199581433195759e-01 8.229531880936570287e-01
7.948776764202123424e-01 8.141131705863317025e-01
8.026098855031396084e-01 8.052542942884961530e-01
8.104173100048355227e-01 7.963838053600229561e-01
8.183006815867394090e-01 7.874999007567154985e-01
8.262607390275591435e-01 7.786067151606035353e-01
8.342982282925082149e-01 7.697094767088149547e-01
8.424139026032094746e-01 7.608041176822613050e-01
8.506085225082840040e-01 7.518933658779662910e-01
8.588828559546254349e-01 7.429591081177747691e-01
8.672376783593644944e-01 7.340734957859456067e-01
8.756737726825394308e-01 7.251650297621751173e-01
8.841919295004664336e-01 7.162642074206340137e-01
8.927929470798307010e-01 7.073253207130000275e-01
9.014776314524917122e-01 6.984799264487105974e-01
9.102467964910225806e-01 6.896005956089239497e-01
9.191012639849772681e-01 6.807369710983941502e-01
9.280418637179072006e-01 6.718919209143784377e-01
9.370694335451198453e-01 6.630519422668763596e-01
9.461848194722002336e-01 6.542520499668746936e-01
9.553888757342895444e-01 6.454408838959970751e-01
9.646824648761427312e-01 6.366234446142221559e-01
9.740664578329562007e-01 6.279097785247956809e-01
9.835417340119908536e-01 6.191987007240082885e-01
9.931091813749796104e-01 6.105073770188688131e-01
1.002769696521346621e+00 6.018501089038582608e-01
1.012524184772224167e+00 5.932154706524922494e-01
1.022373560255302127e+00 5.846174723758510439e-01
1.032318745990486564e+00 5.760585210153946756e-01
1.042360673976402197e+00 5.675350001120862409e-01
1.052500285277732761e+00 5.590553615997256864e-01
1.062738530113414459e+00 5.506142245564987769e-01
1.073076367945679621e+00 5.422180919832723101e-01
1.083514767569973225e+00 5.338636252616195677e-01
1.094054707205742494e+00 5.255601154483110493e-01
1.104697174588111785e+00 5.173044278823504261e-01
1.115443167060441221e+00 5.090981216208324556e-01
1.126293691667795249e+00 5.009419296718895520e-01
1.137249765251314271e+00 4.928412352938190688e-01
1.148312414543511073e+00 4.847969528576422937e-01
1.159482676264482759e+00 4.768048158663523717e-01
1.170761597219069250e+00 4.688763235451481326e-01
1.182150234394952371e+00 4.610022123498221380e-01
1.193649655061713055e+00 4.531940148158212223e-01
1.205260936870842681e+00 4.454188912719423965e-01
1.216985167956738056e+00 4.377580180599673354e-01
1.228823447038673411e+00 4.301281024640540296e-01
1.240776883523764251e+00 4.225810648943850723e-01
1.252846597610937529e+00 4.150940972565034803e-01
1.265033720395903893e+00 4.076749261054611329e-01
1.277339393977160009e+00 4.003252254261643883e-01
1.289764771563017165e+00 3.930371100720492783e-01
1.302311017579677488e+00 3.858366609314961004e-01
1.314979307780347773e+00 3.786964610805298448e-01
1.327770829355430449e+00 3.716382805196707939e-01
1.340686781043774811e+00 3.646512257819766178e-01
1.353728373245021821e+00 3.577291504413079304e-01
1.366896828133026487e+00 3.508992518661250282e-01
1.380193379770397355e+00 3.440887794768272556e-01
1.393619274224142002e+00 3.374568022766367137e-01
1.407175769682446731e+00 3.308478973882533203e-01
1.420864136572576708e+00 3.243220710854091138e-01
1.434685657679937831e+00 3.178723392921666280e-01
1.448641628268290127e+00 3.115051440960674989e-01
1.462733356201129986e+00 3.052160627036500373e-01
1.476962162064259898e+00 2.990061230733710440e-01
1.491329379289537682e+00 2.928861471402761651e-01
1.505836354279841416e+00 2.868289399126790484e-01
1.520484446535244283e+00 2.808626208559679149e-01
1.535275028780422657e+00 2.749269791933682261e-01
1.550209487093291205e+00 2.691724201562488705e-01
1.565289221034902312e+00 2.634486294075038537e-01
1.580515643780601165e+00 2.578082066872680045e-01
1.595890182252465817e+00 2.522496048400674762e-01
1.611414277253019778e+00 2.467723264784778825e-01
1.627089383600260675e+00 2.413758681663225603e-01
1.642916970263993193e+00 2.360481843546518022e-01
1.658898520503498064e+00 2.308288034646273357e-01
1.675035532006524441e+00 2.256372246866295561e-01
1.691329517029648732e+00 2.206066373128177938e-01
1.707782002539993016e+00 2.156168561783944615e-01
1.724394530358320354e+00 2.107076892164954085e-01
1.741168657303530987e+00 2.058464422960265550e-01
1.758105955338547632e+00 2.011305440229043673e-01
1.775208011717636092e+00 1.964612756421309503e-01
1.792476429135148930e+00 1.918419055976459675e-01
1.809912825875727105e+00 1.873599499012978120e-01
1.827518835965944666e+00 1.828958592555999241e-01
1.845296109327445366e+00 1.785579579592206645e-01
1.863246311931559873e+00 1.742947994614698903e-01
1.881371125955437096e+00 1.700940049007223787e-01
1.899672249939675650e+00 1.659694272266666049e-01
1.918151398947507635e+00 1.619040824032630388e-01
1.936810304725519849e+00 1.579462783932022996e-01
1.955650715865949074e+00 1.540469961391600084e-01
1.974674397970537454e+00 1.502211637615234463e-01
1.993883133816001019e+00 1.464478949117721529e-01
2.013278723521096492e+00 1.427887228414674026e-01
2.032862984715323673e+00 1.391800326629867302e-01
2.052637752709252084e+00 1.356445838612065635e-01
2.072604880666519822e+00 1.321707476243151047e-01
2.092766239777499759e+00 1.287782853949622219e-01
2.113123719434652603e+00 1.254478981571557350e-01
2.133679227409597701e+00 1.221867313161017210e-01
2.154434690031884259e+00 1.189927870582668662e-01
2.175392052369522489e+00 1.158650300394521993e-01
2.196553278411258248e+00 1.128031127673086581e-01
2.217920351250634692e+00 1.098054018523147296e-01
2.239495273271823184e+00 1.068711105299809672e-01
2.261280066337279404e+00 1.040008672215182867e-01
2.283276771977218012e+00 1.012021248169832494e-01
2.305487451580938707e+00 9.844613431387552738e-02
2.327914186589993051e+00 9.575844045276815653e-02
2.350559078693253756e+00 9.312309208968835850e-02
2.373424250023866033e+00 9.056272891077910003e-02
2.396511843358130278e+00 8.805193547323457437e-02
2.419824022316292567e+00 8.559580281891832065e-02
2.443362971565319341e+00 8.319775051578366665e-02
2.467130897023623426e+00 8.085836987565636624e-02
2.491130026067788439e+00 7.856828416952120475e-02
2.515362607741312928e+00 7.633376412787602761e-02
2.539830912965362675e+00 7.415145083522864389e-02
2.564537234751594674e+00 7.202382887191610683e-02
2.589483888417040802e+00 6.994422869223752837e-02
2.614673211801092023e+00 6.791408778672083923e-02
2.640107565484572927e+00 6.593744426566182371e-02
2.665789333010967876e+00 6.400149354509808430e-02
2.691720921109787668e+00 6.211305183357489212e-02
2.717904759922122881e+00 6.027602885800677213e-02
2.744343303228365283e+00 5.848549840687333745e-02
2.771039028678170535e+00 5.673764091986545355e-02
2.797994438022641805e+00 5.503213175217339104e-02
2.825212057348790218e+00 5.337293472850678649e-02
2.852694437316245057e+00 5.173446813225276303e-02
2.880444153396297668e+00 5.017747838020114592e-02
2.908463806113254169e+00 4.864111140349777068e-02
2.936756021288137397e+00 4.714415127260621063e-02
2.965323450284773621e+00 4.568734884654749445e-02
2.994168770258243573e+00 4.426717378117620699e-02
3.023294684405779531e+00 4.288514572195893659e-02
3.052703922220086241e+00 4.153918896671579541e-02
3.082399239745143404e+00 4.023292948511181938e-02
3.112383419834465759e+00 3.895916807314438179e-02
3.142659272411905569e+00 3.771988421987251816e-02
3.173229634734976212e+00 3.651435924625993923e-02
3.204097371660752813e+00 3.534301629073809126e-02
3.235265375914330388e+00 3.420138544567820349e-02
3.266736568359921655e+00 3.309285019843880016e-02
3.298513898274578082e+00 3.201452750038619177e-02
3.330600343624588788e+00 3.096759762935671553e-02
3.362998911344535991e+00 2.994900566416111576e-02
3.395712637619100693e+00 2.895907879489524953e-02
3.428744588167585317e+00 2.799778882196320498e-02
3.462097858531227423e+00 2.706385635857240513e-02
3.495775574363275240e+00 2.615651622013914768e-02
3.529780891721914671e+00 2.527604871608786150e-02
3.564116997366032269e+00 2.441653299603596672e-02
3.598787109053855460e+00 2.359057558020904305e-02
3.633794475844513094e+00 2.278478092956450970e-02
3.669142378402494131e+00 2.200265892263235032e-02
3.704834129305105694e+00 2.124332574185407510e-02
3.740873073352900313e+00 2.050754413141609236e-02
3.777262587883141176e+00 1.979342662549231011e-02
3.814006083086284082e+00 1.910117026170569596e-02
3.851107002325572903e+00 1.842919639150836578e-02
3.888568822459721019e+00 1.777801305244309377e-02
3.926395054168756449e+00 1.714596939559858910e-02
3.964589242282997805e+00 1.653497402470748001e-02
4.003154966115265445e+00 1.594147534268251440e-02
4.042095839796306045e+00 1.536696943317646981e-02
4.081415512613501662e+00 1.481114932812923821e-02
4.121117669352832635e+00 1.427213769383177053e-02
4.161206030644208020e+00 1.375015367088273412e-02
4.201684353310133346e+00 1.324470083514047054e-02
4.242556430717777438e+00 1.275547678632469109e-02
4.283826093134470270e+00 1.228180692957273751e-02
4.325497208086633627e+00 1.182346489960570644e-02
4.367573680722233398e+00 1.137997733202253392e-02
4.410059454176736615e+00 1.095088035644645186e-02
4.452958509942654963e+00 1.053613938717926773e-02
4.496274868242640110e+00 1.013446179110145604e-02
4.540012588406244554e+00 9.746298613555019752e-03
4.584175769250333765e+00 9.371375655175151476e-03
4.628768549463215365e+00 9.008590860071637521e-03
4.673795107992464004e+00 8.656045946495388374e-03
4.719259664436561863e+00 8.318796509832974279e-03
4.765166479440326341e+00 7.992878921153037663e-03
4.811519855094205766e+00 7.675712322848343878e-03
4.858324135337417360e+00 7.371167353296835013e-03
4.905583706365050922e+00 7.075884852591285065e-03
4.953302997039108924e+00 6.792335438140614107e-03
5.001486479303548727e+00 6.517624256961870692e-03
5.050138668603383785e+00 6.252836311826793017e-03
5.099264124307808288e+00 5.996956301577969529e-03
5.148867450137498025e+00 5.750393820354850367e-03
5.198953294596024399e+00 5.513069118044817626e-03
5.249526351405507718e+00 5.283385074891870301e-03
5.300591359946452030e+00 5.062784159774440067e-03
5.352153105701904501e+00 4.849863074673077881e-03
5.404216420705915347e+00 4.644090559739679110e-03
5.456786183996381823e+00 4.446280920550265726e-03
5.509867322072253160e+00 4.255967987154655151e-03
5.563464809355226137e+00 4.072373746273928730e-03
5.617583668655908191e+00 3.895784502153268845e-03
5.672228971644543094e+00 3.725773840127758960e-03
5.727405839326266346e+00 3.562160703976635211e-03
5.783119442521027054e+00 3.404739386521795416e-03
5.839375002348160315e+00 3.253304214994064483e-03
5.896177790715694478e+00 3.107627194457697299e-03
5.953533130814370189e+00 2.967603383736896507e-03
6.011446397616513337e+00 2.833074832421780907e-03
6.069923018379741464e+00 2.703841017153563956e-03
6.128968473155564034e+00 2.579422546158448813e-03
6.188588295302960063e+00 2.460060325890954872e-03
6.248788072006894012e+00 2.345407282728520157e-03
6.309573444801936049e+00 2.235370455387931336e-03
6.370950110100935149e+00 2.129730407398129372e-03
6.432923819728876502e+00 2.028439410778704391e-03
6.495500381461869033e+00 1.931165496841331626e-03
6.558685659571435345e+00 1.837890698945699505e-03
6.622485575374063238e+00 1.748892274140454849e-03
6.686906107786136921e+00 1.662823043989816903e-03
6.751953293884205287e+00 1.580720839371242085e-03
6.817633229470763112e+00 1.502093154755980301e-03
6.883952069645496330e+00 1.426773591361168037e-03
6.950916029382126382e+00 1.354670453629628745e-03
7.018531384110795912e+00 1.285786891737518162e-03
7.086804470306189430e+00 1.219671743644342365e-03
7.155741686081340980e+00 1.156552103433453786e-03
7.225349491787214085e+00 1.096172472875492528e-03
7.295634410618154320e+00 1.038502914644081569e-03
7.366603029223159460e+00 9.833903870746761328e-04
7.438261998323163482e+00 9.307544937889874548e-04
7.510618033334286459e+00 8.804949619862437052e-04
7.583677914997190683e+00 8.325228749890118372e-04
7.657448490012479958e+00 7.867901941812138538e-04
7.731936671682362316e+00 7.431597514336836866e-04
7.807149440558499798e+00 7.015663629547041992e-04
7.883093845096216690e+00 6.619346856167821879e-04
7.959777002314985417e+00 6.241891638242059743e-04
8.037206098465421888e+00 5.882541835754743435e-04
8.115388389702712146e+00 5.540535312545936909e-04
8.194331202766655053e+00 5.215233982896980711e-04
8.274041935668218883e+00 4.905948041919047046e-04
8.354528058382872047e+00 4.611979116880949138e-04
8.435797113550611570e+00 4.332824208368183587e-04
8.517856717182803905e+00 4.067794674588288235e-04
8.600714559375941093e+00 3.816285823516839780e-04
8.684378405032257220e+00 3.577761722403478774e-04
8.768856094587436090e+00 3.351662513532349609e-04
8.854155544745349715e+00 3.137448497711882813e-04
8.940284749219998162e+00 2.934653018275880658e-04
9.027251779484577909e+00 2.742757242493800178e-04
9.115064785527916769e+00 2.561274276984696675e-04
9.203731996618220279e+00 2.389758237050601823e-04
9.293261722074316111e+00 2.227763010899816919e-04
9.383662352044273902e+00 2.074851720425710359e-04
9.474942358291729150e+00 1.930673011921967800e-04
9.567110294989774388e+00 1.794690064178525765e-04
9.660174799522645017e+00 1.666692553570301577e-04
9.754144593295098531e+00 1.546167357344692232e-04
9.849028482549766039e+00 1.432862154928618461e-04
9.944835359192397917e+00 1.326421547918819844e-04
1.004157420162519543e+01 1.226386606897598465e-04
1.013925407558815373e+01 1.132602912929525239e-04
1.023788413500867378e+01 1.044672673607800008e-04
1.033747362285940774e+01 9.624063898346805286e-05
1.043803187202444072e+01 8.854133975489815694e-05
1.053956830617394580e+01 8.134690592536562490e-05
1.064209244064724658e+01 7.462933430564664859e-05
1.074561388334458023e+01 6.836496134522926393e-05
1.085014233562746178e+01 6.253074618239123862e-05
1.095568759322787855e+01 5.710278947640570697e-05
1.106225954716621906e+01 5.205732970181658857e-05
1.116986818467823817e+01 4.737497164320281034e-05
1.127852359015096795e+01 4.303395193764259012e-05
1.138823594606782130e+01 3.901853365917639743e-05
1.149901553396274245e+01 3.530602361155150634e-05
1.161087273538378994e+01 3.188052864777517258e-05
1.172381803286598512e+01 2.872270639180268090e-05
1.183786201091373513e+01 2.582132619879479469e-05
1.195301535699265827e+01 2.315562946153886954e-05
1.206928886253119870e+01 2.070974480923181124e-05
1.218669342393191712e+01 1.847726688320236923e-05
1.230524004359261525e+01 1.643567696351849386e-05
1.242493983093746479e+01 1.457711541155578813e-05
1.254580400345803248e+01 1.288738698703786742e-05
1.266784388776455827e+01 1.135629825001564832e-05
1.279107092064739781e+01 9.971050719770732835e-06
1.291549665014884063e+01 8.722499071985478409e-06
1.304113273664525430e+01 7.599300783293891854e-06
1.316799095393986185e+01 6.592850250834651620e-06
1.329608319036608854e+01 5.693439367001236416e-06
1.342542144990170527e+01 4.891902538019056771e-06
1.355601785329368880e+01 4.181593295399640143e-06
1.368788463919415221e+01 3.553465958750903513e-06
1.382103416530724438e+01 3.002460251336682008e-06
1.395547890954729020e+01 2.519148827078285679e-06
1.409123147120805619e+01 2.098507145654764391e-06
1.422830457214353395e+01 1.734404086179665077e-06
1.436671105796013137e+01 1.421456493328317919e-06
1.450646389922046886e+01 1.153517816060443517e-06
1.464757619265895272e+01 9.263498431513362992e-07
1.479006116240903168e+01 7.351095987630210899e-07
1.493393216124253264e+01 5.760330243135872820e-07
1.507920267182097263e+01 4.448294396132395421e-07
1.522588630795911513e+01 3.375631117943521257e-07
1.537399681590069456e+01 2.513756766925635222e-07
1.552354807560667105e+01 1.831562333282290528e-07
1.567455410205595001e+01 1.291727042132253504e-07
1.582702904655883280e+01 8.872571408966041412e-08
1.598098719808309376e+01 5.869635963714938321e-08
1.613644298459311699e+01 3.707925297084699400e-08
1.629341097440194730e+01 2.210160745876779992e-08
1.645190587753662470e+01 1.236860541819239470e-08
1.661194254711659113e+01 6.293056811546594726e-09
1.677353598074571295e+01 2.803248654402927508e-09
1.693670132191772026e+01 1.025417156667686696e-09
1.710145386143542012e+01 2.708512654615612505e-10
1.726780903884355922e+01 3.760424194650037254e-11
1.743578244387577669e+01 0.000000000000000000e+00
