1.000000000000000021e-02 1.524790688363620195e+00
1.009727545900835841e-02 1.524786179923158347e+00
1.019549716950923779e-02 1.524781565536226680e+00
1.029467433620748044e-02 1.524776870074149082e+00
1.039481625334708927e-02 1.524772039800016632e+00
1.049593230558227772e-02 1.524767132144282833e+00
1.059803196885688789e-02 1.524762125374713673e+00
1.070112481129246833e-02 1.524756996405430387e+00
1.080522049408488318e-02 1.524751751589519699e+00
1.091032877240974419e-02 1.524743950311487239e+00
1.101645949633656314e-02 1.524738558509802555e+00
1.112362261175187626e-02 1.524733054404567634e+00
1.123182816129126085e-02 1.524727446986266388e+00
1.134108628528052165e-02 1.524721745454542976e+00
1.145140722268592030e-02 1.524715986994709782e+00
1.156280131207376022e-02 1.524710033198915404e+00
1.167527899257919492e-02 1.524703832537441572e+00
1.178885080488457221e-02 1.524697674056306518e+00
1.190352739220719262e-02 1.524691864668869190e+00
1.201931950129673729e-02 1.524685248058205822e+00
1.213623798344241195e-02 1.524678946133518620e+00
1.225429379548980714e-02 1.524672231379597065e+00
1.237349800086776086e-02 1.524665350425547405e+00
1.249386177062509519e-02 1.524658336099455447e+00
1.261539638447754796e-02 1.524651128996871385e+00
1.273811323186478488e-02 1.524643766187589788e+00
1.286202381301779218e-02 1.524636040161667649e+00
1.298713974003655978e-02 1.524628407887600456e+00
1.311347273797833224e-02 1.524620617389207178e+00
1.324103464595636874e-02 1.524613007422025435e+00
1.336983741824946531e-02 1.524604954051475225e+00
1.349989312542219239e-02 1.524596707991538347e+00
1.363121395545611320e-02 1.524586194922902038e+00
1.376381221489191876e-02 1.524577520459910351e+00
1.389770032998276401e-02 1.524568988016886006e+00
1.403289084785873213e-02 1.524559991100219447e+00
1.416939643770268736e-02 1.524551527090970859e+00
1.430722989193757184e-02 1.524544266523590430e+00
1.444640412742520530e-02 1.524534759930074257e+00
1.458693218667675602e-02 1.524525127349448672e+00
1.472882723907502529e-02 1.524514898037250932e+00
1.487210258210860774e-02 1.524505221481335049e+00
1.501677164261799868e-02 1.524494674271258177e+00
1.516284797805393485e-02 1.524484326258410016e+00
1.531034527774784160e-02 1.524473706141778795e+00
1.545927736419477720e-02 1.524462888083535583e+00
1.560965819434872483e-02 1.524451617636524592e+00
1.576150186093060873e-02 1.524440549086519603e+00
1.591482259374891323e-02 1.524429058869808618e+00
1.606963476103326349e-02 1.524417331291045397e+00
1.622595287078087284e-02 1.524405413722613956e+00
1.638379157211618947e-02 1.524393254058236558e+00
1.654316565666366645e-02 1.524381058568468950e+00
1.670409005993399310e-02 1.524368568523495115e+00
1.686657986272368723e-02 1.524355631886257001e+00
1.703065029252844378e-02 1.524342505168252870e+00
1.719631672497009753e-02 1.524329126819138125e+00
1.736359468523754335e-02 1.524315418881889483e+00
1.753249984954170088e-02 1.524301401847299564e+00
1.770304804658450262e-02 1.524287191063194324e+00
1.787525525904235316e-02 1.524272554365851073e+00
1.804913762506383731e-02 1.524257898939681555e+00
1.822471143978214581e-02 1.524243338132305503e+00
1.840199315684210371e-02 1.524229409747960728e+00
1.858099938994215231e-02 1.524214156047717150e+00
1.876174691439120440e-02 1.524196602464035211e+00
1.894425266868081034e-02 1.524182146648562775e+00
1.912853375607242307e-02 1.524163650210008214e+00
1.931460744620030340e-02 1.524146885981102262e+00
1.950249117668984011e-02 1.524129275745286671e+00
1.969220255479172538e-02 1.524111569307589953e+00
1.988375935903200636e-02 1.524093433180073731e+00
2.007717954087816226e-02 1.524075004724322779e+00
2.027248122642137662e-02 1.524056460127021451e+00
2.046968271807520987e-02 1.524037343870186190e+00
2.066880249629082095e-02 1.524018376304382194e+00
2.086985922128879734e-02 1.523997909470185208e+00
2.107287173480786382e-02 1.523977689635124255e+00
2.127785906187062287e-02 1.523957035884177857e+00
2.148484041256648255e-02 1.523935921132238747e+00
2.169383518385184506e-02 1.523914707650662947e+00
2.190486296136792688e-02 1.523892894731747161e+00
2.211794352127614133e-02 1.523870747320659191e+00
2.233309683211144592e-02 1.523847991920305400e+00
2.255034305665360936e-02 1.523825975172418579e+00
2.276970255381680075e-02 1.523801268724703784e+00
2.299119588055741764e-02 1.523777270813847284e+00
2.321484379380064564e-02 1.523751509857773412e+00
2.344066725238556220e-02 1.523727853488888284e+00
2.366868741902936057e-02 1.523702561294798974e+00
2.389892566231050300e-02 1.523674473932679740e+00
2.413140355867127856e-02 1.523650616207738118e+00
2.436614289443983158e-02 1.523623937348547175e+00
2.460316566787181664e-02 1.523596488819353389e+00
2.484249409121190577e-02 1.523566122865035011e+00
2.508415059277539771e-02 1.523538126757217448e+00
2.532815781905008515e-02 1.523509333857309800e+00
2.557453863681850847e-02 1.523481681095163687e+00
2.582331613530085626e-02 1.523451081767462467e+00
2.607451362831877603e-02 1.523420316702953858e+00
2.632815465648021339e-02 1.523389273826529999e+00
2.658426298938541474e-02 1.523356623320245795e+00
2.684286262785454819e-02 1.523323659722617629e+00
2.710397780617682106e-02 1.523290807688643111e+00
2.736763299438163891e-02 1.523256314569386705e+00
2.763385290053169824e-02 1.523221472556376410e+00
2.790266247303856487e-02 1.523185892012839826e+00
2.817408690300057458e-02 1.523149651211478384e+00
2.844815162656363222e-02 1.523113821232688236e+00
2.872488232730495070e-02 1.523078177615687645e+00
2.900430493863991738e-02 1.523038083706814483e+00
2.928644564625237229e-02 1.523000824468090153e+00
2.957133089054861039e-02 1.522961204696100967e+00
2.985898736913520854e-02 1.522918474955945456e+00
3.014944203932094433e-02 1.522878283077547135e+00
3.044272212064302874e-02 1.522836239431620386e+00
3.073885509741795460e-02 1.522793441383227364e+00
3.103786872131722788e-02 1.522749818184233828e+00
3.133979101396793671e-02 1.522705376906054564e+00
3.164465026957891114e-02 1.522659946772810136e+00
3.195247505759213347e-02 1.522613180752010020e+00
3.226329422536015901e-02 1.522566931664459222e+00
3.257713690084949876e-02 1.522518299155883215e+00
3.289403249537032475e-02 1.522469035642585400e+00
3.321401070633261954e-02 1.522418817644108913e+00
3.353710152002930406e-02 1.522367511761444803e+00
3.386333521444636480e-02 1.522315574399277782e+00
3.419274236210027851e-02 1.522264452929677603e+00
3.452535383290306070e-02 1.522210259231451701e+00
3.486120079705520153e-02 1.522154957096317318e+00
3.520031472796678745e-02 1.522098394314201020e+00
3.554272740520694751e-02 1.522040944638981319e+00
3.588847091748199186e-02 1.521982152614882455e+00
3.623757766564258964e-02 1.521922007954520373e+00
3.659008036572020811e-02 1.521862916923981013e+00
3.694601205199302130e-02 1.521798975547289157e+00
3.730540608008161424e-02 1.521735811585672948e+00
3.766829613007490613e-02 1.521671763974542513e+00
3.803471620968648659e-02 1.521605785134014344e+00
3.840470065744145539e-02 1.521539303461344250e+00
3.877828414589457040e-02 1.521471436769314955e+00
3.915550168487941241e-02 1.521401743224828795e+00
3.953638862478930927e-02 1.521330984587953239e+00
3.992098065989020672e-02 1.521258920925406155e+00
4.030931383166566628e-02 1.521185569685015171e+00
4.070142453219438572e-02 1.521110262892277243e+00
4.109734950756069316e-02 1.521033567032943123e+00
4.149712586129815362e-02 1.520955492123231778e+00
4.190079105786669034e-02 1.520875925874141110e+00
4.230838292616342228e-02 1.520795460353620454e+00
4.271993966306778662e-02 1.520712856582604688e+00
4.313549983702118923e-02 1.520620695654568921e+00
4.355510239164130798e-02 1.520542738608518407e+00
4.397878664937160398e-02 1.520448872281652930e+00
4.440659231516640160e-02 1.520365560637230606e+00
4.483855948021186338e-02 1.520274827874162460e+00
4.527472862568297785e-02 1.520181888798315839e+00
4.571514062653719151e-02 1.520087338610053074e+00
4.615983675534499064e-02 1.519991049957233997e+00
4.660885868615767536e-02 1.519893616785563673e+00
4.706224849841281199e-02 1.519793465582504943e+00
4.752004868087766204e-02 1.519690267886631085e+00
4.798230213563085128e-02 1.519586182048934031e+00
4.844905218208294534e-02 1.519480277696714010e+00
4.892034256103611894e-02 1.519372021875613710e+00
4.939621743878321036e-02 1.519263325898450923e+00
4.987672141124663283e-02 1.519149366733618667e+00
5.036189950815770505e-02 1.519033998063991753e+00
5.085179719727656034e-02 1.518917062811133478e+00
5.134646038865306461e-02 1.518797531657600786e+00
5.184593543892913187e-02 1.518675565872477318e+00
5.235026915568305461e-02 1.518551366010560510e+00
5.285950880181603667e-02 1.518424653531444068e+00
5.337370209998133774e-02 1.518296234831312264e+00
5.389289723705643909e-02 1.518164703251234648e+00
5.441714286865893119e-02 1.518030701121338977e+00
5.494648812370611646e-02 1.517896084676047641e+00
5.548098260901916656e-02 1.517755403773964229e+00
5.602067641397187603e-02 1.517613740208122231e+00
5.656562011518465050e-02 1.517469604648882475e+00
5.711586478126431943e-02 1.517322462920537296e+00
5.767146197758996756e-02 1.517172449227112585e+00
5.823246377114527778e-02 1.517020167045273427e+00
5.879892273539785025e-02 1.516863243112609672e+00
5.937089195522609469e-02 1.516701803792463998e+00
5.994842503189409116e-02 1.516542787958722771e+00
6.053157608807464840e-02 1.516377662008390415e+00
6.112039977292132997e-02 1.516209431413931386e+00
6.171495126718981594e-02 1.516037489087462831e+00
6.231528628840921763e-02 1.515862033084558025e+00
6.292146109610344262e-02 1.515651729647241597e+00
6.353353249706343575e-02 1.515501199128146181e+00
6.415155785067082339e-02 1.515315961985030047e+00
6.477559507427335661e-02 1.515126414483539241e+00
6.540570264861225724e-02 1.514934542834444509e+00
6.604193962330305590e-02 1.514738066162489627e+00
6.668436562236895737e-02 1.514537743915870704e+00
6.733304084982863480e-02 1.514333038715383051e+00
6.798802609533814711e-02 1.514125036969384830e+00
6.864938273988777095e-02 1.513912415584722337e+00
6.931717276155408003e-02 1.513696229552010664e+00
6.999145874130821565e-02 1.513476056975083361e+00
7.067230386888070925e-02 1.513250084498269254e+00
7.135977194868306506e-02 1.513021568362045155e+00
7.205392740578704658e-02 1.512788684650325566e+00
7.275483529196229149e-02 1.512550979333968426e+00
7.346256129177256011e-02 1.512308033597506762e+00
7.417717172873124210e-02 1.512061061848070764e+00
7.489873357151664857e-02 1.511808824629505166e+00
7.562731444024800576e-02 1.511553756796335524e+00
7.636298261282241373e-02 1.511291922791170306e+00
7.710580703131336699e-02 1.511024719672747096e+00
7.785585730843146146e-02 1.510753256947704681e+00
7.861320373404813433e-02 1.510475888545340650e+00
7.937791728178281159e-02 1.510192916492498538e+00
8.015006961565404597e-02 1.509906144475264833e+00
8.092973309679550586e-02 1.509612272918003484e+00
8.171698079023696770e-02 1.509313070332462647e+00
8.251188647175167201e-02 1.509007753749846747e+00
8.331452463477014014e-02 1.508695404710454380e+00
8.412497049736118726e-02 1.508377533763277212e+00
8.494330000928071445e-02 1.508055902196872244e+00
8.576958985908941790e-02 1.507726247043474466e+00
8.660391748133952627e-02 1.507391725276397310e+00
8.744636106383144036e-02 1.507065872601992318e+00
8.829699955494091368e-02 1.506702890793847782e+00
8.915591267101763417e-02 1.506346326089012422e+00
9.002318090385581784e-02 1.505985016589304504e+00
9.089888552823731371e-02 1.505617188674843732e+00
9.178310860954806694e-02 1.505242088732433592e+00
9.267593301146882789e-02 1.504860027968025316e+00
9.357744240374062106e-02 1.504469978752911219e+00
9.448772127000577836e-02 1.504071513794443815e+00
9.540685491572513388e-02 1.503666285914699863e+00
9.633492947617222635e-02 1.503252886937353150e+00
9.727203192450542546e-02 1.502830255768073275e+00
9.821825007991856482e-02 1.502401628995067684e+00
9.917367261587073379e-02 1.501963834248745355e+00
1.001383890683960748e-01 1.501516775396507519e+00
1.011124898444945991e-01 1.501063011664875102e+00
1.020960662306047012e-01 1.500600783282366679e+00
1.030892104011576216e-01 1.500129798236047307e+00
1.040920154272158005e-01 1.499649448943149999e+00
1.051045752851944987e-01 1.499161181708794865e+00
1.061269848656690717e-01 1.498662428841286420e+00
1.071593399822671072e-01 1.498153452961606957e+00
1.082017373806478805e-01 1.497635445961412737e+00
1.092542747475682557e-01 1.497107581573786206e+00
1.103170507200377515e-01 1.496569791253712367e+00
1.113901648945616746e-01 1.496021442945306701e+00
1.124737178364751955e-01 1.495463214692488885e+00
1.135678110893671017e-01 1.494893861450136363e+00
1.146725471845963656e-01 1.494312459011276850e+00
1.157880296509002094e-01 1.493743406792628958e+00
1.169143630240966764e-01 1.493119667139235940e+00
1.180516528568804902e-01 1.492506428970818311e+00
1.192000057287153220e-01 1.491882644606262964e+00
1.203595292558212876e-01 1.491245472665428284e+00
1.215303321012602134e-01 1.490597099442952267e+00
1.227125239851190319e-01 1.489936548861247934e+00
1.239062156947916271e-01 1.489263509583667044e+00
1.251115190953615564e-01 1.488577897274281581e+00
1.263285471400849291e-01 1.487878047226582678e+00
1.275574138809759950e-01 1.487165308560661092e+00
1.287982344794950385e-01 1.486438839607829854e+00
1.300511252173409127e-01 1.485698279799547938e+00
1.313162035073478784e-01 1.484946112970030763e+00
1.325935879044890797e-01 1.484180467305665774e+00
1.338833981169864351e-01 1.483399741900529145e+00
1.351857550175293021e-01 1.482604535350182440e+00
1.365007806546013891e-01 1.481793737345419748e+00
1.378285982639189389e-01 1.480967561513314434e+00
1.391693322799789911e-01 1.480125494239444173e+00
1.405231083477211373e-01 1.479268464606536160e+00
1.418900533343016301e-01 1.478395198465674687e+00
1.432702953409830948e-01 1.477503849839797434e+00
1.446639637151387880e-01 1.476614284313223946e+00
1.460711890623745679e-01 1.475677796949027565e+00
1.474921032587684921e-01 1.474762436702476975e+00
1.489268394632288772e-01 1.473971620022828555e+00
1.503755321299738434e-01 1.472841393037829683e+00
1.518383170211306810e-01 1.471814778652116296e+00
1.533153312194593942e-01 1.470803054329678172e+00
1.548067131411984265e-01 1.469773661881545790e+00
1.563126025490369497e-01 1.468723941217217943e+00
1.578331405652117214e-01 1.467656862547181085e+00
1.593684696847328941e-01 1.466569678553129030e+00
1.609187337887370006e-01 1.465481306375784332e+00
1.624840781579713067e-01 1.464343069178712931e+00
1.640646494864078653e-01 1.463189229086989451e+00
1.656605958949914359e-01 1.462018232111687910e+00
1.672720669455196874e-01 1.460827370350682886e+00
1.688992136546599021e-01 1.459615581223522973e+00
1.705421885081006561e-01 1.458348044287494316e+00
1.722011454748421100e-01 1.457122743594609915e+00
1.738762400216251336e-01 1.455842453338219267e+00
1.755676291275001522e-01 1.454542327473761665e+00
1.772754712985387948e-01 1.453214440200932822e+00
1.789999265826875408e-01 1.451872442788149753e+00
1.807411565847668600e-01 1.450491375166856667e+00
1.824993244816152382e-01 1.449092833130596780e+00
1.842745950373816666e-01 1.447667879606254981e+00
1.860671346189656239e-01 1.446218021482992944e+00
1.878771112116086051e-01 1.444742081085244489e+00
1.897046944346358344e-01 1.443239310429941025e+00
1.915500555573527997e-01 1.441709943986869469e+00
1.934133675150944698e-01 1.440154355248693063e+00
1.952948049254327745e-01 1.438571020994213967e+00
1.971945441045395986e-01 1.436959667643534777e+00
1.991127630837108697e-01 1.435318137945793993e+00
2.010496416260497965e-01 1.433647570410276240e+00
2.030053612433137811e-01 1.431948272898047048e+00
2.049801052129238688e-01 1.430219712533817633e+00
2.069740585951406198e-01 1.428460470497029178e+00
2.089874082504071251e-01 1.426670305050543375e+00
2.110203428568595552e-01 1.424849092756431457e+00
2.130730529280097374e-01 1.423000777581251652e+00
2.151457308305980698e-01 1.421110074415107505e+00
2.172385708026215445e-01 1.419191883213778205e+00
2.193517689715359098e-01 1.417239883365920106e+00
2.214855233726360506e-01 1.415265798892103133e+00
2.236400339676138660e-01 1.413235498727335449e+00
2.258155026632983065e-01 1.411181692327355686e+00
2.280121333305757114e-01 1.409091435264362646e+00
2.302301318234963867e-01 1.406966777660472845e+00
2.324697059985647851e-01 1.404804341417408065e+00
2.347310657342196183e-01 1.402603109360777811e+00
2.370144229505012079e-01 1.400369284153281324e+00
2.393199916289123208e-01 1.398095533108788091e+00
2.416479878324700736e-01 1.395783302327705089e+00
2.439986297259550130e-01 1.393432285840171980e+00
2.463721375963552895e-01 1.391041776983655609e+00
2.487687338735107279e-01 1.388612650198293386e+00
2.511886431509580686e-01 1.386139869016087989e+00
2.536320922069775774e-01 1.383627978974963924e+00
2.560993100258459609e-01 1.381074145706797429e+00
2.585905278192945911e-01 1.378478706723231806e+00
2.611059790481781162e-01 1.375838894284892255e+00
2.636458994443517945e-01 1.373156437336545688e+00
2.662105270327638773e-01 1.370427558725736183e+00
2.688001021537606006e-01 1.367659164986079423e+00
2.714148674856106669e-01 1.364845287092517845e+00
2.740550680672460548e-01 1.362014085156311616e+00
2.767209513212268712e-01 1.359076241569235677e+00
2.794127670769268601e-01 1.356121994512791806e+00
2.821307675939472293e-01 1.353126436962909684e+00
2.848752075857552413e-01 1.350073437069550630e+00
2.876463442435557849e-01 1.346977276560513248e+00
2.904444372603925406e-01 1.343828936934484908e+00
2.932697488554852905e-01 1.340633391893709003e+00
2.961225437988035947e-01 1.337387560974174106e+00
2.990030894358785551e-01 1.334090568159756129e+00
3.019116557128577738e-01 1.330745456498503954e+00
3.048485152018017286e-01 1.327345146857858538e+00
3.078139431262288950e-01 1.323893536876744603e+00
3.108082173869063936e-01 1.320390027708878256e+00
3.138316185878944342e-01 1.316832013802759160e+00
3.168844300628416155e-01 1.313220922254004996e+00
3.199669379015380732e-01 1.309553712818307902e+00
3.230794309767249795e-01 1.305834047156260835e+00
3.262222009711669979e-01 1.302059658845658996e+00
3.293955424049855307e-01 1.298227712147956403e+00
3.325997526632606949e-01 1.294337175170142462e+00
3.358351320238990301e-01 1.290390044226205069e+00
3.391019836857747105e-01 1.286388970722397218e+00
3.424006137971423724e-01 1.282327275005010980e+00
3.457313314843284413e-01 1.278207091706874410e+00
3.490944488806992929e-01 1.274028221475229650e+00
3.524902811559130766e-01 1.269790494037270845e+00
3.559191465454557002e-01 1.265494465807285307e+00
3.593813663804627523e-01 1.261136054962923359e+00
3.628772651178337472e-01 1.256743784830442578e+00
3.664071703706370808e-01 1.252236396823805498e+00
3.699714129388128048e-01 1.247696172060447362e+00
3.735703268401719401e-01 1.243093183903779098e+00
3.772042493416999376e-01 1.238425962938714875e+00
3.808735209911614517e-01 1.233696935058099742e+00
3.845784856490158665e-01 1.228904848395489413e+00
3.883194905206404091e-01 1.224055021938711407e+00
3.920968861888690649e-01 1.219134386174002493e+00
3.959110266468458539e-01 1.214152028695753227e+00
3.997622693312000708e-01 1.209105854499709531e+00
4.036509751555413805e-01 1.203995695851979297e+00
4.075775085442840395e-01 1.198818933751495619e+00
4.115422374667966343e-01 1.193577607540829089e+00
4.155455334718875515e-01 1.188273905053955026e+00
4.195877717226225712e-01 1.182901418413197625e+00
4.236693310314835759e-01 1.177465047024466749e+00
4.277905938958687093e-01 1.171964233482943429e+00
4.319519465339363706e-01 1.166395158834690138e+00
4.361537789208005944e-01 1.160762385084257664e+00
4.403964848250754294e-01 1.155060995814009228e+00
4.446804618457780300e-01 1.149297660968781942e+00
4.490061114495874639e-01 1.143465558337353860e+00
4.533738390084691150e-01 1.137567522580750223e+00
4.577840538376618529e-01 1.131605357971398274e+00
4.622371692340384031e-01 1.125575945300641534e+00
4.667336025148346446e-01 1.119479852849539991e+00
4.712737750567601580e-01 1.113320411482564776e+00
4.758581123354846953e-01 1.107096831755795874e+00
4.804870439655131720e-01 1.100803742600943824e+00
4.851610037404442966e-01 1.094450307286731316e+00
4.898804296736250508e-01 1.088029051287781490e+00
4.946457640391963562e-01 1.081543664600858712e+00
4.994574534135413635e-01 1.074995643423041880e+00
5.043159487171361421e-01 1.068381149987200684e+00
5.092217052568053237e-01 1.061706111328387214e+00
5.141751827683928022e-01 1.054967608814093127e+00
5.191768454598426619e-01 1.048161561367992878e+00
5.242271620547044320e-01 1.041301446353046778e+00
5.293266058360561743e-01 1.034378514420676964e+00
5.344756546908600026e-01 1.027391626722863105e+00
5.396747911547442600e-01 1.020343959437284065e+00
5.449245024572260121e-01 1.013242933271312651e+00
5.502252805673685243e-01 1.006075593148905822e+00
5.555776222398878250e-01 9.988557181261038531e-01
5.609820290617031358e-01 9.915743596522584857e-01
5.664390074989449353e-01 9.842385565826348159e-01
5.719490689444144405e-01 9.768463013604550271e-01
5.775127297655114900e-01 9.693976900687470977e-01
5.831305113526221717e-01 9.618996177516531132e-01
5.888029401679826247e-01 9.543466320313869211e-01
5.945305477950136863e-01 9.467213252784053568e-01
6.003138709881384871e-01 9.390809146455356693e-01
6.061534517230839914e-01 9.313748579462218791e-01
6.120498372476699256e-01 9.236210284666143133e-01
6.180035801330957534e-01 9.158180104399269439e-01
6.240152383257209223e-01 9.079686309236222330e-01
6.300853751993553686e-01 9.000744185686075927e-01
6.362145596080520660e-01 8.921366075810477358e-01
6.424033659394193796e-01 8.841571184325968114e-01
6.486523741684461219e-01 8.761332676688750043e-01
6.549621699118558515e-01 8.680741347374171246e-01
6.613333444829840868e-01 8.599765636485648956e-01
6.677664949471955325e-01 8.518354546406603500e-01
6.742622241778342129e-01 8.436327026407633989e-01
6.808211409127237213e-01 8.354169541094801366e-01
6.874438598112112553e-01 8.272178956807721972e-01
6.941310015117725385e-01 8.189505681176368901e-01
7.008831926901714082e-01 8.106508341074641910e-01
7.077010661181889484e-01 8.023274555335858649e-01
7.145852607229240538e-01 7.939742707153684131e-01
7.215364216466665370e-01 7.855615125812601685e-01
7.285552003073593186e-01 7.771996636845481810e-01
7.356422544596413760e-01 7.687841932122133626e-01
7.427982482564918776e-01 7.603459878437672792e-01
7.500238523114668432e-01 7.518935898856450306e-01
7.573197437615483141e-01 7.434218857890996235e-01
7.646866063305975958e-01 7.349408433388617823e-01
7.721251303934327792e-01 7.264483835946623502e-01
7.796360130405233235e-01 7.179430860542138637e-01
7.872199581433195759e-01 7.094330329631390875e-01
7.948776764202123424e-01 7.009177372380035465e-01
8.026098855031396084e-01 6.924004721229556347e-01
8.104173100048355227e-01 6.838762023742093188e-01
8.183006815867394090e-01 6.753587571149429758e-01
8.262607390275591435e-01 6.668392793864394985e-01
8.342982282925082149e-01 6.583244563466964516e-01
8.424139026032094746e-01 6.498173807584682882e-01
8.506085225082840040e-01 6.413193562639289969e-01
8.588828559546254349e-01 6.328224565918463274e-01
8.672376783593644944e-01 6.243533064193894644e-01
8.756737726825394308e-01 6.158902430360875258e-01
8.841919295004664336e-01 6.074457710233615026e-01
8.927929470798307010e-01 5.990189386000993599e-01
9.014776314524917122e-01 5.906067057122393882e-01
9.102467964910225806e-01 5.822263639535281143e-01
9.191012639849772681e-01 5.738633185298921413e-01
9.280418637179072006e-01 5.655318371303073022e-01
9.370694335451198453e-01 5.572276209335890185e-01
9.461848194722002336e-01 5.489562181606507663e-01
9.553888757342895444e-01 5.407078210519478123e-01
9.646824648761427312e-01 5.324549991615092903e-01
9.740664578329562007e-01 5.243285818934747544e-01
9.835417340119908536e-01 5.161855430883774964e-01
9.931091813749796104e-01 5.080959299372875826e-01
1.002769696521346621e+00 5.000410828899711779e-01
1.012524184772224167e+00 4.920326879657456742e-01
1.022373560255302127e+00 4.840673719368910333e-01
1.032318745990486564e+00 4.761490584515057911e-01
1.042360673976402197e+00 4.682771495240915516e-01
1.052500285277732761e+00 4.604563756954088150e-01
1.062738530113414459e+00 4.526892851051086963e-01
1.073076367945679621e+00 4.449745465496225960e-01
1.083514767569973225e+00 4.373130891689713251e-01
1.094054707205742494e+00 4.297084622883928229e-01
1.104697174588111785e+00 4.221637986047874769e-01
1.115443167060441221e+00 4.146783166313920410e-01
1.126293691667795249e+00 4.072536776453171137e-01
1.137249765251314271e+00 3.998891355404456949e-01
1.148312414543511073e+00 3.925869851506674224e-01
1.159482676264482759e+00 3.853495788588737758e-01
1.170761597219069250e+00 3.781862030732730529e-01
1.182150234394952371e+00 3.710845856023475275e-01
1.193649655061713055e+00 3.640506752426108106e-01
1.205260936870842681e+00 3.570868496836020478e-01
1.216985167956738056e+00 3.501527970590664895e-01
1.228823447038673411e+00 3.433726273137707730e-01
1.240776883523764251e+00 3.366241343241425654e-01
1.252846597610937529e+00 3.299485768529402674e-01
1.265033720395903893e+00 3.233454399643032051e-01
1.277339393977160009e+00 3.167778266314668634e-01
1.289764771563017165e+00 3.103684908469902526e-01
1.302311017579677488e+00 3.040001183517273553e-01
1.314979307780347773e+00 2.977072509130587741e-01
1.327770829355430449e+00 2.914779801774674550e-01
1.340686781043774811e+00 2.853179039788821258e-01
1.353728373245021821e+00 2.792745682867574519e-01
1.366896828133026487e+00 2.732924759313969942e-01
1.380193379770397355e+00 2.673891288946923517e-01
1.393619274224142002e+00 2.615665031326813716e-01
1.407175769682446731e+00 2.558241886320167802e-01
1.420864136572576708e+00 2.501628559431071097e-01
1.434685657679937831e+00 2.445809956377444638e-01
1.448641628268290127e+00 2.390766323016119133e-01
1.462733356201129986e+00 2.336672703533885787e-01
1.476962162064259898e+00 2.283304062482903740e-01
1.491329379289537682e+00 2.230716572206435933e-01
1.505836354279841416e+00 2.178978905804602462e-01
1.520484446535244283e+00 2.128053035678740268e-01
1.535275028780422657e+00 2.077946949873063220e-01
1.550209487093291205e+00 2.028602247538050241e-01
1.565289221034902312e+00 1.980135388664311102e-01
1.580515643780601165e+00 1.932462755226974360e-01
1.595890182252465817e+00 1.885580791777415610e-01
1.611414277253019778e+00 1.839452095598379799e-01
1.627089383600260675e+00 1.794259083064094762e-01
1.642916970263993193e+00 1.749557557937410635e-01
1.658898520503498064e+00 1.706078088338252308e-01
1.675035532006524441e+00 1.663177483291669867e-01
1.691329517029648732e+00 1.621028536862169078e-01
1.707782002539993016e+00 1.579638607420407737e-01
1.724394530358320354e+00 1.539170886829620000e-01
1.741168657303530987e+00 1.499352619390504349e-01
1.758105955338547632e+00 1.460354926236966111e-01
1.775208011717636092e+00 1.422100769825897226e-01
1.792476429135148930e+00 1.384570802972419634e-01
1.809912825875727105e+00 1.347800025110076350e-01
1.827518835965944666e+00 1.311754069494586727e-01
1.845296109327445366e+00 1.276448184413933040e-01
1.863246311931559873e+00 1.241867776611313562e-01
1.881371125955437096e+00 1.207959397272662383e-01
1.899672249939675650e+00 1.174806099523688363e-01
1.918151398947507635e+00 1.142439574543770570e-01
1.936810304725519849e+00 1.110626582231081794e-01
1.955650715865949074e+00 1.079398369979584632e-01
1.974674397970537454e+00 1.049151495148691743e-01
1.993883133816001019e+00 1.019385796806751288e-01
2.013278723521096492e+00 9.903470882484832760e-02
2.032862984715323673e+00 9.619341037467561695e-02
2.052637752709252084e+00 9.341516488618147041e-02
2.072604880666519822e+00 9.070227557577355271e-02
2.092766239777499759e+00 8.804930576492868421e-02
2.113123719434652603e+00 8.545867589282014898e-02
2.133679227409597701e+00 8.292813044040413251e-02
2.154434690031884259e+00 8.046385415687715148e-02
2.175392052369522489e+00 7.805387430294082052e-02
2.196553278411258248e+00 7.570203517185483677e-02
2.217920351250634692e+00 7.340744561728150541e-02
2.239495273271823184e+00 7.116845645812593102e-02
2.261280066337279404e+00 6.898579728480977447e-02
2.283276771977218012e+00 6.685748807407962402e-02
2.305487451580938707e+00 6.478067338707027556e-02
2.327914186589993051e+00 6.275920038200973050e-02
2.350559078693253756e+00 6.078945823719424796e-02
2.373424250023866033e+00 5.886791679069521693e-02
2.396511843358130278e+00 5.699563326801703605e-02
2.419824022316292567e+00 5.517522102786451971e-02
2.443362971565319341e+00 5.340181450200730956e-02
2.467130897023623426e+00 5.167502226905341250e-02
2.491130026067788439e+00 4.998665352964521552e-02
2.515362607741312928e+00 4.835920578836228056e-02
2.539830912965362675e+00 4.676834276420031855e-02
2.564537234751594674e+00 4.522079626760236448e-02
2.589483888417040802e+00 4.371497736802868600e-02
2.614673211801092023e+00 4.225162709870957517e-02
2.640107565484572927e+00 4.083033849836253948e-02
2.665789333010967876e+00 3.944801468973988673e-02
2.691720921109787668e+00 3.810484275985603214e-02
2.717904759922122881e+00 3.679989746677362478e-02
2.744343303228365283e+00 3.553090075625993383e-02
2.771039028678170535e+00 3.430162244514360637e-02
2.797994438022641805e+00 3.310663165563838134e-02
2.825212057348790218e+00 3.194532029295413939e-02
2.852694437316245057e+00 3.082085662803413229e-02
2.880444153396297668e+00 2.972854439912827121e-02
2.908463806113254169e+00 2.866885167673192958e-02
2.936756021288137397e+00 2.764102116654003349e-02
2.965323450284773621e+00 2.664442600749477794e-02
2.994168770258243573e+00 2.567814763532532199e-02
3.023294684405779531e+00 2.474154803658287424e-02
3.052703922220086241e+00 2.383397043669814586e-02
3.082399239745143404e+00 2.295377167285349296e-02
3.112383419834465759e+00 2.210303109033161587e-02
3.142659272411905569e+00 2.127731783184773004e-02
3.173229634734976212e+00 2.047830979130197890e-02
3.204097371660752813e+00 1.970498206987193746e-02
3.235265375914330388e+00 1.895643572018611972e-02
3.266736568359921655e+00 1.823188604762559714e-02
3.298513898274578082e+00 1.752989301523879412e-02
3.330600343624588788e+00 1.685232931831067912e-02
3.362998911344535991e+00 1.619638840619913589e-02
3.395712637619100693e+00 1.556375734091237396e-02
3.428744588167585317e+00 1.494973392478246912e-02
3.462097858531227423e+00 1.435932812062244365e-02
3.495775574363275240e+00 1.378675254531680147e-02
3.529780891721914671e+00 1.323428681745403117e-02
3.564116997366032269e+00 1.270021122267005198e-02
3.598787109053855460e+00 1.218430672794136409e-02
3.633794475844513094e+00 1.168768574316345413e-02
3.669142378402494131e+00 1.120644416415769035e-02
3.704834129305105694e+00 1.074376086672236032e-02
3.740873073352900313e+00 1.029697548704961059e-02
3.777262587883141176e+00 9.864734752741280768e-03
3.814006083086284082e+00 9.448850654050013759e-03
3.851107002325572903e+00 9.048373433094419882e-03
3.888568822459721019e+00 8.662263485682582601e-03
3.926395054168756449e+00 8.289434595423205571e-03
3.964589242282997805e+00 7.930971929095063239e-03
4.003154966115265445e+00 7.585620828560963279e-03
4.042095839796306045e+00 7.253094970421473942e-03
4.081415512613501662e+00 6.932959485545496861e-03
4.121117669352832635e+00 6.624935142531915289e-03
4.161206030644208020e+00 6.328535832797081880e-03
4.201684353310133346e+00 6.044026920207960264e-03
4.242556430717777438e+00 5.769533627244922101e-03
4.283826093134470270e+00 5.505844438466273028e-03
4.325497208086633627e+00 5.252582709762928549e-03
4.367573680722233398e+00 5.009259775214982766e-03
4.410059454176736615e+00 4.775457888302483099e-03
4.452958509942654963e+00 4.550960549351262992e-03
4.496274868242640110e+00 4.335473759962377160e-03
4.540012588406244554e+00 4.128660000669906981e-03
4.584175769250333765e+00 3.929873972282959399e-03
4.628768549463215365e+00 3.740018353717281061e-03
4.673795107992464004e+00 3.557315383390309647e-03
4.719259664436561863e+00 3.382340435244375870e-03
4.765166479440326341e+00 3.214719762873208611e-03
4.811519855094205766e+00 3.054098809417203717e-03
4.858324135337417360e+00 2.900266494354476060e-03
4.905583706365050922e+00 2.753030815301744580e-03
4.953302997039108924e+00 2.612116048972179441e-03
5.001486479303548727e+00 2.477300666897607438e-03
5.050138668603383785e+00 2.348306602397554673e-03
5.099264124307808288e+00 2.225069496175558631e-03
5.148867450137498025e+00 2.107206088983070835e-03
5.198953294596024399e+00 1.994690753120025462e-03
5.249526351405507718e+00 1.887227668927181443e-03
5.300591359946452030e+00 1.784441632161597700e-03
5.352153105701904501e+00 1.686733682677824800e-03
5.404216420705915347e+00 1.593396853188131434e-03
5.456786183996381823e+00 1.504250974791323126e-03
5.509867322072253160e+00 1.419555837511811284e-03
5.563464809355226137e+00 1.338328185552337124e-03
5.617583668655908191e+00 1.261670105558752820e-03
5.672228971644543094e+00 1.188985454611528369e-03
5.727405839326266346e+00 1.118907183058238421e-03
5.783119442521027054e+00 1.052456540140685659e-03
5.839375002348160315e+00 9.894219209813761087e-04
5.896177790715694478e+00 9.295969075837085807e-04
5.953533130814370189e+00 8.727611893095568556e-04
6.011446397616513337e+00 8.188414451046977308e-04
6.069923018379741464e+00 7.676816028569189918e-04
6.128968473155564034e+00 7.191952580777709065e-04
6.188588295302960063e+00 6.732520988707692625e-04
6.248788072006894012e+00 6.297593257580992327e-04
6.309573444801936049e+00 5.885946418602737082e-04
6.370950110100935149e+00 5.496620550543697241e-04
6.432923819728876502e+00 5.128629285452849292e-04
6.495500381461869033e+00 4.781135027456916565e-04
6.558685659571435345e+00 4.452976506880205977e-04
6.622485575374063238e+00 4.143517003636401066e-04
6.686906107786136921e+00 3.851822238019277545e-04
6.751953293884205287e+00 3.577045595345924086e-04
6.817633229470763112e+00 3.318466837294917053e-04
6.883952069645496330e+00 3.075256013083786395e-04
6.950916029382126382e+00 2.846725766268607630e-04
7.018531384110795912e+00 2.632158600414169556e-04
7.086804470306189430e+00 2.430845855862694897e-04
7.155741686081340980e+00 2.242227451654918338e-04
7.225349491787214085e+00 2.065588293128215098e-04
7.295634410618154320e+00 1.900333569676129818e-04
7.366603029223159460e+00 1.745903308794269869e-04
7.438261998323163482e+00 1.601733234042096617e-04
7.510618033334286459e+00 1.467278434501996368e-04
7.583677914997190683e+00 1.342060015690109214e-04
7.657448490012479958e+00 1.225544336754871291e-04
7.731936671682362316e+00 1.117270239259010649e-04
7.807149440558499798e+00 1.016775461951324532e-04
7.883093845096216690e+00 9.236052444495757117e-05
7.959777002314985417e+00 8.374250130797043518e-05
8.037206098465421888e+00 7.577632887297547067e-05
8.115388389702712146e+00 6.842200762551373550e-05
8.194331202766655053e+00 6.164575688266534469e-05
8.274041935668218883e+00 5.541638601018832429e-05
8.354528058382872047e+00 4.969489602358719764e-05
8.435797113550611570e+00 4.445052310914436973e-05
8.517856717182803905e+00 3.965871753024072775e-05
8.600714559375941093e+00 3.527642165209950615e-05
8.684378405032257220e+00 3.128837010942589752e-05
8.768856094587436090e+00 2.766252397741220340e-05
8.854155544745349715e+00 2.437517003823269683e-05
8.940284749219998162e+00 2.140263519871263493e-05
9.027251779484577909e+00 1.872294360342055674e-05
9.115064785527916769e+00 1.631341801305608583e-05
9.203731996618220279e+00 1.415503793839600164e-05
9.293261722074316111e+00 1.222382911992257985e-05
9.383662352044273902e+00 1.050321180690550144e-05
9.474942358291729150e+00 8.978852395588432010e-06
9.567110294989774388e+00 7.631188201515866533e-06
9.660174799522645017e+00 6.448014502422935639e-06
9.754144593295098531e+00 5.410726668170243770e-06
9.849028482549766039e+00 4.507723061221583568e-06
9.944835359192397917e+00 3.726111741066425509e-06
1.004157420162519543e+01 3.054259137584084301e-06
1.013925407558815373e+01 2.479314167069379157e-06
1.023788413500867378e+01 1.991180552710033266e-06
1.033747362285940774e+01 1.580474761173750362e-06
1.043803187202444072e+01 1.238788652210309835e-06
1.053956830617394580e+01 9.569190309932415247e-07
1.064209244064724658e+01 7.264254175333543316e-07
1.074561388334458023e+01 5.411771399473720241e-07
1.085014233562746178e+01 3.945028444689797350e-07
1.095568759322787855e+01 2.802399356850981968e-07
1.106225954716621906e+01 1.931935901911893893e-07
1.116986818467823817e+01 1.275492691675305662e-07
1.127852359015096795e+01 8.088194568936307950e-08
1.138823594606782130e+01 4.847311035922821017e-08
1.149901553396274245e+01 2.681284339449527150e-08
1.161087273538378994e+01 1.367584728500937680e-08
1.172381803286598512e+01 6.113591162434717187e-09
1.183786201091373513e+01 2.248675087850555028e-09
1.195301535699265827e+01 5.996963695928716990e-10
1.206928886253119870e+01 8.501061491811816529e-11
1.218669342393191712e+01 0.000000000000000000e+00
