1.000000000000000021e-02 1.417011331743158076e+00
1.009727545900835841e-02 1.417006381613646449e+00
1.019549716950923779e-02 1.417001342075516090e+00
1.029467433620748044e-02 1.416996194991587465e+00
1.039481625334708927e-02 1.416990539982589503e+00
1.049593230558227772e-02 1.416985633112651577e+00
1.059803196885688789e-02 1.416980221081806990e+00
1.070112481129246833e-02 1.416974714105589506e+00
1.080522049408488318e-02 1.416969061658276408e+00
1.091032877240974419e-02 1.416964092444784828e+00
1.101645949633656314e-02 1.416958609576930872e+00
1.112362261175187626e-02 1.416952657043156982e+00
1.123182816129126085e-02 1.416946809958780973e+00
1.134108628528052165e-02 1.416941091171778799e+00
1.145140722268592030e-02 1.416934761449193392e+00
1.156280131207376022e-02 1.416927827855705591e+00
1.167527899257919492e-02 1.416921311206891243e+00
1.178885080488457221e-02 1.416914668219056761e+00
1.190352739220719262e-02 1.416907883338055951e+00
1.201931950129673729e-02 1.416900922709550370e+00
1.213623798344241195e-02 1.416893856459609413e+00
1.225429379548980714e-02 1.416886759139941221e+00
1.237349800086776086e-02 1.416879564149292392e+00
1.249386177062509519e-02 1.416872087266614955e+00
1.261539638447754796e-02 1.416864005635987578e+00
1.273811323186478488e-02 1.416856255352516580e+00
1.286202381301779218e-02 1.416848731976080078e+00
1.298713974003655978e-02 1.416840883751871338e+00
1.311347273797833224e-02 1.416832836801852791e+00
1.324103464595636874e-02 1.416824592202486910e+00
1.336983741824946531e-02 1.416816176643000302e+00
1.349989312542219239e-02 1.416807075270268834e+00
1.363121395545611320e-02 1.416799104443076329e+00
1.376381221489191876e-02 1.416790108567289819e+00
1.389770032998276401e-02 1.416780913604071657e+00
1.403289084785873213e-02 1.416771072444050095e+00
1.416939643770268736e-02 1.416761472693950141e+00
1.430722989193757184e-02 1.416751641210612256e+00
1.444640412742520530e-02 1.416741987271590508e+00
1.458693218667675602e-02 1.416731641099186145e+00
1.472882723907502529e-02 1.416720332622243506e+00
1.487210258210860774e-02 1.416709339539275581e+00
1.501677164261799868e-02 1.416698411705549887e+00
1.516284797805393485e-02 1.416688621278797022e+00
1.531034527774784160e-02 1.416675901107691704e+00
1.545927736419477720e-02 1.416664689908607722e+00
1.560965819434872483e-02 1.416652539307300618e+00
1.576150186093060873e-02 1.416640989590656430e+00
1.591482259374891323e-02 1.416628796726828510e+00
1.606963476103326349e-02 1.416615826090900976e+00
1.622595287078087284e-02 1.416603606344690514e+00
1.638379157211618947e-02 1.416590676783730185e+00
1.654316565666366645e-02 1.416576810719307522e+00
1.670409005993399310e-02 1.416564127636510628e+00
1.686657986272368723e-02 1.416550350153041427e+00
1.703065029252844378e-02 1.416535645609431127e+00
1.719631672497009753e-02 1.416522160482518222e+00
1.736359468523754335e-02 1.416507669401277036e+00
1.753249984954170088e-02 1.416491691334673897e+00
1.770304804658450262e-02 1.416476432152131926e+00
1.787525525904235316e-02 1.416461023988246026e+00
1.804913762506383731e-02 1.416444190791483537e+00
1.822471143978214581e-02 1.416428202848867057e+00
1.840199315684210371e-02 1.416413642396733730e+00
1.858099938994215231e-02 1.416397180835001990e+00
1.876174691439120440e-02 1.416380130000558069e+00
1.894425266868081034e-02 1.416361405181123523e+00
1.912853375607242307e-02 1.416343963926386396e+00
1.931460744620030340e-02 1.416326276723997690e+00
1.950249117668984011e-02 1.416309281907046413e+00
1.969220255479172538e-02 1.416290418851565924e+00
1.988375935903200636e-02 1.416272640018065410e+00
2.007717954087816226e-02 1.416251793359321276e+00
2.027248122642137662e-02 1.416231957973629552e+00
2.046968271807520987e-02 1.416211679681222302e+00
2.066880249629082095e-02 1.416191476149450290e+00
2.086985922128879734e-02 1.416170413553814011e+00
2.107287173480786382e-02 1.416148946553007493e+00
2.127785906187062287e-02 1.416127019087824568e+00
2.148484041256648255e-02 1.416104659613685479e+00
2.169383518385184506e-02 1.416082752222880492e+00
2.190486296136792688e-02 1.416059900604388799e+00
2.211794352127614133e-02 1.416036353775163459e+00
2.233309683211144592e-02 1.416012946373230719e+00
2.255034305665360936e-02 1.415987760723075972e+00
2.276970255381680075e-02 1.415962259943320811e+00
2.299119588055741764e-02 1.415936802658966709e+00
2.321484379380064564e-02 1.415910928571721739e+00
2.344066725238556220e-02 1.415883917967001526e+00
2.366868741902936057e-02 1.415856930276202741e+00
2.389892566231050300e-02 1.415829437250936129e+00
2.413140355867127856e-02 1.415801402716994062e+00
2.436614289443983158e-02 1.415772964211175156e+00
2.460316566787181664e-02 1.415743691319925279e+00
2.484249409121190577e-02 1.415713816291296778e+00
2.508415059277539771e-02 1.415683310440141396e+00
2.532815781905008515e-02 1.415652181871059678e+00
2.557453863681850847e-02 1.415620367155952630e+00
2.582331613530085626e-02 1.415588435779927545e+00
2.607451362831877603e-02 1.415555471578982871e+00
2.632815465648021339e-02 1.415521979862564450e+00
2.658426298938541474e-02 1.415489217143164780e+00
2.684286262785454819e-02 1.415454109342309863e+00
2.710397780617682106e-02 1.415418607357433745e+00
2.736763299438163891e-02 1.415382361274044820e+00
2.763385290053169824e-02 1.415344949536456731e+00
2.790266247303856487e-02 1.415307256456366236e+00
2.817408690300057458e-02 1.415270273177523519e+00
2.844815162656363222e-02 1.415237715486844516e+00
2.872488232730495070e-02 1.415189521952329832e+00
2.900430493863991738e-02 1.415149579090367205e+00
2.928644564625237229e-02 1.415108098000880332e+00
2.957133089054861039e-02 1.415063674191778142e+00
2.985898736913520854e-02 1.415020444407868228e+00
3.014944203932094433e-02 1.414979083520001568e+00
3.044272212064302874e-02 1.414934496636947481e+00
3.073885509741795460e-02 1.414889116394665747e+00
3.103786872131722788e-02 1.414842682162983367e+00
3.133979101396793671e-02 1.414795327486176424e+00
3.164465026957891114e-02 1.414746247391899248e+00
3.195247505759213347e-02 1.414697968935033412e+00
3.226329422536015901e-02 1.414652521282653508e+00
3.257713690084949876e-02 1.414597757342744178e+00
3.289403249537032475e-02 1.414544554460038128e+00
3.321401070633261954e-02 1.414492767866785572e+00
3.353710152002930406e-02 1.414436840634545112e+00
3.386333521444636480e-02 1.414382098455906567e+00
3.419274236210027851e-02 1.414325566994710792e+00
3.452535383290306070e-02 1.414268276417252279e+00
3.486120079705520153e-02 1.414209848040415274e+00
3.520031472796678745e-02 1.414150216094754775e+00
3.554272740520694751e-02 1.414089700338281741e+00
3.588847091748199186e-02 1.414027702942711073e+00
3.623757766564258964e-02 1.413964445106195900e+00
3.659008036572020811e-02 1.413899059501634969e+00
3.694601205199302130e-02 1.413833425700531166e+00
3.730540608008161424e-02 1.413789136759107112e+00
3.766829613007490613e-02 1.413697926098761437e+00
3.803471620968648659e-02 1.413628585955970074e+00
3.840470065744145539e-02 1.413557436064974526e+00
3.877828414589457040e-02 1.413484816773899810e+00
3.915550168487941241e-02 1.413411043653171495e+00
3.953638862478930927e-02 1.413334683024181748e+00
3.992098065989020672e-02 1.413257737416022675e+00
4.030931383166566628e-02 1.413179236507046133e+00
4.070142453219438572e-02 1.413100119774332475e+00
4.109734950756069316e-02 1.413018481031236062e+00
4.149712586129815362e-02 1.412935179539208885e+00
4.190079105786669034e-02 1.412851055795858457e+00
4.230838292616342228e-02 1.412764054353488063e+00
4.271993966306778662e-02 1.412676405074005714e+00
4.313549983702118923e-02 1.412587025150146225e+00
4.355510239164130798e-02 1.412496168467438640e+00
4.397878664937160398e-02 1.412403161985146260e+00
4.440659231516640160e-02 1.412308379617040588e+00
4.483855948021186338e-02 1.412210760717293345e+00
4.527472862568297785e-02 1.412113309325426336e+00
4.571514062653719151e-02 1.412012141846914925e+00
4.615983675534499064e-02 1.411910198528455451e+00
4.660885868615767536e-02 1.411806111971217303e+00
4.706224849841281199e-02 1.411698507269605329e+00
4.752004868087766204e-02 1.411590242302901865e+00
4.798230213563085128e-02 1.411479388319178963e+00
4.844905218208294534e-02 1.411365867284768871e+00
4.892034256103611894e-02 1.411251135293751346e+00
4.939621743878321036e-02 1.411133746700332869e+00
4.987672141124663283e-02 1.411014091076129517e+00
5.036189950815770505e-02 1.410892938520547757e+00
5.085179719727656034e-02 1.410768345588518269e+00
5.134646038865306461e-02 1.410641146973654170e+00
5.184593543892913187e-02 1.410511233575736378e+00
5.235026915568305461e-02 1.410379183352824084e+00
5.285950880181603667e-02 1.410243856764820336e+00
5.337370209998133774e-02 1.410108041630669717e+00
5.389289723705643909e-02 1.409968116582052122e+00
5.441714286865893119e-02 1.409826363860307463e+00
5.494648812370611646e-02 1.409681196752662347e+00
5.548098260901916656e-02 1.409534114260513338e+00
5.602067641397187603e-02 1.409382650530510928e+00
5.656562011518465050e-02 1.409229583691159693e+00
5.711586478126431943e-02 1.409073611817598826e+00
5.767146197758996756e-02 1.408914483494509096e+00
5.823246377114527778e-02 1.408752260449774418e+00
5.879892273539785025e-02 1.408586340689884420e+00
5.937089195522609469e-02 1.408417250177817825e+00
5.994842503189409116e-02 1.408244569139995628e+00
6.053157608807464840e-02 1.408068808033154484e+00
6.112039977292132997e-02 1.407890100821577617e+00
6.171495126718981594e-02 1.407706720233377506e+00
6.231528628840921763e-02 1.407521505683028362e+00
6.292146109610344262e-02 1.407331430575293085e+00
6.353353249706343575e-02 1.407136613844420125e+00
6.415155785067082339e-02 1.406938801170988462e+00
6.477559507427335661e-02 1.406738367191138428e+00
6.540570264861225724e-02 1.406533222026859820e+00
6.604193962330305590e-02 1.406325510809223855e+00
6.668436562236895737e-02 1.406113511863289478e+00
6.733304084982863480e-02 1.405896278798124843e+00
6.798802609533814711e-02 1.405675878803879453e+00
6.864938273988777095e-02 1.405449953656176643e+00
6.931717276155408003e-02 1.405221101557999841e+00
6.999145874130821565e-02 1.404986342099060037e+00
7.067230386888070925e-02 1.404749206945985707e+00
7.135977194868306506e-02 1.404505730036606836e+00
7.205392740578704658e-02 1.404257295519105497e+00
7.275483529196229149e-02 1.404004058414919820e+00
7.346256129177256011e-02 1.403745879571485666e+00
7.417717172873124210e-02 1.403482680911531943e+00
7.489873357151664857e-02 1.403215485645766591e+00
7.562731444024800576e-02 1.402942043235846592e+00
7.636298261282241373e-02 1.402663584254780105e+00
7.710580703131336699e-02 1.402380065330591341e+00
7.785585730843146146e-02 1.402091049311994242e+00
7.861320373404813433e-02 1.401797044823492211e+00
7.937791728178281159e-02 1.401498928713969416e+00
8.015006961565404597e-02 1.401192874503948804e+00
8.092973309679550586e-02 1.400881648567619209e+00
8.171698079023696770e-02 1.400563803508383165e+00
8.251188647175167201e-02 1.400240022703424403e+00
8.331452463477014014e-02 1.399910241302057656e+00
8.412497049736118726e-02 1.399574020910335559e+00
8.494330000928071445e-02 1.399231469576656339e+00
8.576958985908941790e-02 1.398881994823703900e+00
8.660391748133952627e-02 1.398525776819270261e+00
8.744636106383144036e-02 1.398162227098968646e+00
8.829699955494091368e-02 1.397796997980341072e+00
8.915591267101763417e-02 1.397417085141082982e+00
9.002318090385581784e-02 1.397031503960401766e+00
9.089888552823731371e-02 1.396640774710619315e+00
9.178310860954806694e-02 1.396242198001186097e+00
9.267593301146882789e-02 1.395835843468257620e+00
9.357744240374062106e-02 1.395421797202409220e+00
9.448772127000577836e-02 1.395000545039569051e+00
9.540685491572513388e-02 1.394570635115591983e+00
9.633492947617222635e-02 1.394131548833656531e+00
9.727203192450542546e-02 1.393684435014193035e+00
9.821825007991856482e-02 1.393228464563057045e+00
9.917367261587073379e-02 1.392763018816512988e+00
1.001383890683960748e-01 1.392291456864404697e+00
1.011124898444945991e-01 1.391810317490097093e+00
1.020960662306047012e-01 1.391320205697273549e+00
1.030892104011576216e-01 1.390836886742652379e+00
1.040920154272158005e-01 1.390316420048645085e+00
1.051045752851944987e-01 1.389790220631302864e+00
1.061269848656690717e-01 1.389261116509958427e+00
1.071593399822671072e-01 1.388722506387917388e+00
1.082017373806478805e-01 1.388172858139721688e+00
1.092542747475682557e-01 1.387611743705555067e+00
1.103170507200377515e-01 1.387056162626043143e+00
1.113901648945616746e-01 1.386461269075904834e+00
1.124737178364751955e-01 1.385869716554074538e+00
1.135678110893671017e-01 1.385303870579882135e+00
1.146725471845963656e-01 1.384678911297201109e+00
1.157880296509002094e-01 1.384025906155738728e+00
1.169143630240966764e-01 1.383387116767320846e+00
1.180516528568804902e-01 1.382735888352284004e+00
1.192000057287153220e-01 1.382076925861281280e+00
1.203595292558212876e-01 1.381399851800055423e+00
1.215303321012602134e-01 1.380712182432710211e+00
1.227125239851190319e-01 1.380026003181074712e+00
1.239062156947916271e-01 1.379300204201299174e+00
1.251115190953615564e-01 1.378577998776855384e+00
1.263285471400849291e-01 1.377836759722520510e+00
1.275574138809759950e-01 1.377077272193292456e+00
1.287982344794950385e-01 1.376310144328057206e+00
1.300511252173409127e-01 1.375526792261049014e+00
1.313162035073478784e-01 1.374729326676535024e+00
1.325935879044890797e-01 1.373915833501017314e+00
1.338833981169864351e-01 1.373089842861738852e+00
1.351857550175293021e-01 1.372245826021194048e+00
1.365007806546013891e-01 1.371389883275023314e+00
1.378285982639189389e-01 1.370515503770587395e+00
1.391693322799789911e-01 1.369625230779411673e+00
1.405231083477211373e-01 1.368736122332022687e+00
1.418900533343016301e-01 1.367802960608898832e+00
1.432702953409830948e-01 1.366853592108463022e+00
1.446639637151387880e-01 1.365896604254013047e+00
1.460711890623745679e-01 1.364919791854448894e+00
1.474921032587684921e-01 1.363926190917182257e+00
1.489268394632288772e-01 1.362915652027010038e+00
1.503755321299738434e-01 1.361884430108360355e+00
1.518383170211306810e-01 1.360834366482867708e+00
1.533153312194593942e-01 1.359765068711381364e+00
1.548067131411984265e-01 1.358675947367868009e+00
1.563126025490369497e-01 1.357568576957637330e+00
1.578331405652117214e-01 1.356440355027632494e+00
1.593684696847328941e-01 1.355291675096236492e+00
1.609187337887370006e-01 1.354121403208473851e+00
1.624840781579713067e-01 1.352930653740421985e+00
1.640646494864078653e-01 1.351718032118044421e+00
1.656605958949914359e-01 1.350483414546082450e+00
1.672720669455196874e-01 1.349226594291022430e+00
1.688992136546599021e-01 1.347956703160042125e+00
1.705421885081006561e-01 1.346644313628499123e+00
1.722011454748421100e-01 1.345317986655029108e+00
1.738762400216251336e-01 1.343968357981071948e+00
1.755676291275001522e-01 1.342593961083640375e+00
1.772754712985387948e-01 1.341194623917646878e+00
1.789999265826875408e-01 1.339769867082258425e+00
1.807411565847668600e-01 1.338319848779450538e+00
1.824993244816152382e-01 1.336844850844114863e+00
1.842745950373816666e-01 1.335342859581104324e+00
1.860671346189656239e-01 1.333814148020499024e+00
1.878771112116086051e-01 1.332259577551976326e+00
1.897046944346358344e-01 1.330677899729534985e+00
1.915500555573527997e-01 1.329066220566490708e+00
1.934133675150944698e-01 1.327426700622437838e+00
1.952948049254327745e-01 1.325759764870140911e+00
1.971945441045395986e-01 1.324062161919729697e+00
1.991127630837108697e-01 1.322334559542990284e+00
2.010496416260497965e-01 1.320577274219506325e+00
2.030053612433137811e-01 1.318788835389801628e+00
2.049801052129238688e-01 1.316969042410232271e+00
2.069740585951406198e-01 1.315120223226955654e+00
2.089874082504071251e-01 1.313268991578572686e+00
2.110203428568595552e-01 1.311321407684031826e+00
2.130730529280097374e-01 1.309373080710645620e+00
2.151457308305980698e-01 1.307396566860839604e+00
2.172385708026215445e-01 1.305377535222851604e+00
2.193517689715359098e-01 1.303328995575117943e+00
2.214855233726360506e-01 1.301241334545045980e+00
2.236400339676138660e-01 1.299121026413350366e+00
2.258155026632983065e-01 1.296964375794537938e+00
2.280121333305757114e-01 1.294771594083218957e+00
2.302301318234963867e-01 1.292541772495635177e+00
2.324697059985647851e-01 1.290274685638325369e+00
2.347310657342196183e-01 1.287972038866280977e+00
2.370144229505012079e-01 1.285626240044103197e+00
2.393199916289123208e-01 1.283251436975066717e+00
2.416479878324700736e-01 1.280821397360093705e+00
2.439986297259550130e-01 1.278356774486893777e+00
2.463721375963552895e-01 1.275854559202979743e+00
2.487687338735107279e-01 1.273310356136134525e+00
2.511886431509580686e-01 1.270726349157601520e+00
2.536320922069775774e-01 1.268095780599045819e+00
2.560993100258459609e-01 1.265423505916635660e+00
2.585905278192945911e-01 1.262712228013447735e+00
2.611059790481781162e-01 1.259953145064768298e+00
2.636458994443517945e-01 1.257150272218301224e+00
2.662105270327638773e-01 1.254302948896845349e+00
2.688001021537606006e-01 1.251410106373651576e+00
2.714148674856106669e-01 1.248474260109040834e+00
2.740550680672460548e-01 1.245487558790649985e+00
2.767209513212268712e-01 1.242454317807618169e+00
2.794127670769268601e-01 1.239374559196384284e+00
2.821307675939472293e-01 1.236247261254399765e+00
2.848752075857552413e-01 1.233070882467508067e+00
2.876463442435557849e-01 1.229844231818500555e+00
2.904444372603925406e-01 1.226569122086677677e+00
2.932697488554852905e-01 1.223242845291901970e+00
2.961225437988035947e-01 1.219869435148121850e+00
2.990030894358785551e-01 1.216440676192979353e+00
3.019116557128577738e-01 1.212960564609430136e+00
3.048485152018017286e-01 1.209430416389716489e+00
3.078139431262288950e-01 1.205845790852782207e+00
3.108082173869063936e-01 1.202207430010132416e+00
3.138316185878944342e-01 1.198516453978339724e+00
3.168844300628416155e-01 1.194771885359433572e+00
3.199669379015380732e-01 1.190971045220341029e+00
3.230794309767249795e-01 1.187118105860130779e+00
3.262222009711669979e-01 1.183205748294278159e+00
3.293955424049855307e-01 1.179239116739026150e+00
3.325997526632606949e-01 1.175215090491321224e+00
3.358351320238990301e-01 1.171134355677727612e+00
3.391019836857747105e-01 1.166997903052737762e+00
3.424006137971423724e-01 1.162802595007479400e+00
3.457313314843284413e-01 1.158548622152773877e+00
3.490944488806992929e-01 1.154237062091127752e+00
3.524902811559130766e-01 1.149865833118517866e+00
3.559191465454557002e-01 1.145434341551719193e+00
3.593813663804627523e-01 1.140945926183354553e+00
3.628772651178337472e-01 1.136397240010917020e+00
3.664071703706370808e-01 1.131785239422949063e+00
3.699714129388128048e-01 1.127125424742961624e+00
3.735703268401719401e-01 1.122384347307634700e+00
3.772042493416999376e-01 1.117591642685314968e+00
3.808735209911614517e-01 1.112738643731220334e+00
3.845784856490158665e-01 1.107821725737644591e+00
3.883194905206404091e-01 1.102863944129662155e+00
3.920968861888690649e-01 1.097806189278216493e+00
3.959110266468458539e-01 1.092703425538936068e+00
3.997622693312000708e-01 1.087540334933664976e+00
4.036509751555413805e-01 1.082315152237508959e+00
4.075775085442840395e-01 1.077024847826761889e+00
4.115422374667966343e-01 1.071672962161659637e+00
4.155455334718875515e-01 1.066261809576344533e+00
4.195877717226225712e-01 1.060782859270267053e+00
4.236693310314835759e-01 1.055240252613695029e+00
4.277905938958687093e-01 1.049641627000666766e+00
4.319519465339363706e-01 1.043976867228931793e+00
4.361537789208005944e-01 1.038249556448728850e+00
4.403964848250754294e-01 1.032457586378036085e+00
4.446804618457780300e-01 1.026608573460250584e+00
4.490061114495874639e-01 1.020694678269890465e+00
4.533738390084691150e-01 1.014716148037598797e+00
4.577840538376618529e-01 1.008683045541966417e+00
4.622371692340384031e-01 1.002578079367806074e+00
4.667336025148346446e-01 9.964187885330073602e-01
4.712737750567601580e-01 9.901961423199929779e-01
4.758581123354846953e-01 9.839137759076100886e-01
4.804870439655131720e-01 9.775705704832113874e-01
4.851610037404442966e-01 9.711697170157045367e-01
4.898804296736250508e-01 9.647088983989234867e-01
4.946457640391963562e-01 9.581860802015316203e-01
4.994574534135413635e-01 9.516093047634343050e-01
5.043159487171361421e-01 9.449775608692235762e-01
5.092217052568053237e-01 9.382787303880113505e-01
5.141751827683928022e-01 9.315481299397321280e-01
5.191768454598426619e-01 9.246987626337519472e-01
5.242271620547044320e-01 9.178600759048683999e-01
5.293266058360561743e-01 9.109462417951492696e-01
5.344756546908600026e-01 9.039761794280946061e-01
5.396747911547442600e-01 8.969566147825681623e-01
5.449245024572260121e-01 8.898819021905935989e-01
5.502252805673685243e-01 8.827377545917906021e-01
5.555776222398878250e-01 8.755812904494102433e-01
5.609820290617031358e-01 8.683601750177140088e-01
5.664390074989449353e-01 8.610871550129096663e-01
5.719490689444144405e-01 8.537697084427970928e-01
5.775127297655114900e-01 8.464034161721725180e-01
5.831305113526221717e-01 8.389947618558101228e-01
5.888029401679826247e-01 8.315427142266553773e-01
5.945305477950136863e-01 8.240452971347017597e-01
6.003138709881384871e-01 8.165092117425715168e-01
6.061534517230839914e-01 8.089334418366698198e-01
6.120498372476699256e-01 8.013206746346848153e-01
6.180035801330957534e-01 7.936664034402086676e-01
6.240152383257209223e-01 7.859808778849394217e-01
6.300853751993553686e-01 7.782575322288478592e-01
6.362145596080520660e-01 7.705023210238951537e-01
6.424033659394193796e-01 7.627164922367545286e-01
6.486523741684461219e-01 7.549007987080441628e-01
6.549621699118558515e-01 7.470547886440926932e-01
6.613333444829840868e-01 7.391849604911164828e-01
6.677664949471955325e-01 7.312867797482044407e-01
6.742622241778342129e-01 7.233688484345947023e-01
6.808211409127237213e-01 7.154287502180004532e-01
6.874438598112112553e-01 7.074351222639577719e-01
6.941310015117725385e-01 6.994859317753158168e-01
7.008831926901714082e-01 6.914695439713782754e-01
7.077010661181889484e-01 6.834790454614325661e-01
7.145852607229240538e-01 6.754549664762926620e-01
7.215364216466665370e-01 6.674198333581646825e-01
7.285552003073593186e-01 6.593745824360583985e-01
7.356422544596413760e-01 6.513233251346414177e-01
7.427982482564918776e-01 6.432695967881986165e-01
7.500238523114668432e-01 6.352134770997658331e-01
7.573197437615483141e-01 6.271430368050587845e-01
7.646866063305975958e-01 6.190767928419015353e-01
7.721251303934327792e-01 6.110224332842917327e-01
7.796360130405233235e-01 6.029667308630090039e-01
7.872199581433195759e-01 5.949172159405198279e-01
7.948776764202123424e-01 5.868740523729325531e-01
8.026098855031396084e-01 5.788429762584748062e-01
8.104173100048355227e-01 5.708065480152862969e-01
8.183006815867394090e-01 5.628191838214933185e-01
8.262607390275591435e-01 5.548186424215406642e-01
8.342982282925082149e-01 5.468560674084834705e-01
8.424139026032094746e-01 5.389049385992699115e-01
8.506085225082840040e-01 5.309755717135040687e-01
8.588828559546254349e-01 5.230700747299809050e-01
8.672376783593644944e-01 5.151884125530699077e-01
8.756737726825394308e-01 5.073329942902814471e-01
8.841919295004664336e-01 4.995158439278547524e-01
8.927929470798307010e-01 4.917141317647860110e-01
9.014776314524917122e-01 4.839620787060030516e-01
9.102467964910225806e-01 4.762383752624820277e-01
9.191012639849772681e-01 4.685527153775475573e-01
9.280418637179072006e-01 4.608670551466646503e-01
9.370694335451198453e-01 4.532996955987853016e-01
9.461848194722002336e-01 4.457360985758101468e-01
9.553888757342895444e-01 4.382255965952380206e-01
9.646824648761427312e-01 4.307409877370619866e-01
9.740664578329562007e-01 4.232720260589335481e-01
9.835417340119908536e-01 4.159256660581654996e-01
9.931091813749796104e-01 4.086046452117401695e-01
1.002769696521346621e+00 4.013273068177270475e-01
1.012524184772224167e+00 3.941173866740003695e-01
1.022373560255302127e+00 3.869361526889644742e-01
1.032318745990486564e+00 3.798456904362454978e-01
1.042360673976402197e+00 3.728010943762756768e-01
1.052500285277732761e+00 3.658070766699626497e-01
1.062738530113414459e+00 3.588793094835363018e-01
1.073076367945679621e+00 3.520155066856925363e-01
1.083514767569973225e+00 3.452123363365441344e-01
1.094054707205742494e+00 3.384125552400197301e-01
1.104697174588111785e+00 3.317984714447800854e-01
1.115443167060441221e+00 3.252061378335853736e-01
1.126293691667795249e+00 3.186447069293777412e-01
1.137249765251314271e+00 3.121998748377055044e-01
1.148312414543511073e+00 3.058050273543125863e-01
1.159482676264482759e+00 2.994808908565397276e-01
1.170761597219069250e+00 2.932303823706025603e-01
1.182150234394952371e+00 2.870507025568647119e-01
1.193649655061713055e+00 2.809446516090180479e-01
1.205260936870842681e+00 2.749150515738001954e-01
1.216985167956738056e+00 2.689587759239533415e-01
1.228823447038673411e+00 2.630743335873318989e-01
1.240776883523764251e+00 2.572926239536472148e-01
1.252846597610937529e+00 2.515375497411717620e-01
1.265033720395903893e+00 2.459048678052366821e-01
1.277339393977160009e+00 2.403341689717538587e-01
1.289764771563017165e+00 2.348492514878542381e-01
1.302311017579677488e+00 2.294301430398228703e-01
1.314979307780347773e+00 2.240951028620278285e-01
1.327770829355430449e+00 2.188339004671778221e-01
1.340686781043774811e+00 2.136657665467790457e-01
1.353728373245021821e+00 2.085664467948762923e-01
1.366896828133026487e+00 2.035545256017073923e-01
1.380193379770397355e+00 1.986183944195036299e-01
1.393619274224142002e+00 1.937607193916783266e-01
1.407175769682446731e+00 1.889839423648565775e-01
1.420864136572576708e+00 1.842871198128597232e-01
1.434685657679937831e+00 1.796644891053989501e-01
1.448641628268290127e+00 1.751266327883813367e-01
1.462733356201129986e+00 1.706784113682356108e-01
1.476962162064259898e+00 1.662828092335029151e-01
1.491329379289537682e+00 1.619759405622707427e-01
1.505836354279841416e+00 1.577682333338877030e-01
1.520484446535244283e+00 1.536192971261577944e-01
1.535275028780422657e+00 1.495539063484104259e-01
1.550209487093291205e+00 1.455217601497747482e-01
1.565289221034902312e+00 1.416538293412963889e-01
1.580515643780601165e+00 1.378154970895608955e-01
1.595890182252465817e+00 1.340518860195716033e-01
1.611414277253019778e+00 1.303615783662812055e-01
1.627089383600260675e+00 1.266909177482838933e-01
1.642916970263993193e+00 1.232196941516998240e-01
1.658898520503498064e+00 1.197554337136355340e-01
1.675035532006524441e+00 1.163639731787505932e-01
1.691329517029648732e+00 1.130446725692973581e-01
1.707782002539993016e+00 1.097963425348422450e-01
1.724394530358320354e+00 1.066189279262139133e-01
1.741168657303530987e+00 1.035115927952367926e-01
1.758105955338547632e+00 1.004709171422409897e-01
1.775208011717636092e+00 9.750238045891711225e-02
1.792476429135148930e+00 9.459912410092503887e-02
1.809912825875727105e+00 9.176278709928653576e-02
1.827518835965944666e+00 8.899213899931748828e-02
1.845296109327445366e+00 8.628639149013683785e-02
1.863246311931559873e+00 8.364498006985221501e-02
1.881371125955437096e+00 8.105703815568554571e-02
1.899672249939675650e+00 7.853940789185322180e-02
1.918151398947507635e+00 7.609633060199209875e-02
1.936810304725519849e+00 7.370126912951698028e-02
1.955650715865949074e+00 7.136652347124386453e-02
1.974674397970537454e+00 6.908905443928912982e-02
1.993883133816001019e+00 6.687018866279599572e-02
2.013278723521096492e+00 6.471025029848220811e-02
2.032862984715323673e+00 6.260445667748952558e-02
2.052637752709252084e+00 6.055357877109934783e-02
2.072604880666519822e+00 5.855647294894356092e-02
2.092766239777499759e+00 5.661018610806725637e-02
2.113123719434652603e+00 5.472053243034036979e-02
2.133679227409597701e+00 5.287967286269246864e-02
2.154434690031884259e+00 5.108906405058494249e-02
2.175392052369522489e+00 4.934739150869853208e-02
2.196553278411258248e+00 4.765445383365244508e-02
2.217920351250634692e+00 4.600822611078147356e-02
2.239495273271823184e+00 4.440863514079092939e-02
2.261280066337279404e+00 4.285694720702343946e-02
2.283276771977218012e+00 4.134507282277619794e-02
2.305487451580938707e+00 3.987915036717728373e-02
2.327914186589993051e+00 3.845608368928318810e-02
2.350559078693253756e+00 3.707481496915363689e-02
2.373424250023866033e+00 3.573475149574698723e-02
2.396511843358130278e+00 3.443371784824685727e-02
2.419824022316292567e+00 3.317210883119543069e-02
2.443362971565319341e+00 3.194863547624534478e-02
2.467130897023623426e+00 3.076043979194850383e-02
2.491130026067788439e+00 2.961335108182110154e-02
2.515362607741312928e+00 2.849767778529907480e-02
2.539830912965362675e+00 2.742274688271584618e-02
2.564537234751594674e+00 2.637419755019434348e-02
2.589483888417040802e+00 2.536443231300910400e-02
2.614673211801092023e+00 2.438298845524649108e-02
2.640107565484572927e+00 2.343800616443949408e-02
2.665789333010967876e+00 2.252032347628931189e-02
2.691720921109787668e+00 2.163371049693085454e-02
2.717904759922122881e+00 2.077550136566287675e-02
2.744343303228365283e+00 1.994545891835857940e-02
2.771039028678170535e+00 1.914543616765803855e-02
2.797994438022641805e+00 1.836925259288928886e-02
2.825212057348790218e+00 1.762201769795581491e-02
2.852694437316245057e+00 1.689980600503498617e-02
2.880444153396297668e+00 1.620029767756213379e-02
2.908463806113254169e+00 1.552650358336916253e-02
2.936756021288137397e+00 1.487693220255313642e-02
2.965323450284773621e+00 1.424930186710128208e-02
2.994168770258243573e+00 1.364412991521712915e-02
3.023294684405779531e+00 1.306096860235070670e-02
3.052703922220086241e+00 1.249860208736313684e-02
3.082399239745143404e+00 1.195663307041852814e-02
3.112383419834465759e+00 1.143435265729744396e-02
3.142659272411905569e+00 1.093099579437980563e-02
3.173229634734976212e+00 1.044701946182471052e-02
3.204097371660752813e+00 9.981703974501179161e-03
3.235265375914330388e+00 9.532143270774767058e-03
3.266736568359921655e+00 9.100373557285445364e-03
3.298513898274578082e+00 8.685172375109934118e-03
3.330600343624588788e+00 8.285937642807942455e-03
3.362998911344535991e+00 7.902095116330659988e-03
3.395712637619100693e+00 7.533247833950940282e-03
3.428744588167585317e+00 7.178965540887915879e-03
3.462097858531227423e+00 6.838723409689221461e-03
3.495775574363275240e+00 6.511976457288448476e-03
3.529780891721914671e+00 6.198671737942795627e-03
3.564116997366032269e+00 5.897605583943414664e-03
3.598787109053855460e+00 5.609055041042150525e-03
3.633794475844513094e+00 5.332468350785955769e-03
3.669142378402494131e+00 5.067305576070779000e-03
3.704834129305105694e+00 4.813158720343171937e-03
3.740873073352900313e+00 4.569853713213859955e-03
3.777262587883141176e+00 4.336895580870483990e-03
3.814006083086284082e+00 4.114104714527160901e-03
3.851107002325572903e+00 3.900427069709135313e-03
3.888568822459721019e+00 3.696393632458756014e-03
3.926395054168756449e+00 3.499646631723209254e-03
3.964589242282997805e+00 3.314783201426949304e-03
4.003154966115265445e+00 3.136635784743275601e-03
4.042095839796306045e+00 2.966206644362673773e-03
4.081415512613501662e+00 2.804202338074933062e-03
4.121117669352832635e+00 2.649272260014975088e-03
4.161206030644208020e+00 2.501328837835960911e-03
4.201684353310133346e+00 2.360728756778333014e-03
4.242556430717777438e+00 2.226330040740311621e-03
4.283826093134470270e+00 2.098477888398695822e-03
4.325497208086633627e+00 1.977710402480881233e-03
4.367573680722233398e+00 1.860821311412952633e-03
4.410059454176736615e+00 1.750926294059469571e-03
4.452958509942654963e+00 1.645986015960461141e-03
4.496274868242640110e+00 1.546474774205305706e-03
4.540012588406244554e+00 1.451988016322685584e-03
4.584175769250333765e+00 1.362272774442889901e-03
4.628768549463215365e+00 1.277162294240019157e-03
4.673795107992464004e+00 1.196479968716871768e-03
4.719259664436561863e+00 1.119998741042372951e-03
4.765166479440326341e+00 1.047640071372055908e-03
4.811519855094205766e+00 9.790780088002367775e-04
4.858324135337417360e+00 9.142904135248490233e-04
4.905583706365050922e+00 8.532427767094239238e-04
4.953302997039108924e+00 7.951806542426365608e-04
5.001486479303548727e+00 7.405254418955146620e-04
5.050138668603383785e+00 6.889968373501273750e-04
5.099264124307808288e+00 6.404267984925612802e-04
5.148867450137498025e+00 5.946726381090666454e-04
5.198953294596024399e+00 5.516109169057184644e-04
5.249526351405507718e+00 5.111162270276350169e-04
5.300591359946452030e+00 4.730634268220997116e-04
5.352153105701904501e+00 4.373337407516890820e-04
5.404216420705915347e+00 4.038316534855308825e-04
5.456786183996381823e+00 3.724163936583075370e-04
5.509867322072253160e+00 3.430098652967934411e-04
5.563464809355226137e+00 3.155016662160590860e-04
5.617583668655908191e+00 2.897975685600508232e-04
5.672228971644543094e+00 2.658042779166563409e-04
5.727405839326266346e+00 2.434324814402768285e-04
5.783119442521027054e+00 2.225964386935304579e-04
5.839375002348160315e+00 2.032145907426786881e-04
5.896177790715694478e+00 1.852036769446441342e-04
5.953533130814370189e+00 1.684920198985001777e-04
6.011446397616513337e+00 1.529999602238827912e-04
6.069923018379741464e+00 1.386755923943045323e-04
6.128968473155564034e+00 1.254327490751598389e-04
6.188588295302960063e+00 1.132195475360550982e-04
6.248788072006894012e+00 1.019646216091321162e-04
6.309573444801936049e+00 9.161850052589956561e-05
6.370950110100935149e+00 8.211983015761566867e-05
6.432923819728876502e+00 7.341755558843085787e-05
6.495500381461869033e+00 6.546799940095412605e-05
6.558685659571435345e+00 5.820074557813403356e-05
6.622485575374063238e+00 5.159021967617376893e-05
6.686906107786136921e+00 4.558279615631248577e-05
6.751953293884205287e+00 4.014188274655699113e-05
6.817633229470763112e+00 3.521875618402783023e-05
6.883952069645496330e+00 3.078581381750386910e-05
6.950916029382126382e+00 2.680179713478486641e-05
7.018531384110795912e+00 2.323290526855982863e-05
7.086804470306189430e+00 2.004589373662664254e-05
7.155741686081340980e+00 1.721253625951697330e-05
7.225349491787214085e+00 1.469355588691210168e-05
7.295634410618154320e+00 1.247339671389699870e-05
7.366603029223159460e+00 1.052602601024112467e-05
7.438261998323163482e+00 8.820239800701087704e-06
7.510618033334286459e+00 7.337155230266445482e-06
7.583677914997190683e+00 6.054819239108736209e-06
7.657448490012479958e+00 4.954009973230662308e-06
7.731936671682362316e+00 4.012802464986725175e-06
7.807149440558499798e+00 3.215910528221288693e-06
7.883093845096216690e+00 2.546184176365513836e-06
7.959777002314985417e+00 1.990111283297470950e-06
8.037206098465421888e+00 1.532427673951471945e-06
8.115388389702712146e+00 1.159081223446669924e-06
8.194331202766655053e+00 8.599018909945860776e-07
8.274041935668218883e+00 6.238159453621455398e-07
8.354528058382872047e+00 4.406166796407820734e-07
8.435797113550611570e+00 3.017029975447240569e-07
8.517856717182803905e+00 1.989965786104879816e-07
8.600714559375941093e+00 1.243374518750676253e-07
8.684378405032257220e+00 7.363999464884810344e-08
8.768856094587436090e+00 4.019649129542764752e-08
8.854155544745349715e+00 1.988189373379536041e-08
8.940284749219998162e+00 8.597739475625315007e-09
9.027251779484577909e+00 3.002989217471786592e-09
9.115064785527916769e+00 7.308782822734292472e-10
9.203731996618220279e+00 8.434550116470011815e-11
9.293261722074316111e+00 0.000000000000000000e+00
