1.000000000000000021e-02 8.587591296099296168e-01
1.009727545900835841e-02 8.587514823926687413e-01
1.019549716950923779e-02 8.587443359421074174e-01
1.029467433620748044e-02 8.587466805151646732e-01
1.039481625334708927e-02 8.586973079240732831e-01
1.049593230558227772e-02 8.587197055538404733e-01
1.059803196885688789e-02 8.587112315743954394e-01
1.070112481129246833e-02 8.587025960463224861e-01
1.080522049408488318e-02 8.586978965074804071e-01
1.091032877240974419e-02 8.586851754662020442e-01
1.101645949633656314e-02 8.586754112102235048e-01
1.112362261175187626e-02 8.586660712285443253e-01
1.123182816129126085e-02 8.586565540089370341e-01
1.134108628528052165e-02 8.586467562770875306e-01
1.145140722268592030e-02 8.586370835313467120e-01
1.156280131207376022e-02 8.586266900806893698e-01
1.167527899257919492e-02 8.586165082492305256e-01
1.178885080488457221e-02 8.586060615151532849e-01
1.190352739220719262e-02 8.585954299963937109e-01
1.201931950129673729e-02 8.585858631337838220e-01
1.213623798344241195e-02 8.585748409540921999e-01
1.225429379548980714e-02 8.585635399987233685e-01
1.237349800086776086e-02 8.585522400422891387e-01
1.249386177062509519e-02 8.585410307137482100e-01
1.261539638447754796e-02 8.585288514243297753e-01
1.273811323186478488e-02 8.585163393647208263e-01
1.286202381301779218e-02 8.585051031287852519e-01
1.298713974003655978e-02 8.584919617027370053e-01
1.311347273797833224e-02 8.584783429595712612e-01
1.324103464595636874e-02 8.584624260465807399e-01
1.336983741824946531e-02 8.584482115442929606e-01
1.349989312542219239e-02 8.584347540986758673e-01
1.363121395545611320e-02 8.584206357766187567e-01
1.376381221489191876e-02 8.584060457242902453e-01
1.389770032998276401e-02 8.583909853185862637e-01
1.403289084785873213e-02 8.583773845657841628e-01
1.416939643770268736e-02 8.583614040631010189e-01
1.430722989193757184e-02 8.583452125671332533e-01
1.444640412742520530e-02 8.583298276012860661e-01
1.458693218667675602e-02 8.583129037460343058e-01
1.472882723907502529e-02 8.582966743528361864e-01
1.487210258210860774e-02 8.582798821886846730e-01
1.501677164261799868e-02 8.582626306405883865e-01
1.516284797805393485e-02 8.582450017420962807e-01
1.531034527774784160e-02 8.582270480825381354e-01
1.545927736419477720e-02 8.582088229269413393e-01
1.560965819434872483e-02 8.581902657497048059e-01
1.576150186093060873e-02 8.581713082558711791e-01
1.591482259374891323e-02 8.581518791105520183e-01
1.606963476103326349e-02 8.581321869442860573e-01
1.622595287078087284e-02 8.581120500917721605e-01
1.638379157211618947e-02 8.580915366215409179e-01
1.654316565666366645e-02 8.580708671447937474e-01
1.670409005993399310e-02 8.580491550668306600e-01
1.686657986272368723e-02 8.580272337672586458e-01
1.703065029252844378e-02 8.580052284352176484e-01
1.719631672497009753e-02 8.579827435133019486e-01
1.736359468523754335e-02 8.579597364237193657e-01
1.753249984954170088e-02 8.579354131099083958e-01
1.770304804658450262e-02 8.579123932696849364e-01
1.787525525904235316e-02 8.578875801228845743e-01
1.804913762506383731e-02 8.578628596744611867e-01
1.822471143978214581e-02 8.578373908384145929e-01
1.840199315684210371e-02 8.578114135324225176e-01
1.858099938994215231e-02 8.577848062816503250e-01
1.876174691439120440e-02 8.577579588585902970e-01
1.894425266868081034e-02 8.577302427285290465e-01
1.912853375607242307e-02 8.577020681824994996e-01
1.931460744620030340e-02 8.576731025707244882e-01
1.950249117668984011e-02 8.576437058317905038e-01
1.969220255479172538e-02 8.576137663996005189e-01
1.988375935903200636e-02 8.575832746451755861e-01
2.007717954087816226e-02 8.575522974825655620e-01
2.027248122642137662e-02 8.575205633980260700e-01
2.046968271807520987e-02 8.574884035964009943e-01
2.066880249629082095e-02 8.574558779616939796e-01
2.086985922128879734e-02 8.574224420049068041e-01
2.107287173480786382e-02 8.573884731312434448e-01
2.127785906187062287e-02 8.573535543152137617e-01
2.148484041256648255e-02 8.573182061550093103e-01
2.169383518385184506e-02 8.572824324120082995e-01
2.190486296136792688e-02 8.572457870309351247e-01
2.211794352127614133e-02 8.572083437226404312e-01
2.233309683211144592e-02 8.571702307177544444e-01
2.255034305665360936e-02 8.571315823880147899e-01
2.276970255381680075e-02 8.570918068424115965e-01
2.299119588055741764e-02 8.570510618446659512e-01
2.321484379380064564e-02 8.570095990390503848e-01
2.344066725238556220e-02 8.569671960185702986e-01
2.366868741902936057e-02 8.569241181640350202e-01
2.389892566231050300e-02 8.568801953760097900e-01
2.413140355867127856e-02 8.568354621662825910e-01
2.436614289443983158e-02 8.567900148949317840e-01
2.460316566787181664e-02 8.567434178195191263e-01
2.484249409121190577e-02 8.566961355543046830e-01
2.508415059277539771e-02 8.566478308963284549e-01
2.532815781905008515e-02 8.565985706662635479e-01
2.557453863681850847e-02 8.565477916657526780e-01
2.582331613530085626e-02 8.564965632800619622e-01
2.607451362831877603e-02 8.564451008782150154e-01
2.632815465648021339e-02 8.563918469535481970e-01
2.658426298938541474e-02 8.563375139945406112e-01
2.684286262785454819e-02 8.562831285368995848e-01
2.710397780617682106e-02 8.562262438136220011e-01
2.736763299438163891e-02 8.561683338844900959e-01
2.763385290053169824e-02 8.561098883150169980e-01
2.790266247303856487e-02 8.560497069584481755e-01
2.817408690300057458e-02 8.559888439772607160e-01
2.844815162656363222e-02 8.559264634377845571e-01
2.872488232730495070e-02 8.558630593284227706e-01
2.900430493863991738e-02 8.557981315865417216e-01
2.928644564625237229e-02 8.557318953575394627e-01
2.957133089054861039e-02 8.556647704457188697e-01
2.985898736913520854e-02 8.555962911304312302e-01
3.014944203932094433e-02 8.555268436700219636e-01
3.044272212064302874e-02 8.554553608137375198e-01
3.073885509741795460e-02 8.553733772400544666e-01
3.103786872131722788e-02 8.553086551051898301e-01
3.133979101396793671e-02 8.552333068133752825e-01
3.164465026957891114e-02 8.551570240294775749e-01
3.195247505759213347e-02 8.550787090979037330e-01
3.226329422536015901e-02 8.549986979974355528e-01
3.257713690084949876e-02 8.549175012956597985e-01
3.289403249537032475e-02 8.548347316376634364e-01
3.321401070633261954e-02 8.547500008593127419e-01
3.353710152002930406e-02 8.546616573834202590e-01
3.386333521444636480e-02 8.545756531611992113e-01
3.419274236210027851e-02 8.544895954238459490e-01
3.452535383290306070e-02 8.543992546560882362e-01
3.486120079705520153e-02 8.543015588342688371e-01
3.520031472796678745e-02 8.542065393226093706e-01
3.554272740520694751e-02 8.541100976043735082e-01
3.588847091748199186e-02 8.540115926134725921e-01
3.623757766564258964e-02 8.539140534303405472e-01
3.659008036572020811e-02 8.538158797868633521e-01
3.694601205199302130e-02 8.537030979706706768e-01
3.730540608008161424e-02 8.535965735007797761e-01
3.766829613007490613e-02 8.534880324411825425e-01
3.803471620968648659e-02 8.533773141051074207e-01
3.840470065744145539e-02 8.532641362137988184e-01
3.877828414589457040e-02 8.531488482691789166e-01
3.915550168487941241e-02 8.530330799450158707e-01
3.953638862478930927e-02 8.529119311067148157e-01
3.992098065989020672e-02 8.527899764209482258e-01
4.030931383166566628e-02 8.526655196786874225e-01
4.070142453219438572e-02 8.525393583590573643e-01
4.109734950756069316e-02 8.524108880349010597e-01
4.149712586129815362e-02 8.522777508330285912e-01
4.190079105786669034e-02 8.521434218658090476e-01
4.230838292616342228e-02 8.520068383722103622e-01
4.271993966306778662e-02 8.518797650774211361e-01
4.313549983702118923e-02 8.517247714210837151e-01
4.355510239164130798e-02 8.515800268661480876e-01
4.397878664937160398e-02 8.514327630928145707e-01
4.440659231516640160e-02 8.512818377350387378e-01
4.483855948021186338e-02 8.511288047668033041e-01
4.527472862568297785e-02 8.509721740226438014e-01
4.571514062653719151e-02 8.508129556349546263e-01
4.615983675534499064e-02 8.506509077654001993e-01
4.660885868615767536e-02 8.507137120770266181e-01
4.706224849841281199e-02 8.503160995147893697e-01
4.752004868087766204e-02 8.501437070519928252e-01
4.798230213563085128e-02 8.499727205928153673e-01
4.844905218208294534e-02 8.498002700810667331e-01
4.892034256103611894e-02 8.495964820771727544e-01
4.939621743878321036e-02 8.494215852375736064e-01
4.987672141124663283e-02 8.492318602541900630e-01
5.036189950815770505e-02 8.490387197630385741e-01
5.085179719727656034e-02 8.488422227203363812e-01
5.134646038865306461e-02 8.486401224746153993e-01
5.184593543892913187e-02 8.484360403276921536e-01
5.235026915568305461e-02 8.482280308100049737e-01
5.285950880181603667e-02 8.480226619769306584e-01
5.337370209998133774e-02 8.477994782035377375e-01
5.389289723705643909e-02 8.475782013143118299e-01
5.441714286865893119e-02 8.473543941026976389e-01
5.494648812370611646e-02 8.471252046931448954e-01
5.548098260901916656e-02 8.468919256954388075e-01
5.602067641397187603e-02 8.466546960350723738e-01
5.656562011518465050e-02 8.464125835897066130e-01
5.711586478126431943e-02 8.461652700396339322e-01
5.767146197758996756e-02 8.459131525558465370e-01
5.823246377114527778e-02 8.456561151600694437e-01
5.879892273539785025e-02 8.453943892794797410e-01
5.937089195522609469e-02 8.451269992770765738e-01
5.994842503189409116e-02 8.448542324508133694e-01
6.053157608807464840e-02 8.445780546941233924e-01
6.112039977292132997e-02 8.442952449930121173e-01
6.171495126718981594e-02 8.440086836908616830e-01
6.231528628840921763e-02 8.437153724961241608e-01
6.292146109610344262e-02 8.434166067036575898e-01
6.353353249706343575e-02 8.431121790910363067e-01
6.415155785067082339e-02 8.428023513470506156e-01
6.477559507427335661e-02 8.424868866315070592e-01
6.540570264861225724e-02 8.421643256093653829e-01
6.604193962330305590e-02 8.418404744311059895e-01
6.668436562236895737e-02 8.415019328845793067e-01
6.733304084982863480e-02 8.411617389512094922e-01
6.798802609533814711e-02 8.408143358900216358e-01
6.864938273988777095e-02 8.404605619649306858e-01
6.931717276155408003e-02 8.400996239381449682e-01
6.999145874130821565e-02 8.397316818296201024e-01
7.067230386888070925e-02 8.393561265999988086e-01
7.135977194868306506e-02 8.389756736638074308e-01
7.205392740578704658e-02 8.385881258089499246e-01
7.275483529196229149e-02 8.381914022382146445e-01
7.346256129177256011e-02 8.377888186227088196e-01
7.417717172873124210e-02 8.373773610763862729e-01
7.489873357151664857e-02 8.369588910939033122e-01
7.562731444024800576e-02 8.365325940348676825e-01
7.636298261282241373e-02 8.360978716822771162e-01
7.710580703131336699e-02 8.356548120116965572e-01
7.785585730843146146e-02 8.352035483513482461e-01
7.861320373404813433e-02 8.347433117681972714e-01
7.937791728178281159e-02 8.342746752591627679e-01
8.015006961565404597e-02 8.338059662782180137e-01
8.092973309679550586e-02 8.333336755578293342e-01
8.171698079023696770e-02 8.328171575709458763e-01
8.251188647175167201e-02 8.323126975761875324e-01
8.331452463477014014e-02 8.317993492198614280e-01
8.412497049736118726e-02 8.312757121204530364e-01
8.494330000928071445e-02 8.307440774597035782e-01
8.576958985908941790e-02 8.301997911904499539e-01
8.660391748133952627e-02 8.296461669658353744e-01
8.744636106383144036e-02 8.290824339588470648e-01
8.829699955494091368e-02 8.285082975941039374e-01
8.915591267101763417e-02 8.279246757443085025e-01
9.002318090385581784e-02 8.273284019006691414e-01
9.089888552823731371e-02 8.267227166376015512e-01
9.178310860954806694e-02 8.261057943495015987e-01
9.267593301146882789e-02 8.254757939124423016e-01
9.357744240374062106e-02 8.248357885246001553e-01
9.448772127000577836e-02 8.241836048688241378e-01
9.540685491572513388e-02 8.235183868211710667e-01
9.633492947617222635e-02 8.228415258368572127e-01
9.727203192450542546e-02 8.221533831480929422e-01
9.821825007991856482e-02 8.214538495300179877e-01
9.917367261587073379e-02 8.207357838347097978e-01
1.001383890683960748e-01 8.200091141658252258e-01
1.011124898444945991e-01 8.192678218350314401e-01
1.020960662306047012e-01 8.185138383498643533e-01
1.030892104011576216e-01 8.177453238708289884e-01
1.040920154272158005e-01 8.169634801472848151e-01
1.051045752851944987e-01 8.161670380525699597e-01
1.061269848656690717e-01 8.153558529824694867e-01
1.071593399822671072e-01 8.145299925262264873e-01
1.082017373806478805e-01 8.136897621457001017e-01
1.092542747475682557e-01 8.128336527514173904e-01
1.103170507200377515e-01 8.119629787106402707e-01
1.113901648945616746e-01 8.110758781787613669e-01
1.124737178364751955e-01 8.101734135617827404e-01
1.135678110893671017e-01 8.092544486646412460e-01
1.146725471845963656e-01 8.083198114717478067e-01
1.157880296509002094e-01 8.073678004284610132e-01
1.169143630240966764e-01 8.063980372887574744e-01
1.180516528568804902e-01 8.054118440228045239e-01
1.192000057287153220e-01 8.044070259270394985e-01
1.203595292558212876e-01 8.033887296991258919e-01
1.215303321012602134e-01 8.023461831854813431e-01
1.227125239851190319e-01 8.012881316389349751e-01
1.239062156947916271e-01 8.002110933806829696e-01
1.251115190953615564e-01 7.991153596315306862e-01
1.263285471400849291e-01 7.980006449886598574e-01
1.275574138809759950e-01 7.968658812870821340e-01
1.287982344794950385e-01 7.957107168046033685e-01
1.300511252173409127e-01 7.945358526889574335e-01
1.313162035073478784e-01 7.933409589966019526e-01
1.325935879044890797e-01 7.921252083122352072e-01
1.338833981169864351e-01 7.908887636285835132e-01
1.351857550175293021e-01 7.896305696607770486e-01
1.365007806546013891e-01 7.883502552150082332e-01
1.378285982639189389e-01 7.870478664170180716e-01
1.391693322799789911e-01 7.857232396451357959e-01
1.405231083477211373e-01 7.843766189562118019e-01
1.418900533343016301e-01 7.830063935813682541e-01
1.432702953409830948e-01 7.816130238191459911e-01
1.446639637151387880e-01 7.801960414372027808e-01
1.460711890623745679e-01 7.787546742113881093e-01
1.474921032587684921e-01 7.772888437434521958e-01
1.489268394632288772e-01 7.757992102500038678e-01
1.503755321299738434e-01 7.742836009191272906e-01
1.518383170211306810e-01 7.727435812093828016e-01
1.533153312194593942e-01 7.711692281073263544e-01
1.548067131411984265e-01 7.695867189908442985e-01
1.563126025490369497e-01 7.679674074728553013e-01
1.578331405652117214e-01 7.663217052929819362e-01
1.593684696847328941e-01 7.646486919709800656e-01
1.609187337887370006e-01 7.629498366983498148e-01
1.624840781579713067e-01 7.612227894720418053e-01
1.640646494864078653e-01 7.594674524566092932e-01
1.656605958949914359e-01 7.576823012644461341e-01
1.672720669455196874e-01 7.558689594208450879e-01
1.688992136546599021e-01 7.540362473890108719e-01
1.705421885081006561e-01 7.521555203624198382e-01
1.722011454748421100e-01 7.502541427337915403e-01
1.738762400216251336e-01 7.483232150455487730e-01
1.755676291275001522e-01 7.463599496794455224e-01
1.772754712985387948e-01 7.443700885146128376e-01
1.789999265826875408e-01 7.423423023653443753e-01
1.807411565847668600e-01 7.402804675222446340e-01
1.824993244816152382e-01 7.381977057168794820e-01
1.842745950373816666e-01 7.360770241478830078e-01
1.860671346189656239e-01 7.339231698961548034e-01
1.878771112116086051e-01 7.317381754061230703e-01
1.897046944346358344e-01 7.295192011016240485e-01
1.915500555573527997e-01 7.272645668070916170e-01
1.934133675150944698e-01 7.249777077999882691e-01
1.952948049254327745e-01 7.226559081225990555e-01
1.971945441045395986e-01 7.203002607036279592e-01
1.991127630837108697e-01 7.178963388239705257e-01
2.010496416260497965e-01 7.154822050322425797e-01
2.030053612433137811e-01 7.130192799831134298e-01
2.049801052129238688e-01 7.105213636865268523e-01
2.069740585951406198e-01 7.079872539059935965e-01
2.089874082504071251e-01 7.054164063777853544e-01
2.110203428568595552e-01 7.028093198506784045e-01
2.130730529280097374e-01 7.001642697047276709e-01
2.151457308305980698e-01 6.974818947284292525e-01
2.172385708026215445e-01 6.947632458414326750e-01
2.193517689715359098e-01 6.920049284557684421e-01
2.214855233726360506e-01 6.892084579013866286e-01
2.236400339676138660e-01 6.863728816829949286e-01
2.258155026632983065e-01 6.835020421017261594e-01
2.280121333305757114e-01 6.805905576369027932e-01
2.302301318234963867e-01 6.776391229111119463e-01
2.324697059985647851e-01 6.746487176504949446e-01
2.347310657342196183e-01 6.716199387296797330e-01
2.370144229505012079e-01 6.685511652505503610e-01
2.393199916289123208e-01 6.654414320028867458e-01
2.416479878324700736e-01 6.622930452326861728e-01
2.439986297259550130e-01 6.591040558409705374e-01
2.463721375963552895e-01 6.558744178585880213e-01
2.487687338735107279e-01 6.526045291532137638e-01
2.511886431509580686e-01 6.492936490388976356e-01
2.536320922069775774e-01 6.459429271724891342e-01
2.560993100258459609e-01 6.425520355881197965e-01
2.585905278192945911e-01 6.391186655542420159e-01
2.611059790481781162e-01 6.356463422381695150e-01
2.636458994443517945e-01 6.321334108827099119e-01
2.662105270327638773e-01 6.285768753731379999e-01
2.688001021537606006e-01 6.249820378290199541e-01
2.714148674856106669e-01 6.213437357928256466e-01
2.740550680672460548e-01 6.176692475263662052e-01
2.767209513212268712e-01 6.139516897751499114e-01
2.794127670769268601e-01 6.101887210556832253e-01
2.821307675939472293e-01 6.063947026710636568e-01
2.848752075857552413e-01 6.025516759823381641e-01
2.876463442435557849e-01 5.986772428134421453e-01
2.904444372603925406e-01 5.947533865499301520e-01
2.932697488554852905e-01 5.907977088230261797e-01
2.961225437988035947e-01 5.867986014112775983e-01
2.990030894358785551e-01 5.827605142119013371e-01
3.019116557128577738e-01 5.786822372639647272e-01
3.048485152018017286e-01 5.745667306445746414e-01
3.078139431262288950e-01 5.704116723705681125e-01
3.108082173869063936e-01 5.662180082054882879e-01
3.138316185878944342e-01 5.619880376166571656e-01
3.168844300628416155e-01 5.577187042931116556e-01
3.199669379015380732e-01 5.534128291360501661e-01
3.230794309767249795e-01 5.490705406351786833e-01
3.262222009711669979e-01 5.446913571043785485e-01
3.293955424049855307e-01 5.402775682900290422e-01
3.325997526632606949e-01 5.358287168259333599e-01
3.358351320238990301e-01 5.313436356080891709e-01
3.391019836857747105e-01 5.268231385237188702e-01
3.424006137971423724e-01 5.222740177684422891e-01
3.457313314843284413e-01 5.176893976111576201e-01
3.490944488806992929e-01 5.130726636744780134e-01
3.524902811559130766e-01 5.084154741724933313e-01
3.559191465454557002e-01 5.037443603256129832e-01
3.593813663804627523e-01 4.990349320242828957e-01
3.628772651178337472e-01 4.942949005604276858e-01
3.664071703706370808e-01 4.895283901280469974e-01
3.699714129388128048e-01 4.847319634299110391e-01
3.735703268401719401e-01 4.799100015559195076e-01
3.772042493416999376e-01 4.750424986391362236e-01
3.808735209911614517e-01 4.701848656296097606e-01
3.845784856490158665e-01 4.652904011735277123e-01
3.883194905206404091e-01 4.603691097999583204e-01
3.920968861888690649e-01 4.554256850080078967e-01
3.959110266468458539e-01 4.504617623781270175e-01
3.997622693312000708e-01 4.454758864835122179e-01
4.036509751555413805e-01 4.404731080766606244e-01
4.075775085442840395e-01 4.354495342874035724e-01
4.115422374667966343e-01 4.304107898582392178e-01
4.155455334718875515e-01 4.253560332138501821e-01
4.195877717226225712e-01 4.202862830381507431e-01
4.236693310314835759e-01 4.152018666461558261e-01
4.277905938958687093e-01 4.101051951313973709e-01
4.319519465339363706e-01 4.049931756121539772e-01
4.361537789208005944e-01 3.998787118331349477e-01
4.403964848250754294e-01 3.947562804971281869e-01
4.446804618457780300e-01 3.896237217567191657e-01
4.490061114495874639e-01 3.844840235539763729e-01
4.533738390084691150e-01 3.793412869064638482e-01
4.577840538376618529e-01 3.741926344871651100e-01
4.622371692340384031e-01 3.690446828997306916e-01
4.667336025148346446e-01 3.638920479728110502e-01
4.712737750567601580e-01 3.587413872508660728e-01
4.758581123354846953e-01 3.535904482879546062e-01
4.804870439655131720e-01 3.484470249663120245e-01
4.851610037404442966e-01 3.432893337372865394e-01
4.898804296736250508e-01 3.381754075737791188e-01
4.946457640391963562e-01 3.330479525524685513e-01
4.994574534135413635e-01 3.279307215074172555e-01
5.043159487171361421e-01 3.228236252552751928e-01
5.092217052568053237e-01 3.177269893316269633e-01
5.141751827683928022e-01 3.126449178800059792e-01
5.191768454598426619e-01 3.075769488234231241e-01
5.242271620547044320e-01 3.025230909723956030e-01
5.293266058360561743e-01 2.974997078367664916e-01
5.344756546908600026e-01 2.924734801849317445e-01
5.396747911547442600e-01 2.874774185699128792e-01
5.449245024572260121e-01 2.825127281230785936e-01
5.502252805673685243e-01 2.775512334656248248e-01
5.555776222398878250e-01 2.726237363364837352e-01
5.609820290617031358e-01 2.677220072458419420e-01
5.664390074989449353e-01 2.628507366099326892e-01
5.719490689444144405e-01 2.580003236002830769e-01
5.775127297655114900e-01 2.531831580921830027e-01
5.831305113526221717e-01 2.483970761154299656e-01
5.888029401679826247e-01 2.436225846984324261e-01
5.945305477950136863e-01 2.389324111897848379e-01
6.003138709881384871e-01 2.342194349153557398e-01
6.061534517230839914e-01 2.295863665524531527e-01
6.120498372476699256e-01 2.249719538563078047e-01
6.180035801330957534e-01 2.203656297883220816e-01
6.240152383257209223e-01 2.158567840517832681e-01
6.300853751993553686e-01 2.113650049840380685e-01
6.362145596080520660e-01 2.069103057957666914e-01
6.424033659394193796e-01 2.024984393922820147e-01
6.486523741684461219e-01 1.981171528770314660e-01
6.549621699118558515e-01 1.938039703552984494e-01
6.613333444829840868e-01 1.895277754672909098e-01
6.677664949471955325e-01 1.852944759056221191e-01
6.742622241778342129e-01 1.811093796916468657e-01
6.808211409127237213e-01 1.769701922562111618e-01
6.874438598112112553e-01 1.728829587009545476e-01
6.941310015117725385e-01 1.688401778686355881e-01
7.008831926901714082e-01 1.648558140476297507e-01
7.077010661181889484e-01 1.609163882532121947e-01
7.145852607229240538e-01 1.570304323133816793e-01
7.215364216466665370e-01 1.531959705248435444e-01
7.285552003073593186e-01 1.494160665277614874e-01
7.356422544596413760e-01 1.456866436157791822e-01
7.427982482564918776e-01 1.420119843598667275e-01
7.500238523114668432e-01 1.383918880659918971e-01
7.573197437615483141e-01 1.348255703229143676e-01
7.646866063305975958e-01 1.313170026500332654e-01
7.721251303934327792e-01 1.278699520313391902e-01
7.796360130405233235e-01 1.244605032777538062e-01
7.872199581433195759e-01 1.211161498199464226e-01
7.948776764202123424e-01 1.178280007082284225e-01
8.026098855031396084e-01 1.145946209248148995e-01
8.104173100048355227e-01 1.114174539613161374e-01
8.183006815867394090e-01 1.083018674431433653e-01
8.262607390275591435e-01 1.052400639673730931e-01
8.342982282925082149e-01 1.022350593019790560e-01
8.424139026032094746e-01 9.928466582059847223e-02
8.506085225082840040e-01 9.638839068941035260e-02
8.588828559546254349e-01 9.355531991553971138e-02
8.672376783593644944e-01 9.077435851226049734e-02
8.756737726825394308e-01 8.805636563483316970e-02
8.841919295004664336e-01 8.537432483564055818e-02
8.927929470798307010e-01 8.276809918467188665e-02
9.014776314524917122e-01 8.020801693628905327e-02
9.102467964910225806e-01 7.770789449334473964e-02
9.191012639849772681e-01 7.525819904906826119e-02
9.280418637179072006e-01 7.286747890535044681e-02
9.370694335451198453e-01 7.052683826635036679e-02
9.461848194722002336e-01 6.824043664030586542e-02
9.553888757342895444e-01 6.600358310838176645e-02
9.646824648761427312e-01 6.383122057230625201e-02
9.740664578329562007e-01 6.169769119200577134e-02
9.835417340119908536e-01 5.961925776722778320e-02
9.931091813749796104e-01 5.759382375776705282e-02
1.002769696521346621e+00 5.562236165292579193e-02
1.012524184772224167e+00 5.369441773126352319e-02
1.022373560255302127e+00 5.182051526834513533e-02
1.032318745990486564e+00 4.999314953786154064e-02
1.042360673976402197e+00 4.821747733039946637e-02
1.052500285277732761e+00 4.648561567004196732e-02
1.062738530113414459e+00 4.480003616526580246e-02
1.073076367945679621e+00 4.316428357444567626e-02
1.083514767569973225e+00 4.156910367178518612e-02
1.094054707205742494e+00 4.002239809043483393e-02
1.104697174588111785e+00 3.852006225273849060e-02
1.115443167060441221e+00 3.705640247781429725e-02
1.126293691667795249e+00 3.563805142101945239e-02
1.137249765251314271e+00 3.426190499257596861e-02
1.148312414543511073e+00 3.292695616304629203e-02
1.159482676264482759e+00 3.163171072067063466e-02
1.170761597219069250e+00 3.037692783895946241e-02
1.182150234394952371e+00 2.916058747810492888e-02
1.193649655061713055e+00 2.798233684556692899e-02
1.205260936870842681e+00 2.684120369073399529e-02
1.216985167956738056e+00 2.573670598661412234e-02
1.228823447038673411e+00 2.466827936956550796e-02
1.240776883523764251e+00 2.363450366873860037e-02
1.252846597610937529e+00 2.263594483133151911e-02
1.265033720395903893e+00 2.166928861355083349e-02
1.277339393977160009e+00 2.073619589448432582e-02
1.289764771563017165e+00 1.983559410015542715e-02
1.302311017579677488e+00 1.896486911650055104e-02
1.314979307780347773e+00 1.812529382720095075e-02
1.327770829355430449e+00 1.731509464799582676e-02
1.340686781043774811e+00 1.653468905204470707e-02
1.353728373245021821e+00 1.578189821444767743e-02
1.366896828133026487e+00 1.505719832281449296e-02
1.380193379770397355e+00 1.435835080106026389e-02
1.393619274224142002e+00 1.368613868011807691e-02
1.407175769682446731e+00 1.303924014377589105e-02
1.420864136572576708e+00 1.241703758315850815e-02
1.434685657679937831e+00 1.181862235203080640e-02
1.448641628268290127e+00 1.124377930796613932e-02
1.462733356201129986e+00 1.069155975681062611e-02
1.476962162064259898e+00 1.016143744390235124e-02
1.491329379289537682e+00 9.652093163303204770e-03
1.505836354279841416e+00 9.164291698445689929e-03
1.520484446535244283e+00 8.691236317722395022e-03
1.535275028780422657e+00 8.246837944661040282e-03
1.550209487093291205e+00 7.816875571973028874e-03
1.565289221034902312e+00 7.405872447126502466e-03
1.580515643780601165e+00 7.011254795467721825e-03
1.595890182252465817e+00 6.634334504900323351e-03
1.611414277253019778e+00 6.273696228869200982e-03
1.627089383600260675e+00 5.929236710705285476e-03
1.642916970263993193e+00 5.600143166595452845e-03
1.658898520503498064e+00 5.288777433011117128e-03
1.675035532006524441e+00 4.988592131569472357e-03
1.691329517029648732e+00 4.700107398644718174e-03
1.707782002539993016e+00 4.427822953826664881e-03
1.724394530358320354e+00 4.168149404253418400e-03
1.741168657303530987e+00 3.920987367619425262e-03
1.758105955338547632e+00 3.685722192895877873e-03
1.775208011717636092e+00 3.462072893326844421e-03
1.792476429135148930e+00 3.249402592812422608e-03
1.809912825875727105e+00 3.047348490795113388e-03
1.827518835965944666e+00 2.855691695237501295e-03
1.845296109327445366e+00 2.674170345332266274e-03
1.863246311931559873e+00 2.501439568855831630e-03
1.881371125955437096e+00 2.338205431127417504e-03
1.899672249939675650e+00 2.183578261929033839e-03
1.918151398947507635e+00 2.037187718860185553e-03
1.936810304725519849e+00 1.898726648363216734e-03
1.955650715865949074e+00 1.768237773708773459e-03
1.974674397970537454e+00 1.644920158778959618e-03
1.993883133816001019e+00 1.528616605968222001e-03
2.013278723521096492e+00 1.418976451074379849e-03
2.032862984715323673e+00 1.315773723904817066e-03
2.052637752709252084e+00 1.218666653651543025e-03
2.072604880666519822e+00 1.127523683509507740e-03
2.092766239777499759e+00 1.041665908695690737e-03
2.113123719434652603e+00 9.612218742935646877e-04
2.133679227409597701e+00 8.858390857638065658e-04
2.154434690031884259e+00 8.152552677685588178e-04
2.175392052369522489e+00 7.492353157793981864e-04
2.196553278411258248e+00 6.875486045491482207e-04
2.217920351250634692e+00 6.299800013959234524e-04
2.239495273271823184e+00 5.763169555528645932e-04
2.261280066337279404e+00 5.263523803212016199e-04
2.283276771977218012e+00 4.798957190234587051e-04
2.305487451580938707e+00 4.367508852462224271e-04
2.327914186589993051e+00 3.967445029679716149e-04
2.350559078693253756e+00 3.596925732203436936e-04
2.373424250023866033e+00 3.254383202481830580e-04
2.396511843358130278e+00 2.938237913002872534e-04
2.419824022316292567e+00 2.646720267222237477e-04
2.443362971565319341e+00 2.378578012709570112e-04
2.467130897023623426e+00 2.132322007013599037e-04
2.491130026067788439e+00 1.906572865843417079e-04
2.515362607741312928e+00 1.700205779559262021e-04
2.539830912965362675e+00 1.511577952682061500e-04
2.564537234751594674e+00 1.339853221191544418e-04
2.589483888417040802e+00 1.183741961719410931e-04
2.614673211801092023e+00 1.042395024725956522e-04
2.640107565484572927e+00 9.144420307448149351e-05
2.665789333010967876e+00 7.991960562738949778e-05
2.691720921109787668e+00 6.956030889671638371e-05
2.717904759922122881e+00 6.027569781157972735e-05
2.744343303228365283e+00 5.198317800282764714e-05
2.771039028678170535e+00 4.460962461012020318e-05
2.797994438022641805e+00 3.807281200618821122e-05
2.825212057348790218e+00 3.230143810919074555e-05
2.852694437316245057e+00 2.723707185531975297e-05
2.880444153396297668e+00 2.280816289669848252e-05
2.908463806113254169e+00 1.895554176927024780e-05
2.936756021288137397e+00 1.562505550165283112e-05
2.965323450284773621e+00 1.276879226859482375e-05
2.994168770258243573e+00 1.032938193741146209e-05
3.023294684405779531e+00 8.264238609834038808e-06
3.052703922220086241e+00 6.531006302258634748e-06
3.082399239745143404e+00 5.093953288185684676e-06
3.112383419834465759e+00 3.912300098806608238e-06
3.142659272411905569e+00 2.951042688639113090e-06
3.173229634734976212e+00 2.181955675470643130e-06
3.204097371660752813e+00 1.576595783269188684e-06
3.235265375914330388e+00 1.108277631347655678e-06
3.266736568359921655e+00 7.544951694319504716e-07
3.298513898274578082e+00 4.941348826633014088e-07
3.330600343624588788e+00 3.080205600376743260e-07
3.362998911344535991e+00 1.808314859083073625e-07
3.395712637619100693e+00 9.720286035870300340e-08
3.428744588167585317e+00 4.723288152222362703e-08
3.462097858531227423e+00 1.954211951033878218e-08
3.495775574363275240e+00 6.494607220685024450e-09
3.529780891721914671e+00 1.442585419131232207e-09
3.564116997366032269e+00 1.325270966338667044e-10
3.598787109053855460e+00 0.000000000000000000e+00
