1.000000000000000021e-02 1.937942162788546696e+00
1.009727545900835841e-02 1.937938169878106853e+00
1.019549716950923779e-02 1.937934091293178618e+00
1.029467433620748044e-02 1.937930017113775660e+00
1.039481625334708927e-02 1.937926020215268386e+00
1.049593230558227772e-02 1.937921951897735307e+00
1.059803196885688789e-02 1.937917776163429640e+00
1.070112481129246833e-02 1.937913440558233669e+00
1.080522049408488318e-02 1.937909101670592493e+00
1.091032877240974419e-02 1.937904675110461605e+00
1.101645949633656314e-02 1.937900148614633222e+00
1.112362261175187626e-02 1.937895507342905388e+00
1.123182816129126085e-02 1.937890754574638219e+00
1.134108628528052165e-02 1.937885887141634900e+00
1.145140722268592030e-02 1.937880906857513574e+00
1.156280131207376022e-02 1.937875807779472881e+00
1.167527899257919492e-02 1.937870595217326519e+00
1.178885080488457221e-02 1.937865342345598929e+00
1.190352739220719262e-02 1.937859984895754062e+00
1.201931950129673729e-02 1.937854530342027592e+00
1.213623798344241195e-02 1.937848984220076565e+00
1.225429379548980714e-02 1.937843343369606952e+00
1.237349800086776086e-02 1.937837573433923932e+00
1.249386177062509519e-02 1.937831714108302128e+00
1.261539638447754796e-02 1.937825693594318111e+00
1.273811323186478488e-02 1.937819652930270919e+00
1.286202381301779218e-02 1.937813512053726539e+00
1.298713974003655978e-02 1.937807236060118843e+00
1.311347273797833224e-02 1.937800821451804989e+00
1.324103464595636874e-02 1.937794314886672087e+00
1.336983741824946531e-02 1.937787737715778613e+00
1.349989312542219239e-02 1.937781020388957165e+00
1.363121395545611320e-02 1.937774173679764012e+00
1.376381221489191876e-02 1.937767183705676466e+00
1.389770032998276401e-02 1.937760022546421546e+00
1.403289084785873213e-02 1.937754216853267764e+00
1.416939643770268736e-02 1.937746823577890520e+00
1.430722989193757184e-02 1.937739252527463707e+00
1.444640412742520530e-02 1.937731477807525415e+00
1.458693218667675602e-02 1.937721772088502714e+00
1.472882723907502529e-02 1.937713533413189415e+00
1.487210258210860774e-02 1.937705092567880927e+00
1.501677164261799868e-02 1.937696444330868850e+00
1.516284797805393485e-02 1.937687615308464784e+00
1.531034527774784160e-02 1.937678586140443304e+00
1.545927736419477720e-02 1.937669366496477696e+00
1.560965819434872483e-02 1.937659882940933498e+00
1.576150186093060873e-02 1.937650224460504278e+00
1.591482259374891323e-02 1.937640350874581863e+00
1.606963476103326349e-02 1.937630286230104026e+00
1.622595287078087284e-02 1.937620083616243383e+00
1.638379157211618947e-02 1.937609628729615396e+00
1.654316565666366645e-02 1.937598945141616014e+00
1.670409005993399310e-02 1.937588042483717521e+00
1.686657986272368723e-02 1.937576915103421449e+00
1.703065029252844378e-02 1.937565548518908498e+00
1.719631672497009753e-02 1.937553932207102481e+00
1.736359468523754335e-02 1.937542077746351676e+00
1.753249984954170088e-02 1.937530019284659177e+00
1.770304804658450262e-02 1.937517703671993718e+00
1.787525525904235316e-02 1.937505247541392084e+00
1.804913762506383731e-02 1.937492547034399548e+00
1.822471143978214581e-02 1.937479550149866503e+00
1.840199315684210371e-02 1.937466265667387111e+00
1.858099938994215231e-02 1.937452725925338903e+00
1.876174691439120440e-02 1.937438923044845218e+00
1.894425266868081034e-02 1.937427533361730569e+00
1.912853375607242307e-02 1.937413101672166515e+00
1.931460744620030340e-02 1.937398460464923033e+00
1.950249117668984011e-02 1.937383492735242241e+00
1.969220255479172538e-02 1.937368189182892442e+00
1.988375935903200636e-02 1.937349947895651958e+00
2.007717954087816226e-02 1.937334155915710010e+00
2.027248122642137662e-02 1.937318032667752377e+00
2.046968271807520987e-02 1.937301571472900052e+00
2.066880249629082095e-02 1.937284734694174615e+00
2.086985922128879734e-02 1.937267753146086235e+00
2.107287173480786382e-02 1.937250566847047217e+00
2.127785906187062287e-02 1.937233078046518342e+00
2.148484041256648255e-02 1.937215229173324449e+00
2.169383518385184506e-02 1.937197071004216120e+00
2.190486296136792688e-02 1.937178463633373982e+00
2.211794352127614133e-02 1.937159347562426914e+00
2.233309683211144592e-02 1.937139856338074839e+00
2.255034305665360936e-02 1.937119908071419649e+00
2.276970255381680075e-02 1.937099592765067158e+00
2.299119588055741764e-02 1.937079035314037911e+00
2.321484379380064564e-02 1.937058012953264852e+00
2.344066725238556220e-02 1.937036652496609834e+00
2.366868741902936057e-02 1.937014794017658081e+00
2.389892566231050300e-02 1.936992561994037576e+00
2.413140355867127856e-02 1.936969980194973351e+00
2.436614289443983158e-02 1.936946926344025766e+00
2.460316566787181664e-02 1.936923605430632245e+00
2.484249409121190577e-02 1.936899825948927178e+00
2.508415059277539771e-02 1.936875505938990161e+00
2.532815781905008515e-02 1.936850638881885356e+00
2.557453863681850847e-02 1.936825307681361963e+00
2.582331613530085626e-02 1.936799357379363817e+00
2.607451362831877603e-02 1.936772900302681677e+00
2.632815465648021339e-02 1.936745882333851476e+00
2.658426298938541474e-02 1.936718409645886041e+00
2.684286262785454819e-02 1.936690449881169673e+00
2.710397780617682106e-02 1.936662129244378638e+00
2.736763299438163891e-02 1.936633217856352784e+00
2.763385290053169824e-02 1.936603634241196970e+00
2.790266247303856487e-02 1.936573624317523112e+00
2.817408690300057458e-02 1.936543230061710474e+00
2.844815162656363222e-02 1.936512324224780368e+00
2.872488232730495070e-02 1.936480775880313754e+00
2.900430493863991738e-02 1.936448514476566185e+00
2.928644564625237229e-02 1.936415512415530671e+00
2.957133089054861039e-02 1.936381744421693085e+00
2.985898736913520854e-02 1.936346945208629045e+00
3.014944203932094433e-02 1.936312077366113549e+00
3.044272212064302874e-02 1.936276131985793736e+00
3.073885509741795460e-02 1.936239266500459966e+00
3.103786872131722788e-02 1.936201538216193452e+00
3.133979101396793671e-02 1.936162990129610684e+00
3.164465026957891114e-02 1.936122007982880255e+00
3.195247505759213347e-02 1.936081892431609663e+00
3.226329422536015901e-02 1.936041225951044442e+00
3.257713690084949876e-02 1.935999846251084122e+00
3.289403249537032475e-02 1.935957635959862699e+00
3.321401070633261954e-02 1.935914839301628554e+00
3.353710152002930406e-02 1.935871334915275188e+00
3.386333521444636480e-02 1.935827266042579042e+00
3.419274236210027851e-02 1.935782388241984675e+00
3.452535383290306070e-02 1.935738883415621503e+00
3.486120079705520153e-02 1.935692266093624658e+00
3.520031472796678745e-02 1.935639231668341953e+00
3.554272740520694751e-02 1.935590911781807755e+00
3.588847091748199186e-02 1.935541436912259439e+00
3.623757766564258964e-02 1.935490746561009834e+00
3.659008036572020811e-02 1.935439174642702875e+00
3.694601205199302130e-02 1.935386898835457004e+00
3.730540608008161424e-02 1.935333540172628153e+00
3.766829613007490613e-02 1.935278930966944255e+00
3.803471620968648659e-02 1.935225100913237517e+00
3.840470065744145539e-02 1.935167963630925803e+00
3.877828414589457040e-02 1.935108873145199304e+00
3.915550168487941241e-02 1.935049870813710271e+00
3.953638862478930927e-02 1.934991512054282881e+00
3.992098065989020672e-02 1.934929396525189249e+00
4.030931383166566628e-02 1.934866072637088985e+00
4.070142453219438572e-02 1.934801563198370156e+00
4.109734950756069316e-02 1.934736121474193604e+00
4.149712586129815362e-02 1.934669131149933108e+00
4.190079105786669034e-02 1.934600686048234097e+00
4.230838292616342228e-02 1.934530970449401810e+00
4.271993966306778662e-02 1.934459840949120046e+00
4.313549983702118923e-02 1.934387259142306803e+00
4.355510239164130798e-02 1.934314990864345996e+00
4.397878664937160398e-02 1.934240014759443183e+00
4.440659231516640160e-02 1.934163338894558715e+00
4.483855948021186338e-02 1.934082162294466389e+00
4.527472862568297785e-02 1.934004771169486547e+00
4.571514062653719151e-02 1.933922754836701285e+00
4.615983675534499064e-02 1.933839772272125446e+00
4.660885868615767536e-02 1.933755040662606728e+00
4.706224849841281199e-02 1.933668792828889149e+00
4.752004868087766204e-02 1.933580900799545699e+00
4.798230213563085128e-02 1.933489933517245518e+00
4.844905218208294534e-02 1.933400751927688788e+00
4.892034256103611894e-02 1.933312493903777352e+00
4.939621743878321036e-02 1.933214835742790294e+00
4.987672141124663283e-02 1.933119445607818898e+00
5.036189950815770505e-02 1.933024339946806336e+00
5.085179719727656034e-02 1.932922442316903799e+00
5.134646038865306461e-02 1.932820771227864665e+00
5.184593543892913187e-02 1.932716763121792747e+00
5.235026915568305461e-02 1.932610437262475056e+00
5.285950880181603667e-02 1.932501797091610296e+00
5.337370209998133774e-02 1.932390937489226967e+00
5.389289723705643909e-02 1.932277911495821510e+00
5.441714286865893119e-02 1.932159525572479719e+00
5.494648812370611646e-02 1.932042268114733341e+00
5.548098260901916656e-02 1.931924966302213997e+00
5.602067641397187603e-02 1.931805028798611712e+00
5.656562011518465050e-02 1.931680366051117703e+00
5.711586478126431943e-02 1.931554861687206248e+00
5.767146197758996756e-02 1.931427157541437678e+00
5.823246377114527778e-02 1.931296282011897292e+00
5.879892273539785025e-02 1.931163515271632436e+00
5.937089195522609469e-02 1.931027933395351281e+00
5.994842503189409116e-02 1.930889503608787638e+00
6.053157608807464840e-02 1.930748150511566230e+00
6.112039977292132997e-02 1.930603604158631414e+00
6.171495126718981594e-02 1.930456920407420895e+00
6.231528628840921763e-02 1.930307144728837798e+00
6.292146109610344262e-02 1.930153902630968643e+00
6.353353249706343575e-02 1.929997565856014452e+00
6.415155785067082339e-02 1.929838242281630700e+00
6.477559507427335661e-02 1.929676930271420954e+00
6.540570264861225724e-02 1.929512803353784944e+00
6.604193962330305590e-02 1.929342348543750862e+00
6.668436562236895737e-02 1.929173393910923462e+00
6.733304084982863480e-02 1.928998631767339988e+00
6.798802609533814711e-02 1.928819982637951069e+00
6.864938273988777095e-02 1.928637910961436885e+00
6.931717276155408003e-02 1.928452175222287845e+00
6.999145874130821565e-02 1.928262797447928723e+00
7.067230386888070925e-02 1.928069219767429621e+00
7.135977194868306506e-02 1.927870959325531652e+00
7.205392740578704658e-02 1.927669786405363572e+00
7.275483529196229149e-02 1.927465004357967526e+00
7.346256129177256011e-02 1.927258049230096804e+00
7.417717172873124210e-02 1.927046462941381710e+00
7.489873357151664857e-02 1.926830983657857432e+00
7.562731444024800576e-02 1.926612302261305976e+00
7.636298261282241373e-02 1.926388932204153859e+00
7.710580703131336699e-02 1.926160119784024127e+00
7.785585730843146146e-02 1.925926902173191957e+00
7.861320373404813433e-02 1.925688647717661572e+00
7.937791728178281159e-02 1.925446206229056045e+00
8.015006961565404597e-02 1.925197675906805683e+00
8.092973309679550586e-02 1.924945264710070214e+00
8.171698079023696770e-02 1.924688323004337898e+00
8.251188647175167201e-02 1.924426447742998425e+00
8.331452463477014014e-02 1.924159896370714051e+00
8.412497049736118726e-02 1.923887726058257197e+00
8.494330000928071445e-02 1.923610739456420582e+00
8.576958985908941790e-02 1.923328737214347717e+00
8.660391748133952627e-02 1.923045872742949802e+00
8.744636106383144036e-02 1.922750234702887973e+00
8.829699955494091368e-02 1.922451936206523104e+00
8.915591267101763417e-02 1.922148668990285580e+00
9.002318090385581784e-02 1.921838825095964154e+00
9.089888552823731371e-02 1.921523005108851656e+00
9.178310860954806694e-02 1.921200928812892172e+00
9.267593301146882789e-02 1.920872650499670709e+00
9.357744240374062106e-02 1.920537616634309330e+00
9.448772127000577836e-02 1.920195691841698027e+00
9.540685491572513388e-02 1.919846478149163316e+00
9.633492947617222635e-02 1.919490394239328213e+00
9.727203192450542546e-02 1.919127565139313374e+00
9.821825007991856482e-02 1.918757410356814574e+00
9.917367261587073379e-02 1.918379466191986849e+00
1.001383890683960748e-01 1.917996109773314251e+00
1.011124898444945991e-01 1.917610677281402776e+00
1.020960662306047012e-01 1.917209863993986074e+00
1.030892104011576216e-01 1.916804903175382213e+00
1.040920154272158005e-01 1.916392864220828773e+00
1.051045752851944987e-01 1.915973939045314767e+00
1.061269848656690717e-01 1.915545729381847639e+00
1.071593399822671072e-01 1.915109021196610417e+00
1.082017373806478805e-01 1.914664116087312573e+00
1.092542747475682557e-01 1.914210833866972772e+00
1.103170507200377515e-01 1.913749380358635399e+00
1.113901648945616746e-01 1.913277947765279485e+00
1.124737178364751955e-01 1.912796715512968371e+00
1.135678110893671017e-01 1.912305080230992438e+00
1.146725471845963656e-01 1.911803128169482058e+00
1.157880296509002094e-01 1.911295666491335643e+00
1.169143630240966764e-01 1.910777523037083814e+00
1.180516528568804902e-01 1.910249251950453031e+00
1.192000057287153220e-01 1.909711089153357744e+00
1.203595292558212876e-01 1.909162191888985838e+00
1.215303321012602134e-01 1.908604509605694055e+00
1.227125239851190319e-01 1.908036428556384001e+00
1.239062156947916271e-01 1.907454795264410308e+00
1.251115190953615564e-01 1.906862624062368949e+00
1.263285471400849291e-01 1.906261813665389493e+00
1.275574138809759950e-01 1.905648521962085784e+00
1.287982344794950385e-01 1.905024806928420578e+00
1.300511252173409127e-01 1.904386345791631463e+00
1.313162035073478784e-01 1.903736517270419260e+00
1.325935879044890797e-01 1.903075442227725622e+00
1.338833981169864351e-01 1.902400496879495417e+00
1.351857550175293021e-01 1.901712548613650577e+00
1.365007806546013891e-01 1.901011829697874411e+00
1.378285982639189389e-01 1.900298804592205570e+00
1.391693322799789911e-01 1.899572722849075523e+00
1.405231083477211373e-01 1.898833101950319735e+00
1.418900533343016301e-01 1.898080383786069802e+00
1.432702953409830948e-01 1.897314610242188504e+00
1.446639637151387880e-01 1.896532218679696236e+00
1.460711890623745679e-01 1.895735852347831818e+00
1.474921032587684921e-01 1.894924386831010166e+00
1.489268394632288772e-01 1.894097228361486529e+00
1.503755321299738434e-01 1.893252980232843719e+00
1.518383170211306810e-01 1.892392661371901985e+00
1.533153312194593942e-01 1.891518405632222066e+00
1.548067131411984265e-01 1.890627479516934217e+00
1.563126025490369497e-01 1.889719952171940331e+00
1.578331405652117214e-01 1.888797000277073534e+00
1.593684696847328941e-01 1.887856803286392715e+00
1.609187337887370006e-01 1.886898308765691645e+00
1.624840781579713067e-01 1.885921353160815883e+00
1.640646494864078653e-01 1.884926016527754600e+00
1.656605958949914359e-01 1.883912257200367923e+00
1.672720669455196874e-01 1.882881195530018426e+00
1.688992136546599021e-01 1.881829585286707962e+00
1.705421885081006561e-01 1.880759599531261816e+00
1.722011454748421100e-01 1.879669008991817103e+00
1.738762400216251336e-01 1.878557951783701219e+00
1.755676291275001522e-01 1.877426203495910384e+00
1.772754712985387948e-01 1.876274592468123670e+00
1.789999265826875408e-01 1.875103035266254325e+00
1.807411565847668600e-01 1.873908386666404136e+00
1.824993244816152382e-01 1.872694016910444903e+00
1.842745950373816666e-01 1.871454763602594662e+00
1.860671346189656239e-01 1.870193239370315119e+00
1.878771112116086051e-01 1.868908565058568172e+00
1.897046944346358344e-01 1.867601864991192295e+00
1.915500555573527997e-01 1.866268803917616959e+00
1.934133675150944698e-01 1.864916327876819269e+00
1.952948049254327745e-01 1.863537842078255347e+00
1.971945441045395986e-01 1.862131473074111643e+00
1.991127630837108697e-01 1.860700281184894056e+00
2.010496416260497965e-01 1.859246524102410536e+00
2.030053612433137811e-01 1.857762298096419462e+00
2.049801052129238688e-01 1.856253492286976003e+00
2.069740585951406198e-01 1.854716101249614058e+00
2.089874082504071251e-01 1.853151107840246503e+00
2.110203428568595552e-01 1.851559780416367929e+00
2.130730529280097374e-01 1.849942168506912177e+00
2.151457308305980698e-01 1.848293980406433556e+00
2.172385708026215445e-01 1.846615780032118348e+00
2.193517689715359098e-01 1.844904739598892229e+00
2.214855233726360506e-01 1.843167485846164855e+00
2.236400339676138660e-01 1.841396179858867388e+00
2.258155026632983065e-01 1.839595258137368461e+00
2.280121333305757114e-01 1.837763126051000340e+00
2.302301318234963867e-01 1.835899715801631249e+00
2.324697059985647851e-01 1.834003449138683850e+00
2.347310657342196183e-01 1.832072448028747802e+00
2.370144229505012079e-01 1.830107761609158112e+00
2.393199916289123208e-01 1.828106403085465015e+00
2.416479878324700736e-01 1.826071938164531394e+00
2.439986297259550130e-01 1.824005163430127752e+00
2.463721375963552895e-01 1.821901109093809312e+00
2.487687338735107279e-01 1.819758975976392579e+00
2.511886431509580686e-01 1.817577852866594235e+00
2.536320922069775774e-01 1.815361567452290714e+00
2.560993100258459609e-01 1.813106601184968136e+00
2.585905278192945911e-01 1.810815911639701126e+00
2.611059790481781162e-01 1.808488534697261896e+00
2.636458994443517945e-01 1.806117337512031407e+00
2.662105270327638773e-01 1.803700492345894801e+00
2.688001021537606006e-01 1.801245439387117120e+00
2.714148674856106669e-01 1.798753927033159172e+00
2.740550680672460548e-01 1.796221264408306206e+00
2.767209513212268712e-01 1.793640438327581910e+00
2.794127670769268601e-01 1.791015216004503419e+00
2.821307675939472293e-01 1.788354625755057992e+00
2.848752075857552413e-01 1.785644427505659770e+00
2.876463442435557849e-01 1.782886514939725497e+00
2.904444372603925406e-01 1.780080342606303212e+00
2.932697488554852905e-01 1.777235538179188890e+00
2.961225437988035947e-01 1.774343791722292618e+00
2.990030894358785551e-01 1.771403492467778840e+00
3.019116557128577738e-01 1.768412609965719584e+00
3.048485152018017286e-01 1.765374572863680491e+00
3.078139431262288950e-01 1.762288017274730834e+00
3.108082173869063936e-01 1.759151576440664222e+00
3.138316185878944342e-01 1.755963201103832638e+00
3.168844300628416155e-01 1.752724894126682864e+00
3.199669379015380732e-01 1.749435146809358965e+00
3.230794309767249795e-01 1.746088552294000840e+00
3.262222009711669979e-01 1.742696376262319546e+00
3.293955424049855307e-01 1.739251309182716421e+00
3.325997526632606949e-01 1.735745585381532896e+00
3.358351320238990301e-01 1.732185806133706318e+00
3.391019836857747105e-01 1.728571340067315054e+00
3.424006137971423724e-01 1.724903515558696920e+00
3.457313314843284413e-01 1.721179355783584830e+00
3.490944488806992929e-01 1.717397960271853652e+00
3.524902811559130766e-01 1.713556251578511658e+00
3.559191465454557002e-01 1.709655701288000706e+00
3.593813663804627523e-01 1.705697689190310173e+00
3.628772651178337472e-01 1.701678984091568037e+00
3.664071703706370808e-01 1.697603938922906952e+00
3.699714129388128048e-01 1.693464302601307647e+00
3.735703268401719401e-01 1.689266870179493285e+00
3.772042493416999376e-01 1.685003857189027121e+00
3.808735209911614517e-01 1.680682038926523125e+00
3.845784856490158665e-01 1.676293205192743274e+00
3.883194905206404091e-01 1.671841483120622529e+00
3.920968861888690649e-01 1.667330017691357913e+00
3.959110266468458539e-01 1.662751501396085851e+00
3.997622693312000708e-01 1.658110300261715020e+00
4.036509751555413805e-01 1.653400352746220880e+00
4.075775085442840395e-01 1.648623492712569361e+00
4.115422374667966343e-01 1.643783816889880844e+00
4.155455334718875515e-01 1.638874815872100710e+00
4.195877717226225712e-01 1.633900922278362255e+00
4.236693310314835759e-01 1.628858151386912922e+00
4.277905938958687093e-01 1.623744740172859524e+00
4.319519465339363706e-01 1.618561487122728959e+00
4.361537789208005944e-01 1.613314730727487767e+00
4.403964848250754294e-01 1.607997666338696785e+00
4.446804618457780300e-01 1.602605846968703673e+00
4.490061114495874639e-01 1.597148753670770693e+00
4.533738390084691150e-01 1.591620040483535448e+00
4.577840538376618529e-01 1.586021169240241946e+00
4.622371692340384031e-01 1.580349841633404750e+00
4.667336025148346446e-01 1.574606258951709359e+00
4.712737750567601580e-01 1.568796846326802719e+00
4.758581123354846953e-01 1.562906044404188011e+00
4.804870439655131720e-01 1.556953404169730160e+00
4.851610037404442966e-01 1.550924787929610860e+00
4.898804296736250508e-01 1.544820261099157044e+00
4.946457640391963562e-01 1.538648278181430351e+00
4.994574534135413635e-01 1.532401091512101798e+00
5.043159487171361421e-01 1.526082559932119276e+00
5.092217052568053237e-01 1.519689222783817018e+00
5.141751827683928022e-01 1.513229610013192783e+00
5.191768454598426619e-01 1.506691768550205035e+00
5.242271620547044320e-01 1.500077994709505980e+00
5.293266058360561743e-01 1.493399056841116845e+00
5.344756546908600026e-01 1.486645028340388475e+00
5.396747911547442600e-01 1.479822153556386466e+00
5.449245024572260121e-01 1.472918060296098730e+00
5.502252805673685243e-01 1.465946651046279303e+00
5.555776222398878250e-01 1.458910679586877146e+00
5.609820290617031358e-01 1.451796968858009018e+00
5.664390074989449353e-01 1.444608258172338289e+00
5.719490689444144405e-01 1.437352982048691219e+00
5.775127297655114900e-01 1.430027691648271926e+00
5.831305113526221717e-01 1.422632460426447532e+00
5.888029401679826247e-01 1.415165119510856995e+00
5.945305477950136863e-01 1.407630504996761678e+00
6.003138709881384871e-01 1.400026011944334625e+00
6.061534517230839914e-01 1.392356582951040700e+00
6.120498372476699256e-01 1.384615140872651029e+00
6.180035801330957534e-01 1.376810154979902334e+00
6.240152383257209223e-01 1.368937244046056545e+00
6.300853751993553686e-01 1.360997946716177021e+00
6.362145596080520660e-01 1.352996251629233981e+00
6.424033659394193796e-01 1.344924970174939061e+00
6.486523741684461219e-01 1.336803157852015422e+00
6.549621699118558515e-01 1.328601747447643699e+00
6.613333444829840868e-01 1.320348823711150477e+00
6.677664949471955325e-01 1.312036010209572057e+00
6.742622241778342129e-01 1.303659759226188486e+00
6.808211409127237213e-01 1.295227279606396165e+00
6.874438598112112553e-01 1.286732472526573190e+00
6.941310015117725385e-01 1.278188286762367509e+00
7.008831926901714082e-01 1.269581963390824297e+00
7.077010661181889484e-01 1.260926154024158086e+00
7.145852607229240538e-01 1.252216059613749266e+00
7.215364216466665370e-01 1.243450862928042966e+00
7.285552003073593186e-01 1.234638651822276945e+00
7.356422544596413760e-01 1.225775988682121120e+00
7.427982482564918776e-01 1.216864703783251400e+00
7.500238523114668432e-01 1.207907133086153495e+00
7.573197437615483141e-01 1.198904967245083553e+00
7.646866063305975958e-01 1.189855097669253237e+00
7.721251303934327792e-01 1.180770542138648294e+00
7.796360130405233235e-01 1.171639266831570270e+00
7.872199581433195759e-01 1.162468430698975208e+00
7.948776764202123424e-01 1.153263985839834582e+00
8.026098855031396084e-01 1.144020128072381404e+00
8.104173100048355227e-01 1.134743470925475783e+00
8.183006815867394090e-01 1.125432257087370491e+00
8.262607390275591435e-01 1.116093095110375355e+00
8.342982282925082149e-01 1.106718095938284740e+00
8.424139026032094746e-01 1.097319718211345219e+00
8.506085225082840040e-01 1.087895477438103997e+00
8.588828559546254349e-01 1.078446657669465347e+00
8.672376783593644944e-01 1.068975557065183102e+00
8.756737726825394308e-01 1.059481343941480747e+00
8.841919295004664336e-01 1.049968980625696435e+00
8.927929470798307010e-01 1.040444515536367076e+00
9.014776314524917122e-01 1.030900356616449409e+00
9.102467964910225806e-01 1.021343129931272520e+00
9.191012639849772681e-01 1.011775091387919545e+00
9.280418637179072006e-01 1.002197222327136705e+00
9.370694335451198453e-01 9.926124761798550411e-01
9.461848194722002336e-01 9.830223014431750395e-01
9.553888757342895444e-01 9.734306343767274994e-01
9.646824648761427312e-01 9.638331822547777650e-01
9.740664578329562007e-01 9.542348216677360995e-01
9.835417340119908536e-01 9.446431238295019961e-01
9.931091813749796104e-01 9.350531187487186591e-01
1.002769696521346621e+00 9.254702486591469546e-01
1.012524184772224167e+00 9.158928860097137470e-01
1.022373560255302127e+00 9.063276156263899708e-01
1.032318745990486564e+00 8.967709972485167214e-01
1.042360673976402197e+00 8.872314789964055315e-01
1.052500285277732761e+00 8.777076063121775906e-01
1.062738530113414459e+00 8.681985238357212697e-01
1.073076367945679621e+00 8.587114173397965011e-01
1.083514767569973225e+00 8.492423422593123883e-01
1.094054707205742494e+00 8.397990455178397928e-01
1.104697174588111785e+00 8.303793971344918257e-01
1.115443167060441221e+00 8.209859940519284027e-01
1.126293691667795249e+00 8.116202640498020315e-01
1.137249765251314271e+00 8.022884879460797647e-01
1.148312414543511073e+00 7.929843659162576497e-01
1.159482676264482759e+00 7.837175057258816135e-01
1.170761597219069250e+00 7.744899627375001483e-01
1.182150234394952371e+00 7.652881989894340098e-01
1.193649655061713055e+00 7.561300745084189590e-01
1.205260936870842681e+00 7.470123477326364725e-01
1.216985167956738056e+00 7.379386502327925923e-01
1.228823447038673411e+00 7.289071841016994124e-01
1.240776883523764251e+00 7.199194816509379979e-01
1.252846597610937529e+00 7.109803441295367010e-01
1.265033720395903893e+00 7.020877120479878108e-01
1.277339393977160009e+00 6.932445088348667683e-01
1.289764771563017165e+00 6.844571764211296871e-01
1.302311017579677488e+00 6.757095541545944384e-01
1.314979307780347773e+00 6.670283396482494798e-01
1.327770829355430449e+00 6.583972930943794433e-01
1.340686781043774811e+00 6.498202314548142677e-01
1.353728373245021821e+00 6.413032271183303212e-01
1.366896828133026487e+00 6.328417368257619469e-01
1.380193379770397355e+00 6.244424808305714114e-01
1.393619274224142002e+00 6.161027817706740128e-01
1.407175769682446731e+00 6.078237088323362736e-01
1.420864136572576708e+00 5.996097200190591003e-01
1.434685657679937831e+00 5.914547334540952717e-01
1.448641628268290127e+00 5.833679371103180911e-01
1.462733356201129986e+00 5.753480399976664827e-01
1.476962162064259898e+00 5.673897809814009152e-01
1.491329379289537682e+00 5.595017779743060027e-01
1.505836354279841416e+00 5.516803384792685616e-01
1.520484446535244283e+00 5.439261975008328198e-01
1.535275028780422657e+00 5.362460791700768281e-01
1.550209487093291205e+00 5.286309687034522753e-01
1.565289221034902312e+00 5.210863495810752477e-01
1.580515643780601165e+00 5.136146917064120521e-01
1.595890182252465817e+00 5.062136772031385901e-01
1.611414277253019778e+00 4.988839252779696531e-01
1.627089383600260675e+00 4.916283404765692810e-01
1.642916970263993193e+00 4.844454288658793240e-01
1.658898520503498064e+00 4.773328307235201184e-01
1.675035532006524441e+00 4.702952612049833281e-01
1.691329517029648732e+00 4.633318572761914722e-01
1.707782002539993016e+00 4.564439559503589150e-01
1.724394530358320354e+00 4.496279184358346614e-01
1.741168657303530987e+00 4.428847742188255499e-01
1.758105955338547632e+00 4.362174565754234901e-01
1.775208011717636092e+00 4.296280994367349115e-01
1.792476429135148930e+00 4.231102578672412129e-01
1.809912825875727105e+00 4.166668170023777873e-01
1.827518835965944666e+00 4.102985411445794206e-01
1.845296109327445366e+00 4.040038064862584433e-01
1.863246311931559873e+00 3.977862985839427101e-01
1.881371125955437096e+00 3.916419366977475502e-01
1.899672249939675650e+00 3.855724041203056340e-01
1.918151398947507635e+00 3.795763141687555908e-01
1.936810304725519849e+00 3.736524398917705492e-01
1.955650715865949074e+00 3.678061555416172190e-01
1.974674397970537454e+00 3.620322501016514649e-01
1.993883133816001019e+00 3.563318903838119112e-01
2.013278723521096492e+00 3.507027258958860805e-01
2.032862984715323673e+00 3.451468590127779734e-01
2.052637752709252084e+00 3.396652529822661859e-01
2.072604880666519822e+00 3.342557502391665936e-01
2.092766239777499759e+00 3.289166238668097542e-01
2.113123719434652603e+00 3.236491662413853998e-01
2.133679227409597701e+00 3.184531193565055540e-01
2.154434690031884259e+00 3.133270187931894712e-01
2.175392052369522489e+00 3.082712017816529593e-01
2.196553278411258248e+00 3.032848446941240339e-01
2.217920351250634692e+00 2.983694551432635178e-01
2.239495273271823184e+00 2.935199539806181424e-01
2.261280066337279404e+00 2.887403183145049734e-01
2.283276771977218012e+00 2.840271684092764981e-01
2.305487451580938707e+00 2.793828444938949995e-01
2.327914186589993051e+00 2.748036751389665855e-01
2.350559078693253756e+00 2.702910717567916787e-01
2.373424250023866033e+00 2.658433230178440798e-01
2.396511843358130278e+00 2.614612786215710361e-01
2.419824022316292567e+00 2.571432683158899057e-01
2.443362971565319341e+00 2.528881082960918181e-01
2.467130897023623426e+00 2.486968559369507059e-01
2.491130026067788439e+00 2.445674642908021446e-01
2.515362607741312928e+00 2.404996200948719687e-01
2.539830912965362675e+00 2.364945664866930919e-01
2.564537234751594674e+00 2.325492737994416803e-01
2.589483888417040802e+00 2.286619465455232703e-01
2.614673211801092023e+00 2.248367922169072497e-01
2.640107565484572927e+00 2.210688475441493495e-01
2.665789333010967876e+00 2.173587317538006880e-01
2.691720921109787668e+00 2.137068556361077787e-01
2.717904759922122881e+00 2.101097871046311016e-01
2.744343303228365283e+00 2.065711634959070120e-01
2.771039028678170535e+00 2.030859388316428038e-01
2.797994438022641805e+00 1.996566772199055706e-01
2.825212057348790218e+00 1.962809405670322693e-01
2.852694437316245057e+00 1.929568582437921620e-01
2.880444153396297668e+00 1.896884333736936212e-01
2.908463806113254169e+00 1.864707201213705312e-01
2.936756021288137397e+00 1.833035385973704190e-01
2.965323450284773621e+00 1.801879129848511785e-01
2.994168770258243573e+00 1.771217410362344313e-01
3.023294684405779531e+00 1.741057456325006692e-01
3.052703922220086241e+00 1.711382562553079578e-01
3.082399239745143404e+00 1.682183335981095873e-01
3.112383419834465759e+00 1.653458056330812664e-01
3.142659272411905569e+00 1.625206004584402453e-01
3.173229634734976212e+00 1.597413506333334177e-01
3.204097371660752813e+00 1.570074169323640301e-01
3.235265375914330388e+00 1.543183663595291133e-01
3.266736568359921655e+00 1.516733830863103427e-01
3.298513898274578082e+00 1.490717752321864542e-01
3.330600343624588788e+00 1.465126409532380436e-01
3.362998911344535991e+00 1.439979104493940842e-01
3.395712637619100693e+00 1.415231707758923818e-01
3.428744588167585317e+00 1.390893052923965478e-01
3.462097858531227423e+00 1.366958850636096068e-01
3.495775574363275240e+00 1.343436631351169197e-01
3.529780891721914671e+00 1.320307636605953516e-01
3.564116997366032269e+00 1.297554815820617102e-01
3.598787109053855460e+00 1.275182917469161736e-01
3.633794475844513094e+00 1.253184903279380702e-01
3.669142378402494131e+00 1.231564541510623279e-01
3.704834129305105694e+00 1.210310072418426114e-01
3.740873073352900313e+00 1.189408884679127865e-01
3.777262587883141176e+00 1.168856722352548949e-01
3.814006083086284082e+00 1.148653660002600940e-01
3.851107002325572903e+00 1.128790600684614759e-01
3.888568822459721019e+00 1.109273659902120929e-01
3.926395054168756449e+00 1.090083171299507242e-01
3.964589242282997805e+00 1.071211775062857058e-01
4.003154966115265445e+00 1.052662670037632919e-01
4.042095839796306045e+00 1.034433354381321390e-01
4.081415512613501662e+00 1.016516740764218385e-01
4.121117669352832635e+00 9.989015703313837424e-02
4.161206030644208020e+00 9.815859537774462851e-02
4.201684353310133346e+00 9.645682777195709046e-02
4.242556430717777438e+00 9.478391784600188885e-02
4.283826093134470270e+00 9.313988950886516183e-02
4.325497208086633627e+00 9.152391972024456757e-02
4.367573680722233398e+00 8.993580699767661502e-02
4.410059454176736615e+00 8.837426093161891705e-02
4.452958509942654963e+00 8.684020620575041982e-02
4.496274868242640110e+00 8.533210944019944955e-02
4.540012588406244554e+00 8.384985734413295810e-02
4.584175769250333765e+00 8.239345239787160269e-02
4.628768549463215365e+00 8.096177948731564378e-02
4.673795107992464004e+00 7.955478366353906094e-02
4.719259664436561863e+00 7.817212172215155797e-02
4.765166479440326341e+00 7.681323235864431775e-02
4.811519855094205766e+00 7.547756738880034844e-02
4.858324135337417360e+00 7.416501619438575776e-02
4.905583706365050922e+00 7.287501101669001391e-02
4.953302997039108924e+00 7.160715734271808075e-02
5.001486479303548727e+00 7.036164530374514059e-02
5.050138668603383785e+00 6.913753460876261026e-02
5.099264124307808288e+00 6.793372672731894102e-02
5.148867450137498025e+00 6.675167015960807582e-02
5.198953294596024399e+00 6.558951616003523555e-02
5.249526351405507718e+00 6.444762794787614602e-02
5.300591359946452030e+00 6.332518427983792331e-02
5.352153105701904501e+00 6.222224391414419437e-02
5.404216420705915347e+00 6.113879194968653563e-02
5.456786183996381823e+00 6.007350621652177841e-02
5.509867322072253160e+00 5.902714496597061267e-02
5.563464809355226137e+00 5.799838113376973997e-02
5.617583668655908191e+00 5.698736361218664087e-02
5.672228971644543094e+00 5.599452780307457439e-02
5.727405839326266346e+00 5.501819218633695330e-02
5.783119442521027054e+00 5.405893751026410315e-02
5.839375002348160315e+00 5.311620084915730233e-02
5.896177790715694478e+00 5.218977248327107826e-02
5.953533130814370189e+00 5.127961687215244757e-02
6.011446397616513337e+00 5.038502559472361753e-02
6.069923018379741464e+00 4.950571271784259819e-02
6.128968473155564034e+00 4.864174252227070061e-02
6.188588295302960063e+00 4.779295210297750118e-02
6.248788072006894012e+00 4.695850291307793190e-02
6.309573444801936049e+00 4.613869481356400182e-02
6.370950110100935149e+00 4.533304724741597097e-02
6.432923819728876502e+00 4.454106627143068070e-02
6.495500381461869033e+00 4.376292784673511266e-02
6.558685659571435345e+00 4.299847204418971031e-02
6.622485575374063238e+00 4.224721862049973797e-02
6.686906107786136921e+00 4.150858551988021589e-02
6.751953293884205287e+00 4.078276274899143156e-02
6.817633229470763112e+00 4.006984719517859422e-02
6.883952069645496330e+00 3.936917658983709462e-02
6.950916029382126382e+00 3.868044938155939388e-02
7.018531384110795912e+00 3.800364009521539632e-02
7.086804470306189430e+00 3.733846718973492240e-02
7.155741686081340980e+00 3.668489000689714036e-02
7.225349491787214085e+00 3.604259250097650163e-02
7.295634410618154320e+00 3.541134083159484802e-02
7.366603029223159460e+00 3.479112006040304544e-02
7.438261998323163482e+00 3.418138506455988684e-02
7.510618033334286459e+00 3.358235883223216478e-02
7.583677914997190683e+00 3.299374233799556161e-02
7.657448490012479958e+00 3.241000583617587028e-02
7.731936671682362316e+00 3.184661363940130552e-02
7.807149440558499798e+00 3.128741489319555175e-02
7.883093845096216690e+00 3.073865105574166007e-02
7.959777002314985417e+00 3.019910119256591363e-02
8.037206098465421888e+00 2.966880723341202078e-02
8.115388389702712146e+00 2.914763795490775758e-02
8.194331202766655053e+00 2.863542971388290809e-02
8.274041935668218883e+00 2.813205134977106794e-02
8.354528058382872047e+00 2.763745872446568552e-02
8.435797113550611570e+00 2.715135077087390061e-02
8.517856717182803905e+00 2.667359510359720159e-02
8.600714559375941093e+00 2.620410109273155555e-02
8.684378405032257220e+00 2.574268752237800911e-02
8.768856094587436090e+00 2.528620648060308368e-02
8.854155544745349715e+00 2.484372358493222577e-02
8.940284749219998162e+00 2.440572456956442010e-02
9.027251779484577909e+00 2.397536667033763752e-02
9.115064785527916769e+00 2.355239160592413269e-02
9.203731996618220279e+00 2.313674565428222932e-02
9.293261722074316111e+00 2.272819942357797579e-02
9.383662352044273902e+00 2.232677958471876098e-02
9.474942358291729150e+00 2.193224056929004087e-02
9.567110294989774388e+00 2.154453211819474731e-02
9.660174799522645017e+00 2.116346638784585149e-02
9.754144593295098531e+00 2.078903093400770452e-02
9.849028482549766039e+00 2.042096529003463445e-02
9.944835359192397917e+00 2.005926657365601773e-02
1.004157420162519543e+01 1.970383887962488118e-02
1.013925407558815373e+01 1.935452649662701419e-02
1.023788413500867378e+01 1.901121075588398102e-02
1.033747362285940774e+01 1.867378352698767160e-02
1.043803187202444072e+01 1.834231572362718041e-02
1.053956830617394580e+01 1.801644693142963674e-02
1.064209244064724658e+01 1.769623940838845749e-02
1.074561388334458023e+01 1.738153643294858275e-02
1.085014233562746178e+01 1.707224098863728903e-02
1.095568759322787855e+01 1.676837667032129997e-02
1.106225954716621906e+01 1.646965742438570232e-02
1.116986818467823817e+01 1.617611964755582415e-02
1.127852359015096795e+01 1.588762795437598935e-02
1.138823594606782130e+01 1.560413414606932371e-02
1.149901553396274245e+01 1.532554987816217920e-02
1.161087273538378994e+01 1.505178424234160720e-02
1.172381803286598512e+01 1.478266952243750126e-02
1.183786201091373513e+01 1.451824402795114100e-02
1.195301535699265827e+01 1.425840367489487025e-02
1.206928886253119870e+01 1.400303391401878580e-02
1.218669342393191712e+01 1.375207798099220731e-02
1.230524004359261525e+01 1.350545595299736806e-02
1.242493983093746479e+01 1.326306484128979453e-02
1.254580400345803248e+01 1.302508061486019192e-02
1.266784388776455827e+01 1.279094862642272609e-02
1.279107092064739781e+01 1.256069263178252043e-02
1.291549665014884063e+01 1.233483751827416965e-02
1.304113273664525430e+01 1.211270757404157676e-02
1.316799095393986185e+01 1.189445246108439616e-02
1.329608319036608854e+01 1.167991123629219877e-02
1.342542144990170527e+01 1.146916495934177833e-02
1.355601785329368880e+01 1.126201651185462088e-02
1.368788463919415221e+01 1.105847771656751598e-02
1.382103416530724438e+01 1.085845670450606183e-02
1.395547890954729020e+01 1.066190063257927909e-02
1.409123147120805619e+01 1.046877337297574123e-02
1.422830457214353395e+01 1.027896755107413074e-02
1.436671105796013137e+01 1.009246417873534835e-02
1.450646389922046886e+01 9.909209540193340132e-03
1.464757619265895272e+01 9.729147782582863585e-03
1.479006116240903168e+01 9.552156076162589271e-03
1.493393216124253264e+01 9.378270935204085362e-03
1.507920267182097263e+01 9.207424920204692470e-03
1.522588630795911513e+01 9.038173107605566858e-03
1.537399681590069456e+01 8.874584632948262844e-03
1.552354807560667105e+01 8.712466941760933434e-03
1.567455410205595001e+01 8.553198123636886890e-03
1.582702904655883280e+01 8.396701674568584489e-03
1.598098719808309376e+01 8.242917374054440846e-03
1.613644298459311699e+01 8.091839144149558585e-03
1.629341097440194730e+01 7.943365015961639103e-03
1.645190587753662470e+01 7.797501559719585001e-03
1.661194254711659113e+01 7.654190759627657603e-03
1.677353598074571295e+01 7.513367353092704343e-03
1.693670132191772026e+01 7.375019190867220485e-03
1.710145386143542012e+01 7.239078983963851723e-03
1.726780903884355922e+01 7.105532611870604871e-03
1.743578244387577669e+01 6.974310944604485835e-03
1.760538981791556523e+01 6.845372628698281545e-03
1.777664705547142532e+01 6.718717551380203566e-03
1.794957020566648254e+01 6.594270825979233960e-03
1.812417547374237614e+01 6.472008471692416477e-03
1.830047922257800863e+01 6.351915869977076134e-03
1.847849797422290763e+01 6.233902058235717830e-03
1.865824841144566193e+01 6.118035758798474541e-03
1.883974737929719367e+01 6.003913546937965015e-03
1.902301188668945642e+01 5.892196144648421431e-03
1.920805910798935301e+01 5.782273639872470214e-03
1.939490638462828542e+01 5.674282173005845871e-03
1.958357122672716955e+01 5.568233042705837688e-03
1.977407131473744428e+01 5.464012504063574596e-03
1.996642450109793288e+01 5.361669832879900795e-03
2.016064881190793656e+01 5.261099057922905171e-03
2.035676244861640072e+01 5.162309014580619172e-03
2.055478378972772546e+01 5.065288824514430077e-03
2.075473139252405730e+01 4.969976988232678930e-03
2.095662399480432825e+01 4.876348510970249586e-03
2.116048051664034446e+01 4.784388447686624413e-03
2.136632006214970403e+01 4.693839914773344744e-03
2.157416192128621546e+01 4.605337489317932673e-03
2.178402557164756459e+01 4.518166597081772588e-03
2.199593068030074861e+01 4.432570856950225451e-03
2.220989710562497521e+01 4.348495473758939162e-03
2.242594489917278011e+01 4.265908508297594666e-03
2.264409430754907504e+01 4.184795081727781495e-03
2.286436577430861306e+01 4.105075115791716189e-03
2.308677994187169702e+01 4.026804425189938960e-03
2.331135765345874944e+01 3.950044751184591738e-03
2.353811995504354471e+01 3.874607286449233655e-03
2.376708809732560823e+01 3.800474935073855452e-03
2.399828353772154799e+01 3.727688416596426028e-03
2.423172794237600769e+01 3.656202740170132106e-03
2.446744318819203201e+01 3.586002498341435418e-03
2.470545136488123816e+01 3.517064830230362191e-03
2.494577477703398571e+01 3.449364875527620791e-03
2.518843594620949489e+01 3.382871046443048594e-03
2.543345761304651020e+01 3.317602070028240376e-03
2.568086273939435316e+01 3.253490582705501847e-03
2.593067451046487548e+01 3.190537373362290971e-03
2.618291633700505372e+01 3.128725306474175634e-03
2.643761185749101372e+01 3.068028543519690614e-03
2.669478494034320804e+01 3.008471914897022266e-03
2.695445968616333587e+01 2.949920565500238623e-03
2.721666042999271795e+01 2.892425575855977603e-03
2.748141174359293259e+01 2.836040188578253449e-03
2.774873843774846804e+01 2.780650497436476087e-03
2.801866556459195223e+01 2.726285319512990451e-03
2.829121841995168651e+01 2.672875367713156269e-03
2.856642254572233952e+01 2.620458604597016971e-03
2.884430373225852051e+01 2.568996829758861487e-03
2.912488802079168337e+01 2.518455489659000152e-03
2.940820170587063842e+01 2.468870920979863732e-03
2.969427133782552986e+01 2.420169544851994911e-03
2.998312372525609959e+01 2.372375428064862988e-03
3.027478593754393543e+01 2.325455865076365286e-03
3.056928530738937155e+01 2.279386120829868245e-03
3.086664943337274636e+01 2.234163822659753201e-03
3.116690618254088463e+01 2.189781041630990341e-03
3.147008369301855879e+01 2.146204488055120704e-03
3.177621037664554038e+01 2.103453564942834187e-03
3.208531492163897525e+01 2.061474360056990505e-03
3.239742629528198847e+01 2.020274239229969890e-03
3.271257374663825601e+01 1.979835383267635179e-03
3.303078680929315425e+01 1.940158665756708863e-03
3.335209530412127066e+01 1.901188270375139431e-03
3.367652934208116022e+01 1.862958476152445442e-03
3.400411932703705986e+01 1.825446551589829033e-03
3.433489595860830690e+01 1.788622242505069973e-03
3.466889023504609213e+01 1.752484686494583735e-03
3.500613345613854221e+01 1.717022078550305489e-03
3.534665722614391115e+01 1.682223881789938645e-03
3.569049345675229290e+01 1.648034065912878498e-03
3.603767437007633134e+01 1.614556854202304007e-03
3.638823250167062184e+01 1.581672446751663554e-03
3.674220070358090595e+01 1.549410268485536734e-03
3.709961214742267543e+01 1.517743182055760875e-03
3.746050032748993175e+01 1.486678495621338416e-03
3.782489906389385936e+01 1.456199612950215359e-03
3.819284250573236505e+01 1.426294445187820462e-03
3.856436513429023449e+01 1.396943393218789443e-03
3.893950176627063087e+01 1.368159630462005604e-03
3.931828755705770106e+01 1.339915833041633621e-03
3.970075800401124155e+01 1.312206752549052377e-03
4.008694894979318946e+01 1.285018431083379681e-03
4.047689658572676308e+01 1.258352062569744866e-03
4.087063745518780422e+01 1.232204200322244451e-03
4.126820845702955864e+01 1.206532431050791158e-03
4.166964684904057492e+01 1.181361090158091409e-03
4.207499025143619065e+01 1.156667601935434334e-03
4.248427665038425260e+01 1.132445050488999636e-03
4.289754440156466586e+01 1.108685529554175779e-03
4.331483223376402947e+01 1.085378776562005796e-03
4.373617925250492533e+01 1.062535323148120761e-03
4.416162494371084790e+01 1.040099827782335357e-03
4.459120917740628443e+01 1.018129683044437630e-03
4.502497221145327444e+01 9.965683991287259229e-04
4.546295469532399380e+01 9.754213688794146145e-04
4.590519767391037220e+01 9.546871200072256898e-04
4.635174259137027519e+01 9.343464501840066791e-04
4.680263129501155817e+01 9.144026494501320511e-04
4.725790603921362276e+01 8.948467758409575906e-04
4.771760948938745628e+01 8.756709844595236087e-04
4.818178472597362827e+01 8.568646102418019019e-04
4.865047524847972937e+01 8.384263043368833570e-04
4.912372497955678341e+01 8.203465026885139793e-04
4.960157826911540724e+01 8.026193186870197744e-04
5.008407989848212338e+01 7.852425292044330025e-04
5.057127508459573306e+01 7.681990131385295524e-04
5.106320948424492911e+01 7.514942708042940400e-04
5.155992919834686461e+01 7.351215872355014750e-04
5.206148077626762216e+01 7.190607083002789873e-04
5.256791122018424289e+01 7.033205054672917291e-04
5.307926798948964375e+01 6.878910285782289125e-04
5.359559900524011766e+01 6.727636683084171204e-04
5.411695265464637572e+01 6.579373366819084128e-04
5.464337779560780461e+01 6.434075167975310131e-04
5.517492376129128928e+01 6.291600611867121913e-04
5.571164036475430237e+01 6.151942315769130332e-04
5.625357790361330501e+01 6.015047845061705220e-04
5.680078716475694733e+01 5.880891059810077967e-04
5.735331942910571712e+01 5.749462982699655913e-04
5.791122647641758192e+01 5.620627353935471644e-04
5.847456059014062646e+01 5.494327267680633540e-04
5.904337456231242243e+01 5.370597231761467831e-04
5.961772169850755887e+01 5.249317491491983702e-04
6.019765582283304184e+01 5.130458271839569151e-04
6.078323128297230227e+01 5.013995767860328096e-04
6.137450295527852973e+01 4.899911399540833211e-04
6.197152624991698389e+01 4.788076327276566575e-04
6.257435711605789663e+01 4.678545831498046731e-04
6.318305204711957401e+01 4.571157402314572561e-04
6.379766808606282069e+01 4.466000860168415037e-04
6.441826283073628190e+01 4.362883695571394011e-04
6.504489443927437264e+01 4.261977952469024134e-04
6.567762163554736787e+01 4.163047023580190116e-04
6.631650371466487570e+01 4.066122990994017563e-04
6.696160054853221766e+01 3.971233543951621279e-04
6.761297259146149941e+01 3.878254026540861338e-04
6.827068088583682481e+01 3.786982829781177840e-04
6.893478706783510290e+01 3.697865764401281471e-04
6.960535337320180815e+01 3.610443305227830605e-04
7.028244264308352740e+01 3.524823052654781422e-04
7.096611832991698066e+01 3.440951365594059727e-04
7.165644450337531168e+01 3.358780137202338370e-04
7.235348585637258623e+01 3.278312775649460157e-04
7.305730771112592947e+01 3.199513320173490659e-04
7.376797602527737752e+01 3.122317236263658590e-04
7.448555739807494547e+01 3.046714121226170224e-04
7.521011907661404905e+01 2.972699756323934125e-04
7.594172896213913759e+01 2.900171464364930838e-04
7.668045561640717267e+01 2.829167740940011114e-04
7.742636826811269657e+01 2.759646946159467003e-04
7.817953681937576960e+01 2.691537447773063450e-04
7.894003185229233566e+01 2.624868020639029042e-04
7.970792463554894880e+01 2.559559860796332422e-04
8.048328713110151966e+01 2.495610185374337727e-04
8.126619200091946027e+01 2.433028383464156535e-04
8.205671261379453085e+01 2.371739168039627176e-04
8.285492305221690401e+01 2.311683058739582891e-04
8.366089811931756515e+01 2.252893902707143363e-04
8.447471334587828551e+01 2.195352101787764331e-04
8.529644499741024788e+01 2.138994813094856275e-04
8.612617008130067120e+01 2.083857926931221389e-04
8.696396635402970787e+01 2.029830363114043545e-04
8.780991232845718741e+01 1.976947260847732469e-04
8.866408728118061333e+01 1.925165709838733261e-04
8.952657125996400111e+01 1.874473013138010138e-04
9.039744509123974581e+01 1.824836214768506347e-04
9.127679038768296493e+01 1.776236514160689170e-04
9.216468955586012157e+01 1.728673283605192460e-04
9.306122580395103228e+01 1.682083472540173835e-04
9.396648314954700254e+01 1.636499553252478145e-04
9.488054642752423717e+01 1.591842769057293973e-04
9.580350129799435877e+01 1.548139155386753186e-04
9.673543425433136633e+01 1.505330184579168663e-04
9.767643263127766318e+01 1.463433838513868786e-04
9.862658461312820180e+01 1.422391631734598832e-04
9.958597924199507645e+01 1.382226106522912578e-04
1.005547064261513555e+02 1.342887355382099148e-04
1.015328569484565975e+02 1.304368546636723494e-04
1.025205224748657002e+02 1.266650663576555978e-04
1.035177955630176285e+02 1.229722220011937150e-04
1.045247696709102172e+02 1.193547497084784266e-04
1.055415391656582784e+02 1.158125718528055416e-04
1.065681993323370733e+02 1.123435195125929297e-04
1.076048463829117878e+02 1.089470643170159725e-04
1.086515774652539505e+02 1.056167684591628666e-04
1.097084906722451905e+02 1.023577981752313764e-04
1.107756850509708642e+02 9.915839298445601371e-05
1.118532606120007102e+02 9.603043455478209203e-05
1.129413183387621018e+02 9.296217552399068231e-05
1.140399601970033103e+02 8.995542964919027798e-05
1.151492891443491402e+02 8.700858466237468454e-05
1.162694091399494027e+02 8.411843609223773003e-05
1.174004251542213098e+02 8.128493134528248765e-05
1.185424431786863977e+02 7.850666418176471871e-05
1.196955702359042846e+02 7.578139910621671505e-05
1.208599143895007444e+02 7.310630029307138892e-05
1.220355847542956980e+02 7.048026668443311161e-05
1.232226915065284345e+02 6.790233753802320867e-05
1.244213458941827213e+02 6.537012962839835344e-05
1.256316602474121424e+02 6.288289230363228080e-05
1.268537479890670454e+02 6.043665849175567929e-05
1.280877236453237629e+02 5.803106322320106193e-05
1.293337028564169486e+02 5.566377523403772293e-05
1.305918023874777987e+02 5.333279233983555798e-05
1.318621401394748602e+02 5.103509688641071383e-05
1.331448351602640230e+02 4.876898112136688018e-05
1.344400076557447221e+02 4.653136168214439737e-05
1.357477790011246839e+02 4.432003717872180082e-05
1.370682717522946348e+02 4.213119680891942904e-05
1.384016096573132870e+02 3.996134490043302820e-05
1.397479176680040780e+02 3.780647574259558353e-05
1.411073219516657957e+02 3.566209367732782898e-05
1.424799499028946457e+02 3.352233017049376432e-05
1.438659301555238414e+02 3.138064922081738607e-05
1.452653925946781328e+02 2.922866831178343530e-05
1.466784683689457722e+02 2.705568627342549903e-05
1.481052899026690000e+02 2.484796549422723896e-05
1.495459909083537866e+02 2.258642929740736286e-05
1.510007063992007659e+02 2.024365706377746066e-05
1.524695727017573006e+02 1.777738194812823866e-05
1.539527274686944622e+02 1.511591254064009321e-05
1.554503096917050300e+02 1.211786694136707940e-05
1.569624597145302403e+02 8.412970657799774790e-06
1.584893192461114211e+02 0.000000000000000000e+00
