1.000000000000000021e-02 1.397134158972527906e+00
1.009727545900835841e-02 1.397129198137922801e+00
1.019549716950923779e-02 1.397124151454829155e+00
1.029467433620748044e-02 1.397118987606083662e+00
1.039481625334708927e-02 1.397114314487844844e+00
1.049593230558227772e-02 1.397109356308543271e+00
1.059803196885688789e-02 1.397103887745056117e+00
1.070112481129246833e-02 1.397098454520698363e+00
1.080522049408488318e-02 1.397093114058137742e+00
1.091032877240974419e-02 1.397087477905591069e+00
1.101645949633656314e-02 1.397081043231955366e+00
1.112362261175187626e-02 1.397075067062214737e+00
1.123182816129126085e-02 1.397068976157122000e+00
1.134108628528052165e-02 1.397062752280918252e+00
1.145140722268592030e-02 1.397056364556378716e+00
1.156280131207376022e-02 1.397049884738112313e+00
1.167527899257919492e-02 1.397043428847739133e+00
1.178885080488457221e-02 1.397036726885427127e+00
1.190352739220719262e-02 1.397029883018931828e+00
1.201931950129673729e-02 1.397022560339298503e+00
1.213623798344241195e-02 1.397015554239623425e+00
1.225429379548980714e-02 1.397008545988715600e+00
1.237349800086776086e-02 1.397001333642305942e+00
1.249386177062509519e-02 1.396993940067599027e+00
1.261539638447754796e-02 1.396986366980465410e+00
1.273811323186478488e-02 1.396978630851864356e+00
1.286202381301779218e-02 1.396971054343101981e+00
1.298713974003655978e-02 1.396962954221104170e+00
1.311347273797833224e-02 1.396954693313367413e+00
1.324103464595636874e-02 1.396946249904038373e+00
1.336983741824946531e-02 1.396937151602718252e+00
1.349989312542219239e-02 1.396928163857060978e+00
1.363121395545611320e-02 1.396919086137977439e+00
1.376381221489191876e-02 1.396910673433162886e+00
1.389770032998276401e-02 1.396900972546184283e+00
1.403289084785873213e-02 1.396891378988080579e+00
1.416939643770268736e-02 1.396880519178800295e+00
1.430722989193757184e-02 1.396870479271616894e+00
1.444640412742520530e-02 1.396861465688547188e+00
1.458693218667675602e-02 1.396849814744733020e+00
1.472882723907502529e-02 1.396839445906606914e+00
1.487210258210860774e-02 1.396828357598863590e+00
1.501677164261799868e-02 1.396817678352385572e+00
1.516284797805393485e-02 1.396806481430309388e+00
1.531034527774784160e-02 1.396795038383736642e+00
1.545927736419477720e-02 1.396783351368042547e+00
1.560965819434872483e-02 1.396771559168052512e+00
1.576150186093060873e-02 1.396758799955468699e+00
1.591482259374891323e-02 1.396747186175080424e+00
1.606963476103326349e-02 1.396734516749612354e+00
1.622595287078087284e-02 1.396721726345747427e+00
1.638379157211618947e-02 1.396708623068369626e+00
1.654316565666366645e-02 1.396695236686785302e+00
1.670409005993399310e-02 1.396680589557348640e+00
1.686657986272368723e-02 1.396666559879284231e+00
1.703065029252844378e-02 1.396652444098237078e+00
1.719631672497009753e-02 1.396636974152078325e+00
1.736359468523754335e-02 1.396622298532228967e+00
1.753249984954170088e-02 1.396608753792145885e+00
1.770304804658450262e-02 1.396593650922813845e+00
1.787525525904235316e-02 1.396578203962331788e+00
1.804913762506383731e-02 1.396560979317384099e+00
1.822471143978214581e-02 1.396544952078691448e+00
1.840199315684210371e-02 1.396528703903702873e+00
1.858099938994215231e-02 1.396513076173199197e+00
1.876174691439120440e-02 1.396495633656771318e+00
1.894425266868081034e-02 1.396479413976400963e+00
1.912853375607242307e-02 1.396460229841421929e+00
1.931460744620030340e-02 1.396442017416434256e+00
1.950249117668984011e-02 1.396423384261927136e+00
1.969220255479172538e-02 1.396404828097148831e+00
1.988375935903200636e-02 1.396385478712365291e+00
2.007717954087816226e-02 1.396365756760963750e+00
2.027248122642137662e-02 1.396345613947796771e+00
2.046968271807520987e-02 1.396325075982133068e+00
2.066880249629082095e-02 1.396305106369761573e+00
2.086985922128879734e-02 1.396283938124536439e+00
2.107287173480786382e-02 1.396262313367360175e+00
2.127785906187062287e-02 1.396240894380336384e+00
2.148484041256648255e-02 1.396217682507173929e+00
2.169383518385184506e-02 1.396194262791194740e+00
2.190486296136792688e-02 1.396170884866194450e+00
2.211794352127614133e-02 1.396147126487025769e+00
2.233309683211144592e-02 1.396122251109421786e+00
2.255034305665360936e-02 1.396097451447488202e+00
2.276970255381680075e-02 1.396072184688140094e+00
2.299119588055741764e-02 1.396046438118086153e+00
2.321484379380064564e-02 1.396020333164710081e+00
2.344066725238556220e-02 1.395993430077016484e+00
2.366868741902936057e-02 1.395965997126488833e+00
2.389892566231050300e-02 1.395937970133428907e+00
2.413140355867127856e-02 1.395910185456358255e+00
2.436614289443983158e-02 1.395880458430304394e+00
2.460316566787181664e-02 1.395850787658566405e+00
2.484249409121190577e-02 1.395820509997424130e+00
2.508415059277539771e-02 1.395789746288576438e+00
2.532815781905008515e-02 1.395759668831629385e+00
2.557453863681850847e-02 1.395727429214901116e+00
2.582331613530085626e-02 1.395694812000607854e+00
2.607451362831877603e-02 1.395661508607085155e+00
2.632815465648021339e-02 1.395627437228047940e+00
2.658426298938541474e-02 1.395592496070072963e+00
2.684286262785454819e-02 1.395569685137101557e+00
2.710397780617682106e-02 1.395521885936965578e+00
2.736763299438163891e-02 1.395485085152871285e+00
2.763385290053169824e-02 1.395447673210520767e+00
2.790266247303856487e-02 1.395409544307308902e+00
2.817408690300057458e-02 1.395368453049268043e+00
2.844815162656363222e-02 1.395331054739135546e+00
2.872488232730495070e-02 1.395290894357385625e+00
2.900430493863991738e-02 1.395249926490769177e+00
2.928644564625237229e-02 1.395208289905953469e+00
2.957133089054861039e-02 1.395165587410285513e+00
2.985898736913520854e-02 1.395122097041866294e+00
3.014944203932094433e-02 1.395077049444671369e+00
3.044272212064302874e-02 1.395033528330371198e+00
3.073885509741795460e-02 1.394990965171746256e+00
3.103786872131722788e-02 1.394940595823302321e+00
3.133979101396793671e-02 1.394891658204971963e+00
3.164465026957891114e-02 1.394844991538598977e+00
3.195247505759213347e-02 1.394793917861666399e+00
3.226329422536015901e-02 1.394741746781688940e+00
3.257713690084949876e-02 1.394690466891672198e+00
3.289403249537032475e-02 1.394637802601436105e+00
3.321401070633261954e-02 1.394584078752796996e+00
3.353710152002930406e-02 1.394529323680002708e+00
3.386333521444636480e-02 1.394473673003645997e+00
3.419274236210027851e-02 1.394416697350485679e+00
3.452535383290306070e-02 1.394358579937457376e+00
3.486120079705520153e-02 1.394298413502251366e+00
3.520031472796678745e-02 1.394238088944131038e+00
3.554272740520694751e-02 1.394198318434638706e+00
3.588847091748199186e-02 1.394113577260026382e+00
3.623757766564258964e-02 1.394049900796765717e+00
3.659008036572020811e-02 1.393984284603759560e+00
3.694601205199302130e-02 1.393918225405441635e+00
3.730540608008161424e-02 1.393849179199019517e+00
3.766829613007490613e-02 1.393779723788332037e+00
3.803471620968648659e-02 1.393709015030105913e+00
3.840470065744145539e-02 1.393636872297994600e+00
3.877828414589457040e-02 1.393564197395922966e+00
3.915550168487941241e-02 1.393489147874597434e+00
3.953638862478930927e-02 1.393412575052060287e+00
3.992098065989020672e-02 1.393335537197732510e+00
4.030931383166566628e-02 1.393255480999788798e+00
4.070142453219438572e-02 1.393174672978656492e+00
4.109734950756069316e-02 1.393092516238235046e+00
4.149712586129815362e-02 1.393009019257275716e+00
4.190079105786669034e-02 1.392923518832977603e+00
4.230838292616342228e-02 1.392836616807230588e+00
4.271993966306778662e-02 1.392747488027724856e+00
4.313549983702118923e-02 1.392657163116367114e+00
4.355510239164130798e-02 1.392564607233584661e+00
4.397878664937160398e-02 1.392467981473030081e+00
4.440659231516640160e-02 1.392374183623775519e+00
4.483855948021186338e-02 1.392275776254412900e+00
4.527472862568297785e-02 1.392176039185226921e+00
4.571514062653719151e-02 1.392074356690367720e+00
4.615983675534499064e-02 1.391969951936520511e+00
4.660885868615767536e-02 1.391864405465074617e+00
4.706224849841281199e-02 1.391756855920456726e+00
4.752004868087766204e-02 1.391646602041485714e+00
4.798230213563085128e-02 1.391535280091577897e+00
4.844905218208294534e-02 1.391420672042770645e+00
4.892034256103611894e-02 1.391303680014991828e+00
4.939621743878321036e-02 1.391184149418384752e+00
4.987672141124663283e-02 1.391062740620736760e+00
5.036189950815770505e-02 1.390939627379569554e+00
5.085179719727656034e-02 1.390813366823367092e+00
5.134646038865306461e-02 1.390684891456392736e+00
5.184593543892913187e-02 1.390554234082664209e+00
5.235026915568305461e-02 1.390421094209020492e+00
5.285950880181603667e-02 1.390285198730150551e+00
5.337370209998133774e-02 1.390147956572806764e+00
5.389289723705643909e-02 1.390007553312495148e+00
5.441714286865893119e-02 1.389862610215186312e+00
5.494648812370611646e-02 1.389716236708881780e+00
5.548098260901916656e-02 1.389567135756650362e+00
5.602067641397187603e-02 1.389414538028213020e+00
5.656562011518465050e-02 1.389259025233023026e+00
5.711586478126431943e-02 1.389100200375079863e+00
5.767146197758996756e-02 1.388938534290472537e+00
5.823246377114527778e-02 1.388774224693142489e+00
5.879892273539785025e-02 1.388605535839012584e+00
5.937089195522609469e-02 1.388435251518890912e+00
5.994842503189409116e-02 1.388260482933292073e+00
6.053157608807464840e-02 1.388081310993997786e+00
6.112039977292132997e-02 1.387899406940973135e+00
6.171495126718981594e-02 1.387715126767753659e+00
6.231528628840921763e-02 1.387526424906341704e+00
6.292146109610344262e-02 1.387335236088001800e+00
6.353353249706343575e-02 1.387140466044122444e+00
6.415155785067082339e-02 1.386940582548792156e+00
6.477559507427335661e-02 1.386737910967556164e+00
6.540570264861225724e-02 1.386530050834636763e+00
6.604193962330305590e-02 1.386319422988547601e+00
6.668436562236895737e-02 1.386104375148977885e+00
6.733304084982863480e-02 1.385885646459557252e+00
6.798802609533814711e-02 1.385661649926829053e+00
6.864938273988777095e-02 1.385433102761463031e+00
6.931717276155408003e-02 1.385200136019469896e+00
6.999145874130821565e-02 1.384962615265250330e+00
7.067230386888070925e-02 1.384720613632753672e+00
7.135977194868306506e-02 1.384474417036295923e+00
7.205392740578704658e-02 1.384222570746890035e+00
7.275483529196229149e-02 1.383966906667741803e+00
7.346256129177256011e-02 1.383706058730814981e+00
7.417717172873124210e-02 1.383440068860055217e+00
7.489873357151664857e-02 1.383169535592225774e+00
7.562731444024800576e-02 1.382895389862509372e+00
7.636298261282241373e-02 1.382613770087925520e+00
7.710580703131336699e-02 1.382327453033210807e+00
7.785585730843146146e-02 1.382035032211140546e+00
7.861320373404813433e-02 1.381737092751949003e+00
7.937791728178281159e-02 1.381433647199086456e+00
8.015006961565404597e-02 1.381124248957163125e+00
8.092973309679550586e-02 1.380809530732472590e+00
8.171698079023696770e-02 1.380487649448262077e+00
8.251188647175167201e-02 1.380159951958494835e+00
8.331452463477014014e-02 1.379825309711850245e+00
8.412497049736118726e-02 1.379489064969754430e+00
8.494330000928071445e-02 1.379139201508962742e+00
8.576958985908941790e-02 1.378784330010532910e+00
8.660391748133952627e-02 1.378424670020202303e+00
8.744636106383144036e-02 1.378057854327428000e+00
8.829699955494091368e-02 1.377683863960809552e+00
8.915591267101763417e-02 1.377302692373467696e+00
9.002318090385581784e-02 1.376914952248184276e+00
9.089888552823731371e-02 1.376519229224362650e+00
9.178310860954806694e-02 1.376114914596018535e+00
9.267593301146882789e-02 1.375703272110987863e+00
9.357744240374062106e-02 1.375283496619206680e+00
9.448772127000577836e-02 1.374854907910343149e+00
9.540685491572513388e-02 1.374420723855364290e+00
9.633492947617222635e-02 1.373977722974002669e+00
9.727203192450542546e-02 1.373526431020588356e+00
9.821825007991856482e-02 1.373082137154104876e+00
9.917367261587073379e-02 1.372602635592276910e+00
1.001383890683960748e-01 1.372117565499713088e+00
1.011124898444945991e-01 1.371630135104805470e+00
1.020960662306047012e-01 1.371133506629210297e+00
1.030892104011576216e-01 1.370627849687082067e+00
1.040920154272158005e-01 1.370123698055799144e+00
1.051045752851944987e-01 1.369598661581604038e+00
1.061269848656690717e-01 1.369051299809266320e+00
1.071593399822671072e-01 1.368528595771081990e+00
1.082017373806478805e-01 1.367985911537968668e+00
1.092542747475682557e-01 1.367409902328377447e+00
1.103170507200377515e-01 1.366807430908600463e+00
1.113901648945616746e-01 1.366218792840015128e+00
1.124737178364751955e-01 1.365618913195578266e+00
1.135678110893671017e-01 1.365011845088613951e+00
1.146725471845963656e-01 1.364387838610090720e+00
1.157880296509002094e-01 1.363754346910644122e+00
1.169143630240966764e-01 1.363121651483353736e+00
1.180516528568804902e-01 1.362455638823757198e+00
1.192000057287153220e-01 1.361787182006086061e+00
1.203595292558212876e-01 1.361103653325993479e+00
1.215303321012602134e-01 1.360403541989217313e+00
1.227125239851190319e-01 1.359696312111622563e+00
1.239062156947916271e-01 1.358974006594026784e+00
1.251115190953615564e-01 1.358238763496592227e+00
1.263285471400849291e-01 1.357488666558201551e+00
1.275574138809759950e-01 1.356725595526239836e+00
1.287982344794950385e-01 1.355948457326226819e+00
1.300511252173409127e-01 1.355166888253486857e+00
1.313162035073478784e-01 1.354352750037977948e+00
1.325935879044890797e-01 1.353556575463935818e+00
1.338833981169864351e-01 1.352694504509099449e+00
1.351857550175293021e-01 1.351878018213349852e+00
1.365007806546013891e-01 1.350974535509120056e+00
1.378285982639189389e-01 1.350091647180325927e+00
1.391693322799789911e-01 1.349190247367397344e+00
1.405231083477211373e-01 1.348273237472298769e+00
1.418900533343016301e-01 1.347340773855594920e+00
1.432702953409830948e-01 1.346387853565992110e+00
1.446639637151387880e-01 1.345419491754306307e+00
1.460711890623745679e-01 1.344432428870395269e+00
1.474921032587684921e-01 1.343426902471859252e+00
1.489268394632288772e-01 1.342404412126036561e+00
1.503755321299738434e-01 1.341363037086026555e+00
1.518383170211306810e-01 1.340301381047638740e+00
1.533153312194593942e-01 1.339221241132942053e+00
1.548067131411984265e-01 1.338121250952692742e+00
1.563126025490369497e-01 1.337001111148366173e+00
1.578331405652117214e-01 1.335864690884505768e+00
1.593684696847328941e-01 1.334699624264521711e+00
1.609187337887370006e-01 1.333516767383934765e+00
1.624840781579713067e-01 1.332313239369798730e+00
1.640646494864078653e-01 1.331086419512208963e+00
1.656605958949914359e-01 1.329839777556319991e+00
1.672720669455196874e-01 1.328569460788673107e+00
1.688992136546599021e-01 1.327275739610107586e+00
1.705421885081006561e-01 1.325956271289469246e+00
1.722011454748421100e-01 1.324617326586037036e+00
1.738762400216251336e-01 1.323253186821905736e+00
1.755676291275001522e-01 1.321864491243330830e+00
1.772754712985387948e-01 1.320449743724780411e+00
1.789999265826875408e-01 1.319011502712965855e+00
1.807411565847668600e-01 1.317548041718391127e+00
1.824993244816152382e-01 1.316056519038850681e+00
1.842745950373816666e-01 1.314538828846949281e+00
1.860671346189656239e-01 1.312996129496276421e+00
1.878771112116086051e-01 1.311424426422883815e+00
1.897046944346358344e-01 1.309824784602826808e+00
1.915500555573527997e-01 1.308197507593674924e+00
1.934133675150944698e-01 1.306540948511515143e+00
1.952948049254327745e-01 1.304855179913900098e+00
1.971945441045395986e-01 1.303142370917694359e+00
1.991127630837108697e-01 1.301430097836683508e+00
2.010496416260497965e-01 1.299622077256341379e+00
2.030053612433137811e-01 1.297816150619321096e+00
2.049801052129238688e-01 1.295981456814765398e+00
2.069740585951406198e-01 1.294111796644225043e+00
2.089874082504071251e-01 1.292212228977204447e+00
2.110203428568595552e-01 1.290275792204230942e+00
2.130730529280097374e-01 1.288308259133844613e+00
2.151457308305980698e-01 1.286307290967489081e+00
2.172385708026215445e-01 1.284272431649653878e+00
2.193517689715359098e-01 1.282203095256988945e+00
2.214855233726360506e-01 1.280098360093832710e+00
2.236400339676138660e-01 1.277960413414886975e+00
2.258155026632983065e-01 1.275782038457484058e+00
2.280121333305757114e-01 1.273575856572776832e+00
2.302301318234963867e-01 1.271318303702889230e+00
2.324697059985647851e-01 1.269028212985888970e+00
2.347310657342196183e-01 1.266702552014457694e+00
2.370144229505012079e-01 1.264337317093801483e+00
2.393199916289123208e-01 1.261934691425697252e+00
2.416479878324700736e-01 1.259487457624368201e+00
2.439986297259550130e-01 1.257002222597678243e+00
2.463721375963552895e-01 1.254479620246634619e+00
2.487687338735107279e-01 1.251911838157518719e+00
2.511886431509580686e-01 1.249302753190891568e+00
2.536320922069775774e-01 1.246651592592836977e+00
2.560993100258459609e-01 1.243957518330385703e+00
2.585905278192945911e-01 1.241222790836684631e+00
2.611059790481781162e-01 1.238439800474512742e+00
2.636458994443517945e-01 1.235612731585186141e+00
2.662105270327638773e-01 1.232741668484186759e+00
2.688001021537606006e-01 1.229825471745890075e+00
2.714148674856106669e-01 1.226862850896872192e+00
2.740550680672460548e-01 1.223852449973435785e+00
2.767209513212268712e-01 1.220795943984269716e+00
2.794127670769268601e-01 1.217691090932960352e+00
2.821307675939472293e-01 1.214541051219842238e+00
2.848752075857552413e-01 1.211338594864253881e+00
2.876463442435557849e-01 1.208087079496706906e+00
2.904444372603925406e-01 1.204787902825824375e+00
2.932697488554852905e-01 1.201436759989393144e+00
2.961225437988035947e-01 1.198034458865469887e+00
2.990030894358785551e-01 1.194581922773371829e+00
3.019116557128577738e-01 1.191078751334547547e+00
3.048485152018017286e-01 1.187520316423531064e+00
3.078139431262288950e-01 1.183909205233590667e+00
3.108082173869063936e-01 1.180247312783936575e+00
3.138316185878944342e-01 1.176531984247400242e+00
3.168844300628416155e-01 1.172760237442693532e+00
3.199669379015380732e-01 1.168934275303300518e+00
3.230794309767249795e-01 1.165054587935461239e+00
3.262222009711669979e-01 1.161118581727899723e+00
3.293955424049855307e-01 1.157125773008859548e+00
3.325997526632606949e-01 1.153077583234208614e+00
3.358351320238990301e-01 1.148971686848657470e+00
3.391019836857747105e-01 1.144807733402195549e+00
3.424006137971423724e-01 1.140588495215828058e+00
3.457313314843284413e-01 1.136311195827778064e+00
3.490944488806992929e-01 1.131971674039504494e+00
3.524902811559130766e-01 1.127587661856414458e+00
3.559191465454557002e-01 1.123123375732146156e+00
3.593813663804627523e-01 1.118609237374351917e+00
3.628772651178337472e-01 1.114036350941960407e+00
3.664071703706370808e-01 1.109400877428236454e+00
3.699714129388128048e-01 1.104708232093465359e+00
3.735703268401719401e-01 1.099953591139307685e+00
3.772042493416999376e-01 1.095137103952109170e+00
3.808735209911614517e-01 1.090261414323355771e+00
3.845784856490158665e-01 1.085324706733955313e+00
3.883194905206404091e-01 1.080325168520622992e+00
3.920968861888690649e-01 1.075263330742547208e+00
3.959110266468458539e-01 1.070142701359206860e+00
3.997622693312000708e-01 1.064957848148854191e+00
4.036509751555413805e-01 1.059709263051132666e+00
4.075775085442840395e-01 1.054404262472991904e+00
4.115422374667966343e-01 1.049034271648539240e+00
4.155455334718875515e-01 1.043601404692099388e+00
4.195877717226225712e-01 1.038108283170687818e+00
4.236693310314835759e-01 1.032552968746114574e+00
4.277905938958687093e-01 1.026935334629377028e+00
4.319519465339363706e-01 1.021253083586464383e+00
4.361537789208005944e-01 1.015538631889394861e+00
4.403964848250754294e-01 1.009707361263650460e+00
4.446804618457780300e-01 1.003843816206119177e+00
4.490061114495874639e-01 9.979166480807678541e-01
4.533738390084691150e-01 9.919319271893336509e-01
4.577840538376618529e-01 9.858800027382000897e-01
4.622371692340384031e-01 9.797726640608938053e-01
4.667336025148346446e-01 9.736044165860180399e-01
4.712737750567601580e-01 9.673730645944245143e-01
4.758581123354846953e-01 9.610865238013465151e-01
4.804870439655131720e-01 9.547386028277363712e-01
4.851610037404442966e-01 9.483322297579733773e-01
4.898804296736250508e-01 9.418842587816634859e-01
4.946457640391963562e-01 9.353264328416848183e-01
4.994574534135413635e-01 9.287663743524507964e-01
5.043159487171361421e-01 9.221327299766745034e-01
5.092217052568053237e-01 9.154408483365554794e-01
5.141751827683928022e-01 9.086970093710031726e-01
5.191768454598426619e-01 9.018956754930277375e-01
5.242271620547044320e-01 8.950226307082517208e-01
5.293266058360561743e-01 8.881336702579364362e-01
5.344756546908600026e-01 8.811774718224119063e-01
5.396747911547442600e-01 8.741663748205722451e-01
5.449245024572260121e-01 8.671074575614430291e-01
5.502252805673685243e-01 8.599966375398915286e-01
5.555776222398878250e-01 8.528396520107677237e-01
5.609820290617031358e-01 8.456356457294965656e-01
5.664390074989449353e-01 8.383825152330639519e-01
5.719490689444144405e-01 8.310866469506142939e-01
5.775127297655114900e-01 8.237469908917524064e-01
5.831305113526221717e-01 8.163659763842804340e-01
5.888029401679826247e-01 8.089391807894795727e-01
5.945305477950136863e-01 8.014763165440352832e-01
6.003138709881384871e-01 7.939710723332791265e-01
6.061534517230839914e-01 7.864291989888277934e-01
6.120498372476699256e-01 7.788514399213740669e-01
6.180035801330957534e-01 7.712387640693144641e-01
6.240152383257209223e-01 7.635907067728067155e-01
6.300853751993553686e-01 7.559136198174373211e-01
6.362145596080520660e-01 7.482018948765942756e-01
6.424033659394193796e-01 7.404651171577113500e-01
6.486523741684461219e-01 7.327004471627170945e-01
6.549621699118558515e-01 7.248809922188209631e-01
6.613333444829840868e-01 7.170906236444622994e-01
6.677664949471955325e-01 7.092358751519800553e-01
6.742622241778342129e-01 7.013922253956447195e-01
6.808211409127237213e-01 6.935129242322133347e-01
6.874438598112112553e-01 6.856161557411668550e-01
6.941310015117725385e-01 6.777026230329492584e-01
7.008831926901714082e-01 6.697767802264141812e-01
7.077010661181889484e-01 6.618414240015026984e-01
7.145852607229240538e-01 6.538903455685540766e-01
7.215364216466665370e-01 6.459315747257488027e-01
7.285552003073593186e-01 6.379611250290863067e-01
7.356422544596413760e-01 6.299998088733415047e-01
7.427982482564918776e-01 6.220282297916138736e-01
7.500238523114668432e-01 6.140556878079849179e-01
7.573197437615483141e-01 6.060830339568046288e-01
7.646866063305975958e-01 5.981140128568863679e-01
7.721251303934327792e-01 5.901334121534077548e-01
7.796360130405233235e-01 5.821939285913352302e-01
7.872199581433195759e-01 5.742361177770519687e-01
7.948776764202123424e-01 5.663062012543854662e-01
8.026098855031396084e-01 5.583809836766672197e-01
8.104173100048355227e-01 5.504713039782354045e-01
8.183006815867394090e-01 5.425779984930408917e-01
8.262607390275591435e-01 5.347013583048227936e-01
8.342982282925082149e-01 5.268438943155787646e-01
8.424139026032094746e-01 5.190154071355892462e-01
8.506085225082840040e-01 5.112064254974714173e-01
8.588828559546254349e-01 5.034230052736149430e-01
8.672376783593644944e-01 4.956694536333202672e-01
8.756737726825394308e-01 4.879463894830080029e-01
8.841919295004664336e-01 4.802177620203458841e-01
8.927929470798307010e-01 4.725979238899799539e-01
9.014776314524917122e-01 4.649768172053443949e-01
9.102467964910225806e-01 4.574012778088359932e-01
9.191012639849772681e-01 4.498457529452560832e-01
9.280418637179072006e-01 4.422996289268275594e-01
9.370694335451198453e-01 4.348701034729578474e-01
9.461848194722002336e-01 4.274584334141548481e-01
9.553888757342895444e-01 4.200939883925999818e-01
9.646824648761427312e-01 4.127717283379120916e-01
9.740664578329562007e-01 4.054829617014656939e-01
9.835417340119908536e-01 3.982777030803894558e-01
9.931091813749796104e-01 3.911131251911574291e-01
1.002769696521346621e+00 3.839942288978944740e-01
1.012524184772224167e+00 3.769357486481894060e-01
1.022373560255302127e+00 3.699340986198198511e-01
1.032318745990486564e+00 3.629920191229740745e-01
1.042360673976402197e+00 3.560509300488329254e-01
1.052500285277732761e+00 3.492812238892421539e-01
1.062738530113414459e+00 3.425345764787405267e-01
1.073076367945679621e+00 3.358147952151758764e-01
1.083514767569973225e+00 3.292041298300267815e-01
1.094054707205742494e+00 3.226412063993204238e-01
1.104697174588111785e+00 3.161449971810549320e-01
1.115443167060441221e+00 3.097186831059773326e-01
1.126293691667795249e+00 3.033595386659753701e-01
1.137249765251314271e+00 2.970712310876326145e-01
1.148312414543511073e+00 2.908548333263734631e-01
1.159482676264482759e+00 2.847092297358555513e-01
1.170761597219069250e+00 2.786327523275580753e-01
1.182150234394952371e+00 2.726545319901554909e-01
1.193649655061713055e+00 2.667102998566690530e-01
1.205260936870842681e+00 2.608718290148152597e-01
1.216985167956738056e+00 2.550983742999100023e-01
1.228823447038673411e+00 2.494094034400795301e-01
1.240776883523764251e+00 2.437843959343453659e-01
1.252846597610937529e+00 2.382416974377243313e-01
1.265033720395903893e+00 2.327713460748680740e-01
1.277339393977160009e+00 2.273927908807574505e-01
1.289764771563017165e+00 2.220818740072781350e-01
1.302311017579677488e+00 2.168570089475963247e-01
1.314979307780347773e+00 2.117076017962212231e-01
1.327770829355430449e+00 2.066356900807476971e-01
1.340686781043774811e+00 2.016441842302302834e-01
1.353728373245021821e+00 1.967322536746376471e-01
1.366896828133026487e+00 1.918991174167079816e-01
1.380193379770397355e+00 1.871409307569510128e-01
1.393619274224142002e+00 1.824775807255477889e-01
1.407175769682446731e+00 1.778666260667432220e-01
1.420864136572576708e+00 1.733451256250136685e-01
1.434685657679937831e+00 1.689232310421264205e-01
1.448641628268290127e+00 1.645606491370153746e-01
1.462733356201129986e+00 1.602827219190726959e-01
1.476962162064259898e+00 1.560391645005567152e-01
1.491329379289537682e+00 1.519594231679410601e-01
1.505836354279841416e+00 1.479112252537556071e-01
1.520484446535244283e+00 1.439388961545982615e-01
1.535275028780422657e+00 1.400415388882642054e-01
1.550209487093291205e+00 1.361721320166164040e-01
1.565289221034902312e+00 1.324895585074656046e-01
1.580515643780601165e+00 1.288226653791945953e-01
1.595890182252465817e+00 1.252303396409744918e-01
1.611414277253019778e+00 1.217120123643517376e-01
1.627089383600260675e+00 1.182666511309657248e-01
1.642916970263993193e+00 1.148940223840698299e-01
1.658898520503498064e+00 1.115936287583072090e-01
1.675035532006524441e+00 1.083619899293353089e-01
1.691329517029648732e+00 1.052048337393064192e-01
1.707782002539993016e+00 1.021128627764819885e-01
1.724394530358320354e+00 9.909469628117402451e-02
1.741168657303530987e+00 9.614233743889602501e-02
1.758105955338547632e+00 9.325730315940056192e-02
1.775208011717636092e+00 9.043911893559858362e-02
1.792476429135148930e+00 8.767641726556799076e-02
1.809912825875727105e+00 8.499976631121683446e-02
1.827518835965944666e+00 8.237551041387360107e-02
1.845296109327445366e+00 7.981391612769751787e-02
1.863246311931559873e+00 7.731547677202008084e-02
1.881371125955437096e+00 7.487685134530104591e-02
1.899672249939675650e+00 7.249950365580326572e-02
1.918151398947507635e+00 7.018419434913041044e-02
1.936810304725519849e+00 6.792546382713629538e-02
1.955650715865949074e+00 6.572449806819463669e-02
1.974674397970537454e+00 6.358004509720024955e-02
1.993883133816001019e+00 6.148901987984798506e-02
2.013278723521096492e+00 5.945776690429942224e-02
2.032862984715323673e+00 5.747790949581125380e-02
2.052637752709252084e+00 5.555108702117068226e-02
2.072604880666519822e+00 5.367597261358288824e-02
2.092766239777499759e+00 5.185237350221141850e-02
2.113123719434652603e+00 5.007822680835721102e-02
2.133679227409597701e+00 4.835347168751399222e-02
2.154434690031884259e+00 4.667955135629067720e-02
2.175392052369522489e+00 4.504778376791809813e-02
2.196553278411258248e+00 4.346485871535456236e-02
2.217920351250634692e+00 4.192749127044657909e-02
2.239495273271823184e+00 4.043457003441915804e-02
2.261280066337279404e+00 3.898552852126961621e-02
2.283276771977218012e+00 3.757808047198721996e-02
2.305487451580938707e+00 3.621260751983345488e-02
2.327914186589993051e+00 3.488786416870563734e-02
2.350559078693253756e+00 3.360076656160711911e-02
2.373424250023866033e+00 3.235762853663520094e-02
2.396511843358130278e+00 3.114846388288283405e-02
2.419824022316292567e+00 2.998211084182827654e-02
2.443362971565319341e+00 2.884438212849658317e-02
2.467130897023623426e+00 2.774823997844354934e-02
2.491130026067788439e+00 2.668246464210307506e-02
2.515362607741312928e+00 2.565579195121893419e-02
2.539830912965362675e+00 2.465842995716269193e-02
2.564537234751594674e+00 2.369446282797001840e-02
2.589483888417040802e+00 2.276101988497262682e-02
2.614673211801092023e+00 2.185787360989401712e-02
2.640107565484572927e+00 2.098703416863410137e-02
2.665789333010967876e+00 2.014188077304231855e-02
2.691720921109787668e+00 1.932789445953939089e-02
2.717904759922122881e+00 1.854093717429305607e-02
2.744343303228365283e+00 1.777843791352932273e-02
2.771039028678170535e+00 1.704369800386313499e-02
2.797994438022641805e+00 1.633511654043286188e-02
2.825212057348790218e+00 1.565053688298859852e-02
2.852694437316245057e+00 1.498965294388157274e-02
2.880444153396297668e+00 1.435286898283604472e-02
2.908463806113254169e+00 1.373858829363429693e-02
2.936756021288137397e+00 1.314639262965781354e-02
2.965323450284773621e+00 1.257552525803515633e-02
2.994168770258243573e+00 1.202516049858893925e-02
3.023294684405779531e+00 1.149582019141322936e-02
3.052703922220086241e+00 1.098673546952114340e-02
3.082399239745143404e+00 1.049523116073956298e-02
3.112383419834465759e+00 1.002202982437309584e-02
3.142659272411905569e+00 9.567341429839259712e-03
3.173229634734976212e+00 9.130002713737863859e-03
3.204097371660752813e+00 8.709399621558634036e-03
3.235265375914330388e+00 8.305111447363330845e-03
3.266736568359921655e+00 7.916657592691188350e-03
3.298513898274578082e+00 7.543495205076899794e-03
3.330600343624588788e+00 7.185026264431877176e-03
3.362998911344535991e+00 6.841201200224392501e-03
3.395712637619100693e+00 6.510714871729691815e-03
3.428744588167585317e+00 6.193873198390563439e-03
3.462097858531227423e+00 5.890071122600602609e-03
3.495775574363275240e+00 5.598749885475189786e-03
3.529780891721914671e+00 5.319490664078537455e-03
3.564116997366032269e+00 5.051972849738282402e-03
3.598787109053855460e+00 4.795806734975563597e-03
3.633794475844513094e+00 4.550571057327726550e-03
3.669142378402494131e+00 4.315645597774389781e-03
3.704834129305105694e+00 4.091091397067442119e-03
3.740873073352900313e+00 3.874445639032947017e-03
3.777262587883141176e+00 3.670915316866426182e-03
3.814006083086284082e+00 3.474685913781958447e-03
3.851107002325572903e+00 3.286900728575767143e-03
3.888568822459721019e+00 3.108342621883936324e-03
3.926395054168756449e+00 2.937534335394688476e-03
3.964589242282997805e+00 2.774525869302915150e-03
4.003154966115265445e+00 2.619283342759256335e-03
4.042095839796306045e+00 2.470622887045760205e-03
4.081415512613501662e+00 2.329855501508482345e-03
4.121117669352832635e+00 2.196516978979475530e-03
4.161206030644208020e+00 2.067419700607463998e-03
4.201684353310133346e+00 1.946251929572881314e-03
4.242556430717777438e+00 1.830035178282800453e-03
4.283826093134470270e+00 1.720054078198889795e-03
4.325497208086633627e+00 1.615541720553964004e-03
4.367573680722233398e+00 1.516299990912002875e-03
4.410059454176736615e+00 1.422121577436695830e-03
4.452958509942654963e+00 1.332801460462603588e-03
4.496274868242640110e+00 1.248127210855640374e-03
4.540012588406244554e+00 1.167957170404096499e-03
4.584175769250333765e+00 1.092009300784131231e-03
4.628768549463215365e+00 1.020196114124032397e-03
4.673795107992464004e+00 9.523003903009922633e-04
4.719259664436561863e+00 8.880703113426389799e-04
4.765166479440326341e+00 8.273721063103923936e-04
4.811519855094205766e+00 7.702475684666969464e-04
4.858324135337417360e+00 7.163086152969864572e-04
4.905583706365050922e+00 6.654771382210962830e-04
4.953302997039108924e+00 6.176168729332720845e-04
5.001486479303548727e+00 5.725900083626970279e-04
5.050138668603383785e+00 5.302600761868694846e-04
5.099264124307808288e+00 4.904969471312699931e-04
5.148867450137498025e+00 4.531950266049525485e-04
5.198953294596024399e+00 4.182006910770979190e-04
5.249526351405507718e+00 3.854275829375375774e-04
5.300591359946452030e+00 3.547544938386343045e-04
5.352153105701904501e+00 3.260781951896526802e-04
5.404216420705915347e+00 2.992959079318886751e-04
5.456786183996381823e+00 2.743097488688960180e-04
5.509867322072253160e+00 2.510252588788633226e-04
5.563464809355226137e+00 2.293527861419736443e-04
5.617583668655908191e+00 2.092000280998403963e-04
5.672228971644543094e+00 1.904897237011132359e-04
5.727405839326266346e+00 1.731333196792582006e-04
5.783119442521027054e+00 1.570733075338880634e-04
5.839375002348160315e+00 1.422158528599403913e-04
5.896177790715694478e+00 1.285007833725103398e-04
5.953533130814370189e+00 1.158537014348750172e-04
6.011446397616513337e+00 1.042176771764763334e-04
6.069923018379741464e+00 9.352813011062721779e-05
6.128968473155564034e+00 8.372052030881643595e-05
6.188588295302960063e+00 7.475351848140262157e-05
6.248788072006894012e+00 6.655047975505831693e-05
6.309573444801936049e+00 5.907663656266894488e-05
6.370950110100935149e+00 5.228041302130628434e-05
6.432923819728876502e+00 4.611720857582539277e-05
6.495500381461869033e+00 4.053209123799227678e-05
6.558685659571435345e+00 3.549672162311096421e-05
6.622485575374063238e+00 3.096482426191398264e-05
6.686906107786136921e+00 2.689713788426300811e-05
6.751953293884205287e+00 2.326209532554605959e-05
6.817633229470763112e+00 2.002250537152702500e-05
6.883952069645496330e+00 1.713743912356194724e-05
6.950916029382126382e+00 1.458963308400253113e-05
7.018531384110795912e+00 1.234860338508181546e-05
7.086804470306189430e+00 1.038286796174800492e-05
7.155741686081340980e+00 8.668417432408316901e-06
7.225349491787214085e+00 7.181817692360881579e-06
7.295634410618154320e+00 5.901647669980107306e-06
7.366603029223159460e+00 4.803388646756160009e-06
7.438261998323163482e+00 3.870013584328399273e-06
7.510618033334286459e+00 3.082274278708582645e-06
7.583677914997190683e+00 2.425113687789163308e-06
7.657448490012479958e+00 1.881343437394128676e-06
7.731936671682362316e+00 1.435207430596302188e-06
7.807149440558499798e+00 1.075213696349828648e-06
7.883093845096216690e+00 7.888884912156602503e-07
7.959777002314985417e+00 5.646639111535411606e-07
8.037206098465421888e+00 3.927841670245072329e-07
8.115388389702712146e+00 2.640336305466109030e-07
8.194331202766655053e+00 1.700426515596086094e-07
8.274041935668218883e+00 1.033595281873133710e-07
8.354528058382872047e+00 5.881898781777495817e-08
8.435797113550611570e+00 3.050176460744821068e-08
8.517856717182803905e+00 1.421536151597086213e-08
8.600714559375941093e+00 5.570788812640159743e-09
8.684378405032257220e+00 1.654548991887817121e-09
8.768856094587436090e+00 2.924302986057577487e-10
8.854155544745349715e+00 0.000000000000000000e+00
