1.000000000000000021e-02 1.914896231512054126e+00
1.009727545900835841e-02 1.914892356104221038e+00
1.019549716950923779e-02 1.914888395330152537e+00
1.029467433620748044e-02 1.914884365405543409e+00
1.039481625334708927e-02 1.914880414354427351e+00
1.049593230558227772e-02 1.914876376706669436e+00
1.059803196885688789e-02 1.914872238793321912e+00
1.070112481129246833e-02 1.914864366606832125e+00
1.080522049408488318e-02 1.914860008703532124e+00
1.091032877240974419e-02 1.914855562721642812e+00
1.101645949633656314e-02 1.914851016341738488e+00
1.112362261175187626e-02 1.914846354644478055e+00
1.123182816129126085e-02 1.914841580859744097e+00
1.134108628528052165e-02 1.914836691829358895e+00
1.145140722268592030e-02 1.914831689427582972e+00
1.156280131207376022e-02 1.914826567632606835e+00
1.167527899257919492e-02 1.914821332760413997e+00
1.178885080488457221e-02 1.914816056362525387e+00
1.190352739220719262e-02 1.914810674840315752e+00
1.201931950129673729e-02 1.914805195722631304e+00
1.213623798344241195e-02 1.914799624411885892e+00
1.225429379548980714e-02 1.914793958223303783e+00
1.237349800086776086e-02 1.914788162480915101e+00
1.249386177062509519e-02 1.914782276729006583e+00
1.261539638447754796e-02 1.914776225516291452e+00
1.273811323186478488e-02 1.914770160134749988e+00
1.286202381301779218e-02 1.914763991277016686e+00
1.298713974003655978e-02 1.914757686624239064e+00
1.311347273797833224e-02 1.914751242692745992e+00
1.324103464595636874e-02 1.914744706465189239e+00
1.336983741824946531e-02 1.914738099307618180e+00
1.349989312542219239e-02 1.914731351246595104e+00
1.363121395545611320e-02 1.914724473433611518e+00
1.376381221489191876e-02 1.914717451745554744e+00
1.389770032998276401e-02 1.914710258108689445e+00
1.403289084785873213e-02 1.914702901426493131e+00
1.416939643770268736e-02 1.914696538093568101e+00
1.430722989193757184e-02 1.914688681951687066e+00
1.444640412742520530e-02 1.914680631487529539e+00
1.458693218667675602e-02 1.914672364341117650e+00
1.472882723907502529e-02 1.914663494107223363e+00
1.487210258210860774e-02 1.914655015311590436e+00
1.501677164261799868e-02 1.914646328207173953e+00
1.516284797805393485e-02 1.914637459650667672e+00
1.531034527774784160e-02 1.914628411042602396e+00
1.545927736419477720e-02 1.914619150216348986e+00
1.560965819434872483e-02 1.914609664663720956e+00
1.576150186093060873e-02 1.914599962815391132e+00
1.591482259374891323e-02 1.914590044957722670e+00
1.606963476103326349e-02 1.914579935391513610e+00
1.622595287078087284e-02 1.914569649157580322e+00
1.638379157211618947e-02 1.914559125533179529e+00
1.654316565666366645e-02 1.914548394448378321e+00
1.670409005993399310e-02 1.914537443784171344e+00
1.686657986272368723e-02 1.914526268135325893e+00
1.703065029252844378e-02 1.914514850689573722e+00
1.719631672497009753e-02 1.914503181634836348e+00
1.736359468523754335e-02 1.914491273034571783e+00
1.753249984954170088e-02 1.914479159845062561e+00
1.770304804658450262e-02 1.914466788541888453e+00
1.787525525904235316e-02 1.914454276417580258e+00
1.804913762506383731e-02 1.914441518906587314e+00
1.822471143978214581e-02 1.914428463633903732e+00
1.840199315684210371e-02 1.914415117196618388e+00
1.858099938994215231e-02 1.914401551795464451e+00
1.876174691439120440e-02 1.914387686313999914e+00
1.894425266868081034e-02 1.914373454103695638e+00
1.912853375607242307e-02 1.914361695993802348e+00
1.931460744620030340e-02 1.914347006902637593e+00
1.950249117668984011e-02 1.914331972596215570e+00
1.969220255479172538e-02 1.914313987844217024e+00
1.988375935903200636e-02 1.914298309351288196e+00
2.007717954087816226e-02 1.914282446267494331e+00
2.027248122642137662e-02 1.914266250579515383e+00
2.046968271807520987e-02 1.914249714923179635e+00
2.066880249629082095e-02 1.914232801474668344e+00
2.086985922128879734e-02 1.914215742973738754e+00
2.107287173480786382e-02 1.914198479610180081e+00
2.127785906187062287e-02 1.914180912469559237e+00
2.148484041256648255e-02 1.914162983410958585e+00
2.169383518385184506e-02 1.914144748330862900e+00
2.190486296136792688e-02 1.914126057859884655e+00
2.211794352127614133e-02 1.914106938228757437e+00
2.233309683211144592e-02 1.914087363014217225e+00
2.255034305665360936e-02 1.914067321268543953e+00
2.276970255381680075e-02 1.914046910587571926e+00
2.299119588055741764e-02 1.914026256603339027e+00
2.321484379380064564e-02 1.914005135461727569e+00
2.344066725238556220e-02 1.913983502474319698e+00
2.366868741902936057e-02 1.913961569567415255e+00
2.389892566231050300e-02 1.913939237274950189e+00
2.413140355867127856e-02 1.913916553689361422e+00
2.436614289443983158e-02 1.913893395870816860e+00
2.460316566787181664e-02 1.913869945721223598e+00
2.484249409121190577e-02 1.913846058986785836e+00
2.508415059277539771e-02 1.913821673357917863e+00
2.532815781905008515e-02 1.913796699724592099e+00
2.557453863681850847e-02 1.913771245996419124e+00
2.582331613530085626e-02 1.913745226174328629e+00
2.607451362831877603e-02 1.913718661450512615e+00
2.632815465648021339e-02 1.913691521771835991e+00
2.658426298938541474e-02 1.913663925420347578e+00
2.684286262785454819e-02 1.913635839320543042e+00
2.710397780617682106e-02 1.913607391993493279e+00
2.736763299438163891e-02 1.913578332758829825e+00
2.763385290053169824e-02 1.913548632172128672e+00
2.790266247303856487e-02 1.913522682154334076e+00
2.817408690300057458e-02 1.913491752995478246e+00
2.844815162656363222e-02 1.913456911257416682e+00
2.872488232730495070e-02 1.913425243059337477e+00
2.900430493863991738e-02 1.913392833946752969e+00
2.928644564625237229e-02 1.913359672243026388e+00
2.957133089054861039e-02 1.913325748691600658e+00
2.985898736913520854e-02 1.913290797453128578e+00
3.014944203932094433e-02 1.913255505255012201e+00
3.044272212064302874e-02 1.913219394238660831e+00
3.073885509741795460e-02 1.913182603722475283e+00
3.103786872131722788e-02 1.913144701313602258e+00
3.133979101396793671e-02 1.913105978002175966e+00
3.164465026957891114e-02 1.913065473105816316e+00
3.195247505759213347e-02 1.913025024395565765e+00
3.226329422536015901e-02 1.912984101774235945e+00
3.257713690084949876e-02 1.912942251939591776e+00
3.289403249537032475e-02 1.912899611572379088e+00
3.321401070633261954e-02 1.912856397495017235e+00
3.353710152002930406e-02 1.912812324025907174e+00
3.386333521444636480e-02 1.912767418313734202e+00
3.419274236210027851e-02 1.912721813923270009e+00
3.452535383290306070e-02 1.912675334647612191e+00
3.486120079705520153e-02 1.912627949509879022e+00
3.520031472796678745e-02 1.912583545302856569e+00
3.554272740520694751e-02 1.912534379246516147e+00
3.588847091748199186e-02 1.912481563575681109e+00
3.623757766564258964e-02 1.912430636943811768e+00
3.659008036572020811e-02 1.912378824921318943e+00
3.694601205199302130e-02 1.912326298927778501e+00
3.730540608008161424e-02 1.912272697623570661e+00
3.766829613007490613e-02 1.912217974958157818e+00
3.803471620968648659e-02 1.912163741237451253e+00
3.840470065744145539e-02 1.912105119409235998e+00
3.877828414589457040e-02 1.912047134029972062e+00
3.915550168487941241e-02 1.911987860368976833e+00
3.953638862478930927e-02 1.911927305652058484e+00
3.992098065989020672e-02 1.911865202532464947e+00
4.030931383166566628e-02 1.911802232978659477e+00
4.070142453219438572e-02 1.911738379160357937e+00
4.109734950756069316e-02 1.911672646449545265e+00
4.149712586129815362e-02 1.911605358018296119e+00
4.190079105786669034e-02 1.911535662207543895e+00
4.230838292616342228e-02 1.911465817788252419e+00
4.271993966306778662e-02 1.911394575740265500e+00
4.313549983702118923e-02 1.911322327453096381e+00
4.355510239164130798e-02 1.911249677958926974e+00
4.397878664937160398e-02 1.911174266678037137e+00
4.440659231516640160e-02 1.911097298232128816e+00
4.483855948021186338e-02 1.911018504976464527e+00
4.527472862568297785e-02 1.910937970335623737e+00
4.571514062653719151e-02 1.910855644493604011e+00
4.615983675534499064e-02 1.910772308473702719e+00
4.660885868615767536e-02 1.910687177481376731e+00
4.706224849841281199e-02 1.910600535946983536e+00
4.752004868087766204e-02 1.910512254696604462e+00
4.798230213563085128e-02 1.910422614053774337e+00
4.844905218208294534e-02 1.910331218052770286e+00
4.892034256103611894e-02 1.910242618306683848e+00
4.939621743878321036e-02 1.910147723989188417e+00
4.987672141124663283e-02 1.910051816245452061e+00
5.036189950815770505e-02 1.909953234439791370e+00
5.085179719727656034e-02 1.909852717965233371e+00
5.134646038865306461e-02 1.909746574668249597e+00
5.184593543892913187e-02 1.909644130800091766e+00
5.235026915568305461e-02 1.909537422659501438e+00
5.285950880181603667e-02 1.909428289939355317e+00
5.337370209998133774e-02 1.909316928174103811e+00
5.389289723705643909e-02 1.909203390234732067e+00
5.441714286865893119e-02 1.909087978098206406e+00
5.494648812370611646e-02 1.908970063067495948e+00
5.548098260901916656e-02 1.908848865345484480e+00
5.602067641397187603e-02 1.908728383735646350e+00
5.656562011518465050e-02 1.908604335683401709e+00
5.711586478126431943e-02 1.908478282921711067e+00
5.767146197758996756e-02 1.908348357817721608e+00
5.823246377114527778e-02 1.908217707149154618e+00
5.879892273539785025e-02 1.908084727029804917e+00
5.937089195522609469e-02 1.907948094031887143e+00
5.994842503189409116e-02 1.907808732711299138e+00
6.053157608807464840e-02 1.907666335480876496e+00
6.112039977292132997e-02 1.907520842952437068e+00
6.171495126718981594e-02 1.907374190233254385e+00
6.231528628840921763e-02 1.907223737436647193e+00
6.292146109610344262e-02 1.907069802690862348e+00
6.353353249706343575e-02 1.906912758663175556e+00
6.415155785067082339e-02 1.906752718273896585e+00
6.477559507427335661e-02 1.906590684028659277e+00
6.540570264861225724e-02 1.906425822304959938e+00
6.604193962330305590e-02 1.906257216490808704e+00
6.668436562236895737e-02 1.906082470434702358e+00
6.733304084982863480e-02 1.905907156416263293e+00
6.798802609533814711e-02 1.905727968270579220e+00
6.864938273988777095e-02 1.905545459130663755e+00
6.931717276155408003e-02 1.905359390537823883e+00
6.999145874130821565e-02 1.905169941009098755e+00
7.067230386888070925e-02 1.904976336536108761e+00
7.135977194868306506e-02 1.904779093034396409e+00
7.205392740578704658e-02 1.904575881203234733e+00
7.275483529196229149e-02 1.904370009665176555e+00
7.346256129177256011e-02 1.904161010880442317e+00
7.417717172873124210e-02 1.903948482097897799e+00
7.489873357151664857e-02 1.903732043000444962e+00
7.562731444024800576e-02 1.903512388041749936e+00
7.636298261282241373e-02 1.903288022486623543e+00
7.710580703131336699e-02 1.903058211060080884e+00
7.785585730843146146e-02 1.902823949949541849e+00
7.861320373404813433e-02 1.902584630597843773e+00
7.937791728178281159e-02 1.902340513913247655e+00
8.015006961565404597e-02 1.902091487237655976e+00
8.092973309679550586e-02 1.901837949257624505e+00
8.171698079023696770e-02 1.901579837465621647e+00
8.251188647175167201e-02 1.901316795310729502e+00
8.331452463477014014e-02 1.901049060209052177e+00
8.412497049736118726e-02 1.900775668831750531e+00
8.494330000928071445e-02 1.900497434608272362e+00
8.576958985908941790e-02 1.900214189667078335e+00
8.660391748133952627e-02 1.899930025972747183e+00
8.744636106383144036e-02 1.899633240652147670e+00
8.829699955494091368e-02 1.899334480411645876e+00
8.915591267101763417e-02 1.899028264163565849e+00
9.002318090385581784e-02 1.898717592626041339e+00
9.089888552823731371e-02 1.898400386746637691e+00
9.178310860954806694e-02 1.898076864569625322e+00
9.267593301146882789e-02 1.897747129669457022e+00
9.357744240374062106e-02 1.897404986672474037e+00
9.448772127000577836e-02 1.897067171777601757e+00
9.540685491572513388e-02 1.896715946863135605e+00
9.633492947617222635e-02 1.896358744406873909e+00
9.727203192450542546e-02 1.895994311259421305e+00
9.821825007991856482e-02 1.895622522376362751e+00
9.917367261587073379e-02 1.895242920267922848e+00
1.001383890683960748e-01 1.894857867438571430e+00
1.011124898444945991e-01 1.894470177018739099e+00
1.020960662306047012e-01 1.894068136952601122e+00
1.030892104011576216e-01 1.893661384513684931e+00
1.040920154272158005e-01 1.893247517947617586e+00
1.051045752851944987e-01 1.892826735052671960e+00
1.061269848656690717e-01 1.892396641998706830e+00
1.071593399822671072e-01 1.891957991322444244e+00
1.082017373806478805e-01 1.891511111301157566e+00
1.092542747475682557e-01 1.891055838809870826e+00
1.103170507200377515e-01 1.890591069354063958e+00
1.113901648945616746e-01 1.890118810512339431e+00
1.124737178364751955e-01 1.889635462962691470e+00
1.135678110893671017e-01 1.889141669897708153e+00
1.146725471845963656e-01 1.888637532899817506e+00
1.157880296509002094e-01 1.888127838847334594e+00
1.169143630240966764e-01 1.887607415409315426e+00
1.180516528568804902e-01 1.887076827065754525e+00
1.192000057287153220e-01 1.886536301055042664e+00
1.203595292558212876e-01 1.885985001589884469e+00
1.215303321012602134e-01 1.885424649281990606e+00
1.227125239851190319e-01 1.884853808919067841e+00
1.239062156947916271e-01 1.884270117104763997e+00
1.251115190953615564e-01 1.883675306771270819e+00
1.263285471400849291e-01 1.883071151173963287e+00
1.275574138809759950e-01 1.882455897872840511e+00
1.287982344794950385e-01 1.881827901775809497e+00
1.300511252173409127e-01 1.881186843921002438e+00
1.313162035073478784e-01 1.880535636417246081e+00
1.325935879044890797e-01 1.879871652204624377e+00
1.338833981169864351e-01 1.879195970212929723e+00
1.351857550175293021e-01 1.878502847893258387e+00
1.365007806546013891e-01 1.877799090964556550e+00
1.378285982639189389e-01 1.877082950987268850e+00
1.391693322799789911e-01 1.876353898656029751e+00
1.405231083477211373e-01 1.875611055690943108e+00
1.418900533343016301e-01 1.874855060334634338e+00
1.432702953409830948e-01 1.874085946791021584e+00
1.446639637151387880e-01 1.873300189846612396e+00
1.460711890623745679e-01 1.872500370531748226e+00
1.474921032587684921e-01 1.871685166775319598e+00
1.489268394632288772e-01 1.870853284450581189e+00
1.503755321299738434e-01 1.870007077518075267e+00
1.518383170211306810e-01 1.869142646058178148e+00
1.533153312194593942e-01 1.868264197449145847e+00
1.548067131411984265e-01 1.867369414506704350e+00
1.563126025490369497e-01 1.866458540721444459e+00
1.578331405652117214e-01 1.865531608776681560e+00
1.593684696847328941e-01 1.864587375585407658e+00
1.609187337887370006e-01 1.863624865680038267e+00
1.624840781579713067e-01 1.862643354305192567e+00
1.640646494864078653e-01 1.861643368033656376e+00
1.656605958949914359e-01 1.860624851401229130e+00
1.672720669455196874e-01 1.859590501672608642e+00
1.688992136546599021e-01 1.858534435936348927e+00
1.705421885081006561e-01 1.857457720847675242e+00
1.722011454748421100e-01 1.856362463585274680e+00
1.738762400216251336e-01 1.855248831321081315e+00
1.755676291275001522e-01 1.854112365712359045e+00
1.772754712985387948e-01 1.852955973359708741e+00
1.789999265826875408e-01 1.851779931810383806e+00
1.807411565847668600e-01 1.850579818344445737e+00
1.824993244816152382e-01 1.849360312615681234e+00
1.842745950373816666e-01 1.848115857554949448e+00
1.860671346189656239e-01 1.846849049341679816e+00
1.878771112116086051e-01 1.845559039397783652e+00
1.897046944346358344e-01 1.844246840788885011e+00
1.915500555573527997e-01 1.842908269112794262e+00
1.934133675150944698e-01 1.841550148572613343e+00
1.952948049254327745e-01 1.840165852980591765e+00
1.971945441045395986e-01 1.838753723525486050e+00
1.991127630837108697e-01 1.837316596225713861e+00
2.010496416260497965e-01 1.835856788035665987e+00
2.030053612433137811e-01 1.834366506150903575e+00
2.049801052129238688e-01 1.832851497101751548e+00
2.069740585951406198e-01 1.831307797563611173e+00
2.089874082504071251e-01 1.829736388097671584e+00
2.110203428568595552e-01 1.828138351558355135e+00
2.130730529280097374e-01 1.826514301122286632e+00
2.151457308305980698e-01 1.824859706695848516e+00
2.172385708026215445e-01 1.823174101810296266e+00
2.193517689715359098e-01 1.821456416303533832e+00
2.214855233726360506e-01 1.819712110682673911e+00
2.236400339676138660e-01 1.817933665482261318e+00
2.258155026632983065e-01 1.816125475257086341e+00
2.280121333305757114e-01 1.814285978454059922e+00
2.302301318234963867e-01 1.812415079449888333e+00
2.324697059985647851e-01 1.810511224418523968e+00
2.347310657342196183e-01 1.808572499795009891e+00
2.370144229505012079e-01 1.806599994840635048e+00
2.393199916289123208e-01 1.804591739426433916e+00
2.416479878324700736e-01 1.802548167032142157e+00
2.439986297259550130e-01 1.800473214983117742e+00
2.463721375963552895e-01 1.798360875742250231e+00
2.487687338735107279e-01 1.796210710666406918e+00
2.511886431509580686e-01 1.794022672023147358e+00
2.536320922069775774e-01 1.791797603685063134e+00
2.560993100258459609e-01 1.789533372577538195e+00
2.585905278192945911e-01 1.787232648863898321e+00
2.611059790481781162e-01 1.784896056886453586e+00
2.636458994443517945e-01 1.782514635230354694e+00
2.662105270327638773e-01 1.780088375023502145e+00
2.688001021537606006e-01 1.777624162713361544e+00
2.714148674856106669e-01 1.775123222032164216e+00
2.740550680672460548e-01 1.772581165436379225e+00
2.767209513212268712e-01 1.769990652170439160e+00
2.794127670769268601e-01 1.767355985970704646e+00
2.821307675939472293e-01 1.764685414287097798e+00
2.848752075857552413e-01 1.761964246284677849e+00
2.876463442435557849e-01 1.759197315453212118e+00
2.904444372603925406e-01 1.756381777921383724e+00
2.932697488554852905e-01 1.753524986566495025e+00
2.961225437988035947e-01 1.750622553772321233e+00
2.990030894358785551e-01 1.747671503491105893e+00
3.019116557128577738e-01 1.744668411937002173e+00
3.048485152018017286e-01 1.741620242360864435e+00
3.078139431262288950e-01 1.738521981825508655e+00
3.108082173869063936e-01 1.735374073218091340e+00
3.138316185878944342e-01 1.732175312552775237e+00
3.168844300628416155e-01 1.728925469439091200e+00
3.199669379015380732e-01 1.725623447778245501e+00
3.230794309767249795e-01 1.722266770761346821e+00
3.262222009711669979e-01 1.718861929460443694e+00
3.293955424049855307e-01 1.715404636571932651e+00
3.325997526632606949e-01 1.711886267983731447e+00
3.358351320238990301e-01 1.708314178724015475e+00
3.391019836857747105e-01 1.704687291755047740e+00
3.424006137971423724e-01 1.701006919956703500e+00
3.457313314843284413e-01 1.697270056794550674e+00
3.490944488806992929e-01 1.693475181060178025e+00
3.524902811559130766e-01 1.689621216415572613e+00
3.559191465454557002e-01 1.685707375756151372e+00
3.593813663804627523e-01 1.681736573951133185e+00
3.628772651178337472e-01 1.677704950794518091e+00
3.664071703706370808e-01 1.673616847563112575e+00
3.699714129388128048e-01 1.669464010208725702e+00
3.735703268401719401e-01 1.665252174551237196e+00
3.772042493416999376e-01 1.660975955308489738e+00
3.808735209911614517e-01 1.656639964448117119e+00
3.845784856490158665e-01 1.652237346581817645e+00
3.883194905206404091e-01 1.647771694203009840e+00
3.920968861888690649e-01 1.643247470115926534e+00
3.959110266468458539e-01 1.638653633696923517e+00
3.997622693312000708e-01 1.633998242186621930e+00
4.036509751555413805e-01 1.629274057030831058e+00
4.075775085442840395e-01 1.624482860540277240e+00
4.115422374667966343e-01 1.619628776119875102e+00
4.155455334718875515e-01 1.614705283744796382e+00
4.195877717226225712e-01 1.609716152223382046e+00
4.236693310314835759e-01 1.604659681212937894e+00
4.277905938958687093e-01 1.599531669997350525e+00
4.319519465339363706e-01 1.594333877675202071e+00
4.361537789208005944e-01 1.589072802354741798e+00
4.403964848250754294e-01 1.583740609154117518e+00
4.446804618457780300e-01 1.578334199503729440e+00
4.490061114495874639e-01 1.572864325868991164e+00
4.533738390084691150e-01 1.567318677905242374e+00
4.577840538376618529e-01 1.561704553961640984e+00
4.622371692340384031e-01 1.556019633132758262e+00
4.667336025148346446e-01 1.550260639156164855e+00
4.712737750567601580e-01 1.544436927208718835e+00
4.758581123354846953e-01 1.538531104625857404e+00
4.804870439655131720e-01 1.532563685574195311e+00
4.851610037404442966e-01 1.526520340002086140e+00
4.898804296736250508e-01 1.520400866164033582e+00
4.946457640391963562e-01 1.514214775931824075e+00
4.994574534135413635e-01 1.507953120570263650e+00
5.043159487171361421e-01 1.501620196872414548e+00
5.092217052568053237e-01 1.495213433053159902e+00
5.141751827683928022e-01 1.488737236392437380e+00
5.191768454598426619e-01 1.482187567994230459e+00
5.242271620547044320e-01 1.475558956041320480e+00
5.293266058360561743e-01 1.468866447668181419e+00
5.344756546908600026e-01 1.462098336105688512e+00
5.396747911547442600e-01 1.455261937194068711e+00
5.449245024572260121e-01 1.448345283129567118e+00
5.502252805673685243e-01 1.441362560927631264e+00
5.555776222398878250e-01 1.434310499217256396e+00
5.609820290617031358e-01 1.427182236586461705e+00
5.664390074989449353e-01 1.419982444252495757e+00
5.719490689444144405e-01 1.412714697204459524e+00
5.775127297655114900e-01 1.405377101445012489e+00
5.831305113526221717e-01 1.397969818668099551e+00
5.888029401679826247e-01 1.390490768507209207e+00
5.945305477950136863e-01 1.382944531082538564e+00
6.003138709881384871e-01 1.375328749252311855e+00
6.061534517230839914e-01 1.367648378310210910e+00
6.120498372476699256e-01 1.359896883016432856e+00
6.180035801330957534e-01 1.352081242462830790e+00
6.240152383257209223e-01 1.344198006801059275e+00
6.300853751993553686e-01 1.336249031838940837e+00
6.362145596080520660e-01 1.328239237115931504e+00
6.424033659394193796e-01 1.320157399856970226e+00
6.486523741684461219e-01 1.312027546653851573e+00
6.549621699118558515e-01 1.303817859799616174e+00
6.613333444829840868e-01 1.295557232592001728e+00
6.677664949471955325e-01 1.287237166223342388e+00
6.742622241778342129e-01 1.278853953585995074e+00
6.808211409127237213e-01 1.270415194064429487e+00
6.874438598112112553e-01 1.261914779318688229e+00
6.941310015117725385e-01 1.253364280906454464e+00
7.008831926901714082e-01 1.244753874150760664e+00
7.077010661181889484e-01 1.236093203594240020e+00
7.145852607229240538e-01 1.227379124843479996e+00
7.215364216466665370e-01 1.218610633973093105e+00
7.285552003073593186e-01 1.209795446431120913e+00
7.356422544596413760e-01 1.200930763798071288e+00
7.427982482564918776e-01 1.192016736039696045e+00
7.500238523114668432e-01 1.183059265899600421e+00
7.573197437615483141e-01 1.174058199738477359e+00
7.646866063305975958e-01 1.165007833499064338e+00
7.721251303934327792e-01 1.155923573869127363e+00
7.796360130405233235e-01 1.146794719564580456e+00
7.872199581433195759e-01 1.137625696769649641e+00
7.948776764202123424e-01 1.128424170490094580e+00
8.026098855031396084e-01 1.119184028633172012e+00
8.104173100048355227e-01 1.109909866960274050e+00
8.183006815867394090e-01 1.100605773342242077e+00
8.262607390275591435e-01 1.091271457785774945e+00
8.342982282925082149e-01 1.081904347356798857e+00
8.424139026032094746e-01 1.072513445279215105e+00
8.506085225082840040e-01 1.063097500218380453e+00
8.588828559546254349e-01 1.053657231391021076e+00
8.672376783593644944e-01 1.044196647814315204e+00
8.756737726825394308e-01 1.034713602703281277e+00
8.841919295004664336e-01 1.025212466497225305e+00
8.927929470798307010e-01 1.015700506167531048e+00
9.014776314524917122e-01 1.006169700169980752e+00
9.102467964910225806e-01 9.966267111926067068e-01
9.191012639849772681e-01 9.870738230946695113e-01
9.280418637179072006e-01 9.775119797913734976e-01
9.370694335451198453e-01 9.679449026942921197e-01
9.461848194722002336e-01 9.583719438550819536e-01
9.553888757342895444e-01 9.487989605882027888e-01
9.646824648761427312e-01 9.392218492884656378e-01
9.740664578329562007e-01 9.296438081234451589e-01
9.835417340119908536e-01 9.200737421811731043e-01
9.931091813749796104e-01 9.105064047399046290e-01
1.002769696521346621e+00 9.009471832843547467e-01
1.012524184772224167e+00 8.913941657141015718e-01
1.022373560255302127e+00 8.818539517080025147e-01
1.032318745990486564e+00 8.723248251187729618e-01
1.042360673976402197e+00 8.628128872156871632e-01
1.052500285277732761e+00 8.533161645880992241e-01
1.062738530113414459e+00 8.438374311054429588e-01
1.073076367945679621e+00 8.343817731742145805e-01
1.083514767569973225e+00 8.249450937908671122e-01
1.094054707205742494e+00 8.155338894159516183e-01
1.104697174588111785e+00 8.061480151072122347e-01
1.115443167060441221e+00 7.967894725542062906e-01
1.126293691667795249e+00 7.874596014655588228e-01
1.137249765251314271e+00 7.781646700989320875e-01
1.148312414543511073e+00 7.688983015696464474e-01
1.159482676264482759e+00 7.596706214740890362e-01
1.170761597219069250e+00 7.504754543920320042e-01
1.182150234394952371e+00 7.413224212474198715e-01
1.193649655061713055e+00 7.322064277557440715e-01
1.205260936870842681e+00 7.231318734722360642e-01
1.216985167956738056e+00 7.141026820090241589e-01
1.228823447038673411e+00 7.051151938400019858e-01
1.240776883523764251e+00 6.961745102291140297e-01
1.252846597610937529e+00 6.872830111363847916e-01
1.265033720395903893e+00 6.784386173245630092e-01
1.277339393977160009e+00 6.696449814163589753e-01
1.289764771563017165e+00 6.609080894424916863e-01
1.302311017579677488e+00 6.522123456118844587e-01
1.314979307780347773e+00 6.435832579525706532e-01
1.327770829355430449e+00 6.350057485862286022e-01
1.340686781043774811e+00 6.264832072851050926e-01
1.353728373245021821e+00 6.180217449110713135e-01
1.366896828133026487e+00 6.096168127579764118e-01
1.380193379770397355e+00 6.012749257875732445e-01
1.393619274224142002e+00 5.929939410381209752e-01
1.407175769682446731e+00 5.847741621567190684e-01
1.420864136572576708e+00 5.766209152546080130e-01
1.434685657679937831e+00 5.685276331615175538e-01
1.448641628268290127e+00 5.605032461703289837e-01
1.462733356201129986e+00 5.525470905412436240e-01
1.476962162064259898e+00 5.446526129942881322e-01
1.491329379289537682e+00 5.368300502512213246e-01
1.505836354279841416e+00 5.290746140431192845e-01
1.520484446535244283e+00 5.213877188027806753e-01
1.535275028780422657e+00 5.137755931746116334e-01
1.550209487093291205e+00 5.062294365101067672e-01
1.565289221034902312e+00 4.987546853403837521e-01
1.580515643780601165e+00 4.913537373331632319e-01
1.595890182252465817e+00 4.840243851011945542e-01
1.611414277253019778e+00 4.767674449711025164e-01
1.627089383600260675e+00 4.695846061658752180e-01
1.642916970263993193e+00 4.624759992217022386e-01
1.658898520503498064e+00 4.554384272217297247e-01
1.675035532006524441e+00 4.484763921123984254e-01
1.691329517029648732e+00 4.415898802883923557e-01
1.707782002539993016e+00 4.347798131287601842e-01
1.724394530358320354e+00 4.280415411401686798e-01
1.741168657303530987e+00 4.213775022996440467e-01
1.758105955338547632e+00 4.147899125679146426e-01
1.775208011717636092e+00 4.082810531827685829e-01
1.792476429135148930e+00 4.018442270538405969e-01
1.809912825875727105e+00 3.954832743756262481e-01
1.827518835965944666e+00 3.891973261817900931e-01
1.845296109327445366e+00 3.829859829786732006e-01
1.863246311931559873e+00 3.768525246301708265e-01
1.881371125955437096e+00 3.707928751602998507e-01
1.899672249939675650e+00 3.648088214713834376e-01
1.918151398947507635e+00 3.588988375798914388e-01
1.936810304725519849e+00 3.530617109529517461e-01
1.955650715865949074e+00 3.473027666036501704e-01
1.974674397970537454e+00 3.416168635314521529e-01
1.993883133816001019e+00 3.360048822813814229e-01
2.013278723521096492e+00 3.304649951415840059e-01
2.032862984715323673e+00 3.249994002684116756e-01
2.052637752709252084e+00 3.196077959947108416e-01
2.072604880666519822e+00 3.142890555646092321e-01
2.092766239777499759e+00 3.090417473406796289e-01
2.113123719434652603e+00 3.038657744996074994e-01
2.133679227409597701e+00 2.987623553093785578e-01
2.154434690031884259e+00 2.937286848401168271e-01
2.175392052369522489e+00 2.887669124657696873e-01
2.196553278411258248e+00 2.838746813134155333e-01
2.217920351250634692e+00 2.790533738763708027e-01
2.239495273271823184e+00 2.742987555210490425e-01
2.261280066337279404e+00 2.696139769436498579e-01
2.283276771977218012e+00 2.649971633891615164e-01
2.305487451580938707e+00 2.604489514522354554e-01
2.327914186589993051e+00 2.559661073500044681e-01
2.350559078693253756e+00 2.515507644744533478e-01
2.373424250023866033e+00 2.472000932520036220e-01
2.396511843358130278e+00 2.429157115647935516e-01
2.419824022316292567e+00 2.386957395091137968e-01
2.443362971565319341e+00 2.345389592255882338e-01
2.467130897023623426e+00 2.304464098774885727e-01
2.491130026067788439e+00 2.264160150101849345e-01
2.515362607741312928e+00 2.224475124995856923e-01
2.539830912965362675e+00 2.185420727938334751e-01
2.564537234751594674e+00 2.146966472336843124e-01
2.589483888417040802e+00 2.109095528501699901e-01
2.614673211801092023e+00 2.071847997371496497e-01
2.640107565484572927e+00 2.035175248982625806e-01
2.665789333010967876e+00 1.999082984089938231e-01
2.691720921109787668e+00 1.963573151635055747e-01
2.717904759922122881e+00 1.928618776063896478e-01
2.744343303228365283e+00 1.894246230779163820e-01
2.771039028678170535e+00 1.860413455106425806e-01
2.797994438022641805e+00 1.827137745010979086e-01
2.825212057348790218e+00 1.794399253016150664e-01
2.852694437316245057e+00 1.762183240168525289e-01
2.880444153396297668e+00 1.730521719312138329e-01
2.908463806113254169e+00 1.699369302624205991e-01
2.936756021288137397e+00 1.668724920000191903e-01
2.965323450284773621e+00 1.638594153470594728e-01
2.994168770258243573e+00 1.608964911233919659e-01
3.023294684405779531e+00 1.579829514014742253e-01
3.052703922220086241e+00 1.551183296130481670e-01
3.082399239745143404e+00 1.523016522304435350e-01
3.112383419834465759e+00 1.495320320419498694e-01
3.142659272411905569e+00 1.468099998324582933e-01
3.173229634734976212e+00 1.441335870917515027e-01
3.204097371660752813e+00 1.415030394398289482e-01
3.235265375914330388e+00 1.389172000829370091e-01
3.266736568359921655e+00 1.363755146609514912e-01
3.298513898274578082e+00 1.338765273785193499e-01
3.330600343624588788e+00 1.314209965087462240e-01
3.362998911344535991e+00 1.290094932173936060e-01
3.395712637619100693e+00 1.266378104340205590e-01
3.428744588167585317e+00 1.243069041269744962e-01
3.462097858531227423e+00 1.220166595689546191e-01
3.495775574363275240e+00 1.197671239429205364e-01
3.529780891721914671e+00 1.175570446333597530e-01
3.564116997366032269e+00 1.153847065243601699e-01
3.598787109053855460e+00 1.132500643261150491e-01
3.633794475844513094e+00 1.111528075235224400e-01
3.669142378402494131e+00 1.090931569637308973e-01
3.704834129305105694e+00 1.070699338280646784e-01
3.740873073352900313e+00 1.050820820918825504e-01
3.777262587883141176e+00 1.031289306933114297e-01
3.814006083086284082e+00 1.012101883788984885e-01
3.851107002325572903e+00 9.932590359020390669e-02
3.888568822459721019e+00 9.747584572533669889e-02
3.926395054168756449e+00 9.565815350864799449e-02
3.964589242282997805e+00 9.387231376801255522e-02
4.003154966115265445e+00 9.211841475202799112e-02
4.042095839796306045e+00 9.039630536839125818e-02
4.081415512613501662e+00 8.870515945075344022e-02
4.121117669352832635e+00 8.704418850950029762e-02
4.161206030644208020e+00 8.541294001625177046e-02
4.201684353310133346e+00 8.381099032180547304e-02
4.242556430717777438e+00 8.223781781893241272e-02
4.283826093134470270e+00 8.069326146158291302e-02
4.325497208086633627e+00 7.917651905515679656e-02
4.367573680722233398e+00 7.768737003761605475e-02
4.410059454176736615e+00 7.622455781048306789e-02
4.452958509942654963e+00 7.478894719202626440e-02
4.496274868242640110e+00 7.337902275576857480e-02
4.540012588406244554e+00 7.199470761855189527e-02
4.584175769250333765e+00 7.063604696697976804e-02
4.628768549463215365e+00 6.930135409995123730e-02
4.673795107992464004e+00 6.799142085445006312e-02
4.719259664436561863e+00 6.670537614245634905e-02
4.765166479440326341e+00 6.544276327889049505e-02
4.811519855094205766e+00 6.420326790559507946e-02
4.858324135337417360e+00 6.298641618577276169e-02
4.905583706365050922e+00 6.179178151335772834e-02
4.953302997039108924e+00 6.061896740671972317e-02
5.001486479303548727e+00 5.946811109146998148e-02
5.050138668603383785e+00 5.833822133019513079e-02
5.099264124307808288e+00 5.722858106629032798e-02
5.148867450137498025e+00 5.613996761392456292e-02
5.198953294596024399e+00 5.507112331832519220e-02
5.249526351405507718e+00 5.402211963167359576e-02
5.300591359946452030e+00 5.299221123719899396e-02
5.352153105701904501e+00 5.198137997127350030e-02
5.404216420705915347e+00 5.098959177682493155e-02
5.456786183996381823e+00 5.001562973159247999e-02
5.509867322072253160e+00 4.906020737088759992e-02
5.563464809355226137e+00 4.812106553829264416e-02
5.617583668655908191e+00 4.720114299432272981e-02
5.672228971644543094e+00 4.629782738140941767e-02
5.727405839326266346e+00 4.541092498764100899e-02
5.783119442521027054e+00 4.454045940106310386e-02
5.839375002348160315e+00 4.368627070638549104e-02
5.896177790715694478e+00 4.284790940168091422e-02
5.953533130814370189e+00 4.202526688454039094e-02
6.011446397616513337e+00 4.121796533607514218e-02
6.069923018379741464e+00 4.042536776134884186e-02
6.128968473155564034e+00 3.964774246516530876e-02
6.188588295302960063e+00 3.888472471619110887e-02
6.248788072006894012e+00 3.813575916697144186e-02
6.309573444801936049e+00 3.740080202891753192e-02
6.370950110100935149e+00 3.667973378834334108e-02
6.432923819728876502e+00 3.597180565429514837e-02
6.495500381461869033e+00 3.527776040827373949e-02
6.558685659571435345e+00 3.459594600478318321e-02
6.622485575374063238e+00 3.392731321769451580e-02
6.686906107786136921e+00 3.327096695595179593e-02
6.751953293884205287e+00 3.262687456428603472e-02
6.817633229470763112e+00 3.199518930905974334e-02
6.883952069645496330e+00 3.137520278874392915e-02
6.950916029382126382e+00 3.076690140435591955e-02
7.018531384110795912e+00 3.016986962274719603e-02
7.086804470306189430e+00 2.958407587497485086e-02
7.155741686081340980e+00 2.900938646805146029e-02
7.225349491787214085e+00 2.844547694212497951e-02
7.295634410618154320e+00 2.789213953536861731e-02
7.366603029223159460e+00 2.734932964697602345e-02
7.438261998323163482e+00 2.681660329016009869e-02
7.510618033334286459e+00 2.629394665134770354e-02
7.583677914997190683e+00 2.578123305211410185e-02
7.657448490012479958e+00 2.527334426283093377e-02
7.731936671682362316e+00 2.478456816588013589e-02
7.807149440558499798e+00 2.429473163860407930e-02
7.883093845096216690e+00 2.382505269418913260e-02
7.959777002314985417e+00 2.335896558766943978e-02
8.037206098465421888e+00 2.290164900540665044e-02
8.115388389702712146e+00 2.245294967470813988e-02
8.194331202766655053e+00 2.201272929443033946e-02
8.274041935668218883e+00 2.158083607221321712e-02
8.354528058382872047e+00 2.115722068719881610e-02
8.435797113550611570e+00 2.074158981808458049e-02
8.517856717182803905e+00 2.033380917129593360e-02
8.600714559375941093e+00 1.993396199945458164e-02
8.684378405032257220e+00 1.954134577000998796e-02
8.768856094587436090e+00 1.915371262639732619e-02
8.854155544745349715e+00 1.877880759303670807e-02
8.940284749219998162e+00 1.840827859895116311e-02
9.027251779484577909e+00 1.804482078615696553e-02
9.115064785527916769e+00 1.768849792831931472e-02
9.203731996618220279e+00 1.733865899833581317e-02
9.293261722074316111e+00 1.699557787386454105e-02
9.383662352044273902e+00 1.665912821670044452e-02
9.474942358291729150e+00 1.632899677375070080e-02
9.567110294989774388e+00 1.600522509684375316e-02
9.660174799522645017e+00 1.568760069900712942e-02
9.754144593295098531e+00 1.537610494583122045e-02
9.849028482549766039e+00 1.507048308322770681e-02
9.944835359192397917e+00 1.477071962820507289e-02
1.004157420162519543e+01 1.447674358142830853e-02
1.013925407558815373e+01 1.418837766974357685e-02
1.023788413500867378e+01 1.390553727834951785e-02
1.033747362285940774e+01 1.362804663060388811e-02
1.043803187202444072e+01 1.335601321998908242e-02
1.053956830617394580e+01 1.308910960007221742e-02
1.064209244064724658e+01 1.282735841500006087e-02
1.074561388334458023e+01 1.257064626396208092e-02
1.085014233562746178e+01 1.231885049053482208e-02
1.095568759322787855e+01 1.207191087652392456e-02
1.106225954716621906e+01 1.182975791185832126e-02
1.116986818467823817e+01 1.159200221564283227e-02
1.127852359015096795e+01 1.135918726852046430e-02
1.138823594606782130e+01 1.113077335494827569e-02
1.149901553396274245e+01 1.090673677792864532e-02
1.161087273538378994e+01 1.068703397728891849e-02
1.172381803286598512e+01 1.047152181724541817e-02
1.183786201091373513e+01 1.026021104839364151e-02
1.195301535699265827e+01 1.005298811837553215e-02
1.206928886253119870e+01 9.849779035142671238e-03
1.218669342393191712e+01 9.650496400733761873e-03
1.230524004359261525e+01 9.455079247873733606e-03
1.242493983093746479e+01 9.263428750937318171e-03
1.254580400345803248e+01 9.075672365767591468e-03
1.266784388776455827e+01 8.891331611946398650e-03
1.279107092064739781e+01 8.710611753208101840e-03
1.291549665014884063e+01 8.533512306777258152e-03
1.304113273664525430e+01 8.359719589465358300e-03
1.316799095393986185e+01 8.189400606819425762e-03
1.329608319036608854e+01 8.022362608939079612e-03
1.342542144990170527e+01 7.858614063107715111e-03
1.355601785329368880e+01 7.698342540091558661e-03
1.368788463919415221e+01 7.540601938823121748e-03
1.382103416530724438e+01 7.385825414596341142e-03
1.395547890954729020e+01 7.233583924938449643e-03
1.409123147120805619e+01 7.086541636300669293e-03
1.422830457214353395e+01 6.941093073529652595e-03
1.436671105796013137e+01 6.798474643707885269e-03
1.450646389922046886e+01 6.658654017551319734e-03
1.464757619265895272e+01 6.521589959186406028e-03
1.479006116240903168e+01 6.387187075021040494e-03
1.493393216124253264e+01 6.255456279391381075e-03
1.507920267182097263e+01 6.126304834634294788e-03
1.522588630795911513e+01 5.999692854545080577e-03
1.537399681590069456e+01 5.875593433995083929e-03
1.552354807560667105e+01 5.753911739870122208e-03
1.567455410205595001e+01 5.634656940976513761e-03
1.582702904655883280e+01 5.517742170905249981e-03
1.598098719808309376e+01 5.403131968117813599e-03
1.613644298459311699e+01 5.290810870116026930e-03
1.629341097440194730e+01 5.180678910433327879e-03
1.645190587753662470e+01 5.072762670515903842e-03
1.661194254711659113e+01 4.966981004269154995e-03
1.677353598074571295e+01 4.863293141426461123e-03
1.693670132191772026e+01 4.761660920522203626e-03
1.710145386143542012e+01 4.662047017072906349e-03
1.726780903884355922e+01 4.564430471720583998e-03
1.743578244387577669e+01 4.468752206397253769e-03
1.760538981791556523e+01 4.374961370434226823e-03
1.777664705547142532e+01 4.283052425241937015e-03
1.794957020566648254e+01 4.192988638366011017e-03
1.812417547374237614e+01 4.104717673387288553e-03
1.830047922257800863e+01 4.018200372812550346e-03
1.847849797422290763e+01 3.933430116464564467e-03
1.865824841144566193e+01 3.850406958423864805e-03
1.883974737929719367e+01 3.768814776155443840e-03
1.902301188668945642e+01 3.689167226114129731e-03
1.920805910798935301e+01 3.610984761461716840e-03
1.939490638462828542e+01 3.534372598261168938e-03
1.958357122672716955e+01 3.459282504097239801e-03
1.977407131473744428e+01 3.385770528553659793e-03
1.996642450109793288e+01 3.313714398637229285e-03
2.016064881190793656e+01 3.243013117846050078e-03
2.035676244861640072e+01 3.173902433651730991e-03
2.055478378972772546e+01 3.106122241574779935e-03
2.075473139252405730e+01 3.039707557864846331e-03
2.095662399480432825e+01 2.974633522781381517e-03
2.116048051664034446e+01 2.910886364180635850e-03
2.136632006214970403e+01 2.848280498254026055e-03
2.157416192128621546e+01 2.787247950658708513e-03
2.178402557164756459e+01 2.727291799696523588e-03
2.199593068030074861e+01 2.668617878648562626e-03
2.220989710562497521e+01 2.611046065265320605e-03
2.242594489917278011e+01 2.554689145766403467e-03
2.264409430754907504e+01 2.499486111432931007e-03
2.286436577430861306e+01 2.445365219522855314e-03
2.308677994187169702e+01 2.392436166471219143e-03
2.331135765345874944e+01 2.340546083285271681e-03
2.353811995504354471e+01 2.289745197394088636e-03
2.376708809732560823e+01 2.239955129416686206e-03
2.399828353772154799e+01 2.191178305233533984e-03
2.423172794237600769e+01 2.143445151114431197e-03
2.446744318819203201e+01 2.096672451909812034e-03
2.470545136488123816e+01 2.050868130980792580e-03
2.494577477703398571e+01 2.006002373163841192e-03
2.518843594620949489e+01 1.962060545004108529e-03
2.543345761304651020e+01 1.919047424772644256e-03
2.568086273939435316e+01 1.876902316669006292e-03
2.593067451046487548e+01 1.835637085191578390e-03
2.618291633700505372e+01 1.795227227119084541e-03
2.643761185749101372e+01 1.755657606163953544e-03
2.669478494034320804e+01 1.716905394460642225e-03
2.695445968616333587e+01 1.678966447123055429e-03
2.721666042999271795e+01 1.641811859628858295e-03
2.748141174359293259e+01 1.605434866465629915e-03
2.774873843774846804e+01 1.569815510977808472e-03
2.801866556459195223e+01 1.534933037703999255e-03
2.829121841995168651e+01 1.500800135402180621e-03
2.856642254572233952e+01 1.467457233540227874e-03
2.884430373225852051e+01 1.434638254607666346e-03
2.912488802079168337e+01 1.402596019458317430e-03
2.940820170587063842e+01 1.371227057911028873e-03
2.969427133782552986e+01 1.340517133826768514e-03
2.998312372525609959e+01 1.310453487439024959e-03
3.027478593754393543e+01 1.281027576561885812e-03
3.056928530738937155e+01 1.252215543286952851e-03
3.086664943337274636e+01 1.224018711487750554e-03
3.116690618254088463e+01 1.196413002052205314e-03
3.147008369301855879e+01 1.169389657914282144e-03
3.177621037664554038e+01 1.142951518228428609e-03
3.208531492163897525e+01 1.117066928715865822e-03
3.239742629528198847e+01 1.091732548573050689e-03
3.271257374663825601e+01 1.066938705530539938e-03
3.303078680929315425e+01 1.042672974961408611e-03
3.335209530412127066e+01 1.018920398943615538e-03
3.367652934208116022e+01 9.956793939018739742e-04
3.400411932703705986e+01 9.729359475160865005e-04
3.433489595860830690e+01 9.506776314143339365e-04
3.466889023504609213e+01 9.288950163710867807e-04
3.500613345613854221e+01 9.075856408528821867e-04
3.534665722614391115e+01 8.867289508399420856e-04
3.569049345675229290e+01 8.663251618373564878e-04
3.603767437007633134e+01 8.463508284589330195e-04
3.638823250167062184e+01 8.268160604983741798e-04
3.674220070358090595e+01 8.077005263444776142e-04
3.709961214742267543e+01 7.889973181850986521e-04
3.746050032748993175e+01 7.706991757274236216e-04
3.782489906389385936e+01 7.528034432469563053e-04
3.819284250573236505e+01 7.352870232683296958e-04
3.856436513429023449e+01 7.181510114255084233e-04
3.893950176627063087e+01 7.013945569659194978e-04
3.931828755705770106e+01 6.849984041824990237e-04
3.970075800401124155e+01 6.689581148774944403e-04
4.008694894979318946e+01 6.532694333650355305e-04
4.047689658572676308e+01 6.379289911348858151e-04
4.087063745518780422e+01 6.229239158678473269e-04
4.126820845702955864e+01 6.082404047465534563e-04
4.166964684904057492e+01 5.938774809725255125e-04
4.207499025143619065e+01 5.798399841156682590e-04
4.248427665038425260e+01 5.661052308558932279e-04
4.289754440156466586e+01 5.526759315809739049e-04
4.331483223376402947e+01 5.395360680429712877e-04
4.373617925250492533e+01 5.266955398651389057e-04
4.416162494371084790e+01 5.141344594913505343e-04
4.459120917740628443e+01 5.018516339283440528e-04
4.502497221145327444e+01 4.898430602778342706e-04
4.546295469532399380e+01 4.780989588089287257e-04
4.590519767391037220e+01 4.666173819203494667e-04
4.635174259137027519e+01 4.553871657503325357e-04
4.680263129501155817e+01 4.444094214549751875e-04
4.725790603921362276e+01 4.336781966310947656e-04
4.771760948938745628e+01 4.231860733005260596e-04
4.818178472597362827e+01 4.129355680960966569e-04
4.865047524847972937e+01 4.029184422879747386e-04
4.912372497955678341e+01 3.930965647014507533e-04
4.960157826911540724e+01 3.835147080897113783e-04
5.008407989848212338e+01 3.741471306279089558e-04
5.057127508459573306e+01 3.649907291173367513e-04
5.106320948424492911e+01 3.560379853973370443e-04
5.155992919834686461e+01 3.472908420281846354e-04
5.206148077626762216e+01 3.387429807943251000e-04
5.256791122018424289e+01 3.303888641617240400e-04
5.307926798948964375e+01 3.222215741733487626e-04
5.359559900524011766e+01 3.142390035438739730e-04
5.411695265464637572e+01 3.064399155885566160e-04
5.464337779560780461e+01 2.988256054429503988e-04
5.517492376129128928e+01 2.913647294906019421e-04
5.571164036475430237e+01 2.840919236424092886e-04
5.625357790361330501e+01 2.769782083912550883e-04
5.680078716475694733e+01 2.700283849376028541e-04
5.735331942910571712e+01 2.632405918866308875e-04
5.791122647641758192e+01 2.566082972419696652e-04
5.847456059014062646e+01 2.501249281366300036e-04
5.904337456231242243e+01 2.437948865540882839e-04
5.961772169850755887e+01 2.376062273060481039e-04
6.019765582283304184e+01 2.315618558394603099e-04
6.078323128297230227e+01 2.256588531731712715e-04
6.137450295527852973e+01 2.198919490208710564e-04
6.197152624991698389e+01 2.142575774403659278e-04
6.257435711605789663e+01 2.087548882894298737e-04
6.318305204711957401e+01 2.033793470395790456e-04
6.379766808606282069e+01 1.981292523882390651e-04
6.441826283073628190e+01 1.930017870394668466e-04
6.504489443927437264e+01 1.879947934188948234e-04
6.567762163554736787e+01 1.831043090028746257e-04
6.631650371466487570e+01 1.783257511442176918e-04
6.696160054853221766e+01 1.736636850444683161e-04
6.761297259146149941e+01 1.691076691461122913e-04
6.827068088583682481e+01 1.646417693639377498e-04
6.893478706783510290e+01 1.603138147576093427e-04
6.960535337320180815e+01 1.560754669562676650e-04
7.028244264308352740e+01 1.519335273928833902e-04
7.096611832991698066e+01 1.478914046917371094e-04
7.165644450337531168e+01 1.439426330909548621e-04
7.235348585637258623e+01 1.400847039603821294e-04
7.305730771112592947e+01 1.363264203635794849e-04
7.376797602527737752e+01 1.326526360230722114e-04
7.448555739807494547e+01 1.290645661785163657e-04
7.521011907661404905e+01 1.255688816509220292e-04
7.594172896213913759e+01 1.221485356763309397e-04
7.668045561640717267e+01 1.188128125705277505e-04
7.742636826811269657e+01 1.155557750649120183e-04
7.817953681937576960e+01 1.123775243512489558e-04
7.894003185229233566e+01 1.092755455955917902e-04
7.970792463554894880e+01 1.062492947256585702e-04
8.048328713110151966e+01 1.032951056124405251e-04
8.126619200091946027e+01 1.004131747228076491e-04
8.205671261379453085e+01 9.759796652397571620e-05
8.285492305221690401e+01 9.484965675128210051e-05
8.366089811931756515e+01 9.217100782430429681e-05
8.447471334587828551e+01 8.955833824476336011e-05
8.529644499741024788e+01 8.700069650049572004e-05
8.612617008130067120e+01 8.451169934711181468e-05
8.696396635402970787e+01 8.208075691074436832e-05
8.780991232845718741e+01 7.970983936954914540e-05
8.866408728118061333e+01 7.739607578266279443e-05
8.952657125996400111e+01 7.513855606023251170e-05
9.039744509123974581e+01 7.293477751098012215e-05
9.127679038768296493e+01 7.078521912019884038e-05
9.216468955586012157e+01 6.868892310821289257e-05
9.306122580395103228e+01 6.664206044254345678e-05
9.396648314954700254e+01 6.464709450094941693e-05
9.488054642752423717e+01 6.270116420174902145e-05
9.580350129799435877e+01 6.079967169683844129e-05
9.673543425433136633e+01 5.895432740098742962e-05
9.767643263127766318e+01 5.713742614639775660e-05
9.862658461312820180e+01 5.537366420164179328e-05
9.958597924199507645e+01 5.365241637491702172e-05
1.005547064261513555e+02 5.197016141104823594e-05
1.015328569484565975e+02 5.033314034848916527e-05
1.025205224748657002e+02 4.873472733435317772e-05
1.035177955630176285e+02 4.717573989992821984e-05
1.045247696709102172e+02 4.565352702122339956e-05
1.055415391656582784e+02 4.416870148182212093e-05
1.065681993323370733e+02 4.272011787750900057e-05
1.076048463829117878e+02 4.130724559525941671e-05
1.086515774652539505e+02 3.992700736782898188e-05
1.097084906722451905e+02 3.858165444049142497e-05
1.107756850509708642e+02 3.726634102759162200e-05
1.118532606120007102e+02 3.598441053061246796e-05
1.129413183387621018e+02 3.473252142419776327e-05
1.140399601970033103e+02 3.351048451672356579e-05
1.151492891443491402e+02 3.231761399855474022e-05
1.162694091399494027e+02 3.115237422443688920e-05
1.174004251542213098e+02 3.001465433445911442e-05
1.185424431786863977e+02 2.890369519871403657e-05
1.196955702359042846e+02 2.781849748168027778e-05
1.208599143895007444e+02 2.675771888897183771e-05
1.220355847542956980e+02 2.572059290998120071e-05
1.232226915065284345e+02 2.470728406027356618e-05
1.244213458941827213e+02 2.371607021396897867e-05
1.256316602474121424e+02 2.274680655431963159e-05
1.268537479890670454e+02 2.179773993882264807e-05
1.280877236453237629e+02 2.086869480463063634e-05
1.293337028564169486e+02 1.995866784393017298e-05
1.305918023874777987e+02 1.906681301011678943e-05
1.318621401394748602e+02 1.819185306629258217e-05
1.331448351602640230e+02 1.733311340088808061e-05
1.344400076557447221e+02 1.648934586674375419e-05
1.357477790011246839e+02 1.565971619343443298e-05
1.370682717522946348e+02 1.484273024260778977e-05
1.384016096573132870e+02 1.403706521529035819e-05
1.397479176680040780e+02 1.324125389313620470e-05
1.411073219516657957e+02 1.245367204478261069e-05
1.424799499028946457e+02 1.167220029968706501e-05
1.438659301555238414e+02 1.089454899977498688e-05
1.452653925946781328e+02 1.011779507070044716e-05
1.466784683689457722e+02 9.338244656750450024e-06
1.481052899026690000e+02 8.551224506061731051e-06
1.495459909083537866e+02 7.750266748656195806e-06
1.510007063992007659e+02 6.926127622569800008e-06
1.524695727017573006e+02 6.064606540906448003e-06
1.539527274686944622e+02 5.141661204819120377e-06
1.554503096917050300e+02 4.109891641206615782e-06
1.569624597145302403e+02 2.845046520837024040e-06
1.584893192461114211e+02 0.000000000000000000e+00
