1.000000000000000021e-02 1.886191950960552033e+00
1.009727545900835841e-02 1.886188049858836369e+00
1.019549716950923779e-02 1.886184062787624738e+00
1.029467433620748044e-02 1.886180006016978883e+00
1.039481625334708927e-02 1.886176029925852315e+00
1.049593230558227772e-02 1.886171966677382628e+00
1.059803196885688789e-02 1.886167802463338816e+00
1.070112481129246833e-02 1.886163545462794078e+00
1.080522049408488318e-02 1.886159203093682013e+00
1.091032877240974419e-02 1.886150432467134097e+00
1.101645949633656314e-02 1.886145873072137658e+00
1.112362261175187626e-02 1.886145536174026693e+00
1.123182816129126085e-02 1.886140754342498616e+00
1.134108628528052165e-02 1.886135863144368985e+00
1.145140722268592030e-02 1.886130855615525848e+00
1.156280131207376022e-02 1.886125744548081240e+00
1.167527899257919492e-02 1.886120516683499782e+00
1.178885080488457221e-02 1.886115173347347129e+00
1.190352739220719262e-02 1.886109720207124196e+00
1.201931950129673729e-02 1.886104171364964222e+00
1.213623798344241195e-02 1.886098471847693858e+00
1.225429379548980714e-02 1.886092643250507184e+00
1.237349800086776086e-02 1.886086698059426636e+00
1.249386177062509519e-02 1.886080618827245425e+00
1.261539638447754796e-02 1.886074376205814307e+00
1.273811323186478488e-02 1.886068176241215255e+00
1.286202381301779218e-02 1.886061816488670662e+00
1.298713974003655978e-02 1.886052528238516546e+00
1.311347273797833224e-02 1.886046041470877288e+00
1.324103464595636874e-02 1.886039462077402584e+00
1.336983741824946531e-02 1.886032810954458405e+00
1.349989312542219239e-02 1.886026017979314906e+00
1.363121395545611320e-02 1.886019094733627721e+00
1.376381221489191876e-02 1.886012026731880731e+00
1.389770032998276401e-02 1.886004785672027007e+00
1.403289084785873213e-02 1.885998693796831827e+00
1.416939643770268736e-02 1.885990952372259777e+00
1.430722989193757184e-02 1.885983045021859095e+00
1.444640412742520530e-02 1.885974942626602591e+00
1.458693218667675602e-02 1.885966621912445795e+00
1.472882723907502529e-02 1.885958113263921376e+00
1.487210258210860774e-02 1.885949398223382811e+00
1.501677164261799868e-02 1.885940661934838225e+00
1.516284797805393485e-02 1.885928322992066919e+00
1.531034527774784160e-02 1.885919347716827010e+00
1.545927736419477720e-02 1.885912151400317649e+00
1.560965819434872483e-02 1.885902601509036325e+00
1.576150186093060873e-02 1.885892835997747596e+00
1.591482259374891323e-02 1.885882862249943059e+00
1.606963476103326349e-02 1.885872736158004992e+00
1.622595287078087284e-02 1.885862413524549863e+00
1.638379157211618947e-02 1.885836266856746324e+00
1.654316565666366645e-02 1.885841110520579011e+00
1.670409005993399310e-02 1.885828917795388415e+00
1.686657986272368723e-02 1.885817402982193247e+00
1.703065029252844378e-02 1.885805563308767363e+00
1.719631672497009753e-02 1.885792625681881773e+00
1.736359468523754335e-02 1.885781264320621986e+00
1.753249984954170088e-02 1.885768825060676557e+00
1.770304804658450262e-02 1.885756146322018934e+00
1.787525525904235316e-02 1.885743489578216137e+00
1.804913762506383731e-02 1.885730619284538889e+00
1.822471143978214581e-02 1.885717448455289658e+00
1.840199315684210371e-02 1.885706247805077007e+00
1.858099938994215231e-02 1.885690302328614232e+00
1.876174691439120440e-02 1.885676326125832469e+00
1.894425266868081034e-02 1.885661998986985166e+00
1.912853375607242307e-02 1.885647548502593196e+00
1.931460744620030340e-02 1.885633897120852165e+00
1.950249117668984011e-02 1.885617742865453250e+00
1.969220255479172538e-02 1.885602401293042352e+00
1.988375935903200636e-02 1.885586746332755359e+00
2.007717954087816226e-02 1.885575606792741832e+00
2.027248122642137662e-02 1.885557868053624020e+00
2.046968271807520987e-02 1.885541223775538011e+00
2.066880249629082095e-02 1.885524198441278498e+00
2.086985922128879734e-02 1.885507027662205237e+00
2.107287173480786382e-02 1.885489651922135579e+00
2.127785906187062287e-02 1.885471970547963450e+00
2.148484041256648255e-02 1.885453924537638937e+00
2.169383518385184506e-02 1.885435571223726514e+00
2.190486296136792688e-02 1.885416759952552646e+00
2.211794352127614133e-02 1.885397495093690923e+00
2.233309683211144592e-02 1.885377794358806813e+00
2.255034305665360936e-02 1.885357623937700788e+00
2.276970255381680075e-02 1.885337082162443334e+00
2.299119588055741764e-02 1.885316294759744826e+00
2.321484379380064564e-02 1.885295036958298587e+00
2.344066725238556220e-02 1.885273343904987131e+00
2.366868741902936057e-02 1.885251239985434424e+00
2.389892566231050300e-02 1.885228710819467857e+00
2.413140355867127856e-02 1.885205879297473297e+00
2.436614289443983158e-02 1.885182570360199206e+00
2.460316566787181664e-02 1.885158987979321576e+00
2.484249409121190577e-02 1.885134943460226697e+00
2.508415059277539771e-02 1.885110375952716355e+00
2.532815781905008515e-02 1.885085226276003167e+00
2.557453863681850847e-02 1.885059617294058798e+00
2.582331613530085626e-02 1.885033458129896866e+00
2.607451362831877603e-02 1.885006696234684087e+00
2.632815465648021339e-02 1.884979378487799506e+00
2.658426298938541474e-02 1.884956851364415931e+00
2.684286262785454819e-02 1.884928397491790308e+00
2.710397780617682106e-02 1.884899565516198416e+00
2.736763299438163891e-02 1.884870060744282760e+00
2.763385290053169824e-02 1.884839976000401762e+00
2.790266247303856487e-02 1.884809269858585878e+00
2.817408690300057458e-02 1.884778279566330816e+00
2.844815162656363222e-02 1.884746631363901193e+00
2.872488232730495070e-02 1.884714314921721590e+00
2.900430493863991738e-02 1.884681263472815616e+00
2.928644564625237229e-02 1.884647416001183906e+00
2.957133089054861039e-02 1.884612862611999118e+00
2.985898736913520854e-02 1.884577537669963165e+00
3.014944203932094433e-02 1.884541671710499688e+00
3.044272212064302874e-02 1.884504196989544855e+00
3.073885509741795460e-02 1.884466624368831278e+00
3.103786872131722788e-02 1.884428412228430272e+00
3.133979101396793671e-02 1.884389190237874878e+00
3.164465026957891114e-02 1.884349234001203355e+00
3.195247505759213347e-02 1.884308514172201132e+00
3.226329422536015901e-02 1.884267320070270202e+00
3.257713690084949876e-02 1.884225203532975179e+00
3.289403249537032475e-02 1.884182284462746715e+00
3.321401070633261954e-02 1.884138788568282985e+00
3.353710152002930406e-02 1.884094426860051019e+00
3.386333521444636480e-02 1.884049227293971063e+00
3.419274236210027851e-02 1.884003323097056093e+00
3.452535383290306070e-02 1.883956537387712737e+00
3.486120079705520153e-02 1.883908839844133265e+00
3.520031472796678745e-02 1.883864121473525000e+00
3.554272740520694751e-02 1.883811522388971094e+00
3.588847091748199186e-02 1.883761482906845641e+00
3.623757766564258964e-02 1.883710219866696622e+00
3.659008036572020811e-02 1.883658066287539512e+00
3.694601205199302130e-02 1.883605215324943627e+00
3.730540608008161424e-02 1.883551255504709587e+00
3.766829613007490613e-02 1.883496047261544959e+00
3.803471620968648659e-02 1.883439660855937170e+00
3.840470065744145539e-02 1.883382433754138274e+00
3.877828414589457040e-02 1.883324061503979685e+00
3.915550168487941241e-02 1.883264524379514970e+00
3.953638862478930927e-02 1.883203570534730531e+00
3.992098065989020672e-02 1.883141065735867148e+00
4.030931383166566628e-02 1.883077671598770486e+00
4.070142453219438572e-02 1.883013372145724285e+00
4.109734950756069316e-02 1.882947215628719917e+00
4.149712586129815362e-02 1.882879493041247132e+00
4.190079105786669034e-02 1.882809367071222262e+00
4.230838292616342228e-02 1.882739067233011987e+00
4.271993966306778662e-02 1.882669023387924634e+00
4.313549983702118923e-02 1.882595882510600616e+00
4.355510239164130798e-02 1.882521359821075713e+00
4.397878664937160398e-02 1.882445608341548393e+00
4.440659231516640160e-02 1.882368126751216453e+00
4.483855948021186338e-02 1.882288818606986602e+00
4.527472862568297785e-02 1.882207756132852294e+00
4.571514062653719151e-02 1.882124833678468168e+00
4.615983675534499064e-02 1.882040947329602476e+00
4.660885868615767536e-02 1.881955335874426538e+00
4.706224849841281199e-02 1.881868104244265760e+00
4.752004868087766204e-02 1.881779379171733435e+00
4.798230213563085128e-02 1.881689002955591050e+00
4.844905218208294534e-02 1.881596920089220193e+00
4.892034256103611894e-02 1.881507323506922624e+00
4.939621743878321036e-02 1.881412261547285247e+00
4.987672141124663283e-02 1.881315789710656716e+00
5.036189950815770505e-02 1.881216575713254624e+00
5.085179719727656034e-02 1.881115402237273804e+00
5.134646038865306461e-02 1.881008564877487688e+00
5.184593543892913187e-02 1.880905456656760233e+00
5.235026915568305461e-02 1.880796365824900729e+00
5.285950880181603667e-02 1.880688119486021881e+00
5.337370209998133774e-02 1.880575502389449927e+00
5.389289723705643909e-02 1.880461827535052644e+00
5.441714286865893119e-02 1.880345660491809845e+00
5.494648812370611646e-02 1.880226975472819806e+00
5.548098260901916656e-02 1.880104982924315271e+00
5.602067641397187603e-02 1.879983715226744234e+00
5.656562011518465050e-02 1.879858836287572110e+00
5.711586478126431943e-02 1.879731965617093215e+00
5.767146197758996756e-02 1.879602743206001847e+00
5.823246377114527778e-02 1.879470514843485596e+00
5.879892273539785025e-02 1.879336190293979580e+00
5.937089195522609469e-02 1.879199529692451076e+00
5.994842503189409116e-02 1.879057792871259736e+00
6.053157608807464840e-02 1.878915483780454698e+00
6.112039977292132997e-02 1.878768735415167646e+00
6.171495126718981594e-02 1.878620236615324623e+00
6.231528628840921763e-02 1.878467483480704470e+00
6.292146109610344262e-02 1.878312097585481899e+00
6.353353249706343575e-02 1.878153314179469735e+00
6.415155785067082339e-02 1.877991579483970330e+00
6.477559507427335661e-02 1.877828546595682768e+00
6.540570264861225724e-02 1.877662786407192641e+00
6.604193962330305590e-02 1.877493426002876609e+00
6.668436562236895737e-02 1.877320486809758604e+00
6.733304084982863480e-02 1.877143972050394183e+00
6.798802609533814711e-02 1.876963528238927204e+00
6.864938273988777095e-02 1.876780049093054847e+00
6.931717276155408003e-02 1.876592812352441575e+00
6.999145874130821565e-02 1.876402141318520123e+00
7.067230386888070925e-02 1.876207277686021246e+00
7.135977194868306506e-02 1.876008705961676792e+00
7.205392740578704658e-02 1.875806064555232577e+00
7.275483529196229149e-02 1.875599110884096810e+00
7.346256129177256011e-02 1.875386469322354976e+00
7.417717172873124210e-02 1.875173870400867582e+00
7.489873357151664857e-02 1.874955265126882820e+00
7.562731444024800576e-02 1.874733353333014163e+00
7.636298261282241373e-02 1.874508004196304922e+00
7.710580703131336699e-02 1.874274561885591606e+00
7.785585730843146146e-02 1.874041158844131028e+00
7.861320373404813433e-02 1.873799977548021634e+00
7.937791728178281159e-02 1.873554388186459807e+00
8.015006961565404597e-02 1.873303751711868470e+00
8.092973309679550586e-02 1.873048575379659075e+00
8.171698079023696770e-02 1.872788789936683962e+00
8.251188647175167201e-02 1.872524050108830274e+00
8.331452463477014014e-02 1.872254575855393899e+00
8.412497049736118726e-02 1.871979412489585437e+00
8.494330000928071445e-02 1.871704098287578333e+00
8.576958985908941790e-02 1.871418851143077378e+00
8.660391748133952627e-02 1.871128388843893431e+00
8.744636106383144036e-02 1.870832199982620070e+00
8.829699955494091368e-02 1.870528859819852396e+00
8.915591267101763417e-02 1.870220669277337544e+00
9.002318090385581784e-02 1.869907966059113136e+00
9.089888552823731371e-02 1.869588708144963363e+00
9.178310860954806694e-02 1.869263104793768226e+00
9.267593301146882789e-02 1.868929838061679227e+00
9.357744240374062106e-02 1.868586913399521654e+00
9.448772127000577836e-02 1.868242929233109528e+00
9.540685491572513388e-02 1.867893452447552116e+00
9.633492947617222635e-02 1.867533938975997065e+00
9.727203192450542546e-02 1.867167170619511873e+00
9.821825007991856482e-02 1.866792906085569248e+00
9.917367261587073379e-02 1.866410985864548344e+00
1.001383890683960748e-01 1.866023462795800558e+00
1.011124898444945991e-01 1.865633858873839035e+00
1.020960662306047012e-01 1.865228671395733562e+00
1.030892104011576216e-01 1.864819295427312396e+00
1.040920154272158005e-01 1.864402774149841235e+00
1.051045752851944987e-01 1.863979285599599134e+00
1.061269848656690717e-01 1.863547123137769157e+00
1.071593399822671072e-01 1.863104971139594168e+00
1.082017373806478805e-01 1.862655208212737890e+00
1.092542747475682557e-01 1.862196220700305105e+00
1.103170507200377515e-01 1.861725259225635698e+00
1.113901648945616746e-01 1.861250808405453983e+00
1.124737178364751955e-01 1.860765618566815327e+00
1.135678110893671017e-01 1.860270629208227611e+00
1.146725471845963656e-01 1.859765001056373324e+00
1.157880296509002094e-01 1.859250650603170962e+00
1.169143630240966764e-01 1.858726561810753131e+00
1.180516528568804902e-01 1.858192527841129760e+00
1.192000057287153220e-01 1.857648162225058686e+00
1.203595292558212876e-01 1.857093467461454539e+00
1.215303321012602134e-01 1.856529470887990030e+00
1.227125239851190319e-01 1.855955535114141020e+00
1.239062156947916271e-01 1.855368115777798588e+00
1.251115190953615564e-01 1.854769562340235156e+00
1.263285471400849291e-01 1.854161578731256421e+00
1.275574138809759950e-01 1.853542440536300795e+00
1.287982344794950385e-01 1.852909341508415686e+00
1.300511252173409127e-01 1.852263996477395480e+00
1.313162035073478784e-01 1.851609624529578335e+00
1.325935879044890797e-01 1.850941944304538289e+00
1.338833981169864351e-01 1.850261901521704333e+00
1.351857550175293021e-01 1.849566605321748769e+00
1.365007806546013891e-01 1.848860565934501654e+00
1.378285982639189389e-01 1.848138035144689439e+00
1.391693322799789911e-01 1.847402232757686003e+00
1.405231083477211373e-01 1.846652635660903652e+00
1.418900533343016301e-01 1.845890782904871852e+00
1.432702953409830948e-01 1.845116384086722405e+00
1.446639637151387880e-01 1.844326537805387467e+00
1.460711890623745679e-01 1.843524296120971684e+00
1.474921032587684921e-01 1.842703988221633393e+00
1.489268394632288772e-01 1.841866923602256456e+00
1.503755321299738434e-01 1.841015447587549980e+00
1.518383170211306810e-01 1.840147651729489686e+00
1.533153312194593942e-01 1.839264845721799269e+00
1.548067131411984265e-01 1.838364314897934060e+00
1.563126025490369497e-01 1.837446438432850160e+00
1.578331405652117214e-01 1.836512876072784239e+00
1.593684696847328941e-01 1.835562116324429782e+00
1.609187337887370006e-01 1.834593653618713294e+00
1.624840781579713067e-01 1.833606076416715469e+00
1.640646494864078653e-01 1.832599928546611023e+00
1.656605958949914359e-01 1.831575121162722919e+00
1.672720669455196874e-01 1.830532933899729153e+00
1.688992136546599021e-01 1.829471901429394753e+00
1.705421885081006561e-01 1.828390535284848628e+00
1.722011454748421100e-01 1.827288303549787329e+00
1.738762400216251336e-01 1.826164359852194163e+00
1.755676291275001522e-01 1.825021594889798315e+00
1.772754712985387948e-01 1.823859316628505534e+00
1.789999265826875408e-01 1.822676089680105971e+00
1.807411565847668600e-01 1.821469645720445341e+00
1.824993244816152382e-01 1.820241111625006569e+00
1.842745950373816666e-01 1.818989757146864061e+00
1.860671346189656239e-01 1.817713237501725088e+00
1.878771112116086051e-01 1.816416662795491854e+00
1.897046944346358344e-01 1.815096784219881965e+00
1.915500555573527997e-01 1.813752151301919247e+00
1.934133675150944698e-01 1.812384854870059847e+00
1.952948049254327745e-01 1.810992235278577445e+00
1.971945441045395986e-01 1.809571617261468868e+00
1.991127630837108697e-01 1.808125630900986325e+00
2.010496416260497965e-01 1.806656977314331058e+00
2.030053612433137811e-01 1.805157896400349404e+00
2.049801052129238688e-01 1.803633873917553920e+00
2.069740585951406198e-01 1.802081064972743452e+00
2.089874082504071251e-01 1.800500356766357557e+00
2.110203428568595552e-01 1.798892541269283551e+00
2.130730529280097374e-01 1.797258012016205164e+00
2.151457308305980698e-01 1.795593067061056702e+00
2.172385708026215445e-01 1.793899438777140309e+00
2.193517689715359098e-01 1.792173387747880930e+00
2.214855233726360506e-01 1.790417188467836818e+00
2.236400339676138660e-01 1.788628503386605395e+00
2.258155026632983065e-01 1.786809694397144765e+00
2.280121333305757114e-01 1.784959533954559641e+00
2.302301318234963867e-01 1.783077812243109017e+00
2.324697059985647851e-01 1.781162960945708029e+00
2.347310657342196183e-01 1.779213080167501460e+00
2.370144229505012079e-01 1.777229274528660197e+00
2.393199916289123208e-01 1.775208463360085975e+00
2.416479878324700736e-01 1.773154305211304571e+00
2.439986297259550130e-01 1.771067546487075761e+00
2.463721375963552895e-01 1.768943233794495695e+00
2.487687338735107279e-01 1.766780906034070675e+00
2.511886431509580686e-01 1.764582765134860898e+00
2.536320922069775774e-01 1.762343130277616687e+00
2.560993100258459609e-01 1.760066010195510344e+00
2.585905278192945911e-01 1.757750744366348705e+00
2.611059790481781162e-01 1.755402386026314820e+00
2.636458994443517945e-01 1.753008369671379629e+00
2.662105270327638773e-01 1.750569534154342355e+00
2.688001021537606006e-01 1.748094710168800692e+00
2.714148674856106669e-01 1.745576213054909065e+00
2.740550680672460548e-01 1.743020320945213752e+00
2.767209513212268712e-01 1.740415707617654739e+00
2.794127670769268601e-01 1.737763354661013171e+00
2.821307675939472293e-01 1.735078984291334558e+00
2.848752075857552413e-01 1.732345928710470107e+00
2.876463442435557849e-01 1.729564165951664290e+00
2.904444372603925406e-01 1.726735570188244306e+00
2.932697488554852905e-01 1.723862766708296412e+00
2.961225437988035947e-01 1.720943960033084252e+00
2.990030894358785551e-01 1.717976923835643932e+00
3.019116557128577738e-01 1.714958612479932976e+00
3.048485152018017286e-01 1.711894511678117459e+00
3.078139431262288950e-01 1.708780110452871703e+00
3.108082173869063936e-01 1.705617400978052478e+00
3.138316185878944342e-01 1.702401797908910774e+00
3.168844300628416155e-01 1.699134362635976059e+00
3.199669379015380732e-01 1.695815063336818085e+00
3.230794309767249795e-01 1.692442414090617797e+00
3.262222009711669979e-01 1.689018595079590623e+00
3.293955424049855307e-01 1.685544544460662486e+00
3.325997526632606949e-01 1.682009760605704951e+00
3.358351320238990301e-01 1.678419662120639533e+00
3.391019836857747105e-01 1.674776151198674734e+00
3.424006137971423724e-01 1.671076870668033010e+00
3.457313314843284413e-01 1.667321858818998859e+00
3.490944488806992929e-01 1.663508762521909157e+00
3.524902811559130766e-01 1.659636346110219485e+00
3.559191465454557002e-01 1.655703898441503785e+00
3.593813663804627523e-01 1.651714432307970215e+00
3.628772651178337472e-01 1.647663927783321158e+00
3.664071703706370808e-01 1.643556777824620729e+00
3.699714129388128048e-01 1.639384779832303130e+00
3.735703268401719401e-01 1.635153747543741432e+00
3.772042493416999376e-01 1.630857755399090392e+00
3.808735209911614517e-01 1.626502355906338959e+00
3.845784856490158665e-01 1.622081146758739489e+00
3.883194905206404091e-01 1.617596556421159404e+00
3.920968861888690649e-01 1.613050918990475813e+00
3.959110266468458539e-01 1.608437009520155225e+00
3.997622693312000708e-01 1.603761552659947798e+00
4.036509751555413805e-01 1.599017164359974430e+00
4.075775085442840395e-01 1.594206682890799032e+00
4.115422374667966343e-01 1.589331172104287759e+00
4.155455334718875515e-01 1.584387241342523511e+00
4.195877717226225712e-01 1.579377060910147401e+00
4.236693310314835759e-01 1.574300367035780468e+00
4.277905938958687093e-01 1.569152922430010255e+00
4.319519465339363706e-01 1.563935281139267719e+00
4.361537789208005944e-01 1.558651153294196456e+00
4.403964848250754294e-01 1.553298906661325196e+00
4.446804618457780300e-01 1.547872353428672021e+00
4.490061114495874639e-01 1.542382201930292629e+00
4.533738390084691150e-01 1.536815131516373834e+00
4.577840538376618529e-01 1.531180734721294900e+00
4.622371692340384031e-01 1.525475258714215965e+00
4.667336025148346446e-01 1.519695721206349326e+00
4.712737750567601580e-01 1.513851612667918456e+00
4.758581123354846953e-01 1.507924373578891419e+00
4.804870439655131720e-01 1.501935590511889851e+00
4.851610037404442966e-01 1.495873891407391687e+00
4.898804296736250508e-01 1.489734163446704507e+00
4.946457640391963562e-01 1.483529007500088648e+00
4.994574534135413635e-01 1.477246555629628588e+00
5.043159487171361421e-01 1.470893753520790881e+00
5.092217052568053237e-01 1.464467558272175118e+00
5.141751827683928022e-01 1.457970899361304085e+00
5.191768454598426619e-01 1.451400607622268524e+00
5.242271620547044320e-01 1.444756818484794536e+00
5.293266058360561743e-01 1.438043632007103723e+00
5.344756546908600026e-01 1.431256844764228431e+00
5.396747911547442600e-01 1.424400097629564765e+00
5.449245024572260121e-01 1.417467261686820246e+00
5.502252805673685243e-01 1.410465968331559239e+00
5.555776222398878250e-01 1.403396419418436736e+00
5.609820290617031358e-01 1.396253275290927576e+00
5.664390074989449353e-01 1.389034839091604079e+00
5.719490689444144405e-01 1.381752719623669412e+00
5.775127297655114900e-01 1.374395917470641715e+00
5.831305113526221717e-01 1.366973748102199515e+00
5.888029401679826247e-01 1.359479304056907312e+00
5.945305477950136863e-01 1.351918072003225557e+00
6.003138709881384871e-01 1.344287832499420965e+00
6.061534517230839914e-01 1.336593358820513222e+00
6.120498372476699256e-01 1.328828271433779573e+00
6.180035801330957534e-01 1.320999600377503080e+00
6.240152383257209223e-01 1.313102960884959813e+00
6.300853751993553686e-01 1.305142461262329467e+00
6.362145596080520660e-01 1.297121599701022809e+00
6.424033659394193796e-01 1.289029239968687568e+00
6.486523741684461219e-01 1.280888083961556179e+00
6.549621699118558515e-01 1.272670122294737860e+00
6.613333444829840868e-01 1.264400588303178141e+00
6.677664949471955325e-01 1.256072188755282371e+00
6.742622241778342129e-01 1.247681464229391191e+00
6.808211409127237213e-01 1.239235972080535930e+00
6.874438598112112553e-01 1.230729576913106138e+00
6.941310015117725385e-01 1.222173680876382784e+00
7.008831926901714082e-01 1.213558812993058789e+00
7.077010661181889484e-01 1.204894960909056900e+00
7.145852607229240538e-01 1.196177744207401528e+00
7.215364216466665370e-01 1.187407212155767056e+00
7.285552003073593186e-01 1.178591002524509213e+00
7.356422544596413760e-01 1.169726139935737041e+00
7.427982482564918776e-01 1.160812933705344108e+00
7.500238523114668432e-01 1.151857055816762898e+00
7.573197437615483141e-01 1.142858706159550763e+00
7.646866063305975958e-01 1.133811937698123495e+00
7.721251303934327792e-01 1.124732489469948193e+00
7.796360130405233235e-01 1.115609313557056392e+00
7.872199581433195759e-01 1.106447117312187034e+00
7.948776764202123424e-01 1.097253406081298399e+00
8.026098855031396084e-01 1.088022266811087935e+00
8.104173100048355227e-01 1.078757809068748408e+00
8.183006815867394090e-01 1.069465386361252879e+00
8.262607390275591435e-01 1.060143332852008236e+00
8.342982282925082149e-01 1.050789834037264781e+00
8.424139026032094746e-01 1.041413364226982052e+00
8.506085225082840040e-01 1.032011763713809760e+00
8.588828559546254349e-01 1.022592858905630564e+00
8.672376783593644944e-01 1.013147757907453705e+00
8.756737726825394308e-01 1.003685324421613956e+00
8.841919295004664336e-01 9.942055673496397183e-01
8.927929470798307010e-01 9.847158237774432665e-01
9.014776314524917122e-01 9.752075352569249400e-01
9.102467964910225806e-01 9.657376094848397763e-01
9.191012639849772681e-01 9.561641390733285339e-01
9.280418637179072006e-01 9.466302848032530637e-01
9.370694335451198453e-01 9.370923712898970859e-01
9.461848194722002336e-01 9.275495167900785765e-01
9.553888757342895444e-01 9.180073440253450068e-01
9.646824648761427312e-01 9.084648574371613217e-01
9.740664578329562007e-01 8.989220469310111872e-01
9.835417340119908536e-01 8.893880654056145474e-01
9.931091813749796104e-01 8.798584749190594412e-01
1.002769696521346621e+00 8.703688306480896753e-01
1.012524184772224167e+00 8.608271651057454177e-01
1.022373560255302127e+00 8.513236396335633893e-01
1.032318745990486564e+00 8.418433029756688946e-01
1.042360673976402197e+00 8.323772208123567662e-01
1.052500285277732761e+00 8.228864186436222194e-01
1.062738530113414459e+00 8.134507724969199938e-01
1.073076367945679621e+00 8.040895947042374647e-01
1.083514767569973225e+00 7.947042027665890407e-01
1.094054707205742494e+00 7.853457906590965987e-01
1.104697174588111785e+00 7.760123713735584960e-01
1.115443167060441221e+00 7.667116776163142022e-01
1.126293691667795249e+00 7.574401990776237215e-01
1.137249765251314271e+00 7.482032667783374835e-01
1.148312414543511073e+00 7.389974107997204777e-01
1.159482676264482759e+00 7.296940646141306663e-01
1.170761597219069250e+00 7.206493132433464677e-01
1.182150234394952371e+00 7.116123221404616617e-01
1.193649655061713055e+00 7.025630181008958308e-01
1.205260936870842681e+00 6.935566938284193350e-01
1.216985167956738056e+00 6.845977152026055945e-01
1.228823447038673411e+00 6.756810326663801325e-01
1.240776883523764251e+00 6.668146828404015736e-01
1.252846597610937529e+00 6.579959293570768475e-01
1.265033720395903893e+00 6.492273556175623961e-01
1.277339393977160009e+00 6.405110522840836706e-01
1.289764771563017165e+00 6.318510311045575367e-01
1.302311017579677488e+00 6.232401176190895953e-01
1.314979307780347773e+00 6.146903400971288622e-01
1.327770829355430449e+00 6.061959264043533802e-01
1.340686781043774811e+00 5.977575727429529362e-01
1.353728373245021821e+00 5.893827638923961887e-01
1.366896828133026487e+00 5.810658430188798684e-01
1.380193379770397355e+00 5.728125392968294038e-01
1.393619274224142002e+00 5.646219641238671150e-01
1.407175769682446731e+00 5.564940103342308486e-01
1.420864136572576708e+00 5.484339739571125749e-01
1.434685657679937831e+00 5.404350880888207920e-01
1.448641628268290127e+00 5.325068255441893772e-01
1.462733356201129986e+00 5.246475362921293462e-01
1.476962162064259898e+00 5.168520568544365812e-01
1.491329379289537682e+00 5.091294149308572825e-01
1.505836354279841416e+00 5.014751599425086859e-01
1.520484446535244283e+00 4.938907982130277263e-01
1.535275028780422657e+00 4.863823987026890117e-01
1.550209487093291205e+00 4.789411597319724878e-01
1.565289221034902312e+00 4.715727699289317676e-01
1.580515643780601165e+00 4.642792537280135967e-01
1.595890182252465817e+00 4.570585547037967489e-01
1.611414277253019778e+00 4.499114323991096343e-01
1.627089383600260675e+00 4.428394995967591674e-01
1.642916970263993193e+00 4.358427275349122110e-01
1.658898520503498064e+00 4.289186690989893469e-01
1.675035532006524441e+00 4.220689766047183711e-01
1.691329517029648732e+00 4.152997423533636434e-01
1.707782002539993016e+00 4.086067638905971355e-01
1.724394530358320354e+00 4.019856008707022865e-01
1.741168657303530987e+00 3.954400984831000221e-01
1.758105955338547632e+00 3.889720773859518532e-01
1.775208011717636092e+00 3.825836699755932879e-01
1.792476429135148930e+00 3.762684564500348161e-01
1.809912825875727105e+00 3.700295236830416501e-01
1.827518835965944666e+00 3.638669965914252957e-01
1.845296109327445366e+00 3.577800523761904272e-01
1.863246311931559873e+00 3.517716647453196233e-01
1.881371125955437096e+00 3.458378340713119115e-01
1.899672249939675650e+00 3.399807591331130419e-01
1.918151398947507635e+00 3.341978655854320190e-01
1.936810304725519849e+00 3.284896880045872769e-01
1.955650715865949074e+00 3.228598756489194921e-01
1.974674397970537454e+00 3.173039039679518836e-01
1.993883133816001019e+00 3.118382844133568144e-01
2.013278723521096492e+00 3.064138605080568567e-01
2.032862984715323673e+00 3.010805358382758201e-01
2.052637752709252084e+00 2.958215337723146265e-01
2.072604880666519822e+00 2.906359011805758619e-01
2.092766239777499759e+00 2.855231099742385203e-01
2.113123719434652603e+00 2.804810184703870890e-01
2.133679227409597701e+00 2.755130494023479981e-01
2.154434690031884259e+00 2.705923764293019507e-01
2.175392052369522489e+00 2.657894897685312841e-01
2.196553278411258248e+00 2.610340058550416065e-01
2.217920351250634692e+00 2.563498950255722608e-01
2.239495273271823184e+00 2.517329915966491916e-01
2.261280066337279404e+00 2.471863643967903701e-01
2.283276771977218012e+00 2.427081142701878469e-01
2.305487451580938707e+00 2.382988456413517586e-01
2.327914186589993051e+00 2.339563255297847921e-01
2.350559078693253756e+00 2.296797453063564032e-01
2.373424250023866033e+00 2.254691649882697990e-01
2.396511843358130278e+00 2.213252436892808039e-01
2.419824022316292567e+00 2.172455407685154050e-01
2.443362971565319341e+00 2.132300962689455404e-01
2.467130897023623426e+00 2.092788749389299374e-01
2.491130026067788439e+00 2.053897161633030100e-01
2.515362607741312928e+00 2.015633409611201632e-01
2.539830912965362675e+00 1.977997841060144812e-01
2.564537234751594674e+00 1.940970686812035495e-01
2.589483888417040802e+00 1.904517696783958325e-01
2.614673211801092023e+00 1.868694240431267584e-01
2.640107565484572927e+00 1.833445217140232397e-01
2.665789333010967876e+00 1.798789922498796601e-01
2.691720921109787668e+00 1.764700624708530619e-01
2.717904759922122881e+00 1.731175376467951887e-01
2.744343303228365283e+00 1.698231788977056789e-01
2.771039028678170535e+00 1.665828856030376615e-01
2.797994438022641805e+00 1.633984367673669280e-01
2.825212057348790218e+00 1.602674487083231847e-01
2.852694437316245057e+00 1.571891976029291815e-01
2.880444153396297668e+00 1.541656656183421625e-01
2.908463806113254169e+00 1.511933221730243360e-01
2.936756021288137397e+00 1.482717397376495938e-01
2.965323450284773621e+00 1.454014254787179550e-01
2.994168770258243573e+00 1.425811591748507579e-01
3.023294684405779531e+00 1.398105022134585596e-01
3.052703922220086241e+00 1.370881398618334079e-01
3.082399239745143404e+00 1.344134510139546046e-01
3.112383419834465759e+00 1.317860938143995964e-01
3.142659272411905569e+00 1.292058714137992725e-01
3.173229634734976212e+00 1.266713801752112345e-01
3.204097371660752813e+00 1.241822151081733577e-01
3.235265375914330388e+00 1.217377082362599006e-01
3.266736568359921655e+00 1.193371139910447409e-01
3.298513898274578082e+00 1.169791337183117563e-01
3.330600343624588788e+00 1.146639783046662642e-01
3.362998911344535991e+00 1.123924836117686232e-01
3.395712637619100693e+00 1.101609744263420121e-01
3.428744588167585317e+00 1.079700519561752475e-01
3.462097858531227423e+00 1.058189603066425066e-01
3.495775574363275240e+00 1.037082964301209442e-01
3.529780891721914671e+00 1.016368020061607785e-01
3.564116997366032269e+00 9.960278494475151290e-02
3.598787109053855460e+00 9.760602345489841070e-02
3.633794475844513094e+00 9.564632298844789882e-02
3.669142378402494131e+00 9.372378234984160561e-02
3.704834129305105694e+00 9.183731590971298819e-02
3.740873073352900313e+00 8.998561250051598237e-02
3.777262587883141176e+00 8.816838849057827276e-02
3.814006083086284082e+00 8.638508116687812488e-02
3.851107002325572903e+00 8.463588797058158031e-02
3.888568822459721019e+00 8.291994253418738525e-02
3.926395054168756449e+00 8.123619297762309233e-02
3.964589242282997805e+00 7.958398265477864553e-02
4.003154966115265445e+00 7.796309527440305198e-02
4.042095839796306045e+00 7.637345940505251007e-02
4.081415512613501662e+00 7.481424680291766383e-02
4.121117669352832635e+00 7.328469559386678600e-02
4.161206030644208020e+00 7.178430328033624797e-02
4.201684353310133346e+00 7.031268790494706045e-02
4.242556430717777438e+00 6.886929901364075013e-02
4.283826093134470270e+00 6.745395128452719158e-02
4.325497208086633627e+00 6.606583354425037136e-02
4.367573680722233398e+00 6.470467348802447227e-02
4.410059454176736615e+00 6.336946379896551962e-02
4.452958509942654963e+00 6.206045347103746057e-02
4.496274868242640110e+00 6.077682203151889978e-02
4.540012588406244554e+00 5.951811077358090674e-02
4.584175769250333765e+00 5.828439292755461382e-02
4.628768549463215365e+00 5.707420182801347525e-02
4.673795107992464004e+00 5.588782669239023698e-02
4.719259664436561863e+00 5.472480029187597184e-02
4.765166479440326341e+00 5.358464702085430353e-02
4.811519855094205766e+00 5.246686703329035695e-02
4.858324135337417360e+00 5.137107111640064339e-02
4.905583706365050922e+00 5.029675639276949550e-02
4.953302997039108924e+00 4.924389734370292898e-02
5.001486479303548727e+00 4.821174741480676457e-02
5.050138668603383785e+00 4.720032258143721376e-02
5.099264124307808288e+00 4.620837475758132057e-02
5.148867450137498025e+00 4.523667072517327525e-02
5.198953294596024399e+00 4.428407876065083154e-02
5.249526351405507718e+00 4.335055941491888776e-02
5.300591359946452030e+00 4.243557716202746299e-02
5.352153105701904501e+00 4.153879769768792363e-02
5.404216420705915347e+00 4.066034566136893930e-02
5.456786183996381823e+00 3.979911044659195651e-02
5.509867322072253160e+00 3.895549410525791373e-02
5.563464809355226137e+00 3.812765856042182877e-02
5.617583668655908191e+00 3.731823499566410546e-02
5.672228971644543094e+00 3.652439965396410415e-02
5.727405839326266346e+00 3.574656224330315102e-02
5.783119442521027054e+00 3.498417913412123215e-02
5.839375002348160315e+00 3.423742199782148221e-02
5.896177790715694478e+00 3.350574750589385697e-02
5.953533130814370189e+00 3.278904479078981887e-02
6.011446397616513337e+00 3.208689369193446633e-02
6.069923018379741464e+00 3.139873885994354935e-02
6.128968473155564034e+00 3.072474849178193426e-02
6.188588295302960063e+00 3.006454795994572063e-02
6.248788072006894012e+00 2.941780322188442334e-02
6.309573444801936049e+00 2.878417087340173069e-02
6.370950110100935149e+00 2.816370381868921191e-02
6.432923819728876502e+00 2.755557410901179546e-02
6.495500381461869033e+00 2.696020959678112686e-02
6.558685659571435345e+00 2.637695701244388569e-02
6.622485575374063238e+00 2.580583132995971710e-02
6.686906107786136921e+00 2.524622529674950752e-02
6.751953293884205287e+00 2.469821764075738960e-02
6.817633229470763112e+00 2.416153700865428938e-02
6.883952069645496330e+00 2.363590735537287116e-02
6.950916029382126382e+00 2.312127292058418701e-02
7.018531384110795912e+00 2.261707648341348270e-02
7.086804470306189430e+00 2.212339699289387132e-02
7.155741686081340980e+00 2.163996070504161165e-02
7.225349491787214085e+00 2.116656761317148652e-02
7.295634410618154320e+00 2.070300177342460773e-02
7.366603029223159460e+00 2.024913071336597106e-02
7.438261998323163482e+00 1.980460198229012231e-02
7.510618033334286459e+00 1.936942844189105950e-02
7.583677914997190683e+00 1.894332277334069212e-02
7.657448490012479958e+00 1.852179383275808638e-02
7.731936671682362316e+00 1.811761597082368891e-02
7.807149440558499798e+00 1.771290114560526360e-02
7.883093845096216690e+00 1.732609897927325782e-02
7.959777002314985417e+00 1.694282103746557258e-02
8.037206098465421888e+00 1.656757131097929062e-02
8.115388389702712146e+00 1.620017248619846917e-02
8.194331202766655053e+00 1.584049664984467712e-02
8.274041935668218883e+00 1.548842796026529516e-02
8.354528058382872047e+00 1.514381478135030587e-02
8.435797113550611570e+00 1.480645812524763322e-02
8.517856717182803905e+00 1.447206679678361696e-02
8.600714559375941093e+00 1.415312179610899064e-02
8.684378405032257220e+00 1.383656039937158737e-02
8.768856094587436090e+00 1.352469801368369647e-02
8.854155544745349715e+00 1.322390519255723339e-02
8.940284749219998162e+00 1.292720370134755117e-02
9.027251779484577909e+00 1.263686438691707936e-02
9.115064785527916769e+00 1.235284508358484856e-02
9.203731996618220279e+00 1.207463824652593026e-02
9.293261722074316111e+00 1.180248945297393548e-02
9.383662352044273902e+00 1.153616339008357687e-02
9.474942358291729150e+00 1.127551472220723189e-02
9.567110294989774388e+00 1.102050981772401995e-02
9.660174799522645017e+00 1.077092152236984804e-02
9.754144593295098531e+00 1.052671783614088710e-02
9.849028482549766039e+00 1.028774564171522701e-02
9.944835359192397917e+00 1.005394168509677992e-02
1.004157420162519543e+01 9.825148488723506671e-03
1.013925407558815373e+01 9.601304538640277955e-03
1.023788413500867378e+01 9.382293501028281246e-03
1.033747362285940774e+01 9.167995436500271655e-03
1.043803187202444072e+01 8.958367082265676976e-03
1.053956830617394580e+01 8.753125406735355954e-03
1.064209244064724658e+01 8.552605808456294548e-03
1.074561388334458023e+01 8.356054522557342795e-03
1.085014233562746178e+01 8.164283375154113981e-03
1.095568759322787855e+01 7.976432377932994242e-03
1.106225954716621906e+01 7.792700883402415082e-03
1.116986818467823817e+01 7.612772737223711186e-03
1.127852359015096795e+01 7.437068672381824501e-03
1.138823594606782130e+01 7.265123926962033241e-03
1.149901553396274245e+01 7.096916312413621003e-03
1.161087273538378994e+01 6.932378209741942021e-03
1.172381803286598512e+01 6.771451398757233342e-03
1.183786201091373513e+01 6.614070222894151592e-03
1.195301535699265827e+01 6.459976157118532680e-03
1.206928886253119870e+01 6.309606349465450223e-03
1.218669342393191712e+01 6.162383976924096750e-03
1.230524004359261525e+01 6.018418059652737816e-03
1.242493983093746479e+01 5.877604673325543573e-03
1.254580400345803248e+01 5.740035607752187220e-03
1.266784388776455827e+01 5.605345342756156216e-03
1.279107092064739781e+01 5.473677708485316998e-03
1.291549665014884063e+01 5.344977759197401881e-03
1.304113273664525430e+01 5.219081476906013359e-03
1.316799095393986185e+01 5.096023537069355007e-03
1.329608319036608854e+01 4.975694578808345127e-03
1.342542144990170527e+01 4.858062618678374821e-03
1.355601785329368880e+01 4.743272482980401966e-03
1.368788463919415221e+01 4.630591899228216936e-03
1.382103416530724438e+01 4.520317969998028339e-03
1.395547890954729020e+01 4.413160476169638614e-03
1.409123147120805619e+01 4.308153124740011185e-03
1.422830457214353395e+01 4.205480683630282747e-03
1.436671105796013137e+01 4.105097494847148760e-03
1.450646389922046886e+01 4.006976472393198978e-03
1.464757619265895272e+01 3.911021208791190702e-03
1.479006116240903168e+01 3.817319731141703611e-03
1.493393216124253264e+01 3.725637957565148661e-03
1.507920267182097263e+01 3.636147939988163425e-03
1.522588630795911513e+01 3.548620099209499716e-03
1.537399681590069456e+01 3.463092787832224451e-03
1.552354807560667105e+01 3.379490105836780497e-03
1.567455410205595001e+01 3.297801465483221357e-03
1.582702904655883280e+01 3.217965429399986203e-03
1.598098719808309376e+01 3.139948742734599996e-03
1.613644298459311699e+01 3.063722459663501766e-03
1.629341097440194730e+01 2.989229713611501853e-03
1.645190587753662470e+01 2.916437898818909080e-03
1.661194254711659113e+01 2.845335069508708303e-03
1.677353598074571295e+01 2.775851687440340516e-03
1.693670132191772026e+01 2.707961959189132684e-03
1.710145386143542012e+01 2.641630905283033279e-03
1.726780903884355922e+01 2.576840119802635640e-03
1.743578244387577669e+01 2.513230628117630802e-03
1.760538981791556523e+01 2.451695248926152090e-03
1.777664705547142532e+01 2.391287472990308131e-03
1.794957020566648254e+01 2.332280777987140365e-03
1.812417547374237614e+01 2.274636473350727557e-03
1.830047922257800863e+01 2.218329441669099518e-03
1.847849797422290763e+01 2.163339730004426933e-03
1.865824841144566193e+01 2.109636724211169136e-03
1.883974737929719367e+01 2.057078529987194700e-03
1.902301188668945642e+01 2.005932256939270842e-03
1.920805910798935301e+01 1.955890924234792924e-03
1.939490638462828542e+01 1.907018766840152917e-03
1.958357122672716955e+01 1.859311796688935953e-03
1.977407131473744428e+01 1.812704827775776144e-03
1.996642450109793288e+01 1.767206484258241261e-03
2.016064881190793656e+01 1.722732813508684501e-03
2.035676244861640072e+01 1.679380655952300572e-03
2.055478378972772546e+01 1.637024253497410507e-03
2.075473139252405730e+01 1.595813581402895625e-03
2.095662399480432825e+01 1.555287965450280517e-03
2.116048051664034446e+01 1.515863976791732891e-03
2.136632006214970403e+01 1.477386578384276908e-03
2.157416192128621546e+01 1.439814867619373462e-03
2.178402557164756459e+01 1.403127337053485489e-03
2.199593068030074861e+01 1.367325413683749980e-03
2.220989710562497521e+01 1.332383957353000612e-03
2.242594489917278011e+01 1.298263525685739968e-03
2.264409430754907504e+01 1.264974608575585848e-03
2.286436577430861306e+01 1.232449751847378237e-03
2.308677994187169702e+01 1.200761018461459634e-03
2.331135765345874944e+01 1.169805783737018316e-03
2.353811995504354471e+01 1.139607000051720510e-03
2.376708809732560823e+01 1.110129410047113732e-03
2.399828353772154799e+01 1.081368716560755045e-03
2.423172794237600769e+01 1.053299251792887917e-03
2.446744318819203201e+01 1.025910458175542097e-03
2.470545136488123816e+01 9.991889394181173271e-04
2.494577477703398571e+01 9.731171430320005372e-04
2.518843594620949489e+01 9.476729744022732672e-04
2.543345761304651020e+01 9.228598048207676966e-04
2.568086273939435316e+01 8.986488404230211528e-04
2.593067451046487548e+01 8.750302892002528865e-04
2.618291633700505372e+01 8.520006985681565555e-04
2.643761185749101372e+01 8.295155200292142050e-04
2.669478494034320804e+01 8.075875508085488550e-04
2.695445968616333587e+01 7.862107017756011411e-04
2.721666042999271795e+01 7.653553119178231742e-04
2.748141174359293259e+01 7.450147810799860690e-04
2.774873843774846804e+01 7.251802014151223930e-04
2.801866556459195223e+01 7.058355594434928678e-04
2.829121841995168651e+01 6.869681331457906572e-04
2.856642254572233952e+01 6.685725678675930993e-04
2.884430373225852051e+01 6.506338719155476454e-04
2.912488802079168337e+01 6.331404953761701239e-04
2.940820170587063842e+01 6.160914746354415527e-04
2.969427133782552986e+01 5.994677789189532206e-04
2.998312372525609959e+01 5.832514218816731676e-04
3.027478593754393543e+01 5.674512322770631015e-04
3.056928530738937155e+01 5.520388277042575934e-04
3.086664943337274636e+01 5.370282657295319612e-04
3.116690618254088463e+01 5.223900872428591680e-04
3.147008369301855879e+01 5.081233752489909246e-04
3.177621037664554038e+01 4.942156118947927529e-04
3.208531492163897525e+01 4.806617372908016106e-04
3.239742629528198847e+01 4.674513218921563427e-04
3.271257374663825601e+01 4.545778385644307930e-04
3.303078680929315425e+01 4.420375044475922011e-04
3.335209530412127066e+01 4.298108283254361076e-04
3.367652934208116022e+01 4.178989671872209810e-04
3.400411932703705986e+01 4.062774452805869522e-04
3.433489595860830690e+01 3.949861106779947663e-04
3.466889023504609213e+01 3.839665000560376100e-04
3.500613345613854221e+01 3.732346107653685221e-04
3.534665722614391115e+01 3.627815416035623541e-04
3.569049345675229290e+01 3.525945440410131054e-04
3.603767437007633134e+01 3.426707832688567811e-04
3.638823250167062184e+01 3.330099332751768081e-04
3.674220070358090595e+01 3.235958535291356421e-04
3.709961214742267543e+01 3.144275135872819592e-04
3.746050032748993175e+01 3.055015619411356200e-04
3.782489906389385936e+01 2.967951390525624673e-04
3.819284250573236505e+01 2.883425432198430480e-04
3.856436513429023449e+01 2.800986787363546099e-04
3.893950176627063087e+01 2.720741555890591307e-04
3.931828755705770106e+01 2.642579690530855521e-04
3.970075800401124155e+01 2.566508505212533381e-04
4.008694894979318946e+01 2.492434825465602308e-04
4.047689658572676308e+01 2.420338931341334959e-04
4.087063745518780422e+01 2.350172572085477442e-04
4.126820845702955864e+01 2.281821080596271693e-04
4.166964684904057492e+01 2.215313063387331250e-04
4.207499025143619065e+01 2.150569127983532967e-04
4.248427665038425260e+01 2.087641854403730001e-04
4.289754440156466586e+01 2.026338760522454453e-04
4.331483223376402947e+01 1.966674915780690553e-04
4.373617925250492533e+01 1.908601444358260912e-04
4.416162494371084790e+01 1.852190603060130077e-04
4.459120917740628443e+01 1.797252000582125816e-04
4.502497221145327444e+01 1.743787224585723939e-04
4.546295469532399380e+01 1.691814261922656342e-04
4.590519767391037220e+01 1.641246018633519383e-04
4.635174259137027519e+01 1.592034202894843271e-04
4.680263129501155817e+01 1.544183254511892977e-04
4.725790603921362276e+01 1.497678906319377249e-04
4.771760948938745628e+01 1.452396907878175149e-04
4.818178472597362827e+01 1.408425362568272647e-04
4.865047524847972937e+01 1.365663653665897322e-04
4.912372497955678341e+01 1.324023005281993828e-04
4.960157826911540724e+01 1.283594407982564659e-04
5.008407989848212338e+01 1.244183511291431499e-04
5.057127508459573306e+01 1.205944960367671129e-04
5.106320948424492911e+01 1.168769548229296084e-04
5.155992919834686461e+01 1.132634597740617756e-04
5.206148077626762216e+01 1.097520031090938494e-04
5.256791122018424289e+01 1.063409130868115657e-04
5.307926798948964375e+01 1.030236550091118294e-04
5.359559900524011766e+01 9.980143047001177061e-05
5.411695265464637572e+01 9.667474798988765568e-05
5.464337779560780461e+01 9.363065867316703054e-05
5.517492376129128928e+01 9.067086476317042529e-05
5.571164036475430237e+01 8.780067080115951214e-05
5.625357790361330501e+01 8.501030192867897240e-05
5.680078716475694733e+01 8.230330833542968592e-05
5.735331942910571712e+01 7.967001548493294434e-05
5.791122647641758192e+01 7.711590839280475296e-05
5.847456059014062646e+01 7.463166403345011769e-05
5.904337456231242243e+01 7.222429984733976589e-05
5.961772169850755887e+01 6.988388666700798518e-05
6.019765582283304184e+01 6.761125571562110945e-05
6.078323128297230227e+01 6.540237526426892706e-05
6.137450295527852973e+01 6.326739729681972674e-05
6.197152624991698389e+01 6.118872135325952564e-05
6.257435711605789663e+01 5.917323273181310060e-05
6.318305204711957401e+01 5.721484993993140823e-05
6.379766808606282069e+01 5.531703727838563193e-05
6.441826283073628190e+01 5.347358341910823221e-05
6.504489443927437264e+01 5.168712668201282259e-05
6.567762163554736787e+01 4.995057866587892116e-05
6.631650371466487570e+01 4.826992044698341113e-05
6.696160054853221766e+01 4.663603649225421088e-05
6.761297259146149941e+01 4.505656036325595662e-05
6.827068088583682481e+01 4.350865733612554478e-05
6.893478706783510290e+01 4.202954851243804595e-05
6.960535337320180815e+01 4.058725355120251110e-05
7.028244264308352740e+01 3.918627804250408722e-05
7.096611832991698066e+01 3.783036921448726657e-05
7.165644450337531168e+01 3.651619239122984696e-05
7.235348585637258623e+01 3.523915861512691856e-05
7.305730771112592947e+01 3.401203911182801949e-05
7.376797602527737752e+01 3.281554529307191667e-05
7.448555739807494547e+01 3.165279857923051539e-05
7.521011907661404905e+01 3.052847464297005193e-05
7.594172896213913759e+01 2.943773439320533259e-05
7.668045561640717267e+01 2.838265791461179132e-05
7.742636826811269657e+01 2.736147321152270235e-05
7.817953681937576960e+01 2.637254988567034434e-05
7.894003185229233566e+01 2.541536105157899113e-05
7.970792463554894880e+01 2.448862763535736238e-05
8.048328713110151966e+01 2.359113361101192137e-05
8.126619200091946027e+01 2.272321456397255896e-05
8.205671261379453085e+01 2.188156096445094945e-05
8.285492305221690401e+01 2.106698285236280804e-05
8.366089811931756515e+01 2.027978953922180284e-05
8.447471334587828551e+01 1.951773659259142899e-05
8.529644499741024788e+01 1.877959861838335908e-05
8.612617008130067120e+01 1.806714412142151796e-05
8.696396635402970787e+01 1.737754046476530135e-05
8.780991232845718741e+01 1.671005391192137586e-05
8.866408728118061333e+01 1.606498483871219608e-05
8.952657125996400111e+01 1.544134452904111660e-05
9.039744509123974581e+01 1.483799400195531066e-05
9.127679038768296493e+01 1.425512593716143904e-05
9.216468955586012157e+01 1.369205678149342759e-05
9.306122580395103228e+01 1.314723619279914095e-05
9.396648314954700254e+01 1.262140629626901507e-05
9.488054642752423717e+01 1.211435291743616161e-05
9.580350129799435877e+01 1.162298849799136188e-05
9.673543425433136633e+01 1.114991070703163049e-05
9.767643263127766318e+01 1.069118017008893431e-05
9.862658461312820180e+01 1.024936558919857594e-05
9.958597924199507645e+01 9.822689201117727515e-06
1.005547064261513555e+02 9.409865634056277674e-06
1.015328569484565975e+02 9.012367646310961940e-06
1.025205224748657002e+02 8.629203737284499529e-06
1.035177955630176285e+02 8.259272388348731995e-06
1.045247696709102172e+02 7.902018121336499813e-06
1.055415391656582784e+02 7.557541695867822746e-06
1.065681993323370733e+02 7.225397499625824180e-06
1.076048463829117878e+02 6.905282948676513526e-06
1.086515774652539505e+02 6.596188885343518307e-06
1.097084906722451905e+02 6.298677127312127484e-06
1.107756850509708642e+02 6.011359092750308560e-06
1.118532606120007102e+02 5.734757417711425231e-06
1.129413183387621018e+02 5.468175181429724459e-06
1.140399601970033103e+02 5.211316353619972114e-06
1.151492891443491402e+02 4.963927392042345159e-06
1.162694091399494027e+02 4.725505078435955900e-06
1.174004251542213098e+02 4.495937190846722120e-06
1.185424431786863977e+02 4.274900065804392523e-06
1.196955702359042846e+02 4.062105594005918432e-06
1.208599143895007444e+02 3.857112134922276643e-06
1.220355847542956980e+02 3.659636491184787433e-06
1.232226915065284345e+02 3.469695716915199325e-06
1.244213458941827213e+02 3.286758681811950495e-06
1.256316602474121424e+02 3.110754937484503105e-06
1.268537479890670454e+02 2.941195055988156109e-06
1.280877236453237629e+02 2.777995875920764504e-06
1.293337028564169486e+02 2.620882104037404190e-06
1.305918023874777987e+02 2.469626653341070576e-06
1.318621401394748602e+02 2.323897570821456123e-06
1.331448351602640230e+02 2.183535922721625915e-06
1.344400076557447221e+02 2.048251695767953682e-06
1.357477790011246839e+02 1.917875406589866363e-06
1.370682717522946348e+02 1.792094147445342617e-06
1.384016096573132870e+02 1.670653903824823443e-06
1.397479176680040780e+02 1.553310779232608427e-06
1.411073219516657957e+02 1.439807415195711906e-06
1.424799499028946457e+02 1.329818199422665216e-06
1.438659301555238414e+02 1.223037417161762831e-06
1.452653925946781328e+02 1.119090202757731364e-06
1.466784683689457722e+02 1.017533888829572106e-06
1.481052899026690000e+02 9.178591417394528235e-07
1.495459909083537866e+02 8.193845403001507574e-07
1.510007063992007659e+02 7.211820210566793971e-07
1.524695727017573006e+02 6.218716708044003684e-07
1.539527274686944622e+02 5.191667410031820839e-07
1.554503096917050300e+02 4.086020281677540189e-07
1.569624597145302403e+02 2.776619550437114634e-07
1.584893192461114211e+02 0.000000000000000000e+00
