1.000000000000000021e-02 1.007571149052248760e+00
1.009727545900835841e-02 1.007564527868124671e+00
1.019549716950923779e-02 1.007557753799861899e+00
1.029467433620748044e-02 1.007550848253444764e+00
1.039481625334708927e-02 1.007543678735773440e+00
1.049593230558227772e-02 1.007536503876855560e+00
1.059803196885688789e-02 1.007529250395382547e+00
1.070112481129246833e-02 1.007522001686542268e+00
1.080522049408488318e-02 1.007514433769162832e+00
1.091032877240974419e-02 1.007506778683379567e+00
1.101645949633656314e-02 1.007498854623533724e+00
1.112362261175187626e-02 1.007490806079903711e+00
1.123182816129126085e-02 1.007482624272335814e+00
1.134108628528052165e-02 1.007474421081798521e+00
1.145140722268592030e-02 1.007465678026160827e+00
1.156280131207376022e-02 1.007456946251936269e+00
1.167527899257919492e-02 1.007447731264360380e+00
1.178885080488457221e-02 1.007438637856549191e+00
1.190352739220719262e-02 1.007429407359402340e+00
1.201931950129673729e-02 1.007420017672812307e+00
1.213623798344241195e-02 1.007410786727597207e+00
1.225429379548980714e-02 1.007400729644956971e+00
1.237349800086776086e-02 1.007390724771913160e+00
1.249386177062509519e-02 1.007380541081308589e+00
1.261539638447754796e-02 1.007370166474619078e+00
1.273811323186478488e-02 1.007360022189185633e+00
1.286202381301779218e-02 1.007388490138105830e+00
1.298713974003655978e-02 1.007350015137146615e+00
1.311347273797833224e-02 1.007324845484909970e+00
1.324103464595636874e-02 1.007315611416786938e+00
1.336983741824946531e-02 1.007303891286942976e+00
1.349989312542219239e-02 1.007292494366403668e+00
1.363121395545611320e-02 1.007280283708120283e+00
1.376381221489191876e-02 1.007267219756721177e+00
1.389770032998276401e-02 1.007254562182414492e+00
1.403289084785873213e-02 1.007241614638483052e+00
1.416939643770268736e-02 1.007228534082739158e+00
1.430722989193757184e-02 1.007215245903931855e+00
1.444640412742520530e-02 1.007201600257991991e+00
1.458693218667675602e-02 1.007187668263853197e+00
1.472882723907502529e-02 1.007173542969009405e+00
1.487210258210860774e-02 1.007158986875754225e+00
1.501677164261799868e-02 1.007144227943407744e+00
1.516284797805393485e-02 1.007130834451627210e+00
1.531034527774784160e-02 1.007113768455221603e+00
1.545927736419477720e-02 1.007101550546651403e+00
1.560965819434872483e-02 1.007085934185100839e+00
1.576150186093060873e-02 1.007069000904087464e+00
1.591482259374891323e-02 1.007053141508120753e+00
1.606963476103326349e-02 1.007036963979331734e+00
1.622595287078087284e-02 1.007019163321602795e+00
1.638379157211618947e-02 1.006998388532451605e+00
1.654316565666366645e-02 1.006979083430115995e+00
1.670409005993399310e-02 1.006961404345311450e+00
1.686657986272368723e-02 1.006942617897708336e+00
1.703065029252844378e-02 1.006923612322609518e+00
1.719631672497009753e-02 1.006903990492683976e+00
1.736359468523754335e-02 1.006884560777712156e+00
1.753249984954170088e-02 1.006863487124907142e+00
1.770304804658450262e-02 1.006842978832364288e+00
1.787525525904235316e-02 1.006822178977286208e+00
1.804913762506383731e-02 1.006801379695683618e+00
1.822471143978214581e-02 1.006778940497444319e+00
1.840199315684210371e-02 1.006756842510494909e+00
1.858099938994215231e-02 1.006734394442667435e+00
1.876174691439120440e-02 1.006711002254178311e+00
1.894425266868081034e-02 1.006687309992016166e+00
1.912853375607242307e-02 1.006663236601983868e+00
1.931460744620030340e-02 1.006638653012057461e+00
1.950249117668984011e-02 1.006613686615609016e+00
1.969220255479172538e-02 1.006588175198142476e+00
1.988375935903200636e-02 1.006562096591594679e+00
2.007717954087816226e-02 1.006535509730688283e+00
2.027248122642137662e-02 1.006508579993249830e+00
2.046968271807520987e-02 1.006481040473116151e+00
2.066880249629082095e-02 1.006452869910279935e+00
2.086985922128879734e-02 1.006424408761743328e+00
2.107287173480786382e-02 1.006395055406001271e+00
2.127785906187062287e-02 1.006365212134021858e+00
2.148484041256648255e-02 1.006334928271680029e+00
2.169383518385184506e-02 1.006303391159021787e+00
2.190486296136792688e-02 1.006272600203368395e+00
2.211794352127614133e-02 1.006240558324870582e+00
2.233309683211144592e-02 1.006207339980402793e+00
2.255034305665360936e-02 1.006174126655241974e+00
2.276970255381680075e-02 1.006139962050637715e+00
2.299119588055741764e-02 1.006105109804844133e+00
2.321484379380064564e-02 1.006069381685630537e+00
2.344066725238556220e-02 1.006033311126315333e+00
2.366868741902936057e-02 1.005996355064874725e+00
2.389892566231050300e-02 1.005958187419343064e+00
2.413140355867127856e-02 1.005919619980034430e+00
2.436614289443983158e-02 1.005880213124364264e+00
2.460316566787181664e-02 1.005840071163557781e+00
2.484249409121190577e-02 1.005799181810439036e+00
2.508415059277539771e-02 1.005757660705974610e+00
2.532815781905008515e-02 1.005715212934993108e+00
2.557453863681850847e-02 1.005672071696809278e+00
2.582331613530085626e-02 1.005628393208341187e+00
2.607451362831877603e-02 1.005583564976272770e+00
2.632815465648021339e-02 1.005537816399705520e+00
2.658426298938541474e-02 1.005491508360756292e+00
2.684286262785454819e-02 1.005443879513109540e+00
2.710397780617682106e-02 1.005395767563627585e+00
2.736763299438163891e-02 1.005346632812057717e+00
2.763385290053169824e-02 1.005296601012279467e+00
2.790266247303856487e-02 1.005245376807748503e+00
2.817408690300057458e-02 1.005193677736090585e+00
2.844815162656363222e-02 1.005140200025091746e+00
2.872488232730495070e-02 1.005085787677348019e+00
2.900430493863991738e-02 1.005030196749683524e+00
2.928644564625237229e-02 1.004973424993516273e+00
2.957133089054861039e-02 1.004915913908079883e+00
2.985898736913520854e-02 1.004856728689858203e+00
3.014944203932094433e-02 1.004797104128874796e+00
3.044272212064302874e-02 1.004736045212478279e+00
3.073885509741795460e-02 1.004673668075761084e+00
3.103786872131722788e-02 1.004610279278001395e+00
3.133979101396793671e-02 1.004545565482336089e+00
3.164465026957891114e-02 1.004479610429246828e+00
3.195247505759213347e-02 1.004412742718978624e+00
3.226329422536015901e-02 1.004343481262867099e+00
3.257713690084949876e-02 1.004274193129018666e+00
3.289403249537032475e-02 1.004202960690177893e+00
3.321401070633261954e-02 1.004130304866104995e+00
3.353710152002930406e-02 1.004056754373370275e+00
3.386333521444636480e-02 1.003981348815579322e+00
3.419274236210027851e-02 1.003904280059700449e+00
3.452535383290306070e-02 1.003825593855247389e+00
3.486120079705520153e-02 1.003745061928455584e+00
3.520031472796678745e-02 1.003663569725593119e+00
3.554272740520694751e-02 1.003580087217483374e+00
3.588847091748199186e-02 1.003494809461257242e+00
3.623757766564258964e-02 1.003408301617094933e+00
3.659008036572020811e-02 1.003319722751018661e+00
3.694601205199302130e-02 1.003229864700251994e+00
3.730540608008161424e-02 1.003138513824541667e+00
3.766829613007490613e-02 1.003045049565382874e+00
3.803471620968648659e-02 1.002949700851700765e+00
3.840470065744145539e-02 1.002853542108939733e+00
3.877828414589457040e-02 1.002754258164937129e+00
3.915550168487941241e-02 1.002652994371615369e+00
3.953638862478930927e-02 1.002550952016030505e+00
3.992098065989020672e-02 1.002446181545228798e+00
4.030931383166566628e-02 1.002339404297159842e+00
4.070142453219438572e-02 1.002230524638940690e+00
4.109734950756069316e-02 1.002119825002159903e+00
4.149712586129815362e-02 1.002006341950575363e+00
4.190079105786669034e-02 1.001890980066608927e+00
4.230838292616342228e-02 1.001772988495246208e+00
4.271993966306778662e-02 1.001657910408190855e+00
4.313549983702118923e-02 1.001536795370415511e+00
4.355510239164130798e-02 1.001406717386999601e+00
4.397878664937160398e-02 1.001279810374843482e+00
4.440659231516640160e-02 1.001150921286805495e+00
4.483855948021186338e-02 1.001018819180220065e+00
4.527472862568297785e-02 1.000819999448490094e+00
4.571514062653719151e-02 1.000750040124467333e+00
4.615983675534499064e-02 1.000607022793761569e+00
4.660885868615767536e-02 1.000464699467723095e+00
4.706224849841281199e-02 1.000319445588307987e+00
4.752004868087766204e-02 1.000171403422552840e+00
4.798230213563085128e-02 1.000020160653859236e+00
4.844905218208294534e-02 9.998661802764632345e-01
4.892034256103611894e-02 9.997098968859945423e-01
4.939621743878321036e-02 9.995496516633136652e-01
4.987672141124663283e-02 9.993867847840069984e-01
5.036189950815770505e-02 9.992203782035002924e-01
5.085179719727656034e-02 9.990507770945075139e-01
5.134646038865306461e-02 9.988784975237466890e-01
5.184593543892913187e-02 9.987030390566375981e-01
5.235026915568305461e-02 9.985231691186348124e-01
5.285950880181603667e-02 9.983404819241495920e-01
5.337370209998133774e-02 9.981708388843864022e-01
5.389289723705643909e-02 9.979638889604582896e-01
5.441714286865893119e-02 9.977710143672677834e-01
5.494648812370611646e-02 9.975891075306999589e-01
5.548098260901916656e-02 9.973721466679392744e-01
5.602067641397187603e-02 9.971679317584242197e-01
5.656562011518465050e-02 9.969589458520873304e-01
5.711586478126431943e-02 9.967463503115024936e-01
5.767146197758996756e-02 9.965302094981026704e-01
5.823246377114527778e-02 9.963101126654547723e-01
5.879892273539785025e-02 9.960828556593153138e-01
5.937089195522609469e-02 9.958527167622260867e-01
5.994842503189409116e-02 9.956178386007735748e-01
6.053157608807464840e-02 9.953854745663782699e-01
6.112039977292132997e-02 9.951264391020510081e-01
6.171495126718981594e-02 9.948891197062929015e-01
6.231528628840921763e-02 9.946360440146665427e-01
6.292146109610344262e-02 9.943783300998804142e-01
6.353353249706343575e-02 9.941158966657236418e-01
6.415155785067082339e-02 9.938465606505908490e-01
6.477559507427335661e-02 9.935745403663294173e-01
6.540570264861225724e-02 9.932959669971712646e-01
6.604193962330305590e-02 9.930212940293190460e-01
6.668436562236895737e-02 9.927251307480762232e-01
6.733304084982863480e-02 9.924306164870675406e-01
6.798802609533814711e-02 9.921314884780789711e-01
6.864938273988777095e-02 9.918258260067481791e-01
6.931717276155408003e-02 9.915146901396491019e-01
6.999145874130821565e-02 9.911980193236209491e-01
7.067230386888070925e-02 9.908751178561610029e-01
7.135977194868306506e-02 9.905457236315822200e-01
7.205392740578704658e-02 9.902096245765255045e-01
7.275483529196229149e-02 9.898670826122595301e-01
7.346256129177256011e-02 9.895182036052376784e-01
7.417717172873124210e-02 9.891620067681569095e-01
7.489873357151664857e-02 9.887996085248981215e-01
7.562731444024800576e-02 9.884304682021585187e-01
7.636298261282241373e-02 9.880538357697921104e-01
7.710580703131336699e-02 9.876717855591340411e-01
7.785585730843146146e-02 9.872810396067559502e-01
7.861320373404813433e-02 9.868832424913117629e-01
7.937791728178281159e-02 9.864776177660392609e-01
8.015006961565404597e-02 9.860650083056432535e-01
8.092973309679550586e-02 9.856446566610609361e-01
8.171698079023696770e-02 9.852156643763710919e-01
8.251188647175167201e-02 9.847791085357374685e-01
8.331452463477014014e-02 9.843330650874424492e-01
8.412497049736118726e-02 9.838801566859166625e-01
8.494330000928071445e-02 9.834180453608963868e-01
8.576958985908941790e-02 9.829468474477215389e-01
8.660391748133952627e-02 9.824665122906720560e-01
8.744636106383144036e-02 9.819769443102016604e-01
8.829699955494091368e-02 9.814774538421309202e-01
8.915591267101763417e-02 9.809710909328520634e-01
9.002318090385581784e-02 9.804553218703195849e-01
9.089888552823731371e-02 9.799276976925923588e-01
9.178310860954806694e-02 9.793921758984344139e-01
9.267593301146882789e-02 9.788449543188765256e-01
9.357744240374062106e-02 9.782884421277739939e-01
9.448772127000577836e-02 9.777217700519259536e-01
9.540685491572513388e-02 9.771435910229829824e-01
9.633492947617222635e-02 9.765547528404671107e-01
9.727203192450542546e-02 9.759546902645225286e-01
9.821825007991856482e-02 9.753433816176859672e-01
9.917367261587073379e-02 9.747208488078170641e-01
1.001383890683960748e-01 9.740952018375201860e-01
1.011124898444945991e-01 9.734629557524809851e-01
1.020960662306047012e-01 9.727844231748021819e-01
1.030892104011576216e-01 9.721143910754327377e-01
1.040920154272158005e-01 9.714468825864607249e-01
1.051045752851944987e-01 9.707376144717130284e-01
1.061269848656690717e-01 9.700317307815536916e-01
1.071593399822671072e-01 9.693093079028012315e-01
1.082017373806478805e-01 9.685748125417655841e-01
1.092542747475682557e-01 9.678266376443951380e-01
1.103170507200377515e-01 9.670649993285101997e-01
1.113901648945616746e-01 9.662911858100586837e-01
1.124737178364751955e-01 9.655000264018835932e-01
1.135678110893671017e-01 9.646960603108640786e-01
1.146725471845963656e-01 9.638785940846331668e-01
1.157880296509002094e-01 9.630591740888779784e-01
1.169143630240966764e-01 9.621953914308774003e-01
1.180516528568804902e-01 9.613303016641669974e-01
1.192000057287153220e-01 9.604496508831255053e-01
1.203595292558212876e-01 9.595530385670394402e-01
1.215303321012602134e-01 9.586416539414944760e-01
1.227125239851190319e-01 9.577116417725078934e-01
1.239062156947916271e-01 9.567645845624184187e-01
1.251115190953615564e-01 9.558028132405991251e-01
1.263285471400849291e-01 9.548216739579690193e-01
1.275574138809759950e-01 9.538234693497406047e-01
1.287982344794950385e-01 9.528080402720403574e-01
1.300511252173409127e-01 9.517735585789200980e-01
1.313162035073478784e-01 9.507199774126348091e-01
1.325935879044890797e-01 9.496476753755005440e-01
1.338833981169864351e-01 9.485561127572100792e-01
1.351857550175293021e-01 9.474456019335117940e-01
1.365007806546013891e-01 9.463147139274027397e-01
1.378285982639189389e-01 9.451645022060466417e-01
1.391693322799789911e-01 9.439931208612174496e-01
1.405231083477211373e-01 9.428016568745155590e-01
1.418900533343016301e-01 9.415891691123409180e-01
1.432702953409830948e-01 9.403553010464638096e-01
1.446639637151387880e-01 9.390993255539616946e-01
1.460711890623745679e-01 9.378203367403542545e-01
1.474921032587684921e-01 9.365197485725338389e-01
1.489268394632288772e-01 9.351957614293497922e-01
1.503755321299738434e-01 9.338523675471641639e-01
1.518383170211306810e-01 9.324801846388974802e-01
1.533153312194593942e-01 9.310865550551643555e-01
1.548067131411984265e-01 9.296683900453083238e-01
1.563126025490369497e-01 9.282259344009600177e-01
1.578331405652117214e-01 9.267591001433469478e-01
1.593684696847328941e-01 9.252663511285589282e-01
1.609187337887370006e-01 9.237471633725289344e-01
1.624840781579713067e-01 9.222026418123119296e-01
1.640646494864078653e-01 9.206327977818489217e-01
1.656605958949914359e-01 9.190347177593337635e-01
1.672720669455196874e-01 9.174107553272746740e-01
1.688992136546599021e-01 9.157587785293691551e-01
1.705421885081006561e-01 9.140788349794130019e-01
1.722011454748421100e-01 9.123692970281860326e-01
1.738762400216251336e-01 9.106322660433450178e-01
1.755676291275001522e-01 9.088667014380130693e-01
1.772754712985387948e-01 9.070703848563255178e-01
1.789999265826875408e-01 9.052448769415599727e-01
1.807411565847668600e-01 9.033889477216625608e-01
1.824993244816152382e-01 9.015022871460450782e-01
1.842745950373816666e-01 8.995849864492444503e-01
1.860671346189656239e-01 8.976531223604587995e-01
1.878771112116086051e-01 8.956537547947784894e-01
1.897046944346358344e-01 8.936409587518815423e-01
1.915500555573527997e-01 8.915803834439061104e-01
1.934133675150944698e-01 8.895164767527281580e-01
1.952948049254327745e-01 8.874042947751057397e-01
1.971945441045395986e-01 8.852564485370867375e-01
1.991127630837108697e-01 8.830746224793062371e-01
2.010496416260497965e-01 8.808600799239444390e-01
2.030053612433137811e-01 8.786095253108866521e-01
2.049801052129238688e-01 8.763235172467866985e-01
2.069740585951406198e-01 8.740000595996830768e-01
2.089874082504071251e-01 8.716402387962143283e-01
2.110203428568595552e-01 8.692500825451606739e-01
2.130730529280097374e-01 8.668129105145866431e-01
2.151457308305980698e-01 8.643430246255822125e-01
2.172385708026215445e-01 8.618355475920946862e-01
2.193517689715359098e-01 8.592877934042586485e-01
2.214855233726360506e-01 8.567058770290881808e-01
2.236400339676138660e-01 8.540783591334247804e-01
2.258155026632983065e-01 8.514079423873839314e-01
2.280121333305757114e-01 8.487100370893337908e-01
2.302301318234963867e-01 8.459661561591205192e-01
2.324697059985647851e-01 8.431804476526060244e-01
2.347310657342196183e-01 8.403562608871697481e-01
2.370144229505012079e-01 8.374899331003797798e-01
2.393199916289123208e-01 8.345796126057769548e-01
2.416479878324700736e-01 8.316289917034042078e-01
2.439986297259550130e-01 8.286348825576165256e-01
2.463721375963552895e-01 8.256002539493204617e-01
2.487687338735107279e-01 8.225252756312667612e-01
2.511886431509580686e-01 8.193986439175188208e-01
2.536320922069775774e-01 8.162315091740317552e-01
2.560993100258459609e-01 8.130217842197211553e-01
2.585905278192945911e-01 8.097677381668328955e-01
2.611059790481781162e-01 8.064688859977502400e-01
2.636458994443517945e-01 8.031256422810701956e-01
2.662105270327638773e-01 7.997367524522968063e-01
2.688001021537606006e-01 7.963023375870287301e-01
2.714148674856106669e-01 7.928238518624654008e-01
2.740550680672460548e-01 7.892978576168752092e-01
2.767209513212268712e-01 7.857261006981400842e-01
2.794127670769268601e-01 7.821063209084676560e-01
2.821307675939472293e-01 7.784449554985494180e-01
2.848752075857552413e-01 7.747348335313372081e-01
2.876463442435557849e-01 7.709768395946183794e-01
2.904444372603925406e-01 7.671727805310055714e-01
2.932697488554852905e-01 7.633224831271454569e-01
2.961225437988035947e-01 7.594254362876544651e-01
2.990030894358785551e-01 7.554792249654735947e-01
3.019116557128577738e-01 7.514879162720219385e-01
3.048485152018017286e-01 7.474486845946214375e-01
3.078139431262288950e-01 7.433615128529712512e-01
3.108082173869063936e-01 7.392280747759804038e-01
3.138316185878944342e-01 7.350456426195244308e-01
3.168844300628416155e-01 7.308175013672211229e-01
3.199669379015380732e-01 7.265426333879934084e-01
3.230794309767249795e-01 7.222187048322317171e-01
3.262222009711669979e-01 7.178497949672889566e-01
3.293955424049855307e-01 7.134342823472910045e-01
3.325997526632606949e-01 7.089697248618048731e-01
3.358351320238990301e-01 7.044595870217150724e-01
3.391019836857747105e-01 6.999003094213848142e-01
3.424006137971423724e-01 6.953018243864488301e-01
3.457313314843284413e-01 6.906533888230677043e-01
3.490944488806992929e-01 6.859489551760078463e-01
3.524902811559130766e-01 6.812200991887389367e-01
3.559191465454557002e-01 6.764280433577032348e-01
3.593813663804627523e-01 6.716102176420405412e-01
3.628772651178337472e-01 6.667298870900250085e-01
3.664071703706370808e-01 6.618168201621781321e-01
3.699714129388128048e-01 6.568567189655367677e-01
3.735703268401719401e-01 6.518536933982446158e-01
3.772042493416999376e-01 6.468073096205232408e-01
3.808735209911614517e-01 6.417206235144297111e-01
3.845784856490158665e-01 6.365915255206914258e-01
3.883194905206404091e-01 6.314212247466965966e-01
3.920968861888690649e-01 6.262113739354715491e-01
3.959110266468458539e-01 6.209627290053556514e-01
3.997622693312000708e-01 6.156734813463524691e-01
4.036509751555413805e-01 6.103479247587559886e-01
4.075775085442840395e-01 6.049838574305227423e-01
4.115422374667966343e-01 5.995845217328229504e-01
4.155455334718875515e-01 5.941495833851028197e-01
4.195877717226225712e-01 5.886777762229814526e-01
4.236693310314835759e-01 5.831694834160288110e-01
4.277905938958687093e-01 5.776358317662591002e-01
4.319519465339363706e-01 5.720660976785592045e-01
4.361537789208005944e-01 5.664650868299455633e-01
4.403964848250754294e-01 5.608206963187214456e-01
4.446804618457780300e-01 5.551727124294223437e-01
4.490061114495874639e-01 5.494838810940988472e-01
4.533738390084691150e-01 5.437671471866950546e-01
4.577840538376618529e-01 5.380265828984210907e-01
4.622371692340384031e-01 5.322587181009024171e-01
4.667336025148346446e-01 5.264689821978764117e-01
4.712737750567601580e-01 5.206568491613333682e-01
4.758581123354846953e-01 5.148186476704095238e-01
4.804870439655131720e-01 5.089693706524412997e-01
4.851610037404442966e-01 5.030969512953508138e-01
4.898804296736250508e-01 4.972075094697476771e-01
4.946457640391963562e-01 4.913035080216381356e-01
4.994574534135413635e-01 4.853819539250062154e-01
5.043159487171361421e-01 4.794502717829512428e-01
5.092217052568053237e-01 4.735040064437744389e-01
5.141751827683928022e-01 4.675496163319330378e-01
5.191768454598426619e-01 4.615856500083765912e-01
5.242271620547044320e-01 4.556144458057886371e-01
5.293266058360561743e-01 4.496359140929098164e-01
5.344756546908600026e-01 4.436524431562043347e-01
5.396747911547442600e-01 4.376486771644093055e-01
5.449245024572260121e-01 4.316755427051603422e-01
5.502252805673685243e-01 4.256972307695759405e-01
5.555776222398878250e-01 4.197134801248020852e-01
5.609820290617031358e-01 4.137323452599152018e-01
5.664390074989449353e-01 4.077574604896335719e-01
5.719490689444144405e-01 4.017867193932856407e-01
5.775127297655114900e-01 3.958267163888907203e-01
5.831305113526221717e-01 3.898726893702054164e-01
5.888029401679826247e-01 3.839311581684449193e-01
5.945305477950136863e-01 3.780038885477114974e-01
6.003138709881384871e-01 3.720879443631600614e-01
6.061534517230839914e-01 3.661704403009020115e-01
6.120498372476699256e-01 3.603153020603253043e-01
6.180035801330957534e-01 3.544537506655658365e-01
6.240152383257209223e-01 3.486149141903330806e-01
6.300853751993553686e-01 3.427984763575793736e-01
6.362145596080520660e-01 3.370045234326644046e-01
6.424033659394193796e-01 3.312379136351097375e-01
6.486523741684461219e-01 3.254979610558438319e-01
6.549621699118558515e-01 3.197842767705887934e-01
6.613333444829840868e-01 3.141035355428822284e-01
6.677664949471955325e-01 3.084563833063590499e-01
6.742622241778342129e-01 3.028391182424905459e-01
6.808211409127237213e-01 2.972642363907659901e-01
6.874438598112112553e-01 2.917119453209705005e-01
6.941310015117725385e-01 2.862037986931813549e-01
7.008831926901714082e-01 2.807309153212812491e-01
7.077010661181889484e-01 2.753105865487687209e-01
7.145852607229240538e-01 2.699202104962167836e-01
7.215364216466665370e-01 2.645628530201249440e-01
7.285552003073593186e-01 2.592746365148516086e-01
7.356422544596413760e-01 2.540117587634340701e-01
7.427982482564918776e-01 2.488088033724354664e-01
7.500238523114668432e-01 2.436306731082959476e-01
7.573197437615483141e-01 2.385429330187581187e-01
7.646866063305975958e-01 2.334814700881371052e-01
7.721251303934327792e-01 2.284686724587781381e-01
7.796360130405233235e-01 2.235101181391142000e-01
7.872199581433195759e-01 2.186112196181391465e-01
7.948776764202123424e-01 2.137613164602034932e-01
8.026098855031396084e-01 2.089671187120887286e-01
8.104173100048355227e-01 2.042228068514042594e-01
8.183006815867394090e-01 1.995472686834890153e-01
8.262607390275591435e-01 1.949204860381817117e-01
8.342982282925082149e-01 1.903586930679589950e-01
8.424139026032094746e-01 1.858530499972099459e-01
8.506085225082840040e-01 1.814038459740207887e-01
8.588828559546254349e-01 1.770196265767872146e-01
8.672376783593644944e-01 1.726911452095087063e-01
8.756737726825394308e-01 1.684324736854473370e-01
8.841919295004664336e-01 1.642301129456766040e-01
8.927929470798307010e-01 1.600910155315717898e-01
9.014776314524917122e-01 1.560150893177769393e-01
9.102467964910225806e-01 1.520037665337237165e-01
9.191012639849772681e-01 1.480400143969789473e-01
9.280418637179072006e-01 1.441674122492496157e-01
9.370694335451198453e-01 1.403461356200060295e-01
9.461848194722002336e-01 1.365887311151485206e-01
9.553888757342895444e-01 1.328974523725403034e-01
9.646824648761427312e-01 1.292670695078152188e-01
9.740664578329562007e-01 1.257028582676294748e-01
9.835417340119908536e-01 1.222033488835996135e-01
9.931091813749796104e-01 1.187680888927666600e-01
1.002769696521346621e+00 1.153949774731933553e-01
1.012524184772224167e+00 1.120855293310793893e-01
1.022373560255302127e+00 1.088472694990272466e-01
1.032318745990486564e+00 1.056695042834415316e-01
1.042360673976402197e+00 1.025555604955353389e-01
1.052500285277732761e+00 9.950391102743369465e-02
1.062738530113414459e+00 9.651060295991270577e-02
1.073076367945679621e+00 9.358925790456271154e-02
1.083514767569973225e+00 9.072526091955768202e-02
1.094054707205742494e+00 8.792985158123425848e-02
1.104697174588111785e+00 8.518528234619468509e-02
1.115443167060441221e+00 8.250540588048721480e-02
1.126293691667795249e+00 7.988490347570974259e-02
1.137249765251314271e+00 7.732960782808454003e-02
1.148312414543511073e+00 7.483277888672741629e-02
1.159482676264482759e+00 7.239182640253168100e-02
1.170761597219069250e+00 7.001092612295116424e-02
1.182150234394952371e+00 6.768724985950075324e-02
1.193649655061713055e+00 6.541700957627522017e-02
1.205260936870842681e+00 6.321588762424025509e-02
1.216985167956738056e+00 6.105579665504212022e-02
1.228823447038673411e+00 5.895463151459060663e-02
1.240776883523764251e+00 5.691045738547648863e-02
1.252846597610937529e+00 5.492293093490015904e-02
1.265033720395903893e+00 5.298155035223916370e-02
1.277339393977160009e+00 5.109724259044412520e-02
1.289764771563017165e+00 4.926180672291963214e-02
1.302311017579677488e+00 4.748055877032959088e-02
1.314979307780347773e+00 4.574523859495068651e-02
1.327770829355430449e+00 4.405825403511047511e-02
1.340686781043774811e+00 4.242319057015017658e-02
1.353728373245021821e+00 4.083022003121273419e-02
1.366896828133026487e+00 3.928765917277250719e-02
1.380193379770397355e+00 3.779076281196608322e-02
1.393619274224142002e+00 3.633396992730544839e-02
1.407175769682446731e+00 3.492382524004298411e-02
1.420864136572576708e+00 3.355706149541048955e-02
1.434685657679937831e+00 3.223256956388593358e-02
1.448641628268290127e+00 3.094872760413924784e-02
1.462733356201129986e+00 2.970621439784305179e-02
1.476962162064259898e+00 2.850291128961660037e-02
1.491329379289537682e+00 2.733837771906866970e-02
1.505836354279841416e+00 2.621155144735046877e-02
1.520484446535244283e+00 2.512188300083645701e-02
1.535275028780422657e+00 2.406871921225789066e-02
1.550209487093291205e+00 2.305688720115365090e-02
1.565289221034902312e+00 2.206769224409849128e-02
1.580515643780601165e+00 2.111746253066026924e-02
1.595890182252465817e+00 2.020071475161949043e-02
1.611414277253019778e+00 1.931657666558392675e-02
1.627089383600260675e+00 1.846240050501473870e-02
1.642916970263993193e+00 1.763938796486527391e-02
1.658898520503498064e+00 1.684566218242470118e-02
1.675035532006524441e+00 1.608179772860368270e-02
1.691329517029648732e+00 1.534538143971920544e-02
1.707782002539993016e+00 1.463691937256869809e-02
1.724394530358320354e+00 1.395413868408778950e-02
1.741168657303530987e+00 1.329778795648326600e-02
1.758105955338547632e+00 1.266652518839376032e-02
1.775208011717636092e+00 1.205971137368267929e-02
1.792476429135148930e+00 1.147641383714961653e-02
1.809912825875727105e+00 1.091639043012726865e-02
1.827518835965944666e+00 1.037867648323476805e-02
1.845296109327445366e+00 9.862742985445918306e-03
1.863246311931559873e+00 9.367251066227631068e-03
1.881371125955437096e+00 8.892946137805776002e-03
1.899672249939675650e+00 8.433427921819464795e-03
1.918151398947507635e+00 8.001400800256863038e-03
1.936810304725519849e+00 7.583836509963329427e-03
1.955650715865949074e+00 7.184806111790341919e-03
1.974674397970537454e+00 6.801865165573331776e-03
1.993883133816001019e+00 6.436191463032095265e-03
2.013278723521096492e+00 6.086428102094418487e-03
2.032862984715323673e+00 5.752446080231462568e-03
2.052637752709252084e+00 5.433449821014179303e-03
2.072604880666519822e+00 5.131776113453752688e-03
2.092766239777499759e+00 4.840891102063133930e-03
2.113123719434652603e+00 4.561426308194381843e-03
2.133679227409597701e+00 4.297724743308644832e-03
2.154434690031884259e+00 4.046275115666466207e-03
2.175392052369522489e+00 3.806976944196727424e-03
2.196553278411258248e+00 3.579222267808180539e-03
2.217920351250634692e+00 3.362735285679479148e-03
2.239495273271823184e+00 3.156891850070747078e-03
2.261280066337279404e+00 2.961324232839807752e-03
2.283276771977218012e+00 2.775846568859461922e-03
2.305487451580938707e+00 2.599917864237693329e-03
2.327914186589993051e+00 2.432999014029480628e-03
2.350559078693253756e+00 2.274946346128426614e-03
2.373424250023866033e+00 2.125349143156594119e-03
2.396511843358130278e+00 1.983645663399516770e-03
2.419824022316292567e+00 1.849602919888188078e-03
2.443362971565319341e+00 1.723262286076233159e-03
2.467130897023623426e+00 1.603815775115044169e-03
2.491130026067788439e+00 1.491200497399218852e-03
2.515362607741312928e+00 1.384986237974110412e-03
2.539830912965362675e+00 1.284985748493600423e-03
2.564537234751594674e+00 1.190866250843893243e-03
2.589483888417040802e+00 1.102497845143534392e-03
2.614673211801092023e+00 1.019232708157156086e-03
2.640107565484572927e+00 9.411881857966241001e-04
2.665789333010967876e+00 8.680234048647278910e-04
2.691720921109787668e+00 7.994883852725592982e-04
2.717904759922122881e+00 7.353553945221921869e-04
2.744343303228365283e+00 6.754024092173212387e-04
2.771039028678170535e+00 6.194216360061821722e-04
2.797994438022641805e+00 5.672090390203527550e-04
2.825212057348790218e+00 5.185650411222164375e-04
2.852694437316245057e+00 4.733066750469757810e-04
2.880444153396297668e+00 4.312451258565120835e-04
2.908463806113254169e+00 3.922139836473315902e-04
2.936756021288137397e+00 3.560387158103540603e-04
2.965323450284773621e+00 3.225614288124074207e-04
2.994168770258243573e+00 2.916319939065049362e-04
3.023294684405779531e+00 2.630960388706873659e-04
3.052703922220086241e+00 2.368152847586755985e-04
3.082399239745143404e+00 2.126528827180269247e-04
3.112383419834465759e+00 1.904764022697054448e-04
3.142659272411905569e+00 1.701786453825034030e-04
3.173229634734976212e+00 1.516001888623089557e-04
3.204097371660752813e+00 1.346624190757606855e-04
3.235265375914330388e+00 1.192484281801553070e-04
3.266736568359921655e+00 1.052511174949347469e-04
3.298513898274578082e+00 9.257204107453950194e-05
3.330600343624588788e+00 8.112682703117426607e-05
3.362998911344535991e+00 7.081830937436150899e-05
3.395712637619100693e+00 6.155889557517842494e-05
3.428744588167585317e+00 5.326947414474928182e-05
3.462097858531227423e+00 4.587983987569844031e-05
3.495775574363275240e+00 3.931084345560978025e-05
3.529780891721914671e+00 3.349387142101479430e-05
3.564116997366032269e+00 2.837282086487478337e-05
3.598787109053855460e+00 2.387861799661529153e-05
3.633794475844513094e+00 1.995418186454677052e-05
3.669142378402494131e+00 1.654732416308017382e-05
3.704834129305105694e+00 1.361182914903897074e-05
3.740873073352900313e+00 1.109196498846312914e-05
3.777262587883141176e+00 8.946655307640840577e-06
3.814006083086284082e+00 7.134676948154608374e-06
3.851107002325572903e+00 5.621507145622565262e-06
3.888568822459721019e+00 4.367166847818756446e-06
3.926395054168756449e+00 3.337729111863252009e-06
3.964589242282997805e+00 2.505332193269659466e-06
4.003154966115265445e+00 1.842160588321867320e-06
4.042095839796306045e+00 1.321852100571552305e-06
4.081415512613501662e+00 9.221491406959540192e-07
4.121117669352832635e+00 6.219918726184378007e-07
4.161206030644208020e+00 4.022394227164522322e-07
4.201684353310133346e+00 2.473308201005741926e-07
4.242556430717777438e+00 1.416628437309000738e-07
4.283826093134470270e+00 7.482113527053129087e-08
4.325497208086633627e+00 3.473217678180016010e-08
4.367573680722233398e+00 1.385548442943307263e-08
4.410059454176736615e+00 4.237248266666016664e-09
4.452958509942654963e+00 7.922440533105114296e-10
4.496274868242640110e+00 0.000000000000000000e+00
