1.000000000000000021e-02 1.679598245005227364e+00
1.009727545900835841e-02 1.679594129337994346e+00
1.019549716950923779e-02 1.679589923671272134e+00
1.029467433620748044e-02 1.679585612481699686e+00
1.039481625334708927e-02 1.679581197545697790e+00
1.049593230558227772e-02 1.679576679417840612e+00
1.059803196885688789e-02 1.679572097644196571e+00
1.070112481129246833e-02 1.679567470134925689e+00
1.080522049408488318e-02 1.679562748267910521e+00
1.091032877240974419e-02 1.679557923967319732e+00
1.101645949633656314e-02 1.679552989132512053e+00
1.112362261175187626e-02 1.679547957151069193e+00
1.123182816129126085e-02 1.679542837553482437e+00
1.134108628528052165e-02 1.679537510530217714e+00
1.145140722268592030e-02 1.679531976098199042e+00
1.156280131207376022e-02 1.679526327468964242e+00
1.167527899257919492e-02 1.679521005270017575e+00
1.178885080488457221e-02 1.679515304238224926e+00
1.190352739220719262e-02 1.679509568320386226e+00
1.201931950129673729e-02 1.679503689669543443e+00
1.213623798344241195e-02 1.679497515671062313e+00
1.225429379548980714e-02 1.679491691783864038e+00
1.237349800086776086e-02 1.679484768039763765e+00
1.249386177062509519e-02 1.679478189884195727e+00
1.261539638447754796e-02 1.679470390051393203e+00
1.273811323186478488e-02 1.679463521585099706e+00
1.286202381301779218e-02 1.679456590952041140e+00
1.298713974003655978e-02 1.679450045468929398e+00
1.311347273797833224e-02 1.679442071131958203e+00
1.324103464595636874e-02 1.679434942384190776e+00
1.336983741824946531e-02 1.679428018342339124e+00
1.349989312542219239e-02 1.679420424248454058e+00
1.363121395545611320e-02 1.679412658732084340e+00
1.376381221489191876e-02 1.679404745323808346e+00
1.389770032998276401e-02 1.679396811997029726e+00
1.403289084785873213e-02 1.679388531951017782e+00
1.416939643770268736e-02 1.679380079237207113e+00
1.430722989193757184e-02 1.679370205565591467e+00
1.444640412742520530e-02 1.679361387472287470e+00
1.458693218667675602e-02 1.679352446044615643e+00
1.472882723907502529e-02 1.679343396683683487e+00
1.487210258210860774e-02 1.679334226179170164e+00
1.501677164261799868e-02 1.679324864020841135e+00
1.516284797805393485e-02 1.679315927558437282e+00
1.531034527774784160e-02 1.679306290397044377e+00
1.545927736419477720e-02 1.679296240647396354e+00
1.560965819434872483e-02 1.679286110074078353e+00
1.576150186093060873e-02 1.679275806359647794e+00
1.591482259374891323e-02 1.679265480187371651e+00
1.606963476103326349e-02 1.679254857417109337e+00
1.622595287078087284e-02 1.679243297460027096e+00
1.638379157211618947e-02 1.679232110276243528e+00
1.654316565666366645e-02 1.679221063607892139e+00
1.670409005993399310e-02 1.679209218866106745e+00
1.686657986272368723e-02 1.679197131788182196e+00
1.703065029252844378e-02 1.679184913168459081e+00
1.719631672497009753e-02 1.679172845848658113e+00
1.736359468523754335e-02 1.679160172075717661e+00
1.753249984954170088e-02 1.679147170376619647e+00
1.770304804658450262e-02 1.679132298347625785e+00
1.787525525904235316e-02 1.679120737366301075e+00
1.804913762506383731e-02 1.679104364238781955e+00
1.822471143978214581e-02 1.679092182170067282e+00
1.840199315684210371e-02 1.679078178856516779e+00
1.858099938994215231e-02 1.679063261593658707e+00
1.876174691439120440e-02 1.679048506460005141e+00
1.894425266868081034e-02 1.679033428174830700e+00
1.912853375607242307e-02 1.679017315349898842e+00
1.931460744620030340e-02 1.679001763311589901e+00
1.950249117668984011e-02 1.678985943408313197e+00
1.969220255479172538e-02 1.678969753108877194e+00
1.988375935903200636e-02 1.678953353693803274e+00
2.007717954087816226e-02 1.678936627183240438e+00
2.027248122642137662e-02 1.678919628011153797e+00
2.046968271807520987e-02 1.678902424854849640e+00
2.066880249629082095e-02 1.678884675590875730e+00
2.086985922128879734e-02 1.678866678864637585e+00
2.107287173480786382e-02 1.678848407938309473e+00
2.127785906187062287e-02 1.678829696432102336e+00
2.148484041256648255e-02 1.678810556295972534e+00
2.169383518385184506e-02 1.678790946597845668e+00
2.190486296136792688e-02 1.678770898997424155e+00
2.211794352127614133e-02 1.678750372680706482e+00
2.233309683211144592e-02 1.678729386555952940e+00
2.255034305665360936e-02 1.678707903112006905e+00
2.276970255381680075e-02 1.678686026059763581e+00
2.299119588055741764e-02 1.678663622094164420e+00
2.321484379380064564e-02 1.678640873124841892e+00
2.344066725238556220e-02 1.678617792411309262e+00
2.366868741902936057e-02 1.678594184811081025e+00
2.389892566231050300e-02 1.678570064668081674e+00
2.413140355867127856e-02 1.678545431493274398e+00
2.436614289443983158e-02 1.678520246236955060e+00
2.460316566787181664e-02 1.678494526306006263e+00
2.484249409121190577e-02 1.678468268749977232e+00
2.508415059277539771e-02 1.678441485823437107e+00
2.532815781905008515e-02 1.678411622002785819e+00
2.557453863681850847e-02 1.678386383747179078e+00
2.582331613530085626e-02 1.678358066842976282e+00
2.607451362831877603e-02 1.678329191210675919e+00
2.632815465648021339e-02 1.678299967099036172e+00
2.658426298938541474e-02 1.678270097586762821e+00
2.684286262785454819e-02 1.678240059638091308e+00
2.710397780617682106e-02 1.678210714276655802e+00
2.736763299438163891e-02 1.678177319976456028e+00
2.763385290053169824e-02 1.678146110051043749e+00
2.790266247303856487e-02 1.678113459715575795e+00
2.817408690300057458e-02 1.678080043592070636e+00
2.844815162656363222e-02 1.678045884254661058e+00
2.872488232730495070e-02 1.678011097987718081e+00
2.900430493863991738e-02 1.677975630137603424e+00
2.928644564625237229e-02 1.677939601703800410e+00
2.957133089054861039e-02 1.677902674419711859e+00
2.985898736913520854e-02 1.677863485070763439e+00
3.014944203932094433e-02 1.677825608737370633e+00
3.044272212064302874e-02 1.677787477365966451e+00
3.073885509741795460e-02 1.677747674276931056e+00
3.103786872131722788e-02 1.677707247660472190e+00
3.133979101396793671e-02 1.677667009557358258e+00
3.164465026957891114e-02 1.677624890374615152e+00
3.195247505759213347e-02 1.677581697078192269e+00
3.226329422536015901e-02 1.677537134647072437e+00
3.257713690084949876e-02 1.677493194985979263e+00
3.289403249537032475e-02 1.677447875186213411e+00
3.321401070633261954e-02 1.677401398989590620e+00
3.353710152002930406e-02 1.677353863548010304e+00
3.386333521444636480e-02 1.677305440890664023e+00
3.419274236210027851e-02 1.677255950618440128e+00
3.452535383290306070e-02 1.677205764717318415e+00
3.486120079705520153e-02 1.677154306248417326e+00
3.520031472796678745e-02 1.677102140255072316e+00
3.554272740520694751e-02 1.677049049246426282e+00
3.588847091748199186e-02 1.676994873787635898e+00
3.623757766564258964e-02 1.676939823140209729e+00
3.659008036572020811e-02 1.676883525059093882e+00
3.694601205199302130e-02 1.676826152309855544e+00
3.730540608008161424e-02 1.676767504029081035e+00
3.766829613007490613e-02 1.676707438951794416e+00
3.803471620968648659e-02 1.676646314689238970e+00
3.840470065744145539e-02 1.676584086858052824e+00
3.877828414589457040e-02 1.676521108568268303e+00
3.915550168487941241e-02 1.676456178888962256e+00
3.953638862478930927e-02 1.676391028046103848e+00
3.992098065989020672e-02 1.676323254779926053e+00
4.030931383166566628e-02 1.676254904535974921e+00
4.070142453219438572e-02 1.676185076128438700e+00
4.109734950756069316e-02 1.676114686977232981e+00
4.149712586129815362e-02 1.676040399096378364e+00
4.190079105786669034e-02 1.675966455263704802e+00
4.230838292616342228e-02 1.675889801115246325e+00
4.271993966306778662e-02 1.675815228195805640e+00
4.313549983702118923e-02 1.675737013822372390e+00
4.355510239164130798e-02 1.675653642273634558e+00
4.397878664937160398e-02 1.675577420121393768e+00
4.440659231516640160e-02 1.675494385659295871e+00
4.483855948021186338e-02 1.675406004929508308e+00
4.527472862568297785e-02 1.675324001865448276e+00
4.571514062653719151e-02 1.675236383688446962e+00
4.615983675534499064e-02 1.675147123108762459e+00
4.660885868615767536e-02 1.675055984816883115e+00
4.706224849841281199e-02 1.674962907998627237e+00
4.752004868087766204e-02 1.674867886921365789e+00
4.798230213563085128e-02 1.674770740578216843e+00
4.844905218208294534e-02 1.674671884218501328e+00
4.892034256103611894e-02 1.674571763325578777e+00
4.939621743878321036e-02 1.674468927924895212e+00
4.987672141124663283e-02 1.674364550520722084e+00
5.036189950815770505e-02 1.674257922335944171e+00
5.085179719727656034e-02 1.674147131221912721e+00
5.134646038865306461e-02 1.674035853185092737e+00
5.184593543892913187e-02 1.673923258431478933e+00
5.235026915568305461e-02 1.673810550351099380e+00
5.285950880181603667e-02 1.673693010215018928e+00
5.337370209998133774e-02 1.673571374364916320e+00
5.389289723705643909e-02 1.673450992613763733e+00
5.441714286865893119e-02 1.673325760271163309e+00
5.494648812370611646e-02 1.673198037330101640e+00
5.548098260901916656e-02 1.673071174111300241e+00
5.602067641397187603e-02 1.672939320584741818e+00
5.656562011518465050e-02 1.672806226797235896e+00
5.711586478126431943e-02 1.672669419694964743e+00
5.767146197758996756e-02 1.672529918051367970e+00
5.823246377114527778e-02 1.672387541976218195e+00
5.879892273539785025e-02 1.672242541152008988e+00
5.937089195522609469e-02 1.672096130106787371e+00
5.994842503189409116e-02 1.671944525012870608e+00
6.053157608807464840e-02 1.671791457119092383e+00
6.112039977292132997e-02 1.671632480893837203e+00
6.171495126718981594e-02 1.671475367309677829e+00
6.231528628840921763e-02 1.671312638858790223e+00
6.292146109610344262e-02 1.671146103800338567e+00
6.353353249706343575e-02 1.670976656780054137e+00
6.415155785067082339e-02 1.670803960789005282e+00
6.477559507427335661e-02 1.670627947385826317e+00
6.540570264861225724e-02 1.670448325795304445e+00
6.604193962330305590e-02 1.670265541587426350e+00
6.668436562236895737e-02 1.670079592269758662e+00
6.733304084982863480e-02 1.669889818067756826e+00
6.798802609533814711e-02 1.669695888234024039e+00
6.864938273988777095e-02 1.669499672457649631e+00
6.931717276155408003e-02 1.669298969899889906e+00
6.999145874130821565e-02 1.669094222439076569e+00
7.067230386888070925e-02 1.668886728692941412e+00
7.135977194868306506e-02 1.668673101445470985e+00
7.205392740578704658e-02 1.668456507009823397e+00
7.275483529196229149e-02 1.668236084311050194e+00
7.346256129177256011e-02 1.668010949062271209e+00
7.417717172873124210e-02 1.667781220321027824e+00
7.489873357151664857e-02 1.667547062940791802e+00
7.562731444024800576e-02 1.667308505613556813e+00
7.636298261282241373e-02 1.667064614217673713e+00
7.710580703131336699e-02 1.666816881865939681e+00
7.785585730843146146e-02 1.666563451920868300e+00
7.861320373404813433e-02 1.666304031075267478e+00
7.937791728178281159e-02 1.666043040488806914e+00
8.015006961565404597e-02 1.665773542924284145e+00
8.092973309679550586e-02 1.665501900129115365e+00
8.171698079023696770e-02 1.665224785266329333e+00
8.251188647175167201e-02 1.664942663102798148e+00
8.331452463477014014e-02 1.664653621439766251e+00
8.412497049736118726e-02 1.664359250713226324e+00
8.494330000928071445e-02 1.664057524541046273e+00
8.576958985908941790e-02 1.663753943778812250e+00
8.660391748133952627e-02 1.663441883742194927e+00
8.744636106383144036e-02 1.663123963790122950e+00
8.829699955494091368e-02 1.662800034936477322e+00
8.915591267101763417e-02 1.662469950951299014e+00
9.002318090385581784e-02 1.662132345496123431e+00
9.089888552823731371e-02 1.661790155760855647e+00
9.178310860954806694e-02 1.661438051613833400e+00
9.267593301146882789e-02 1.661080919313629778e+00
9.357744240374062106e-02 1.660719413099507547e+00
9.448772127000577836e-02 1.660350541630335464e+00
9.540685491572513388e-02 1.659973810625592794e+00
9.633492947617222635e-02 1.659589512423824686e+00
9.727203192450542546e-02 1.659197994299752787e+00
9.821825007991856482e-02 1.658798688541337940e+00
9.917367261587073379e-02 1.658391758816085915e+00
1.001383890683960748e-01 1.657976874323537242e+00
1.011124898444945991e-01 1.657554566429072729e+00
1.020960662306047012e-01 1.657123975584954501e+00
1.030892104011576216e-01 1.656684193592486087e+00
1.040920154272158005e-01 1.656235972181020033e+00
1.051045752851944987e-01 1.655780299408712741e+00
1.061269848656690717e-01 1.655316281079756813e+00
1.071593399822671072e-01 1.654840821580229271e+00
1.082017373806478805e-01 1.654363306807559608e+00
1.092542747475682557e-01 1.653871748654893947e+00
1.103170507200377515e-01 1.653370219808701913e+00
1.113901648945616746e-01 1.652859762420136436e+00
1.124737178364751955e-01 1.652340139388746465e+00
1.135678110893671017e-01 1.651810258594820224e+00
1.146725471845963656e-01 1.651270001469463011e+00
1.157880296509002094e-01 1.650719767880851840e+00
1.169143630240966764e-01 1.650157902552863209e+00
1.180516528568804902e-01 1.649586373240804260e+00
1.192000057287153220e-01 1.649003835376349425e+00
1.203595292558212876e-01 1.648411175129945727e+00
1.215303321012602134e-01 1.647806996329394646e+00
1.227125239851190319e-01 1.647191240213114583e+00
1.239062156947916271e-01 1.646564742584327501e+00
1.251115190953615564e-01 1.645924756968712099e+00
1.263285471400849291e-01 1.645273320350664870e+00
1.275574138809759950e-01 1.644609706609198918e+00
1.287982344794950385e-01 1.643933019208701829e+00
1.300511252173409127e-01 1.643242821024277101e+00
1.313162035073478784e-01 1.642541484016059483e+00
1.325935879044890797e-01 1.641825647279435918e+00
1.338833981169864351e-01 1.641132685818895709e+00
1.351857550175293021e-01 1.640356897327541086e+00
1.365007806546013891e-01 1.639599485451643579e+00
1.378285982639189389e-01 1.638829886997761998e+00
1.391693322799789911e-01 1.638046170450071282e+00
1.405231083477211373e-01 1.637246329921653754e+00
1.418900533343016301e-01 1.636432219057814219e+00
1.432702953409830948e-01 1.635601952612184107e+00
1.446639637151387880e-01 1.634754628711874602e+00
1.460711890623745679e-01 1.633894113820234306e+00
1.474921032587684921e-01 1.633017991593781026e+00
1.489268394632288772e-01 1.632124675408352932e+00
1.503755321299738434e-01 1.631215712772739357e+00
1.518383170211306810e-01 1.630289789772275233e+00
1.533153312194593942e-01 1.629344977137014983e+00
1.548067131411984265e-01 1.628382597139044208e+00
1.563126025490369497e-01 1.627400969847383028e+00
1.578331405652117214e-01 1.626404129750072425e+00
1.593684696847328941e-01 1.625389420606426549e+00
1.609187337887370006e-01 1.624354246815805869e+00
1.624840781579713067e-01 1.623300958653778103e+00
1.640646494864078653e-01 1.622227520097422770e+00
1.656605958949914359e-01 1.621135270968448783e+00
1.672720669455196874e-01 1.620022128473626477e+00
1.688992136546599021e-01 1.618889880803491277e+00
1.705421885081006561e-01 1.617733717837757990e+00
1.722011454748421100e-01 1.616558493293234422e+00
1.738762400216251336e-01 1.615361009300171569e+00
1.755676291275001522e-01 1.614142003467887054e+00
1.772754712985387948e-01 1.612901601321885980e+00
1.789999265826875408e-01 1.611637713408661687e+00
1.807411565847668600e-01 1.610350033817659288e+00
1.824993244816152382e-01 1.609038767629639155e+00
1.842745950373816666e-01 1.607707156902592693e+00
1.860671346189656239e-01 1.606349882942941232e+00
1.878771112116086051e-01 1.604966779029403323e+00
1.897046944346358344e-01 1.603559117078290575e+00
1.915500555573527997e-01 1.602125910895640937e+00
1.934133675150944698e-01 1.600668082539174586e+00
1.952948049254327745e-01 1.599182710207184499e+00
1.971945441045395986e-01 1.597671052168971650e+00
1.991127630837108697e-01 1.596132432470402041e+00
2.010496416260497965e-01 1.594565467395707925e+00
2.030053612433137811e-01 1.592973282956236636e+00
2.049801052129238688e-01 1.591350779908444757e+00
2.069740585951406198e-01 1.589697369422323536e+00
2.089874082504071251e-01 1.588011163248703506e+00
2.110203428568595552e-01 1.586305052750437206e+00
2.130730529280097374e-01 1.584566250792954101e+00
2.151457308305980698e-01 1.582794949840373278e+00
2.172385708026215445e-01 1.580991530746603813e+00
2.193517689715359098e-01 1.579157496727713550e+00
2.214855233726360506e-01 1.577289969347550835e+00
2.236400339676138660e-01 1.575393426360081506e+00
2.258155026632983065e-01 1.573461369112005181e+00
2.280121333305757114e-01 1.571494716999171981e+00
2.302301318234963867e-01 1.569494009233533216e+00
2.324697059985647851e-01 1.567457582403731342e+00
2.347310657342196183e-01 1.565385742307620065e+00
2.370144229505012079e-01 1.563279958161924110e+00
2.393199916289123208e-01 1.561139702255531336e+00
2.416479878324700736e-01 1.558961516313562612e+00
2.439986297259550130e-01 1.556744769699637931e+00
2.463721375963552895e-01 1.554490716883077939e+00
2.487687338735107279e-01 1.552219490762777765e+00
2.511886431509580686e-01 1.549866906155927593e+00
2.536320922069775774e-01 1.547495867962827676e+00
2.560993100258459609e-01 1.545083623516291693e+00
2.585905278192945911e-01 1.542628288078570442e+00
2.611059790481781162e-01 1.540150537954040555e+00
2.636458994443517945e-01 1.537604451159394259e+00
2.662105270327638773e-01 1.535027103712323537e+00
2.688001021537606006e-01 1.532480410266915838e+00
2.714148674856106669e-01 1.529742735173444501e+00
2.740550680672460548e-01 1.527034692191710397e+00
2.767209513212268712e-01 1.524281018166135038e+00
2.794127670769268601e-01 1.521484528632526478e+00
2.821307675939472293e-01 1.518641564527759114e+00
2.848752075857552413e-01 1.515750540810391511e+00
2.876463442435557849e-01 1.512815006603693391e+00
2.904444372603925406e-01 1.509833153675840256e+00
2.932697488554852905e-01 1.506797865707333539e+00
2.961225437988035947e-01 1.503724345765643733e+00
2.990030894358785551e-01 1.500585354507319336e+00
3.019116557128577738e-01 1.497405169230794808e+00
3.048485152018017286e-01 1.494176766444325510e+00
3.078139431262288950e-01 1.490878937675719218e+00
3.108082173869063936e-01 1.487555600722982652e+00
3.138316185878944342e-01 1.484170967404351282e+00
3.168844300628416155e-01 1.480733600716616749e+00
3.199669379015380732e-01 1.477239453903635535e+00
3.230794309767249795e-01 1.473686513193515069e+00
3.262222009711669979e-01 1.470091780877641918e+00
3.293955424049855307e-01 1.466434893124518135e+00
3.325997526632606949e-01 1.462721509904491679e+00
3.358351320238990301e-01 1.458952681589129829e+00
3.391019836857747105e-01 1.455127719235460360e+00
3.424006137971423724e-01 1.451258739421041666e+00
3.457313314843284413e-01 1.447302112808819263e+00
3.490944488806992929e-01 1.443303911759804770e+00
3.524902811559130766e-01 1.439242716302243652e+00
3.559191465454557002e-01 1.435127726344474608e+00
3.593813663804627523e-01 1.430947085719264544e+00
3.628772651178337472e-01 1.426706200560545312e+00
3.664071703706370808e-01 1.422406201613734877e+00
3.699714129388128048e-01 1.418043539556451016e+00
3.735703268401719401e-01 1.413619800320877529e+00
3.772042493416999376e-01 1.409130837794027258e+00
3.808735209911614517e-01 1.404581965002088317e+00
3.845784856490158665e-01 1.399966833385972054e+00
3.883194905206404091e-01 1.395288723116660412e+00
3.920968861888690649e-01 1.390546506573111518e+00
3.959110266468458539e-01 1.385737129912401278e+00
3.997622693312000708e-01 1.380864331855331084e+00
4.036509751555413805e-01 1.375925217277204959e+00
4.075775085442840395e-01 1.370922163011171424e+00
4.115422374667966343e-01 1.365848924873158010e+00
4.155455334718875515e-01 1.360712598848645927e+00
4.195877717226225712e-01 1.355505268169724165e+00
4.236693310314835759e-01 1.350229869143716011e+00
4.277905938958687093e-01 1.344892560811867810e+00
4.319519465339363706e-01 1.339482853543119134e+00
4.361537789208005944e-01 1.334004396796145242e+00
4.403964848250754294e-01 1.328459492638822903e+00
4.446804618457780300e-01 1.322845421503596963e+00
4.490061114495874639e-01 1.317160480694017588e+00
4.533738390084691150e-01 1.311409571448129974e+00
4.577840538376618529e-01 1.305588195732779511e+00
4.622371692340384031e-01 1.299695411399213629e+00
4.667336025148346446e-01 1.293737630447178599e+00
4.712737750567601580e-01 1.287707532622009765e+00
4.758581123354846953e-01 1.281604225777862149e+00
4.804870439655131720e-01 1.275438786407757874e+00
4.851610037404442966e-01 1.269195701084229633e+00
4.898804296736250508e-01 1.262889630913371031e+00
4.946457640391963562e-01 1.256506713407299136e+00
4.994574534135413635e-01 1.250063466976949478e+00
5.043159487171361421e-01 1.243546287668491956e+00
5.092217052568053237e-01 1.236959708147756576e+00
5.141751827683928022e-01 1.230308198688476962e+00
5.191768454598426619e-01 1.223585189811208895e+00
5.242271620547044320e-01 1.216791770763254510e+00
5.293266058360561743e-01 1.209932879517715554e+00
5.344756546908600026e-01 1.203003800523572364e+00
5.396747911547442600e-01 1.196009268049358365e+00
5.449245024572260121e-01 1.188949101506661998e+00
5.502252805673685243e-01 1.181819723468920946e+00
5.555776222398878250e-01 1.174624468898564533e+00
5.609820290617031358e-01 1.167363292457483714e+00
5.664390074989449353e-01 1.160035730528199194e+00
5.719490689444144405e-01 1.152649678688091539e+00
5.775127297655114900e-01 1.145194597856009189e+00
5.831305113526221717e-01 1.137678049529497359e+00
5.888029401679826247e-01 1.130099505065615961e+00
5.945305477950136863e-01 1.122459459191259779e+00
6.003138709881384871e-01 1.114755203870939848e+00
6.061534517230839914e-01 1.106993592745614929e+00
6.120498372476699256e-01 1.099172484166426100e+00
6.180035801330957534e-01 1.091292356671925701e+00
6.240152383257209223e-01 1.083353340802320597e+00
6.300853751993553686e-01 1.075330346820194904e+00
6.362145596080520660e-01 1.067309841393312420e+00
6.424033659394193796e-01 1.059206606243018989e+00
6.486523741684461219e-01 1.051049534026714527e+00
6.549621699118558515e-01 1.042839440760633174e+00
6.613333444829840868e-01 1.034577506822860427e+00
6.677664949471955325e-01 1.026267804883058687e+00
6.742622241778342129e-01 1.017910262454130965e+00
6.808211409127237213e-01 1.009502727588151849e+00
6.874438598112112553e-01 1.001049119707513757e+00
6.941310015117725385e-01 9.925547351884009828e-01
7.008831926901714082e-01 9.840176995526739301e-01
7.077010661181889484e-01 9.754299426988423116e-01
7.145852607229240538e-01 9.668101002663740395e-01
7.215364216466665370e-01 9.581480938380899648e-01
7.285552003073593186e-01 9.494500293226830756e-01
7.356422544596413760e-01 9.407154045832473166e-01
7.427982482564918776e-01 9.319454363318537826e-01
7.500238523114668432e-01 9.231482301437112792e-01
7.573197437615483141e-01 9.143142040053009456e-01
7.646866063305975958e-01 9.054562929514266001e-01
7.721251303934327792e-01 8.965681768702138399e-01
7.796360130405233235e-01 8.876512875687175841e-01
7.872199581433195759e-01 8.787172231786274379e-01
7.948776764202123424e-01 8.697564983144323580e-01
8.026098855031396084e-01 8.607791246620777326e-01
8.104173100048355227e-01 8.517807094786484789e-01
8.183006815867394090e-01 8.427645299047112903e-01
8.262607390275591435e-01 8.337378001070683275e-01
8.342982282925082149e-01 8.246968001762098321e-01
8.424139026032094746e-01 8.156424732568010594e-01
8.506085225082840040e-01 8.065824195200904656e-01
8.588828559546254349e-01 7.975161030306141541e-01
8.672376783593644944e-01 7.884422641335573356e-01
8.756737726825394308e-01 7.793673441229953536e-01
8.841919295004664336e-01 7.702921141767901103e-01
8.927929470798307010e-01 7.612152897929023165e-01
9.014776314524917122e-01 7.521441359611544808e-01
9.102467964910225806e-01 7.430767188268063705e-01
9.191012639849772681e-01 7.340194895267063702e-01
9.280418637179072006e-01 7.249691568624103688e-01
9.370694335451198453e-01 7.159303793594593568e-01
9.461848194722002336e-01 7.068866918542968669e-01
9.553888757342895444e-01 6.978941681992296697e-01
9.646824648761427312e-01 6.889005444904213737e-01
9.740664578329562007e-01 6.799259955912094755e-01
9.835417340119908536e-01 6.709722176949988182e-01
9.931091813749796104e-01 6.620416914332515335e-01
1.002769696521346621e+00 6.531400105593326844e-01
1.012524184772224167e+00 6.442619065396077982e-01
1.022373560255302127e+00 6.354147847230280366e-01
1.032318745990486564e+00 6.265956876856291213e-01
1.042360673976402197e+00 6.178107306339354343e-01
1.052500285277732761e+00 6.090640561573716916e-01
1.062738530113414459e+00 6.003515349357634312e-01
1.073076367945679621e+00 5.916770544089163808e-01
1.083514767569973225e+00 5.829820855637745103e-01
1.094054707205742494e+00 5.744498915077501655e-01
1.104697174588111785e+00 5.658975797576049072e-01
1.115443167060441221e+00 5.574010105786398883e-01
1.126293691667795249e+00 5.489501426403233797e-01
1.137249765251314271e+00 5.405399981855462110e-01
1.148312414543511073e+00 5.321830583949727078e-01
1.159482676264482759e+00 5.238807287601621177e-01
1.170761597219069250e+00 5.156248332339264939e-01
1.182150234394952371e+00 5.074367684168685777e-01
1.193649655061713055e+00 4.993128157841983938e-01
1.205260936870842681e+00 4.912187722303609227e-01
1.216985167956738056e+00 4.831544411527640137e-01
1.228823447038673411e+00 4.752246773825183346e-01
1.240776883523764251e+00 4.673431591218195624e-01
1.252846597610937529e+00 4.595100342703554164e-01
1.265033720395903893e+00 4.517490105160583136e-01
1.277339393977160009e+00 4.440414943188182306e-01
1.289764771563017165e+00 4.364047984490852516e-01
1.302311017579677488e+00 4.288393109466509534e-01
1.314979307780347773e+00 4.213400688869113342e-01
1.327770829355430449e+00 4.139150111393681830e-01
1.340686781043774811e+00 4.065590099099200549e-01
1.353728373245021821e+00 3.992762905563183029e-01
1.366896828133026487e+00 3.920643751024219803e-01
1.380193379770397355e+00 3.849277634440708695e-01
1.393619274224142002e+00 3.778679314181789817e-01
1.407175769682446731e+00 3.708827157301186062e-01
1.420864136572576708e+00 3.639716299535589727e-01
1.434685657679937831e+00 3.571391203563431538e-01
1.448641628268290127e+00 3.503852017313755507e-01
1.462733356201129986e+00 3.437070868624843567e-01
1.476962162064259898e+00 3.371095817631347691e-01
1.491329379289537682e+00 3.305866980115795273e-01
1.505836354279841416e+00 3.241504669267702976e-01
1.520484446535244283e+00 3.177887606998792136e-01
1.535275028780422657e+00 3.115096742040667777e-01
1.550209487093291205e+00 3.053167792242683087e-01
1.565289221034902312e+00 2.991887531215855489e-01
1.580515643780601165e+00 2.931524120641574305e-01
1.595890182252465817e+00 2.871953666352232704e-01
1.611414277253019778e+00 2.813201179040197286e-01
1.627089383600260675e+00 2.755248286152072179e-01
1.642916970263993193e+00 2.698116144684499229e-01
1.658898520503498064e+00 2.641772980246822056e-01
1.675035532006524441e+00 2.586288070513454995e-01
1.691329517029648732e+00 2.531601926940599268e-01
1.707782002539993016e+00 2.477654374485586952e-01
1.724394530358320354e+00 2.424632189502104740e-01
1.741168657303530987e+00 2.371901197341194922e-01
1.758105955338547632e+00 2.320930729677843640e-01
1.775208011717636092e+00 2.270238549853389465e-01
1.792476429135148930e+00 2.220394628233404166e-01
1.809912825875727105e+00 2.171324611787363579e-01
1.827518835965944666e+00 2.123072822253239678e-01
1.845296109327445366e+00 2.075597307303496120e-01
1.863246311931559873e+00 2.028898446669813727e-01
1.881371125955437096e+00 1.982683532116269187e-01
1.899672249939675650e+00 1.937844684459311961e-01
1.918151398947507635e+00 1.893478614417608563e-01
1.936810304725519849e+00 1.849878163942004772e-01
1.955650715865949074e+00 1.806995566145974674e-01
1.974674397970537454e+00 1.764949102853275997e-01
1.993883133816001019e+00 1.723619556948887133e-01
2.013278723521096492e+00 1.683033167305124367e-01
2.032862984715323673e+00 1.642260449865176053e-01
2.052637752709252084e+00 1.604055433978950340e-01
2.072604880666519822e+00 1.565597589902122388e-01
2.092766239777499759e+00 1.527975142262132657e-01
2.113123719434652603e+00 1.490709333723862218e-01
2.133679227409597701e+00 1.454734646064094750e-01
2.154434690031884259e+00 1.419160997752298148e-01
2.175392052369522489e+00 1.384275469461719588e-01
2.196553278411258248e+00 1.349831984077654035e-01
2.217920351250634692e+00 1.316545789119805132e-01
2.239495273271823184e+00 1.283681044659422676e-01
2.261280066337279404e+00 1.251487670327573742e-01
2.283276771977218012e+00 1.219916644869875749e-01
2.305487451580938707e+00 1.188770923380769312e-01
2.327914186589993051e+00 1.158727626807141836e-01
2.350559078693253756e+00 1.129067868761291504e-01
2.373424250023866033e+00 1.100030424516624250e-01
2.396511843358130278e+00 1.071602011408727823e-01
2.419824022316292567e+00 1.043773295731131867e-01
2.443362971565319341e+00 1.016535660594065915e-01
2.467130897023623426e+00 9.898848784601141371e-02
2.491130026067788439e+00 9.638079859946678540e-02
2.515362607741312928e+00 9.382986989420569190e-02
2.539830912965362675e+00 9.133520021823324231e-02
2.564537234751594674e+00 8.889482017901800814e-02
2.589483888417040802e+00 8.651057349205734659e-02
2.614673211801092023e+00 8.417316174414986307e-02
2.640107565484572927e+00 8.189700869742215505e-02
2.665789333010967876e+00 7.966771809347582278e-02
2.691720921109787668e+00 7.748983827717231820e-02
2.717904759922122881e+00 7.536215089761832964e-02
2.744343303228365283e+00 7.328350252755894134e-02
2.771039028678170535e+00 7.125333946418081765e-02
2.797994438022641805e+00 6.927030358839293689e-02
2.825212057348790218e+00 6.733340234371842925e-02
2.852694437316245057e+00 6.544345501457170255e-02
2.880444153396297668e+00 6.360479901795057511e-02
2.908463806113254169e+00 6.179708755653545021e-02
2.936756021288137397e+00 6.003867688551330073e-02
2.965323450284773621e+00 5.831848925416925622e-02
2.994168770258243573e+00 5.664959463214679081e-02
3.023294684405779531e+00 5.501687104036335346e-02
3.052703922220086241e+00 5.342276434360768156e-02
3.082399239745143404e+00 5.186967332653798918e-02
3.112383419834465759e+00 5.035721986472253831e-02
3.142659272411905569e+00 4.887949957800601097e-02
3.173229634734976212e+00 4.744043979685707429e-02
3.204097371660752813e+00 4.603747582613939432e-02
3.235265375914330388e+00 4.467145345180470462e-02
3.266736568359921655e+00 4.333990184050560274e-02
3.298513898274578082e+00 4.204166822486563038e-02
3.330600343624588788e+00 4.078006566338983341e-02
3.362998911344535991e+00 3.954591927734408402e-02
3.395712637619100693e+00 3.834658403471193772e-02
3.428744588167585317e+00 3.717975225868552086e-02
3.462097858531227423e+00 3.604170575442677826e-02
3.495775574363275240e+00 3.493484385963131073e-02
3.529780891721914671e+00 3.385640914235462512e-02
3.564116997366032269e+00 3.280890341794413106e-02
3.598787109053855460e+00 3.178845024874922542e-02
3.633794475844513094e+00 3.079582433504136907e-02
3.669142378402494131e+00 2.983001860172078759e-02
3.704834129305105694e+00 2.889027055816230372e-02
3.740873073352900313e+00 2.797622865554277860e-02
3.777262587883141176e+00 2.708783206564033263e-02
3.814006083086284082e+00 2.622371485877164621e-02
3.851107002325572903e+00 2.538319373323411066e-02
3.888568822459721019e+00 2.456856398051156937e-02
3.926395054168756449e+00 2.377512662587167105e-02
3.964589242282997805e+00 2.300409194301304347e-02
4.003154966115265445e+00 2.225492577000130409e-02
4.042095839796306045e+00 2.152788334974494247e-02
4.081415512613501662e+00 2.082005019668614273e-02
4.121117669352832635e+00 2.013351937034011871e-02
4.161206030644208020e+00 1.946639088067235457e-02
4.201684353310133346e+00 1.881896369989504575e-02
4.242556430717777438e+00 1.819007443660522472e-02
4.283826093134470270e+00 1.758003404013232587e-02
4.325497208086633627e+00 1.698773074845389211e-02
4.367573680722233398e+00 1.641286167360862802e-02
4.410059454176736615e+00 1.585500735180347259e-02
4.452958509942654963e+00 1.531394090756157608e-02
4.496274868242640110e+00 1.478896581922958288e-02
4.540012588406244554e+00 1.427979043482234534e-02
4.584175769250333765e+00 1.378602493458078865e-02
4.628768549463215365e+00 1.330716228020065346e-02
4.673795107992464004e+00 1.284263651035272812e-02
4.719259664436561863e+00 1.239291120224995067e-02
4.765166479440326341e+00 1.195671818807281586e-02
4.811519855094205766e+00 1.153424266609186927e-02
4.858324135337417360e+00 1.112443262622103170e-02
4.905583706365050922e+00 1.072754580403860632e-02
4.953302997039108924e+00 1.034261859325612092e-02
5.001486479303548727e+00 9.970783137336531460e-03
5.050138668603383785e+00 9.609825600883874566e-03
5.099264124307808288e+00 9.260649012099853375e-03
5.148867450137498025e+00 8.923230783025233939e-03
5.198953294596024399e+00 8.595883637921202317e-03
5.249526351405507718e+00 8.279169480798782149e-03
5.300591359946452030e+00 7.971864451435254142e-03
5.352153105701904501e+00 7.676240989949547656e-03
5.404216420705915347e+00 7.389365209056167512e-03
5.456786183996381823e+00 7.111930464649507920e-03
5.509867322072253160e+00 6.843603796494690701e-03
5.563464809355226137e+00 6.584122520008067400e-03
5.617583668655908191e+00 6.333456973708385951e-03
5.672228971644543094e+00 6.090846973363765043e-03
5.727405839326266346e+00 5.856380827162981778e-03
5.783119442521027054e+00 5.630072200322278585e-03
5.839375002348160315e+00 5.411191114538668571e-03
5.896177790715694478e+00 5.199827910379900553e-03
5.953533130814370189e+00 4.995108699038203898e-03
6.011446397616513337e+00 4.798848010515412849e-03
6.069923018379741464e+00 4.607781050936256111e-03
6.128968473155564034e+00 4.424310364429687691e-03
6.188588295302960063e+00 4.246619203543120814e-03
6.248788072006894012e+00 4.075989655968911482e-03
6.309573444801936049e+00 3.910722306219429310e-03
6.370950110100935149e+00 3.751481911824638017e-03
6.432923819728876502e+00 3.597622051707526688e-03
6.495500381461869033e+00 3.449419880891162107e-03
6.558685659571435345e+00 3.306926061881522872e-03
6.622485575374063238e+00 3.168822167378064492e-03
6.686906107786136921e+00 3.036327485642866756e-03
6.751953293884205287e+00 2.908467479057737139e-03
6.817633229470763112e+00 2.784930364623840367e-03
6.883952069645496330e+00 2.666200963955555649e-03
6.950916029382126382e+00 2.551992743804642767e-03
7.018531384110795912e+00 2.441847118869104258e-03
7.086804470306189430e+00 2.335876967951059768e-03
7.155741686081340980e+00 2.233932849343721327e-03
7.225349491787214085e+00 2.135780848131562260e-03
7.295634410618154320e+00 2.041401340651226824e-03
7.366603029223159460e+00 1.950670076231221040e-03
7.438261998323163482e+00 1.863269850216699641e-03
7.510618033334286459e+00 1.779377949973053518e-03
7.583677914997190683e+00 1.698746869901096145e-03
7.657448490012479958e+00 1.621279405822653686e-03
7.731936671682362316e+00 1.546759675865032107e-03
7.807149440558499798e+00 1.475242940514574948e-03
7.883093845096216690e+00 1.406553116398276924e-03
7.959777002314985417e+00 1.340633185510617647e-03
8.037206098465421888e+00 1.277353265586289892e-03
8.115388389702712146e+00 1.216559575265350633e-03
8.194331202766655053e+00 1.158404694273287112e-03
8.274041935668218883e+00 1.102535808234760125e-03
8.354528058382872047e+00 1.049005793959550872e-03
8.435797113550611570e+00 9.976851271709702602e-04
8.517856717182803905e+00 9.485106804535432942e-04
8.600714559375941093e+00 9.014073253936622215e-04
8.684378405032257220e+00 8.563029868056930153e-04
8.768856094587436090e+00 8.131156214383285273e-04
8.854155544745349715e+00 7.717685492229041768e-04
8.940284749219998162e+00 7.322500087830303376e-04
9.027251779484577909e+00 6.944412052300033078e-04
9.115064785527916769e+00 6.582676185291853671e-04
9.203731996618220279e+00 6.237140772819781652e-04
9.293261722074316111e+00 5.907034499638515916e-04
9.383662352044273902e+00 5.591661496597177166e-04
9.474942358291729150e+00 5.290504993058273544e-04
9.567110294989774388e+00 5.003211460952313675e-04
9.660174799522645017e+00 4.728971312108546363e-04
9.754144593295098531e+00 4.467449916609693818e-04
9.849028482549766039e+00 4.218121321056842268e-04
9.944835359192397917e+00 3.980556512849462987e-04
1.004157420162519543e+01 3.754256750788294034e-04
1.013925407558815373e+01 3.538794781523506446e-04
1.023788413500867378e+01 3.333678470384063156e-04
1.033747362285940774e+01 3.138571760902735615e-04
1.043803187202444072e+01 2.953041344946335058e-04
1.053956830617394580e+01 2.776666500021827012e-04
1.064209244064724658e+01 2.609173035265571284e-04
1.074561388334458023e+01 2.450133170977226798e-04
1.085014233562746178e+01 2.299150309236172606e-04
1.095568759322787855e+01 2.156031917175376268e-04
1.106225954716621906e+01 2.020207665393304575e-04
1.116986818467823817e+01 1.891548011544390664e-04
1.127852359015096795e+01 1.769844704792512184e-04
1.138823594606782130e+01 1.654450405528271138e-04
1.149901553396274245e+01 1.545383525735219356e-04
1.161087273538378994e+01 1.442289662133631317e-04
1.172381803286598512e+01 1.344916219729078936e-04
1.183786201091373513e+01 1.252965539099037582e-04
1.195301535699265827e+01 1.166274050784235562e-04
1.206928886253119870e+01 1.084447584635582018e-04
1.218669342393191712e+01 1.007415601901183493e-04
1.230524004359261525e+01 9.348647328268107760e-05
1.242493983093746479e+01 8.666609683571159560e-05
1.254580400345803248e+01 8.025374095352473796e-05
1.266784388776455827e+01 7.422816541203328133e-05
1.279107092064739781e+01 6.857870339054945267e-05
1.291549665014884063e+01 6.327991851454495601e-05
1.304113273664525430e+01 5.831875687078040467e-05
1.316799095393986185e+01 5.367487804353694784e-05
1.329608319036608854e+01 4.933289236398200538e-05
1.342542144990170527e+01 4.527966421350716438e-05
1.355601785329368880e+01 4.149892179647502870e-05
1.368788463919415221e+01 3.797381086019076339e-05
1.382103416530724438e+01 3.469400560851926106e-05
1.395547890954729020e+01 3.164432840371060834e-05
1.409123147120805619e+01 2.881250022189652563e-05
1.422830457214353395e+01 2.618672936721807694e-05
1.436671105796013137e+01 2.375725680080702202e-05
1.450646389922046886e+01 2.150885007047919909e-05
1.464757619265895272e+01 1.943351553619647096e-05
1.479006116240903168e+01 1.752145309281299447e-05
1.493393216124253264e+01 1.576321216102361070e-05
1.507920267182097263e+01 1.414323759145167868e-05
1.522588630795911513e+01 1.265845850912727195e-05
1.537399681590069456e+01 1.130235720718218141e-05
1.552354807560667105e+01 1.006164253266145148e-05
1.567455410205595001e+01 8.931331298881738608e-06
1.582702904655883280e+01 7.903031600070960862e-06
1.598098719808309376e+01 6.970572392459332021e-06
1.613644298459311699e+01 6.126119469066025258e-06
1.629341097440194730e+01 5.364536666353410808e-06
1.645190587753662470e+01 4.679129045454930412e-06
1.661194254711659113e+01 4.064181401602604399e-06
1.677353598074571295e+01 3.514152658968144853e-06
1.693670132191772026e+01 3.023479351966001789e-06
1.710145386143542012e+01 2.588179847407465947e-06
1.726780903884355922e+01 2.202838825374436443e-06
1.743578244387577669e+01 1.864329510331501791e-06
1.760538981791556523e+01 1.567046069307846634e-06
1.777664705547142532e+01 1.307939079599065950e-06
1.794957020566648254e+01 1.083309219035411645e-06
1.812417547374237614e+01 8.899079543490890606e-07
1.830047922257800863e+01 7.240182653737967516e-07
1.847849797422290763e+01 5.830827954301767251e-07
1.865824841144566193e+01 4.641692457403199456e-07
1.883974737929719367e+01 3.650024738335196187e-07
1.902301188668945642e+01 2.829791659637825675e-07
1.920805910798935301e+01 2.157123232506059206e-07
1.939490638462828542e+01 1.614654308825935295e-07
1.958357122672716955e+01 1.175539731855061874e-07
1.977407131473744428e+01 8.382257372163602760e-08
1.996642450109793288e+01 5.798970406744482975e-08
2.016064881190793656e+01 3.868506663897728982e-08
2.035676244861640072e+01 2.468862675073372531e-08
2.055478378972772546e+01 1.506228542900052657e-08
2.075473139252405730e+01 8.599682556666107739e-09
2.095662399480432825e+01 4.495236610774740540e-09
2.116048051664034446e+01 2.080764029520352002e-09
2.136632006214970403e+01 8.070561617435562747e-10
2.157416192128621546e+01 2.355999868926018855e-10
2.178402557164756459e+01 4.024674690742412307e-11
2.199593068030074861e+01 0.000000000000000000e+00
