1.000000000000000021e-02 1.799342919577653133e+00
1.009727545900835841e-02 1.799338950154040218e+00
1.019549716950923779e-02 1.799334927120029848e+00
1.029467433620748044e-02 1.799330900812961431e+00
1.039481625334708927e-02 1.799326687542375458e+00
1.049593230558227772e-02 1.799322398205524420e+00
1.059803196885688789e-02 1.799317500760708510e+00
1.070112481129246833e-02 1.799313534165671857e+00
1.080522049408488318e-02 1.799308954397395910e+00
1.091032877240974419e-02 1.799301858720874892e+00
1.101645949633656314e-02 1.799296986572133328e+00
1.112362261175187626e-02 1.799291978378314116e+00
1.123182816129126085e-02 1.799286896033977401e+00
1.134108628528052165e-02 1.799281725181833380e+00
1.145140722268592030e-02 1.799276794896590204e+00
1.156280131207376022e-02 1.799271425259844515e+00
1.167527899257919492e-02 1.799265982339733227e+00
1.178885080488457221e-02 1.799260442294344120e+00
1.190352739220719262e-02 1.799254788190733034e+00
1.201931950129673729e-02 1.799249022047724855e+00
1.213623798344241195e-02 1.799243145327285687e+00
1.225429379548980714e-02 1.799237178672830284e+00
1.237349800086776086e-02 1.799231122039883113e+00
1.249386177062509519e-02 1.799228319597070191e+00
1.261539638447754796e-02 1.799218882661994146e+00
1.273811323186478488e-02 1.799212183270529231e+00
1.286202381301779218e-02 1.799205603909563411e+00
1.298713974003655978e-02 1.799199749370909984e+00
1.311347273797833224e-02 1.799192989891758021e+00
1.324103464595636874e-02 1.799186067905142794e+00
1.336983741824946531e-02 1.799177602708511126e+00
1.349989312542219239e-02 1.799171860292364977e+00
1.363121395545611320e-02 1.799163954620629280e+00
1.376381221489191876e-02 1.799156459981786638e+00
1.389770032998276401e-02 1.799148819887151474e+00
1.403289084785873213e-02 1.799141567167190425e+00
1.416939643770268736e-02 1.799133594264711533e+00
1.430722989193757184e-02 1.799127330994134244e+00
1.444640412742520530e-02 1.799118828485062105e+00
1.458693218667675602e-02 1.799110173119266687e+00
1.472882723907502529e-02 1.799101330671080134e+00
1.487210258210860774e-02 1.799092302815052946e+00
1.501677164261799868e-02 1.799083082246561771e+00
1.516284797805393485e-02 1.799073815656305531e+00
1.531034527774784160e-02 1.799064061200122078e+00
1.545927736419477720e-02 1.799054417653421334e+00
1.560965819434872483e-02 1.799044482907276477e+00
1.576150186093060873e-02 1.799034806789543639e+00
1.591482259374891323e-02 1.799024374210858257e+00
1.606963476103326349e-02 1.799014348178189504e+00
1.622595287078087284e-02 1.799002633928152184e+00
1.638379157211618947e-02 1.798991704653529977e+00
1.654316565666366645e-02 1.798981745381726505e+00
1.670409005993399310e-02 1.798970666734695634e+00
1.686657986272368723e-02 1.798958978522475993e+00
1.703065029252844378e-02 1.798947256178899945e+00
1.719631672497009753e-02 1.798935270832410227e+00
1.736359468523754335e-02 1.798922995948974979e+00
1.753249984954170088e-02 1.798908773048461640e+00
1.770304804658450262e-02 1.798898464306349032e+00
1.787525525904235316e-02 1.798885610219945974e+00
1.804913762506383731e-02 1.798873213825637807e+00
1.822471143978214581e-02 1.798856123964217124e+00
1.840199315684210371e-02 1.798841925848639445e+00
1.858099938994215231e-02 1.798828381820410272e+00
1.876174691439120440e-02 1.798814268344877121e+00
1.894425266868081034e-02 1.798799965522951849e+00
1.912853375607242307e-02 1.798785382315607251e+00
1.931460744620030340e-02 1.798770644895528292e+00
1.950249117668984011e-02 1.798755731041921324e+00
1.969220255479172538e-02 1.798740459873885200e+00
1.988375935903200636e-02 1.798728448032724136e+00
2.007717954087816226e-02 1.798712133980684191e+00
2.027248122642137662e-02 1.798695583359173122e+00
2.046968271807520987e-02 1.798678677556182937e+00
2.066880249629082095e-02 1.798658315955442788e+00
2.086985922128879734e-02 1.798641080138021042e+00
2.107287173480786382e-02 1.798623521321444985e+00
2.127785906187062287e-02 1.798605592324189928e+00
2.148484041256648255e-02 1.798587345671760040e+00
2.169383518385184506e-02 1.798568652212289232e+00
2.190486296136792688e-02 1.798549539510192030e+00
2.211794352127614133e-02 1.798531969129317343e+00
2.233309683211144592e-02 1.798512136471420275e+00
2.255034305665360936e-02 1.798491895898328918e+00
2.276970255381680075e-02 1.798471166834165080e+00
2.299119588055741764e-02 1.798449896795455860e+00
2.321484379380064564e-02 1.798422207323959965e+00
2.344066725238556220e-02 1.798399921922621436e+00
2.366868741902936057e-02 1.798377388397914389e+00
2.389892566231050300e-02 1.798358202689501084e+00
2.413140355867127856e-02 1.798337044835999654e+00
2.436614289443983158e-02 1.798312950327178861e+00
2.460316566787181664e-02 1.798288314635745344e+00
2.484249409121190577e-02 1.798262996716262441e+00
2.508415059277539771e-02 1.798237320553281560e+00
2.532815781905008515e-02 1.798210715367086543e+00
2.557453863681850847e-02 1.798184225209985110e+00
2.582331613530085626e-02 1.798157268251760144e+00
2.607451362831877603e-02 1.798129683355821573e+00
2.632815465648021339e-02 1.798101505196335159e+00
2.658426298938541474e-02 1.798073332997113916e+00
2.684286262785454819e-02 1.798043976780495656e+00
2.710397780617682106e-02 1.798014053979719362e+00
2.736763299438163891e-02 1.797983048321304844e+00
2.763385290053169824e-02 1.797951566694421688e+00
2.790266247303856487e-02 1.797920031010210140e+00
2.817408690300057458e-02 1.797887667232480169e+00
2.844815162656363222e-02 1.797854923932752813e+00
2.872488232730495070e-02 1.797821627060391059e+00
2.900430493863991738e-02 1.797788007086942752e+00
2.928644564625237229e-02 1.797753663672682523e+00
2.957133089054861039e-02 1.797718755439686511e+00
2.985898736913520854e-02 1.797683042383054541e+00
3.014944203932094433e-02 1.797646888578224855e+00
3.044272212064302874e-02 1.797609925779933171e+00
3.073885509741795460e-02 1.797572234941906988e+00
3.103786872131722788e-02 1.797535163174160955e+00
3.133979101396793671e-02 1.797495124078847928e+00
3.164465026957891114e-02 1.797454678844443876e+00
3.195247505759213347e-02 1.797414202162506802e+00
3.226329422536015901e-02 1.797372469936284745e+00
3.257713690084949876e-02 1.797329741929678537e+00
3.289403249537032475e-02 1.797286109567467038e+00
3.321401070633261954e-02 1.797241687453828840e+00
3.353710152002930406e-02 1.797196431630230018e+00
3.386333521444636480e-02 1.797151249245447779e+00
3.419274236210027851e-02 1.797103486882708712e+00
3.452535383290306070e-02 1.797055422475190012e+00
3.486120079705520153e-02 1.797006388000114807e+00
3.520031472796678745e-02 1.796955823085267134e+00
3.554272740520694751e-02 1.796905021674031877e+00
3.588847091748199186e-02 1.796853383800432802e+00
3.623757766564258964e-02 1.796800629125774318e+00
3.659008036572020811e-02 1.796745332849037036e+00
3.694601205199302130e-02 1.796691813599954779e+00
3.730540608008161424e-02 1.796635945392118128e+00
3.766829613007490613e-02 1.796578897687616694e+00
3.803471620968648659e-02 1.796520767628835502e+00
3.840470065744145539e-02 1.796461494085420219e+00
3.877828414589457040e-02 1.796401019479964667e+00
3.915550168487941241e-02 1.796339095991360102e+00
3.953638862478930927e-02 1.796276010254765687e+00
3.992098065989020672e-02 1.796211908061592366e+00
4.030931383166566628e-02 1.796146674052523817e+00
4.070142453219438572e-02 1.796080100970721460e+00
4.109734950756069316e-02 1.796011852401096176e+00
4.149712586129815362e-02 1.795942521915353529e+00
4.190079105786669034e-02 1.795872173116693338e+00
4.230838292616342228e-02 1.795800149767394327e+00
4.271993966306778662e-02 1.795726794758506051e+00
4.313549983702118923e-02 1.795652538080036775e+00
4.355510239164130798e-02 1.795575988304598969e+00
4.397878664937160398e-02 1.795498758029717701e+00
4.440659231516640160e-02 1.795419761784620594e+00
4.483855948021186338e-02 1.795339186338778203e+00
4.527472862568297785e-02 1.795257259135207617e+00
4.571514062653719151e-02 1.795172341887403045e+00
4.615983675534499064e-02 1.795087039078446134e+00
4.660885868615767536e-02 1.795000867486807428e+00
4.706224849841281199e-02 1.794910101505800881e+00
4.752004868087766204e-02 1.794819890172852039e+00
4.798230213563085128e-02 1.794726838765503540e+00
4.844905218208294534e-02 1.794632437133399927e+00
4.892034256103611894e-02 1.794536456400416480e+00
4.939621743878321036e-02 1.794438586954157699e+00
4.987672141124663283e-02 1.794338763240165724e+00
5.036189950815770505e-02 1.794238235883342192e+00
5.085179719727656034e-02 1.794133655566973351e+00
5.134646038865306461e-02 1.794028149734339550e+00
5.184593543892913187e-02 1.793920020229588408e+00
5.235026915568305461e-02 1.793810535715580468e+00
5.285950880181603667e-02 1.793698805574579724e+00
5.337370209998133774e-02 1.793584632469431561e+00
5.389289723705643909e-02 1.793468025231975682e+00
5.441714286865893119e-02 1.793351324458385188e+00
5.494648812370611646e-02 1.793230191692771536e+00
5.548098260901916656e-02 1.793104268911430044e+00
5.602067641397187603e-02 1.792978467726106251e+00
5.656562011518465050e-02 1.792849935361628289e+00
5.711586478126431943e-02 1.792719380284631292e+00
5.767146197758996756e-02 1.792586000480558939e+00
5.823246377114527778e-02 1.792451033176569286e+00
5.879892273539785025e-02 1.792312723023389509e+00
5.937089195522609469e-02 1.792169577970506023e+00
5.994842503189409116e-02 1.792025184811682825e+00
6.053157608807464840e-02 1.791878140668583086e+00
6.112039977292132997e-02 1.791728384276108033e+00
6.171495126718981594e-02 1.791576064834294879e+00
6.231528628840921763e-02 1.791421163524559601e+00
6.292146109610344262e-02 1.791263001815943667e+00
6.353353249706343575e-02 1.791101221501486540e+00
6.415155785067082339e-02 1.790934150670859593e+00
6.477559507427335661e-02 1.790769355083857928e+00
6.540570264861225724e-02 1.790595515230165580e+00
6.604193962330305590e-02 1.790425276617594985e+00
6.668436562236895737e-02 1.790244451239870527e+00
6.733304084982863480e-02 1.790066417443061830e+00
6.798802609533814711e-02 1.789881598717492972e+00
6.864938273988777095e-02 1.789692509955546518e+00
6.931717276155408003e-02 1.789500684649207196e+00
6.999145874130821565e-02 1.789305178044325206e+00
7.067230386888070925e-02 1.789107774700161357e+00
7.135977194868306506e-02 1.788904604284054178e+00
7.205392740578704658e-02 1.788696518244832445e+00
7.275483529196229149e-02 1.788480447020885933e+00
7.346256129177256011e-02 1.788264695151436712e+00
7.417717172873124210e-02 1.788044916455901356e+00
7.489873357151664857e-02 1.787821554428839166e+00
7.562731444024800576e-02 1.787593440644625442e+00
7.636298261282241373e-02 1.787360881902541276e+00
7.710580703131336699e-02 1.787125092377016333e+00
7.785585730843146146e-02 1.786884396512651074e+00
7.861320373404813433e-02 1.786636385121410209e+00
7.937791728178281159e-02 1.786384697427641166e+00
8.015006961565404597e-02 1.786129616347527982e+00
8.092973309679550586e-02 1.785868817326853097e+00
8.171698079023696770e-02 1.785604956536350540e+00
8.251188647175167201e-02 1.785332842985177138e+00
8.331452463477014014e-02 1.785056663356539008e+00
8.412497049736118726e-02 1.784774705802627759e+00
8.494330000928071445e-02 1.784488057785353909e+00
8.576958985908941790e-02 1.784195465887289167e+00
8.660391748133952627e-02 1.783898092922911793e+00
8.744636106383144036e-02 1.783593773408564731e+00
8.829699955494091368e-02 1.783282967088955617e+00
8.915591267101763417e-02 1.782968053871216707e+00
9.002318090385581784e-02 1.782646264468261466e+00
9.089888552823731371e-02 1.782317475934352080e+00
9.178310860954806694e-02 1.781983163043522556e+00
9.267593301146882789e-02 1.781643023269788628e+00
9.357744240374062106e-02 1.781293700061758134e+00
9.448772127000577836e-02 1.780939250080423752e+00
9.540685491572513388e-02 1.780579833515007149e+00
9.633492947617222635e-02 1.780212859886057375e+00
9.727203192450542546e-02 1.779838573157565884e+00
9.821825007991856482e-02 1.779458214547523953e+00
9.917367261587073379e-02 1.779069402257154264e+00
1.001383890683960748e-01 1.778674052319782151e+00
1.011124898444945991e-01 1.778269650984838579e+00
1.020960662306047012e-01 1.777856839800172839e+00
1.030892104011576216e-01 1.777435155552316459e+00
1.040920154272158005e-01 1.777004403761720752e+00
1.051045752851944987e-01 1.776568767789747705e+00
1.061269848656690717e-01 1.776125858937533719e+00
1.071593399822671072e-01 1.775671008712403687e+00
1.082017373806478805e-01 1.775209550055813601e+00
1.092542747475682557e-01 1.774739954355993854e+00
1.103170507200377515e-01 1.774260916957614675e+00
1.113901648945616746e-01 1.773774606474061821e+00
1.124737178364751955e-01 1.773276859008148021e+00
1.135678110893671017e-01 1.772770510147530842e+00
1.146725471845963656e-01 1.772251229811732776e+00
1.157880296509002094e-01 1.771725265915836012e+00
1.169143630240966764e-01 1.771189474248109796e+00
1.180516528568804902e-01 1.770643977470692132e+00
1.192000057287153220e-01 1.770086080864542000e+00
1.203595292558212876e-01 1.769516638346893656e+00
1.215303321012602134e-01 1.768937859561434234e+00
1.227125239851190319e-01 1.768351174419241056e+00
1.239062156947916271e-01 1.767750895509294207e+00
1.251115190953615564e-01 1.767135358028630421e+00
1.263285471400849291e-01 1.766513159525753718e+00
1.275574138809759950e-01 1.765876598474405368e+00
1.287982344794950385e-01 1.765229769930751980e+00
1.300511252173409127e-01 1.764570768768896070e+00
1.313162035073478784e-01 1.763898913599112106e+00
1.325935879044890797e-01 1.763214229896395313e+00
1.338833981169864351e-01 1.762516516609231143e+00
1.351857550175293021e-01 1.761803984174350690e+00
1.365007806546013891e-01 1.761077764665805789e+00
1.378285982639189389e-01 1.760340698354794897e+00
1.391693322799789911e-01 1.759589327811123205e+00
1.405231083477211373e-01 1.758822721876502015e+00
1.418900533343016301e-01 1.758043087845768238e+00
1.432702953409830948e-01 1.757249425910237584e+00
1.446639637151387880e-01 1.756439351690850081e+00
1.460711890623745679e-01 1.755614410769273936e+00
1.474921032587684921e-01 1.754775191486325214e+00
1.489268394632288772e-01 1.753919840662132801e+00
1.503755321299738434e-01 1.753047957417646296e+00
1.518383170211306810e-01 1.752157575581609228e+00
1.533153312194593942e-01 1.751250748162900495e+00
1.548067131411984265e-01 1.750329437262576393e+00
1.563126025490369497e-01 1.749392381913328576e+00
1.578331405652117214e-01 1.748437049307707714e+00
1.593684696847328941e-01 1.747463714318167938e+00
1.609187337887370006e-01 1.746469713782970556e+00
1.624840781579713067e-01 1.745459049089849168e+00
1.640646494864078653e-01 1.744432229056098294e+00
1.656605958949914359e-01 1.743381747175761110e+00
1.672720669455196874e-01 1.742316851731565475e+00
1.688992136546599021e-01 1.741228816004044555e+00
1.705421885081006561e-01 1.740119031062539623e+00
1.722011454748421100e-01 1.738993642206645651e+00
1.738762400216251336e-01 1.737843630115287974e+00
1.755676291275001522e-01 1.736673635313405573e+00
1.772754712985387948e-01 1.735483363326530748e+00
1.789999265826875408e-01 1.734273957244123032e+00
1.807411565847668600e-01 1.733037738151435470e+00
1.824993244816152382e-01 1.731781979271012517e+00
1.842745950373816666e-01 1.730499638841660914e+00
1.860671346189656239e-01 1.729195131831947840e+00
1.878771112116086051e-01 1.727868705554195694e+00
1.897046944346358344e-01 1.726518203737370083e+00
1.915500555573527997e-01 1.725141423444014999e+00
1.934133675150944698e-01 1.723740522603651293e+00
1.952948049254327745e-01 1.722314249656248686e+00
1.971945441045395986e-01 1.720866951873259332e+00
1.991127630837108697e-01 1.719389333159161648e+00
2.010496416260497965e-01 1.717882101723394728e+00
2.030053612433137811e-01 1.716348877393957251e+00
2.049801052129238688e-01 1.714789588311100399e+00
2.069740585951406198e-01 1.713203325216290152e+00
2.089874082504071251e-01 1.711590035121343556e+00
2.110203428568595552e-01 1.709945599581258247e+00
2.130730529280097374e-01 1.708272484026554849e+00
2.151457308305980698e-01 1.706569833298788641e+00
2.172385708026215445e-01 1.704836454596383000e+00
2.193517689715359098e-01 1.703073132070936690e+00
2.214855233726360506e-01 1.701277614936794524e+00
2.236400339676138660e-01 1.699450865454429582e+00
2.258155026632983065e-01 1.697591520058241654e+00
2.280121333305757114e-01 1.695700831265960495e+00
2.302301318234963867e-01 1.693777267060548208e+00
2.324697059985647851e-01 1.691816641130103216e+00
2.347310657342196183e-01 1.689821558980012739e+00
2.370144229505012079e-01 1.687796072525007185e+00
2.393199916289123208e-01 1.685735561324004594e+00
2.416479878324700736e-01 1.683637152282224880e+00
2.439986297259550130e-01 1.681502357883416066e+00
2.463721375963552895e-01 1.679330909716160614e+00
2.487687338735107279e-01 1.677122669442542513e+00
2.511886431509580686e-01 1.674877533072168356e+00
2.536320922069775774e-01 1.672591049535936625e+00
2.560993100258459609e-01 1.670267928770786003e+00
2.585905278192945911e-01 1.667903877519975264e+00
2.611059790481781162e-01 1.665500254108996936e+00
2.636458994443517945e-01 1.663057625591665145e+00
2.662105270327638773e-01 1.660569733153044680e+00
2.688001021537606006e-01 1.658043006543640008e+00
2.714148674856106669e-01 1.655471179502511436e+00
2.740550680672460548e-01 1.652859965451386248e+00
2.767209513212268712e-01 1.650204232788527126e+00
2.794127670769268601e-01 1.647502876673634153e+00
2.821307675939472293e-01 1.644758369780776164e+00
2.848752075857552413e-01 1.641967610657907972e+00
2.876463442435557849e-01 1.639132902445600282e+00
2.904444372603925406e-01 1.636248270438301455e+00
2.932697488554852905e-01 1.633318162884825009e+00
2.961225437988035947e-01 1.630339482671353535e+00
2.990030894358785551e-01 1.627313543759257186e+00
3.019116557128577738e-01 1.624235849444929602e+00
3.048485152018017286e-01 1.621110483267174551e+00
3.078139431262288950e-01 1.617938157760300921e+00
3.108082173869063936e-01 1.614711625035987197e+00
3.138316185878944342e-01 1.611434012391063542e+00
3.168844300628416155e-01 1.608106236054290594e+00
3.199669379015380732e-01 1.604721710250171629e+00
3.230794309767249795e-01 1.601289196134317860e+00
3.262222009711669979e-01 1.597800600766551282e+00
3.293955424049855307e-01 1.594256945946684656e+00
3.325997526632606949e-01 1.590654229362550520e+00
3.358351320238990301e-01 1.587021900791974360e+00
3.391019836857747105e-01 1.583295280499113167e+00
3.424006137971423724e-01 1.579527925101389618e+00
3.457313314843284413e-01 1.575703818081731100e+00
3.490944488806992929e-01 1.571821047227077051e+00
3.524902811559130766e-01 1.567879486480515450e+00
3.559191465454557002e-01 1.563879367487654326e+00
3.593813663804627523e-01 1.559823064615976973e+00
3.628772651178337472e-01 1.555704048939951845e+00
3.664071703706370808e-01 1.551517892943614418e+00
3.699714129388128048e-01 1.547276131692964629e+00
3.735703268401719401e-01 1.542977173161415916e+00
3.772042493416999376e-01 1.538611464653181882e+00
3.808735209911614517e-01 1.534179459383662403e+00
3.845784856490158665e-01 1.529684520233907330e+00
3.883194905206404091e-01 1.525133323508102823e+00
3.920968861888690649e-01 1.520510854734369532e+00
3.959110266468458539e-01 1.515823134719338494e+00
3.997622693312000708e-01 1.511072753021725834e+00
4.036509751555413805e-01 1.506257777851261359e+00
4.075775085442840395e-01 1.501374158510153212e+00
4.115422374667966343e-01 1.496424705029243407e+00
4.155455334718875515e-01 1.491406430604203859e+00
4.195877717226225712e-01 1.486322876256487735e+00
4.236693310314835759e-01 1.481169597266507321e+00
4.277905938958687093e-01 1.475947952548176900e+00
4.319519465339363706e-01 1.470658744495519921e+00
4.361537789208005944e-01 1.465299589064458008e+00
4.403964848250754294e-01 1.459872475540371140e+00
4.446804618457780300e-01 1.454375226842119950e+00
4.490061114495874639e-01 1.448808064558071207e+00
4.533738390084691150e-01 1.443169411468230301e+00
4.577840538376618529e-01 1.437463662472901804e+00
4.622371692340384031e-01 1.431678634839899322e+00
4.667336025148346446e-01 1.425832057009471354e+00
4.712737750567601580e-01 1.419912782468008228e+00
4.758581123354846953e-01 1.413919687916060042e+00
4.804870439655131720e-01 1.407856811591173374e+00
4.851610037404442966e-01 1.401723153911550446e+00
4.898804296736250508e-01 1.395517054729115136e+00
4.946457640391963562e-01 1.389238350988416304e+00
4.994574534135413635e-01 1.382891342333088414e+00
5.043159487171361421e-01 1.376469562973366312e+00
5.092217052568053237e-01 1.369977095786275134e+00
5.141751827683928022e-01 1.363414547401587296e+00
5.191768454598426619e-01 1.356781803361559291e+00
5.242271620547044320e-01 1.350072754973302702e+00
5.293266058360561743e-01 1.343297137991884771e+00
5.344756546908600026e-01 1.336450163296176941e+00
5.396747911547442600e-01 1.329527085232478090e+00
5.449245024572260121e-01 1.322543542797827598e+00
5.502252805673685243e-01 1.315483794789831684e+00
5.555776222398878250e-01 1.308352030708536118e+00
5.609820290617031358e-01 1.301157502304789437e+00
5.664390074989449353e-01 1.293888669604498443e+00
5.719490689444144405e-01 1.286551727509300136e+00
5.775127297655114900e-01 1.279149704392926079e+00
5.831305113526221717e-01 1.271679608952423601e+00
5.888029401679826247e-01 1.264140069506100916e+00
5.945305477950136863e-01 1.256535409143429538e+00
6.003138709881384871e-01 1.248863404869305027e+00
6.061534517230839914e-01 1.241092448037759421e+00
6.120498372476699256e-01 1.233328475076507669e+00
6.180035801330957534e-01 1.225464065597185126e+00
6.240152383257209223e-01 1.217536142809816369e+00
6.300853751993553686e-01 1.209549235425120051e+00
6.362145596080520660e-01 1.201491704454320075e+00
6.424033659394193796e-01 1.193386171489941638e+00
6.486523741684461219e-01 1.185216220539984544e+00
6.549621699118558515e-01 1.176986531677116421e+00
6.613333444829840868e-01 1.168698450809858347e+00
6.677664949471955325e-01 1.160354646159176495e+00
6.742622241778342129e-01 1.151957384186574895e+00
6.808211409127237213e-01 1.143504876768711265e+00
6.874438598112112553e-01 1.134996357029925962e+00
6.941310015117725385e-01 1.126440641276295285e+00
7.008831926901714082e-01 1.117830008463193803e+00
7.077010661181889484e-01 1.109172959635134736e+00
7.145852607229240538e-01 1.100466911806835535e+00
7.215364216466665370e-01 1.091712890282805493e+00
7.285552003073593186e-01 1.082913945248328957e+00
7.356422544596413760e-01 1.074072900723711754e+00
7.427982482564918776e-01 1.065173681837019215e+00
7.500238523114668432e-01 1.056261675878785944e+00
7.573197437615483141e-01 1.047305046013647489e+00
7.646866063305975958e-01 1.038292460941302231e+00
7.721251303934327792e-01 1.029254900210567980e+00
7.796360130405233235e-01 1.020178108756860880e+00
7.872199581433195759e-01 1.011073224883571431e+00
7.948776764202123424e-01 1.001932605974446666e+00
8.026098855031396084e-01 9.927655539266593276e-01
8.104173100048355227e-01 9.835681388279983173e-01
8.183006815867394090e-01 9.743473658099757184e-01
8.262607390275591435e-01 9.650986059263688688e-01
8.342982282925082149e-01 9.558317403621962027e-01
8.424139026032094746e-01 9.465398902807503623e-01
8.506085225082840040e-01 9.372311125010490684e-01
8.588828559546254349e-01 9.279050026288423458e-01
8.672376783593644944e-01 9.185639401753107336e-01
8.756737726825394308e-01 9.092105714438772912e-01
8.841919295004664336e-01 8.998433191563580680e-01
8.927929470798307010e-01 8.904671220576795276e-01
9.014776314524917122e-01 8.810873504923605326e-01
9.102467964910225806e-01 8.717000987763432462e-01
9.191012639849772681e-01 8.623043228742857114e-01
9.280418637179072006e-01 8.529143447968475789e-01
9.370694335451198453e-01 8.435215010840323435e-01
9.461848194722002336e-01 8.341302370505703223e-01
9.553888757342895444e-01 8.247468580030796748e-01
9.646824648761427312e-01 8.153640786330534906e-01
9.740664578329562007e-01 8.059961383730267492e-01
9.835417340119908536e-01 7.966336726015571523e-01
9.931091813749796104e-01 7.872866579151320821e-01
1.002769696521346621e+00 7.779526132525421689e-01
1.012524184772224167e+00 7.685235799901981579e-01
1.022373560255302127e+00 7.593358337465991870e-01
1.032318745990486564e+00 7.500568098496233072e-01
1.042360673976402197e+00 7.407987801020384788e-01
1.052500285277732761e+00 7.315638509445503423e-01
1.062738530113414459e+00 7.223578501217656767e-01
1.073076367945679621e+00 7.131793105110534325e-01
1.083514767569973225e+00 7.040299785214666484e-01
1.094054707205742494e+00 6.949124633993706279e-01
1.104697174588111785e+00 6.858263507992264918e-01
1.115443167060441221e+00 6.767787544823513635e-01
1.126293691667795249e+00 6.677637104658629141e-01
1.137249765251314271e+00 6.587939491000642800e-01
1.148312414543511073e+00 6.498607846330686222e-01
1.159482676264482759e+00 6.409709528172568005e-01
1.170761597219069250e+00 6.321227123334486331e-01
1.182150234394952371e+00 6.233197360305091639e-01
1.193649655061713055e+00 6.145697874493960544e-01
1.205260936870842681e+00 6.058617689380282334e-01
1.216985167956738056e+00 5.972061076304229221e-01
1.228823447038673411e+00 5.886059064749827874e-01
1.240776883523764251e+00 5.800536056691477649e-01
1.252846597610937529e+00 5.715611647286299446e-01
1.265033720395903893e+00 5.631263335356168076e-01
1.277339393977160009e+00 5.547384769213640210e-01
1.289764771563017165e+00 5.464144087756820367e-01
1.302311017579677488e+00 5.381523513396720970e-01
1.314979307780347773e+00 5.299530052058373242e-01
1.327770829355430449e+00 5.218142231557872934e-01
1.340686781043774811e+00 5.137384998028474703e-01
1.353728373245021821e+00 5.057262100793499249e-01
1.366896828133026487e+00 4.977820027796718283e-01
1.380193379770397355e+00 4.899076461658471993e-01
1.393619274224142002e+00 4.821097018905740605e-01
1.407175769682446731e+00 4.743538903139861151e-01
1.420864136572576708e+00 4.666830912618931682e-01
1.434685657679937831e+00 4.590844604359403114e-01
1.448641628268290127e+00 4.515567143689248608e-01
1.462733356201129986e+00 4.441005285353225585e-01
1.476962162064259898e+00 4.367169467989984732e-01
1.491329379289537682e+00 4.294074309052063332e-01
1.505836354279841416e+00 4.221728971952118381e-01
1.520484446535244283e+00 4.150113825305778992e-01
1.535275028780422657e+00 4.079265744224446211e-01
1.550209487093291205e+00 4.009189769231290557e-01
1.565289221034902312e+00 3.939842614803487630e-01
1.580515643780601165e+00 3.871300789421139310e-01
1.595890182252465817e+00 3.803513765452814499e-01
1.611414277253019778e+00 3.736500653203393973e-01
1.627089383600260675e+00 3.670294972344549378e-01
1.642916970263993193e+00 3.604829759621786534e-01
1.658898520503498064e+00 3.540172282850915786e-01
1.675035532006524441e+00 3.476298048016436826e-01
1.691329517029648732e+00 3.413247496605666398e-01
1.707782002539993016e+00 3.350890277446346710e-01
1.724394530358320354e+00 3.289410641702991689e-01
1.741168657303530987e+00 3.228684450552778973e-01
1.758105955338547632e+00 3.168753705751680694e-01
1.775208011717636092e+00 3.109631882521274870e-01
1.792476429135148930e+00 3.051293143131194596e-01
1.809912825875727105e+00 2.993701662043060097e-01
1.827518835965944666e+00 2.936943370218724758e-01
1.845296109327445366e+00 2.880948764172297505e-01
1.863246311931559873e+00 2.825755240181243022e-01
1.881371125955437096e+00 2.771319482753566432e-01
1.899672249939675650e+00 2.717664689265298361e-01
1.918151398947507635e+00 2.664808242678311512e-01
1.936810304725519849e+00 2.612695260529802610e-01
1.955650715865949074e+00 2.561383255362436051e-01
1.974674397970537454e+00 2.510809023806017670e-01
1.993883133816001019e+00 2.460993592238786276e-01
2.013278723521096492e+00 2.411965467156173548e-01
2.032862984715323673e+00 2.363676406374291827e-01
2.052637752709252084e+00 2.316126130308170938e-01
2.072604880666519822e+00 2.269320617333875079e-01
2.092766239777499759e+00 2.223256497175850610e-01
2.113123719434652603e+00 2.177935007126756695e-01
2.133679227409597701e+00 2.133342919574547636e-01
2.154434690031884259e+00 2.089454624493742585e-01
2.175392052369522489e+00 2.046296946134732730e-01
2.196553278411258248e+00 2.003850431974034674e-01
2.217920351250634692e+00 1.962106394716103541e-01
2.239495273271823184e+00 1.921055153253081182e-01
2.261280066337279404e+00 1.880711324264800477e-01
2.283276771977218012e+00 1.841032984667814731e-01
2.305487451580938707e+00 1.802044742176893422e-01
2.327914186589993051e+00 1.763734638909306429e-01
2.350559078693253756e+00 1.726095536977414469e-01
2.373424250023866033e+00 1.689098322826476373e-01
2.396511843358130278e+00 1.652736924618095626e-01
2.419824022316292567e+00 1.617067615558428484e-01
2.443362971565319341e+00 1.582013596687912027e-01
2.467130897023623426e+00 1.547451279666390567e-01
2.491130026067788439e+00 1.513787799859116767e-01
2.515362607741312928e+00 1.480657240659528084e-01
2.539830912965362675e+00 1.448024308246152192e-01
2.564537234751594674e+00 1.416049432306186739e-01
2.589483888417040802e+00 1.384668037044134992e-01
2.614673211801092023e+00 1.353877983455784029e-01
2.640107565484572927e+00 1.323657473911899196e-01
2.665789333010967876e+00 1.293820414935903385e-01
2.691720921109787668e+00 1.264931654617943990e-01
2.717904759922122881e+00 1.236127283620883921e-01
2.744343303228365283e+00 1.208430277189763147e-01
2.771039028678170535e+00 1.180672556432144360e-01
2.797994438022641805e+00 1.154086727950140168e-01
2.825212057348790218e+00 1.127714106151361528e-01
2.852694437316245057e+00 1.101856047299946129e-01
2.880444153396297668e+00 1.076527374960403877e-01
2.908463806113254169e+00 1.051690159602755026e-01
2.936756021288137397e+00 1.027309688674868798e-01
2.965323450284773621e+00 1.003449778501788736e-01
2.994168770258243573e+00 9.800565445983713819e-02
3.023294684405779531e+00 9.568691630449685515e-02
3.052703922220086241e+00 9.347172299811516705e-02
3.082399239745143404e+00 9.127337891903736233e-02
3.112383419834465759e+00 8.910508550681708884e-02
3.142659272411905569e+00 8.701182669624714372e-02
3.173229634734976212e+00 8.494626722457770951e-02
3.204097371660752813e+00 8.292409552630145009e-02
3.235265375914330388e+00 8.094422010301841053e-02
3.266736568359921655e+00 7.899507236747808914e-02
3.298513898274578082e+00 7.710815872403579962e-02
3.330600343624588788e+00 7.525125281416654432e-02
3.362998911344535991e+00 7.343273269319242069e-02
3.395712637619100693e+00 7.165384363549907876e-02
3.428744588167585317e+00 6.991269872254782247e-02
3.462097858531227423e+00 6.820932767323442669e-02
3.495775574363275240e+00 6.654237336255629243e-02
3.529780891721914671e+00 6.491176124931978542e-02
3.564116997366032269e+00 6.331652753845407045e-02
3.598787109053855460e+00 6.175616851932536067e-02
3.633794475844513094e+00 6.023147270758740651e-02
3.669142378402494131e+00 5.873751944310750400e-02
3.704834129305105694e+00 5.727787973454666337e-02
3.740873073352900313e+00 5.584985297486445843e-02
3.777262587883141176e+00 5.445547516702638202e-02
3.814006083086284082e+00 5.309098561938914440e-02
3.851107002325572903e+00 5.175690230270277997e-02
3.888568822459721019e+00 5.045236349349255245e-02
3.926395054168756449e+00 4.917941178820755405e-02
3.964589242282997805e+00 4.793269661407189436e-02
4.003154966115265445e+00 4.671654484481684022e-02
4.042095839796306045e+00 4.552713735993613869e-02
4.081415512613501662e+00 4.436480060653642810e-02
4.121117669352832635e+00 4.322750615856257861e-02
4.161206030644208020e+00 4.212060027466746348e-02
4.201684353310133346e+00 4.103618370084817502e-02
4.242556430717777438e+00 3.997756765587805877e-02
4.283826093134470270e+00 3.894354671321383771e-02
4.325497208086633627e+00 3.793360741981934015e-02
4.367573680722233398e+00 3.694730859918139709e-02
4.410059454176736615e+00 3.598397216996438580e-02
4.452958509942654963e+00 3.504427751962693044e-02
4.496274868242640110e+00 3.412552910166392894e-02
4.540012588406244554e+00 3.322821301265304478e-02
4.584175769250333765e+00 3.235383573885827757e-02
4.628768549463215365e+00 3.149917330045497871e-02
4.673795107992464004e+00 3.066527258496052136e-02
4.719259664436561863e+00 2.985112043430065976e-02
4.765166479440326341e+00 2.905683269330074439e-02
4.811519855094205766e+00 2.828309444869521114e-02
4.858324135337417360e+00 2.752505034065141215e-02
4.905583706365050922e+00 2.678343715678399573e-02
4.953302997039108924e+00 2.605966005184742057e-02
5.001486479303548727e+00 2.536401676961588109e-02
5.050138668603383785e+00 2.467854525440049684e-02
5.099264124307808288e+00 2.400990042823170773e-02
5.148867450137498025e+00 2.335772245842647823e-02
5.198953294596024399e+00 2.270471475258564395e-02
5.249526351405507718e+00 2.210121686850230471e-02
5.300591359946452030e+00 2.149540324888322626e-02
5.352153105701904501e+00 2.090629799019897220e-02
5.404216420705915347e+00 2.033107225284713770e-02
5.456786183996381823e+00 1.977023352920593072e-02
5.509867322072253160e+00 1.922344984131386936e-02
5.563464809355226137e+00 1.869040891511754288e-02
5.617583668655908191e+00 1.817082324975814386e-02
5.672228971644543094e+00 1.766439405187428952e-02
5.727405839326266346e+00 1.717078489692289503e-02
5.783119442521027054e+00 1.668966513705385721e-02
5.839375002348160315e+00 1.622088386040800717e-02
5.896177790715694478e+00 1.576414889573884634e-02
5.953533130814370189e+00 1.531704119408603196e-02
6.011446397616513337e+00 1.488536736913791646e-02
6.069923018379741464e+00 1.446343292836473927e-02
6.128968473155564034e+00 1.405129923772243175e-02
6.188588295302960063e+00 1.365039821448385191e-02
6.248788072006894012e+00 1.325985119993879080e-02
6.309573444801936049e+00 1.287950350549890884e-02
6.370950110100935149e+00 1.250914548587818940e-02
6.432923819728876502e+00 1.214841220841689565e-02
6.495500381461869033e+00 1.179718075940045137e-02
6.558685659571435345e+00 1.145517727155114483e-02
6.622485575374063238e+00 1.112222198403927179e-02
6.686906107786136921e+00 1.079746155072369360e-02
6.751953293884205287e+00 1.048245003517268674e-02
6.817633229470763112e+00 1.017529854074522219e-02
6.883952069645496330e+00 9.876242551778009054e-03
6.950916029382126382e+00 9.585276523884449923e-03
7.018531384110795912e+00 9.302078353536410299e-03
7.086804470306189430e+00 9.026538498865428750e-03
7.155741686081340980e+00 8.758100483165148081e-03
7.225349491787214085e+00 8.497412971725846684e-03
7.295634410618154320e+00 8.243596169842416777e-03
7.366603029223159460e+00 7.997668386015970368e-03
7.438261998323163482e+00 7.756424374997906469e-03
7.510618033334286459e+00 7.522763340793333676e-03
7.583677914997190683e+00 7.294939625837515776e-03
7.657448490012479958e+00 7.074460760708097505e-03
7.731936671682362316e+00 6.859499461289219301e-03
7.807149440558499798e+00 6.650549366218258367e-03
7.883093845096216690e+00 6.447273809322036364e-03
7.959777002314985417e+00 6.249680672039595493e-03
8.037206098465421888e+00 6.057581873610440315e-03
8.115388389702712146e+00 5.870704636791045268e-03
8.194331202766655053e+00 5.689298270315634211e-03
8.274041935668218883e+00 5.512890803593823753e-03
8.354528058382872047e+00 5.341497556394851805e-03
8.435797113550611570e+00 5.174828761865616841e-03
8.517856717182803905e+00 5.012925783383127137e-03
8.600714559375941093e+00 4.855596580136712324e-03
8.684378405032257220e+00 4.702548701072764049e-03
8.768856094587436090e+00 4.554219105123214796e-03
8.854155544745349715e+00 4.410099275735270344e-03
8.940284749219998162e+00 4.269872140406108692e-03
9.027251779484577909e+00 4.133820029320706309e-03
9.115064785527916769e+00 4.001710419813148990e-03
9.203731996618220279e+00 3.873316717704909304e-03
9.293261722074316111e+00 3.748651841909261036e-03
9.383662352044273902e+00 3.627709932737250512e-03
9.474942358291729150e+00 3.510196010201214155e-03
9.567110294989774388e+00 3.396215691040284628e-03
9.660174799522645017e+00 3.285432528695594271e-03
9.754144593295098531e+00 3.177970331427079805e-03
9.849028482549766039e+00 3.073808683956942654e-03
9.944835359192397917e+00 2.972631967663208561e-03
1.004157420162519543e+01 2.874846960499429036e-03
1.013925407558815373e+01 2.779669640292842855e-03
1.023788413500867378e+01 2.686820849591723282e-03
1.033747362285940774e+01 2.597147570941452707e-03
1.043803187202444072e+01 2.510221872835949330e-03
1.053956830617394580e+01 2.425917193153386605e-03
1.064209244064724658e+01 2.344105933246565503e-03
1.074561388334458023e+01 2.264802950850386930e-03
1.085014233562746178e+01 2.187899809052444491e-03
1.095568759322787855e+01 2.113333250937005775e-03
1.106225954716621906e+01 2.041074309355044112e-03
1.116986818467823817e+01 1.971025502335641780e-03
1.127852359015096795e+01 1.903122617441424741e-03
1.138823594606782130e+01 1.837325000373224567e-03
1.149901553396274245e+01 1.773560313577908195e-03
1.161087273538378994e+01 1.711775097320529689e-03
1.172381803286598512e+01 1.651925927971985763e-03
1.183786201091373513e+01 1.593936832800980962e-03
1.195301535699265827e+01 1.537803174326241723e-03
1.206928886253119870e+01 1.483380010397101004e-03
1.218669342393191712e+01 1.430703311953654498e-03
1.230524004359261525e+01 1.379692237821250828e-03
1.242493983093746479e+01 1.330316755119509680e-03
1.254580400345803248e+01 1.282502636438883833e-03
1.266784388776455827e+01 1.236224580849564804e-03
1.279107092064739781e+01 1.191459308049913667e-03
1.291549665014884063e+01 1.148088725507258453e-03
1.304113273664525430e+01 1.106100773994277359e-03
1.316799095393986185e+01 1.065565618440655329e-03
1.329608319036608854e+01 1.026307532462105614e-03
1.342542144990170527e+01 9.883401413976465079e-04
1.355601785329368880e+01 9.516121063193556722e-04
1.368788463919415221e+01 9.160874180768624085e-04
1.382103416530724438e+01 8.817575009050323447e-04
1.395547890954729020e+01 8.485493598406817573e-04
1.409123147120805619e+01 8.164584707569965847e-04
1.422830457214353395e+01 7.854379039209437871e-04
1.436671105796013137e+01 7.554611273185413665e-04
1.450646389922046886e+01 7.264977085661042215e-04
1.464757619265895272e+01 6.985071209794696187e-04
1.479006116240903168e+01 6.714731867674733536e-04
1.493393216124253264e+01 6.453597588419050833e-04
1.507920267182097263e+01 6.201414905785286981e-04
1.522588630795911513e+01 5.957925347472033768e-04
1.537399681590069456e+01 5.722830405923916806e-04
1.552354807560667105e+01 5.495910741895670233e-04
1.567455410205595001e+01 5.276884592156052189e-04
1.582702904655883280e+01 5.065537966581027405e-04
1.598098719808309376e+01 4.861595320936834639e-04
1.613644298459311699e+01 4.664856970025621019e-04
1.629341097440194730e+01 4.475128078150961272e-04
1.645190587753662470e+01 4.292090132277953272e-04
1.661194254711659113e+01 4.115633754791013597e-04
1.677353598074571295e+01 3.945521928044084517e-04
1.693670132191772026e+01 3.781555852044574031e-04
1.710145386143542012e+01 3.623526374271551428e-04
1.726780903884355922e+01 3.471257284860376552e-04
1.743578244387577669e+01 3.324566732081980802e-04
1.760538981791556523e+01 3.183279205133395743e-04
1.777664705547142532e+01 3.047196908159848817e-04
1.794957020566648254e+01 2.916141422550233434e-04
1.812417547374237614e+01 2.790040134062859696e-04
1.830047922257800863e+01 2.668723949120365866e-04
1.847849797422290763e+01 2.551857048549985361e-04
1.865824841144566193e+01 2.439506903502412132e-04
1.883974737929719367e+01 2.331377609714599050e-04
1.902301188668945642e+01 2.227599364597759890e-04
1.920805910798935301e+01 2.127519071379475326e-04
1.939490638462828542e+01 2.031448863895595890e-04
1.958357122672716955e+01 1.939045604433726512e-04
1.977407131473744428e+01 1.850383015595063151e-04
1.996642450109793288e+01 1.765129781838021129e-04
2.016064881190793656e+01 1.683311498279662754e-04
2.035676244861640072e+01 1.604739887285512145e-04
2.055478378972772546e+01 1.529322126618105980e-04
2.075473139252405730e+01 1.456929136393163564e-04
2.095662399480432825e+01 1.387498269624070496e-04
2.116048051664034446e+01 1.320897534890257325e-04
2.136632006214970403e+01 1.256977822787834443e-04
2.157416192128621546e+01 1.195748253598981472e-04
2.178402557164756459e+01 1.137075672437300021e-04
2.199593068030074861e+01 1.080833879237064242e-04
2.220989710562497521e+01 1.026983899416106022e-04
2.242594489917278011e+01 9.754474874891174872e-05
2.264409430754907504e+01 9.260343329457981602e-05
2.286436577430861306e+01 8.788184984213964822e-05
2.308677994187169702e+01 8.335705647670338153e-05
2.331135765345874944e+01 7.903653407137919637e-05
2.353811995504354471e+01 7.490425735123428972e-05
2.376708809732560823e+01 7.095706115403260805e-05
2.399828353772154799e+01 6.718320678674718702e-05
2.423172794237600769e+01 6.357848442989141717e-05
2.446744318819203201e+01 6.013897970059574723e-05
2.470545136488123816e+01 5.685535129507089701e-05
2.494577477703398571e+01 5.372254989273439317e-05
2.518843594620949489e+01 5.073506596617243327e-05
2.543345761304651020e+01 4.788864014933478543e-05
2.568086273939435316e+01 4.517506615860973239e-05
2.593067451046487548e+01 4.259206992332582506e-05
2.618291633700505372e+01 4.015047287148130437e-05
2.643761185749101372e+01 3.779010001473513008e-05
2.669478494034320804e+01 3.556828341560369151e-05
2.695445968616333587e+01 3.344683437413847047e-05
2.721666042999271795e+01 3.143537036756365082e-05
2.748141174359293259e+01 2.952340028466895515e-05
2.774873843774846804e+01 2.770917475105780001e-05
2.801866556459195223e+01 2.598766020556214250e-05
2.829121841995168651e+01 2.435672310632769995e-05
2.856642254572233952e+01 2.281081059800792643e-05
2.884430373225852051e+01 2.134495079384687402e-05
2.912488802079168337e+01 1.995838659638996578e-05
2.940820170587063842e+01 1.864423799937473461e-05
2.969427133782552986e+01 1.740489687454774772e-05
2.998312372525609959e+01 1.623065450102862919e-05
3.027478593754393543e+01 1.512264191910375389e-05
3.056928530738937155e+01 1.407788489959127123e-05
3.086664943337274636e+01 1.309157606775197790e-05
3.116690618254088463e+01 1.216374759870337719e-05
3.147008369301855879e+01 1.128911565209276585e-05
3.177621037664554038e+01 1.046644677767565619e-05
3.208531492163897525e+01 9.691811380158599606e-06
3.239742629528198847e+01 8.964934437446974848e-06
3.271257374663825601e+01 8.283139403483606096e-06
3.303078680929315425e+01 7.643193696847464026e-06
3.335209530412127066e+01 7.043314469316612281e-06
3.367652934208116022e+01 6.485188448719937977e-06
3.400411932703705986e+01 5.959376816776601981e-06
3.433489595860830690e+01 5.469924010884224882e-06
3.466889023504609213e+01 5.012602102187221685e-06
3.500613345613854221e+01 4.587045876774306122e-06
3.534665722614391115e+01 4.190704443536028371e-06
3.569049345675229290e+01 3.820477768322351860e-06
3.603767437007633134e+01 3.478336635212417890e-06
3.638823250167062184e+01 3.161650551996896401e-06
3.674220070358090595e+01 2.868123739714336283e-06
3.709961214742267543e+01 2.596025419181025544e-06
3.746050032748993175e+01 2.344995271834152851e-06
3.782489906389385936e+01 2.113782532456494582e-06
3.819284250573236505e+01 1.901171571121384908e-06
3.856436513429023449e+01 1.705286423138032688e-06
3.893950176627063087e+01 1.526209340995984638e-06
3.931828755705770106e+01 1.361807410292127917e-06
3.970075800401124155e+01 1.211797962612136527e-06
4.008694894979318946e+01 1.075193204122435870e-06
4.047689658572676308e+01 9.509388692905546850e-07
4.087063745518780422e+01 8.382806095563061978e-07
4.126820845702955864e+01 7.362821289837399516e-07
4.166964684904057492e+01 6.443630800123164248e-07
4.207499025143619065e+01 5.615361553442082622e-07
4.248427665038425260e+01 4.873911486812596601e-07
4.289754440156466586e+01 4.210571805075708096e-07
4.331483223376402947e+01 3.634895739464903058e-07
4.373617925250492533e+01 3.094682268413695275e-07
4.416162494371084790e+01 2.630880019407115719e-07
4.459120917740628443e+01 2.223708250725909356e-07
4.502497221145327444e+01 1.866423816252204462e-07
4.546295469532399380e+01 1.555327297691338584e-07
4.590519767391037220e+01 1.277036978366105535e-07
4.635174259137027519e+01 1.046750370197904661e-07
4.680263129501155817e+01 8.473932225615055070e-08
4.725790603921362276e+01 6.808024046090613107e-08
4.771760948938745628e+01 5.383675786343904195e-08
4.818178472597362827e+01 4.195059992991441718e-08
4.865047524847972937e+01 3.239556767593655221e-08
4.912372497955678341e+01 2.440895330679041869e-08
4.960157826911540724e+01 1.818310366944482141e-08
5.008407989848212338e+01 1.325374092525247503e-08
5.057127508459573306e+01 9.415033426932804861e-09
5.106320948424492911e+01 6.489256976161144707e-09
5.155992919834686461e+01 4.309874487905682160e-09
5.206148077626762216e+01 2.740263116178654335e-09
5.256791122018424289e+01 1.646772983129021732e-09
5.307926798948964375e+01 9.219419168638873909e-10
5.359559900524011766e+01 4.692798579456134589e-10
5.411695265464637572e+01 2.091433060438422493e-10
5.464337779560780461e+01 7.654912943439500174e-11
5.517492376129128928e+01 2.023602921251785477e-11
5.571164036475430237e+01 2.813571862647314446e-12
5.625357790361330501e+01 0.000000000000000000e+00
