1.000000000000000021e-02 1.490930508588473424e+00
1.009727545900835841e-02 1.490925905135561225e+00
1.019549716950923779e-02 1.490921226596223059e+00
1.029467433620748044e-02 1.490916429132361776e+00
1.039481625334708927e-02 1.490911564860339045e+00
1.049593230558227772e-02 1.490906621805945687e+00
1.059803196885688789e-02 1.490901292689330138e+00
1.070112481129246833e-02 1.490896224297362682e+00
1.080522049408488318e-02 1.490890952177777340e+00
1.091032877240974419e-02 1.490885736806545125e+00
1.101645949633656314e-02 1.490880296107790048e+00
1.112362261175187626e-02 1.490875034636193863e+00
1.123182816129126085e-02 1.490869284982203835e+00
1.134108628528052165e-02 1.490863425659768815e+00
1.145140722268592030e-02 1.490857388757628632e+00
1.156280131207376022e-02 1.490851246260929797e+00
1.167527899257919492e-02 1.490844967708337299e+00
1.178885080488457221e-02 1.490837809427704386e+00
1.190352739220719262e-02 1.490831700756926725e+00
1.201931950129673729e-02 1.490825447172106744e+00
1.213623798344241195e-02 1.490818697602738663e+00
1.225429379548980714e-02 1.490811799935683135e+00
1.237349800086776086e-02 1.490802917068930089e+00
1.249386177062509519e-02 1.490795630583919396e+00
1.261539638447754796e-02 1.490788588777093748e+00
1.273811323186478488e-02 1.490781075546374401e+00
1.286202381301779218e-02 1.490773390522210029e+00
1.298713974003655978e-02 1.490767351410761998e+00
1.311347273797833224e-02 1.490760140055232830e+00
1.324103464595636874e-02 1.490752072748229962e+00
1.336983741824946531e-02 1.490743288753412221e+00
1.349989312542219239e-02 1.490735270997791906e+00
1.363121395545611320e-02 1.490726357161601845e+00
1.376381221489191876e-02 1.490717656169568306e+00
1.389770032998276401e-02 1.490708745222918186e+00
1.403289084785873213e-02 1.490699677450709970e+00
1.416939643770268736e-02 1.490690224704726896e+00
1.430722989193757184e-02 1.490680953460206792e+00
1.444640412742520530e-02 1.490671319865528144e+00
1.458693218667675602e-02 1.490661487096469839e+00
1.472882723907502529e-02 1.490651500605490787e+00
1.487210258210860774e-02 1.490641427323909918e+00
1.501677164261799868e-02 1.490631242821113922e+00
1.516284797805393485e-02 1.490619694476409185e+00
1.531034527774784160e-02 1.490609857357053203e+00
1.545927736419477720e-02 1.490598916850320865e+00
1.560965819434872483e-02 1.490587727230097581e+00
1.576150186093060873e-02 1.490576291900290284e+00
1.591482259374891323e-02 1.490564494929705663e+00
1.606963476103326349e-02 1.490552578239441095e+00
1.622595287078087284e-02 1.490540497750553639e+00
1.638379157211618947e-02 1.490529553104058547e+00
1.654316565666366645e-02 1.490517063861485969e+00
1.670409005993399310e-02 1.490504333565485062e+00
1.686657986272368723e-02 1.490491049203574114e+00
1.703065029252844378e-02 1.490476245176456604e+00
1.719631672497009753e-02 1.490464378463845385e+00
1.736359468523754335e-02 1.490450338469264002e+00
1.753249984954170088e-02 1.490434800245681313e+00
1.770304804658450262e-02 1.490419986546501097e+00
1.787525525904235316e-02 1.490405150390640809e+00
1.804913762506383731e-02 1.490390036052754441e+00
1.822471143978214581e-02 1.490374537444544734e+00
1.840199315684210371e-02 1.490359245377844255e+00
1.858099938994215231e-02 1.490343242151750847e+00
1.876174691439120440e-02 1.490327043492128523e+00
1.894425266868081034e-02 1.490309873293543808e+00
1.912853375607242307e-02 1.490292877545478900e+00
1.931460744620030340e-02 1.490275594667794801e+00
1.950249117668984011e-02 1.490257953519978695e+00
1.969220255479172538e-02 1.490240707596475200e+00
1.988375935903200636e-02 1.490222319416616426e+00
2.007717954087816226e-02 1.490202982637844453e+00
2.027248122642137662e-02 1.490184046144453323e+00
2.046968271807520987e-02 1.490165599184446243e+00
2.066880249629082095e-02 1.490145844999634539e+00
2.086985922128879734e-02 1.490124822450031639e+00
2.107287173480786382e-02 1.490103879291750699e+00
2.127785906187062287e-02 1.490082843172070515e+00
2.148484041256648255e-02 1.490059903069061997e+00
2.169383518385184506e-02 1.490038224092416597e+00
2.190486296136792688e-02 1.490018325443096092e+00
2.211794352127614133e-02 1.489995908744056630e+00
2.233309683211144592e-02 1.489972836700903303e+00
2.255034305665360936e-02 1.489947203942922238e+00
2.276970255381680075e-02 1.489923878125102297e+00
2.299119588055741764e-02 1.489899704564342064e+00
2.321484379380064564e-02 1.489876494786024352e+00
2.344066725238556220e-02 1.489850980060691832e+00
2.366868741902936057e-02 1.489826603935118232e+00
2.389892566231050300e-02 1.489798703730989882e+00
2.413140355867127856e-02 1.489771544571813822e+00
2.436614289443983158e-02 1.489744074587040057e+00
2.460316566787181664e-02 1.489716547045221384e+00
2.484249409121190577e-02 1.489687975201570369e+00
2.508415059277539771e-02 1.489658007473142920e+00
2.532815781905008515e-02 1.489628129978509241e+00
2.557453863681850847e-02 1.489597709144536708e+00
2.582331613530085626e-02 1.489567577368062556e+00
2.607451362831877603e-02 1.489537672834553961e+00
2.632815465648021339e-02 1.489505861765708872e+00
2.658426298938541474e-02 1.489473138661957741e+00
2.684286262785454819e-02 1.489439816211283851e+00
2.710397780617682106e-02 1.489405190581287508e+00
2.736763299438163891e-02 1.489369366136861661e+00
2.763385290053169824e-02 1.489334883544506605e+00
2.790266247303856487e-02 1.489298931714635899e+00
2.817408690300057458e-02 1.489262309123793093e+00
2.844815162656363222e-02 1.489225020991649773e+00
2.872488232730495070e-02 1.489186881925287809e+00
2.900430493863991738e-02 1.489148576407274716e+00
2.928644564625237229e-02 1.489108550908438744e+00
2.957133089054861039e-02 1.489067969167831240e+00
2.985898736913520854e-02 1.489026581138170657e+00
3.014944203932094433e-02 1.488984390098534671e+00
3.044272212064302874e-02 1.488941263462699505e+00
3.073885509741795460e-02 1.488897749732198239e+00
3.103786872131722788e-02 1.488855024607117050e+00
3.133979101396793671e-02 1.488809573505283312e+00
3.164465026957891114e-02 1.488763017839329850e+00
3.195247505759213347e-02 1.488715535157828507e+00
3.226329422536015901e-02 1.488667078676690458e+00
3.257713690084949876e-02 1.488617993130868289e+00
3.289403249537032475e-02 1.488575502893214608e+00
3.321401070633261954e-02 1.488504025153123855e+00
3.353710152002930406e-02 1.488466682504196559e+00
3.386333521444636480e-02 1.488411478300225355e+00
3.419274236210027851e-02 1.488357320569271058e+00
3.452535383290306070e-02 1.488302235637583681e+00
3.486120079705520153e-02 1.488246027375420999e+00
3.520031472796678745e-02 1.488189066989711096e+00
3.554272740520694751e-02 1.488130139255958495e+00
3.588847091748199186e-02 1.488070984800667240e+00
3.623757766564258964e-02 1.488010486973205593e+00
3.659008036572020811e-02 1.487948885686027900e+00
3.694601205199302130e-02 1.487885934014188116e+00
3.730540608008161424e-02 1.487821483221617003e+00
3.766829613007490613e-02 1.487755713203886110e+00
3.803471620968648659e-02 1.487688798185791139e+00
3.840470065744145539e-02 1.487621483753616802e+00
3.877828414589457040e-02 1.487551725837827021e+00
3.915550168487941241e-02 1.487480898161018361e+00
3.953638862478930927e-02 1.487409061543015998e+00
3.992098065989020672e-02 1.487332572178166501e+00
4.030931383166566628e-02 1.487260448334394303e+00
4.070142453219438572e-02 1.487184418840348465e+00
4.109734950756069316e-02 1.487106230951894315e+00
4.149712586129815362e-02 1.487026809317682829e+00
4.190079105786669034e-02 1.486946145930134300e+00
4.230838292616342228e-02 1.486864156373426837e+00
4.271993966306778662e-02 1.486780060041748674e+00
4.313549983702118923e-02 1.486693379727536568e+00
4.355510239164130798e-02 1.486605691214518243e+00
4.397878664937160398e-02 1.486516889234245520e+00
4.440659231516640160e-02 1.486425294058632218e+00
4.483855948021186338e-02 1.486333090983767313e+00
4.527472862568297785e-02 1.486239044965748768e+00
4.571514062653719151e-02 1.486142114741120013e+00
4.615983675534499064e-02 1.486043647061751294e+00
4.660885868615767536e-02 1.485944205363399329e+00
4.706224849841281199e-02 1.485840748182551296e+00
4.752004868087766204e-02 1.485736395136945331e+00
4.798230213563085128e-02 1.485631988404042314e+00
4.844905218208294534e-02 1.485522129768404476e+00
4.892034256103611894e-02 1.485411932041334593e+00
4.939621743878321036e-02 1.485300530910441896e+00
4.987672141124663283e-02 1.485185708797012616e+00
5.036189950815770505e-02 1.485067515542441541e+00
5.085179719727656034e-02 1.484948499782429598e+00
5.134646038865306461e-02 1.484827508276298724e+00
5.184593543892913187e-02 1.484703880673193810e+00
5.235026915568305461e-02 1.484577162544514550e+00
5.285950880181603667e-02 1.484449979279179432e+00
5.337370209998133774e-02 1.484318690101792404e+00
5.389289723705643909e-02 1.484182664141320718e+00
5.441714286865893119e-02 1.484049066386267768e+00
5.494648812370611646e-02 1.483909967452699874e+00
5.548098260901916656e-02 1.483768451079370942e+00
5.602067641397187603e-02 1.483623848768978126e+00
5.656562011518465050e-02 1.483476750118917664e+00
5.711586478126431943e-02 1.483325528347172462e+00
5.767146197758996756e-02 1.483173065092622478e+00
5.823246377114527778e-02 1.483017420488493388e+00
5.879892273539785025e-02 1.482858159383400931e+00
5.937089195522609469e-02 1.482697007057246052e+00
5.994842503189409116e-02 1.482531780595805815e+00
6.053157608807464840e-02 1.482363294947295795e+00
6.112039977292132997e-02 1.482191015101413267e+00
6.171495126718981594e-02 1.482016180021263230e+00
6.231528628840921763e-02 1.481854383317354751e+00
6.292146109610344262e-02 1.481655812470441536e+00
6.353353249706343575e-02 1.481470409345765793e+00
6.415155785067082339e-02 1.481280271822264405e+00
6.477559507427335661e-02 1.481088449111217065e+00
6.540570264861225724e-02 1.480892613207106301e+00
6.604193962330305590e-02 1.480692386683071904e+00
6.668436562236895737e-02 1.480488023341915094e+00
6.733304084982863480e-02 1.480279816571155704e+00
6.798802609533814711e-02 1.480068247100809531e+00
6.864938273988777095e-02 1.479854171007470187e+00
6.931717276155408003e-02 1.479633867127574609e+00
6.999145874130821565e-02 1.479409490604594035e+00
7.067230386888070925e-02 1.479180559704606379e+00
7.135977194868306506e-02 1.478947284866672485e+00
7.205392740578704658e-02 1.478708885803885709e+00
7.275483529196229149e-02 1.478467867364530397e+00
7.346256129177256011e-02 1.478219250552083475e+00
7.417717172873124210e-02 1.477968188752881940e+00
7.489873357151664857e-02 1.477712201449486784e+00
7.562731444024800576e-02 1.477449437717393455e+00
7.636298261282241373e-02 1.477181360704952429e+00
7.710580703131336699e-02 1.476910751230542607e+00
7.785585730843146146e-02 1.476632958112092275e+00
7.861320373404813433e-02 1.476351802816345149e+00
7.937791728178281159e-02 1.476064254195807557e+00
8.015006961565404597e-02 1.475772134485947573e+00
8.092973309679550586e-02 1.475471563453348622e+00
8.171698079023696770e-02 1.475167479844829543e+00
8.251188647175167201e-02 1.474857613889797303e+00
8.331452463477014014e-02 1.474541600360464999e+00
8.412497049736118726e-02 1.474220688986053407e+00
8.494330000928071445e-02 1.473892130516979426e+00
8.576958985908941790e-02 1.473556727512207232e+00
8.660391748133952627e-02 1.473215304163785211e+00
8.744636106383144036e-02 1.472866076228874110e+00
8.829699955494091368e-02 1.472510808394485116e+00
8.915591267101763417e-02 1.472149735954517480e+00
9.002318090385581784e-02 1.471780539868236204e+00
9.089888552823731371e-02 1.471404972626466856e+00
9.178310860954806694e-02 1.471021902264974424e+00
9.267593301146882789e-02 1.470632221642706350e+00
9.357744240374062106e-02 1.470235565849173920e+00
9.448772127000577836e-02 1.469830601599692033e+00
9.540685491572513388e-02 1.469419359953911375e+00
9.633492947617222635e-02 1.468999103952760121e+00
9.727203192450542546e-02 1.468570106076618087e+00
9.821825007991856482e-02 1.468133359598284171e+00
9.917367261587073379e-02 1.467688450246584120e+00
1.001383890683960748e-01 1.467235280324366453e+00
1.011124898444945991e-01 1.466773511890796966e+00
1.020960662306047012e-01 1.466301610087167528e+00
1.030892104011576216e-01 1.465821502809773635e+00
1.040920154272158005e-01 1.465331094981744187e+00
1.051045752851944987e-01 1.464853412290418655e+00
1.061269848656690717e-01 1.464324846079504638e+00
1.071593399822671072e-01 1.463807526783328594e+00
1.082017373806478805e-01 1.463281168955599565e+00
1.092542747475682557e-01 1.462743759581229819e+00
1.103170507200377515e-01 1.462196487806332934e+00
1.113901648945616746e-01 1.461639002902354711e+00
1.124737178364751955e-01 1.461070511590356391e+00
1.135678110893671017e-01 1.460492213286473273e+00
1.146725471845963656e-01 1.459901144911695203e+00
1.157880296509002094e-01 1.459298981795703387e+00
1.169143630240966764e-01 1.458685785311836680e+00
1.180516528568804902e-01 1.458059748878827389e+00
1.192000057287153220e-01 1.457424760481702108e+00
1.203595292558212876e-01 1.456778075847704246e+00
1.215303321012602134e-01 1.456118523644936102e+00
1.227125239851190319e-01 1.455446617572844659e+00
1.239062156947916271e-01 1.454761279351570735e+00
1.251115190953615564e-01 1.454062278507886052e+00
1.263285471400849291e-01 1.453350860811340572e+00
1.275574138809759950e-01 1.452626523220686972e+00
1.287982344794950385e-01 1.451888174671260190e+00
1.300511252173409127e-01 1.451134338339127305e+00
1.313162035073478784e-01 1.450370854904374784e+00
1.325935879044890797e-01 1.449589643918466786e+00
1.338833981169864351e-01 1.448818398053462797e+00
1.351857550175293021e-01 1.448049568646119001e+00
1.365007806546013891e-01 1.447192644648237270e+00
1.378285982639189389e-01 1.446320871488417481e+00
1.391693322799789911e-01 1.445464219963159103e+00
1.405231083477211373e-01 1.444592684077766753e+00
1.418900533343016301e-01 1.443706351482374473e+00
1.432702953409830948e-01 1.442799858072187913e+00
1.446639637151387880e-01 1.441878726396565780e+00
1.460711890623745679e-01 1.440957686890639078e+00
1.474921032587684921e-01 1.439993083130587381e+00
1.489268394632288772e-01 1.439015830444160038e+00
1.503755321299738434e-01 1.438021672141525320e+00
1.518383170211306810e-01 1.437011486791503367e+00
1.533153312194593942e-01 1.435983664466156773e+00
1.548067131411984265e-01 1.434936848605129267e+00
1.563126025490369497e-01 1.433868872700234887e+00
1.578331405652117214e-01 1.432782607285610466e+00
1.593684696847328941e-01 1.431678925835500493e+00
1.609187337887370006e-01 1.430551430957273773e+00
1.624840781579713067e-01 1.429406093088323892e+00
1.640646494864078653e-01 1.428253190313617305e+00
1.656605958949914359e-01 1.427050961150739816e+00
1.672720669455196874e-01 1.425840543858529985e+00
1.688992136546599021e-01 1.424608485254854395e+00
1.705421885081006561e-01 1.423353515761934363e+00
1.722011454748421100e-01 1.422075837326528536e+00
1.738762400216251336e-01 1.420775292587264982e+00
1.755676291275001522e-01 1.419451674972770139e+00
1.772754712985387948e-01 1.418104567002328009e+00
1.789999265826875408e-01 1.416732985938329969e+00
1.807411565847668600e-01 1.415335424262739172e+00
1.824993244816152382e-01 1.413912626795712280e+00
1.842745950373816666e-01 1.412465058507329951e+00
1.860671346189656239e-01 1.410992155373537393e+00
1.878771112116086051e-01 1.409492947277142916e+00
1.897046944346358344e-01 1.407966510231993817e+00
1.915500555573527997e-01 1.406413510001697231e+00
1.934133675150944698e-01 1.404836916258157764e+00
1.952948049254327745e-01 1.403223406628892667e+00
1.971945441045395986e-01 1.401585990958394978e+00
1.991127630837108697e-01 1.399919560373781957e+00
2.010496416260497965e-01 1.398233147882401495e+00
2.030053612433137811e-01 1.396498774004674814e+00
2.049801052129238688e-01 1.394743456007125015e+00
2.069740585951406198e-01 1.392956547811236456e+00
2.089874082504071251e-01 1.391139272298097529e+00
2.110203428568595552e-01 1.389289259006651900e+00
2.130730529280097374e-01 1.387405022648078079e+00
2.151457308305980698e-01 1.385492472457950486e+00
2.172385708026215445e-01 1.383545128307773764e+00
2.193517689715359098e-01 1.381564185446112702e+00
2.214855233726360506e-01 1.379548901906151759e+00
2.236400339676138660e-01 1.377499146879361369e+00
2.258155026632983065e-01 1.375415628326724038e+00
2.280121333305757114e-01 1.373293510188017708e+00
2.302301318234963867e-01 1.371137161435486362e+00
2.324697059985647851e-01 1.368944109441138091e+00
2.347310657342196183e-01 1.366713960777905967e+00
2.370144229505012079e-01 1.364444882044067109e+00
2.393199916289123208e-01 1.362138309281739623e+00
2.416479878324700736e-01 1.359795069876331475e+00
2.439986297259550130e-01 1.357407026923766136e+00
2.463721375963552895e-01 1.354984551257179870e+00
2.487687338735107279e-01 1.352519308942835563e+00
2.511886431509580686e-01 1.350012579615810226e+00
2.536320922069775774e-01 1.347465628205992250e+00
2.560993100258459609e-01 1.344882297435439300e+00
2.585905278192945911e-01 1.342245991962599749e+00
2.611059790481781162e-01 1.339572452856702567e+00
2.636458994443517945e-01 1.336851704599078650e+00
2.662105270327638773e-01 1.334088522291635659e+00
2.688001021537606006e-01 1.331280760072736991e+00
2.714148674856106669e-01 1.328427949221556048e+00
2.740550680672460548e-01 1.325530151787310151e+00
2.767209513212268712e-01 1.322585360760750950e+00
2.794127670769268601e-01 1.319593254636002966e+00
2.821307675939472293e-01 1.316554125165704692e+00
2.848752075857552413e-01 1.313466626294767847e+00
2.876463442435557849e-01 1.310330357698220372e+00
2.904444372603925406e-01 1.307143504896702391e+00
2.932697488554852905e-01 1.303909488543948836e+00
2.961225437988035947e-01 1.300625930750005432e+00
2.990030894358785551e-01 1.297289662050813641e+00
3.019116557128577738e-01 1.293900758306482324e+00
3.048485152018017286e-01 1.290459135657904710e+00
3.078139431262288950e-01 1.286969918769408805e+00
3.108082173869063936e-01 1.283423796911045134e+00
3.138316185878944342e-01 1.279824851014140563e+00
3.168844300628416155e-01 1.276171891754138032e+00
3.199669379015380732e-01 1.272464916028509752e+00
3.230794309767249795e-01 1.268705849686642351e+00
3.262222009711669979e-01 1.264886670645752220e+00
3.293955424049855307e-01 1.261041388410740094e+00
3.325997526632606949e-01 1.257081790239551244e+00
3.358351320238990301e-01 1.253095380440449880e+00
3.391019836857747105e-01 1.249050939518646874e+00
3.424006137971423724e-01 1.244946641648700725e+00
3.457313314843284413e-01 1.240784785100623733e+00
3.490944488806992929e-01 1.236564195012408440e+00
3.524902811559130766e-01 1.232288826799708747e+00
3.559191465454557002e-01 1.227947777574054822e+00
3.593813663804627523e-01 1.223548099304832215e+00
3.628772651178337472e-01 1.219089600151509911e+00
3.664071703706370808e-01 1.214568381631019545e+00
3.699714129388128048e-01 1.209985206239324373e+00
3.735703268401719401e-01 1.205341308773073106e+00
3.772042493416999376e-01 1.200636926995691800e+00
3.808735209911614517e-01 1.195867627262017896e+00
3.845784856490158665e-01 1.191039000203238940e+00
3.883194905206404091e-01 1.186143861965771595e+00
3.920968861888690649e-01 1.181186640481258987e+00
3.959110266468458539e-01 1.176166531648266567e+00
3.997622693312000708e-01 1.171079605049296646e+00
4.036509751555413805e-01 1.165934482608457001e+00
4.075775085442840395e-01 1.160721951288257836e+00
4.115422374667966343e-01 1.155444359069927041e+00
4.155455334718875515e-01 1.150103976890588076e+00
4.195877717226225712e-01 1.144697704847958297e+00
4.236693310314835759e-01 1.139225692318227345e+00
4.277905938958687093e-01 1.133690890761726910e+00
4.319519465339363706e-01 1.128092569821953939e+00
4.361537789208005944e-01 1.122424811777633868e+00
4.403964848250754294e-01 1.116703714892011590e+00
4.446804618457780300e-01 1.110900923826630082e+00
4.490061114495874639e-01 1.105040287345521399e+00
4.533738390084691150e-01 1.099116328488171535e+00
4.577840538376618529e-01 1.093124740592287703e+00
4.622371692340384031e-01 1.087071506202897719e+00
4.667336025148346446e-01 1.080952807337670629e+00
4.712737750567601580e-01 1.074768409464583963e+00
4.758581123354846953e-01 1.068521286997126785e+00
4.804870439655131720e-01 1.062211753760834876e+00
4.851610037404442966e-01 1.055835815444717607e+00
4.898804296736250508e-01 1.049398384523150485e+00
4.946457640391963562e-01 1.042909208055357917e+00
4.994574534135413635e-01 1.036333892073523444e+00
5.043159487171361421e-01 1.029705062419637329e+00
5.092217052568053237e-01 1.023022640407167838e+00
5.141751827683928022e-01 1.016275300205926602e+00
5.191768454598426619e-01 1.009466436189688565e+00
5.242271620547044320e-01 1.002591660542303087e+00
5.293266058360561743e-01 9.956704719485764965e-01
5.344756546908600026e-01 9.886842340278159114e-01
5.396747911547442600e-01 9.816290038976991372e-01
5.449245024572260121e-01 9.745294709939390509e-01
5.502252805673685243e-01 9.673766603423720190e-01
5.555776222398878250e-01 9.601628693168511308e-01
5.609820290617031358e-01 9.528932895958791560e-01
5.664390074989449353e-01 9.455693327523034819e-01
5.719490689444144405e-01 9.381920839695675474e-01
5.775127297655114900e-01 9.307632277994761782e-01
5.831305113526221717e-01 9.232839168482815939e-01
5.888029401679826247e-01 9.157506858893487145e-01
5.945305477950136863e-01 9.081728870039261770e-01
6.003138709881384871e-01 9.005452171051597787e-01
6.061534517230839914e-01 8.928682051996331692e-01
6.120498372476699256e-01 8.851189524502244277e-01
6.180035801330957534e-01 8.773791293600686769e-01
6.240152383257209223e-01 8.695719655436588980e-01
6.300853751993553686e-01 8.617230367405118718e-01
6.362145596080520660e-01 8.538302815257996503e-01
6.424033659394193796e-01 8.459019489968588879e-01
6.486523741684461219e-01 8.379318133696800341e-01
6.549621699118558515e-01 8.298914400994549245e-01
6.613333444829840868e-01 8.218856834852541482e-01
6.677664949471955325e-01 8.138152109361966868e-01
6.742622241778342129e-01 8.057087559210152072e-01
6.808211409127237213e-01 7.975746346482561755e-01
6.874438598112112553e-01 7.894080423221043752e-01
6.941310015117725385e-01 7.812177674456817211e-01
7.008831926901714082e-01 7.730021112199864097e-01
7.077010661181889484e-01 7.647594421754210225e-01
7.145852607229240538e-01 7.564974918433707840e-01
7.215364216466665370e-01 7.482156517923294059e-01
7.285552003073593186e-01 7.399169979437691946e-01
7.356422544596413760e-01 7.315963671578000760e-01
7.427982482564918776e-01 7.232674938809188214e-01
7.500238523114668432e-01 7.149210931542213654e-01
7.573197437615483141e-01 7.065643307061132417e-01
7.646866063305975958e-01 6.981994725915527944e-01
7.721251303934327792e-01 6.898626573854316213e-01
7.796360130405233235e-01 6.814485422436223905e-01
7.872199581433195759e-01 6.730687609381262870e-01
7.948776764202123424e-01 6.646851078428036574e-01
8.026098855031396084e-01 6.563043722046366657e-01
8.104173100048355227e-01 6.479257592747077465e-01
8.183006815867394090e-01 6.395180977019048196e-01
8.262607390275591435e-01 6.311809870174442949e-01
8.342982282925082149e-01 6.228032714203487474e-01
8.424139026032094746e-01 6.144711860913543156e-01
8.506085225082840040e-01 6.061356059500686566e-01
8.588828559546254349e-01 5.978099129638972942e-01
8.672376783593644944e-01 5.895061200451519046e-01
8.756737726825394308e-01 5.811785062734747820e-01
8.841919295004664336e-01 5.729555441715500352e-01
8.927929470798307010e-01 5.647335526928020100e-01
9.014776314524917122e-01 5.564887213679781119e-01
9.102467964910225806e-01 5.482946184872454776e-01
9.191012639849772681e-01 5.401318511016147683e-01
9.280418637179072006e-01 5.319974282554618128e-01
9.370694335451198453e-01 5.238956886267144286e-01
9.461848194722002336e-01 5.158248447501616596e-01
9.553888757342895444e-01 5.077930298148296551e-01
9.646824648761427312e-01 4.997998697856420591e-01
9.740664578329562007e-01 4.918454340938686054e-01
9.835417340119908536e-01 4.839127069595257069e-01
9.931091813749796104e-01 4.760600085648813984e-01
1.002769696521346621e+00 4.682360816462709519e-01
1.012524184772224167e+00 4.604586387741771980e-01
1.022373560255302127e+00 4.527297432432201840e-01
1.032318745990486564e+00 4.450489480202767245e-01
1.042360673976402197e+00 4.374184152029908512e-01
1.052500285277732761e+00 4.298421483564393575e-01
1.062738530113414459e+00 4.223280101121958396e-01
1.073076367945679621e+00 4.148652469680684796e-01
1.083514767569973225e+00 4.074592300989018923e-01
1.094054707205742494e+00 4.001136512504466780e-01
1.104697174588111785e+00 3.927878018551279049e-01
1.115443167060441221e+00 3.856069035946734780e-01
1.126293691667795249e+00 3.784487842385932388e-01
1.137249765251314271e+00 3.713539258432472234e-01
1.148312414543511073e+00 3.643239333246597322e-01
1.159482676264482759e+00 3.573201433550809991e-01
1.170761597219069250e+00 3.504695937646103987e-01
1.182150234394952371e+00 3.436111851655488936e-01
1.193649655061713055e+00 3.369087493756551810e-01
1.205260936870842681e+00 3.302104296403793882e-01
1.216985167956738056e+00 3.235819847091656043e-01
1.228823447038673411e+00 3.170638247835270151e-01
1.240776883523764251e+00 3.106022309413598581e-01
1.252846597610937529e+00 3.042142081039276857e-01
1.265033720395903893e+00 2.979026200117039780e-01
1.277339393977160009e+00 2.916670362434169439e-01
1.289764771563017165e+00 2.855090048882416021e-01
1.302311017579677488e+00 2.793436756243052321e-01
1.314979307780347773e+00 2.734191128792192171e-01
1.327770829355430449e+00 2.675046543633819440e-01
1.340686781043774811e+00 2.616619371904039260e-01
1.353728373245021821e+00 2.558897881277549247e-01
1.366896828133026487e+00 2.502049507247545157e-01
1.380193379770397355e+00 2.445997300780908545e-01
1.393619274224142002e+00 2.390753464373763237e-01
1.407175769682446731e+00 2.336263407654960156e-01
1.420864136572576708e+00 2.282654894518479638e-01
1.434685657679937831e+00 2.229838980200562482e-01
1.448641628268290127e+00 2.177816043853046668e-01
1.462733356201129986e+00 2.126555073883072688e-01
1.476962162064259898e+00 2.076299949627362917e-01
1.491329379289537682e+00 2.026641883526368870e-01
1.505836354279841416e+00 1.977865452692056936e-01
1.520484446535244283e+00 1.929891668739557309e-01
1.535275028780422657e+00 1.882689908237298593e-01
1.550209487093291205e+00 1.836269879793292759e-01
1.565289221034902312e+00 1.790808485557148499e-01
1.580515643780601165e+00 1.746017919995443979e-01
1.595890182252465817e+00 1.702087726629250841e-01
1.611414277253019778e+00 1.658877814100474246e-01
1.627089383600260675e+00 1.616542509789559434e-01
1.642916970263993193e+00 1.574917301563978633e-01
1.658898520503498064e+00 1.534089123816983757e-01
1.675035532006524441e+00 1.494034978926130630e-01
1.691329517029648732e+00 1.454750462808567235e-01
1.707782002539993016e+00 1.416179664413688144e-01
1.724394530358320354e+00 1.378414811955525621e-01
1.741168657303530987e+00 1.341493903273131005e-01
1.758105955338547632e+00 1.305164335941688403e-01
1.775208011717636092e+00 1.269476457333059971e-01
1.792476429135148930e+00 1.234821113421681188e-01
1.809912825875727105e+00 1.200699927533117051e-01
1.827518835965944666e+00 1.167370554294597934e-01
1.845296109327445366e+00 1.134596018068800005e-01
1.863246311931559873e+00 1.102764569652228827e-01
1.881371125955437096e+00 1.071490502641913728e-01
1.899672249939675650e+00 1.040889633728000613e-01
1.918151398947507635e+00 1.010990836906846130e-01
1.936810304725519849e+00 9.817239092415729063e-02
1.955650715865949074e+00 9.532017161324800314e-02
1.974674397970537454e+00 9.252781378811190949e-02
1.993883133816001019e+00 8.979980675562337922e-02
2.013278723521096492e+00 8.713531941936356051e-02
2.032862984715323673e+00 8.453276678327363569e-02
2.052637752709252084e+00 8.199271972191456148e-02
2.072604880666519822e+00 7.951334918134624064e-02
2.092766239777499759e+00 7.709164964710679691e-02
2.113123719434652603e+00 7.472635221465674660e-02
2.133679227409597701e+00 7.243100018319945099e-02
2.154434690031884259e+00 7.018291085400769902e-02
2.175392052369522489e+00 6.799277310952332731e-02
2.196553278411258248e+00 6.585793715624864431e-02
2.217920351250634692e+00 6.377750166232834528e-02
2.239495273271823184e+00 6.174238562476039305e-02
2.261280066337279404e+00 5.976629249028649060e-02
2.283276771977218012e+00 5.785182805499711201e-02
2.305487451580938707e+00 5.597900858368365373e-02
2.327914186589993051e+00 5.415556922690296926e-02
2.350559078693253756e+00 5.237978594204112381e-02
2.373424250023866033e+00 5.065257639383802246e-02
2.396511843358130278e+00 4.897367329989887191e-02
2.419824022316292567e+00 4.733943623393849220e-02
2.443362971565319341e+00 4.575020760455394964e-02
2.467130897023623426e+00 4.420494057820575917e-02
2.491130026067788439e+00 4.270117366620920785e-02
2.515362607741312928e+00 4.124182503936087846e-02
2.539830912965362675e+00 3.982497810412476830e-02
2.564537234751594674e+00 3.844566540668394733e-02
2.589483888417040802e+00 3.710909213231077669e-02
2.614673211801092023e+00 3.580982912497441412e-02
2.640107565484572927e+00 3.454847685589237938e-02
2.665789333010967876e+00 3.332420249385798644e-02
2.691720921109787668e+00 3.213632400776979953e-02
2.717904759922122881e+00 3.098381030752499904e-02
2.744343303228365283e+00 2.986596017444161782e-02
2.771039028678170535e+00 2.878205317984579639e-02
2.797994438022641805e+00 2.773018021172798941e-02
2.825212057348790218e+00 2.671285529553582908e-02
2.852694437316245057e+00 2.572528051748852393e-02
2.880444153396297668e+00 2.476861125732711735e-02
2.908463806113254169e+00 2.384184654577265264e-02
2.936756021288137397e+00 2.294270334515014290e-02
2.965323450284773621e+00 2.207562449563657200e-02
2.994168770258243573e+00 2.123323646527539021e-02
3.023294684405779531e+00 2.042212320078325150e-02
3.052703922220086241e+00 1.963172327962405331e-02
3.082399239745143404e+00 1.887132912740039498e-02
3.112383419834465759e+00 1.813283609986642356e-02
3.142659272411905569e+00 1.742254111265504127e-02
3.173229634734976212e+00 1.673328088652649426e-02
3.204097371660752813e+00 1.606790416273289404e-02
3.235265375914330388e+00 1.542436570503096481e-02
3.266736568359921655e+00 1.480247225597684096e-02
3.298513898274578082e+00 1.420343539942486334e-02
3.330600343624588788e+00 1.362277415072085662e-02
3.362998911344535991e+00 1.306419818376508384e-02
3.395712637619100693e+00 1.252463061648726762e-02
3.428744588167585317e+00 1.200239359347723272e-02
3.462097858531227423e+00 1.149969847552369945e-02
3.495775574363275240e+00 1.101541380502461288e-02
3.529780891721914671e+00 1.054834686489577143e-02
3.564116997366032269e+00 1.009711946540268676e-02
3.598787109053855460e+00 9.663126046438229311e-03
3.633794475844513094e+00 9.244846909391996742e-03
3.669142378402494131e+00 8.841961880528244680e-03
3.704834129305105694e+00 8.453918891667393937e-03
3.740873073352900313e+00 8.080289910658218153e-03
3.777262587883141176e+00 7.720910942144262011e-03
3.814006083086284082e+00 7.375697198118665206e-03
3.851107002325572903e+00 7.042350235626943476e-03
3.888568822459721019e+00 6.722331057919922991e-03
3.926395054168756449e+00 6.414711792820743108e-03
3.964589242282997805e+00 6.119045124740323145e-03
4.003154966115265445e+00 5.834898784656952948e-03
4.042095839796306045e+00 5.561951668580372363e-03
4.081415512613501662e+00 5.299876773720794271e-03
4.121117669352832635e+00 5.048276515876903674e-03
4.161206030644208020e+00 4.806365931402235663e-03
4.201684353310133346e+00 4.575251306777913633e-03
4.242556430717777438e+00 4.352775730768231217e-03
4.283826093134470270e+00 4.139659538909477333e-03
4.325497208086633627e+00 3.935432627682844929e-03
4.367573680722233398e+00 3.739689733341771891e-03
4.410059454176736615e+00 3.552156170084497157e-03
4.452958509942654963e+00 3.372619113900519536e-03
4.496274868242640110e+00 3.200742008512799316e-03
4.540012588406244554e+00 3.036254361726570955e-03
4.584175769250333765e+00 2.878842831374867333e-03
4.628768549463215365e+00 2.728404000662989007e-03
4.673795107992464004e+00 2.584486563901587305e-03
4.719259664436561863e+00 2.447089609375031286e-03
4.765166479440326341e+00 2.315790130258641409e-03
4.811519855094205766e+00 2.190190408947014118e-03
4.858324135337417360e+00 2.070808813867744836e-03
4.905583706365050922e+00 1.956652781989332793e-03
4.953302997039108924e+00 1.847665002507387815e-03
5.001486479303548727e+00 1.744038785065807557e-03
5.050138668603383785e+00 1.645035777604558205e-03
5.099264124307808288e+00 1.550844891166398495e-03
5.148867450137498025e+00 1.461866559941143616e-03
5.198953294596024399e+00 1.376058987669613945e-03
5.249526351405507718e+00 1.294635365713187741e-03
5.300591359946452030e+00 1.217472724563142383e-03
5.352153105701904501e+00 1.144142049887077444e-03
5.404216420705915347e+00 1.074516787493815786e-03
5.456786183996381823e+00 1.008399951410260571e-03
5.509867322072253160e+00 9.456692806517123752e-04
5.563464809355226137e+00 8.861863447704794883e-04
5.617583668655908191e+00 8.298335025226627861e-04
5.672228971644543094e+00 7.764521524893184395e-04
5.727405839326266346e+00 7.259077089371149868e-04
5.783119442521027054e+00 6.781172295472165205e-04
5.839375002348160315e+00 6.329226502138747762e-04
5.896177790715694478e+00 5.902241201945151268e-04
5.953533130814370189e+00 5.499057318216599675e-04
6.011446397616513337e+00 5.118668456262555778e-04
6.069923018379741464e+00 4.760013399768446758e-04
6.128968473155564034e+00 4.422101767523166230e-04
6.188588295302960063e+00 4.103929469909259266e-04
6.248788072006894012e+00 3.804626821262471195e-04
6.309573444801936049e+00 3.523296234236860140e-04
6.370950110100935149e+00 3.259068650386748528e-04
6.432923819728876502e+00 3.011111166760096851e-04
6.495500381461869033e+00 2.778654458121867241e-04
6.558685659571435345e+00 2.560913448219732328e-04
6.622485575374063238e+00 2.357133738018656792e-04
6.686906107786136921e+00 2.166629655537675081e-04
6.751953293884205287e+00 1.988716097875240646e-04
6.817633229470763112e+00 1.822742998680560963e-04
6.883952069645496330e+00 1.668078727272928217e-04
6.950916029382126382e+00 1.524112617667123658e-04
7.018531384110795912e+00 1.390272062053307331e-04
7.086804470306189430e+00 1.265994366349537507e-04
7.155741686081340980e+00 1.150720361890991743e-04
7.225349491787214085e+00 1.044040355565098969e-04
7.295634410618154320e+00 9.453791742804123024e-05
7.366603029223159460e+00 8.543002929437888042e-05
7.438261998323163482e+00 7.702361981609867137e-05
7.510618033334286459e+00 6.929504747916960961e-05
7.583677914997190683e+00 6.219157291044376430e-05
7.657448490012479958e+00 5.567909388541401021e-05
7.731936671682362316e+00 4.972203547936554871e-05
7.807149440558499798e+00 4.427106192226096248e-05
7.883093845096216690e+00 3.930697002321981533e-05
7.959777002314985417e+00 3.478922114838508130e-05
8.037206098465421888e+00 3.069083301003405181e-05
8.115388389702712146e+00 2.698104036867063707e-05
8.194331202766655053e+00 2.363412359845187838e-05
8.274041935668218883e+00 2.062126418115064038e-05
8.354528058382872047e+00 1.791834452658343712e-05
8.435797113550611570e+00 1.549955677515955159e-05
8.517856717182803905e+00 1.334043108904160775e-05
8.600714559375941093e+00 1.142377142987089579e-05
8.684378405032257220e+00 9.729649326412931505e-06
8.768856094587436090e+00 8.238697876822651865e-06
8.854155544745349715e+00 6.929423054152880210e-06
8.940284749219998162e+00 5.787568165405829476e-06
9.027251779484577909e+00 4.797273774665786268e-06
9.115064785527916769e+00 3.944176383931002559e-06
9.203731996618220279e+00 3.212021192559007144e-06
9.293261722074316111e+00 2.589508974170271928e-06
9.383662352044273902e+00 2.063882785258828248e-06
9.474942358291729150e+00 1.625144013112052299e-06
9.567110294989774388e+00 1.261878123083761276e-06
9.660174799522645017e+00 9.636242011770165333e-07
9.754144593295098531e+00 7.227673380801958995e-07
9.849028482549766039e+00 5.310193863583229905e-07
9.944835359192397917e+00 3.806959146618807718e-07
1.004157420162519543e+01 2.653159906713330172e-07
1.013925407558815373e+01 1.787537201973827151e-07
1.023788413500867378e+01 1.147034619901323704e-07
1.033747362285940774e+01 6.997064790629075184e-08
1.043803187202444072e+01 4.004449291598998794e-08
1.053956830617394580e+01 2.100528730638689883e-08
1.064209244064724658e+01 9.873605009820615223e-09
1.074561388334458023e+01 3.919247679445694784e-09
1.085014233562746178e+01 1.189004642868128956e-09
1.095568759322787855e+01 2.189764297492597105e-10
1.106225954716621906e+01 0.000000000000000000e+00
