1.000000000000000021e-02 1.930827369441915353e+00
1.009727545900835841e-02 1.930823371385690823e+00
1.019549716950923779e-02 1.930819287513106719e+00
1.029467433620748044e-02 1.930815207983211934e+00
1.039481625334708927e-02 1.930811140304585116e+00
1.049593230558227772e-02 1.930807066843889919e+00
1.059803196885688789e-02 1.930802885822547887e+00
1.070112481129246833e-02 1.930798613639151950e+00
1.080522049408488318e-02 1.930794269203830460e+00
1.091032877240974419e-02 1.930789836977022000e+00
1.101645949633656314e-02 1.930785304679726977e+00
1.112362261175187626e-02 1.930780657448500248e+00
1.123182816129126085e-02 1.930775898548413805e+00
1.134108628528052165e-02 1.930771024814322168e+00
1.145140722268592030e-02 1.930766038077114111e+00
1.156280131207376022e-02 1.930760932371312188e+00
1.167527899257919492e-02 1.930755713065414492e+00
1.178885080488457221e-02 1.930750453329532101e+00
1.190352739220719262e-02 1.930745088857324765e+00
1.201931950129673729e-02 1.930739627138093661e+00
1.213623798344241195e-02 1.930734073615545165e+00
1.225429379548980714e-02 1.930728425428697825e+00
1.237349800086776086e-02 1.930722647946217396e+00
1.249386177062509519e-02 1.930716779705270225e+00
1.261539638447754796e-02 1.930710749456742814e+00
1.273811323186478488e-02 1.930704703607500017e+00
1.286202381301779218e-02 1.930698554573280878e+00
1.298713974003655978e-02 1.930692270224770857e+00
1.311347273797833224e-02 1.930685847068054573e+00
1.324103464595636874e-02 1.930679330927665749e+00
1.336983741824946531e-02 1.930672745942329849e+00
1.349989312542219239e-02 1.930666019656775090e+00
1.363121395545611320e-02 1.930659163879699491e+00
1.376381221489191876e-02 1.930652164659317993e+00
1.389770032998276401e-02 1.930644994030823902e+00
1.403289084785873213e-02 1.930637660835800906e+00
1.416939643770268736e-02 1.930630193171186892e+00
1.430722989193757184e-02 1.930622542639856221e+00
1.444640412742520530e-02 1.930614692884333516e+00
1.458693218667675602e-02 1.930606627896750860e+00
1.472882723907502529e-02 1.930598378401135795e+00
1.487210258210860774e-02 1.930589926458519789e+00
1.501677164261799868e-02 1.930581266853676148e+00
1.516284797805393485e-02 1.930572426281709664e+00
1.531034527774784160e-02 1.930563406185709541e+00
1.545927736419477720e-02 1.930554174480724861e+00
1.560965819434872483e-02 1.930544718800062176e+00
1.576150186093060873e-02 1.930535047556325212e+00
1.591482259374891323e-02 1.930525165641599150e+00
1.606963476103326349e-02 1.930515087925869899e+00
1.622595287078087284e-02 1.930504829902002006e+00
1.638379157211618947e-02 1.930494379460649723e+00
1.654316565666366645e-02 1.930483681940993845e+00
1.670409005993399310e-02 1.930472764986215450e+00
1.686657986272368723e-02 1.930461643245324099e+00
1.703065029252844378e-02 1.930450262356374402e+00
1.719631672497009753e-02 1.930438630665233468e+00
1.736359468523754335e-02 1.930426760323623148e+00
1.753249984954170088e-02 1.930414685806811859e+00
1.770304804658450262e-02 1.930402353856250475e+00
1.787525525904235316e-02 1.930389881297526644e+00
1.804913762506383731e-02 1.930377164064605466e+00
1.822471143978214581e-02 1.930364150048335725e+00
1.840199315684210371e-02 1.930350845814675642e+00
1.858099938994215231e-02 1.930337269605945316e+00
1.876174691439120440e-02 1.930323448499415839e+00
1.894425266868081034e-02 1.930312049337698621e+00
1.912853375607242307e-02 1.930297598916362434e+00
1.931460744620030340e-02 1.930282938679787508e+00
1.950249117668984011e-02 1.930267951517470326e+00
1.969220255479172538e-02 1.930252628194915054e+00
1.988375935903200636e-02 1.930234376786051254e+00
2.007717954087816226e-02 1.930218564041343399e+00
2.027248122642137662e-02 1.930202420049334622e+00
2.046968271807520987e-02 1.930185937110423522e+00
2.066880249629082095e-02 1.930169077947341716e+00
2.086985922128879734e-02 1.930152073931511669e+00
2.107287173480786382e-02 1.930134865127214772e+00
2.127785906187062287e-02 1.930117353448888462e+00
2.148484041256648255e-02 1.930099481158826791e+00
2.169383518385184506e-02 1.930081303475440713e+00
2.190486296136792688e-02 1.930062671659023898e+00
2.211794352127614133e-02 1.930043611768204048e+00
2.233309683211144592e-02 1.930023999251017974e+00
2.255034305665360936e-02 1.930004024916676997e+00
2.276970255381680075e-02 1.929983682655715516e+00
2.299119588055741764e-02 1.929963111101949291e+00
2.321484379380064564e-02 1.929942061232267081e+00
2.344066725238556220e-02 1.929920670562503604e+00
2.366868741902936057e-02 1.929898783345893376e+00
2.389892566231050300e-02 1.929876522072471179e+00
2.413140355867127856e-02 1.929853910581186494e+00
2.436614289443983158e-02 1.929830826401722765e+00
2.460316566787181664e-02 1.929807474437541082e+00
2.484249409121190577e-02 1.929783663462499854e+00
2.508415059277539771e-02 1.929759220757487403e+00
2.532815781905008515e-02 1.929734320806797632e+00
2.557453863681850847e-02 1.929708969020514031e+00
2.582331613530085626e-02 1.929683058524256145e+00
2.607451362831877603e-02 1.929656566546578356e+00
2.632815465648021339e-02 1.929629512907019562e+00
2.658426298938541474e-02 1.929602004248315072e+00
2.684286262785454819e-02 1.929574011610099005e+00
2.710397780617682106e-02 1.929545640453955491e+00
2.736763299438163891e-02 1.929516692090083474e+00
2.763385290053169824e-02 1.929487060629399675e+00
2.790266247303856487e-02 1.929457015471668146e+00
2.817408690300057458e-02 1.929426581044436873e+00
2.844815162656363222e-02 1.929395634387750746e+00
2.872488232730495070e-02 1.929364068269020516e+00
2.900430493863991738e-02 1.929331763826225288e+00
2.928644564625237229e-02 1.929298712306832586e+00
2.957133089054861039e-02 1.929264899010552092e+00
2.985898736913520854e-02 1.929230046903420259e+00
3.014944203932094433e-02 1.929194863265754956e+00
3.044272212064302874e-02 1.929159125711109146e+00
3.073885509741795460e-02 1.929122235021240916e+00
3.103786872131722788e-02 1.929084452014405482e+00
3.133979101396793671e-02 1.929045852758228596e+00
3.164465026957891114e-02 1.929006505433637386e+00
3.195247505759213347e-02 1.928966370177543688e+00
3.226329422536015901e-02 1.928925725136666491e+00
3.257713690084949876e-02 1.928884348742850641e+00
3.289403249537032475e-02 1.928842169827041264e+00
3.321401070633261954e-02 1.928799403499739107e+00
3.353710152002930406e-02 1.928755924686553325e+00
3.386333521444636480e-02 1.928708324314843070e+00
3.419274236210027851e-02 1.928662938042106090e+00
3.452535383290306070e-02 1.928616618009566741e+00
3.486120079705520153e-02 1.928569390091207314e+00
3.520031472796678745e-02 1.928521420296956723e+00
3.554272740520694751e-02 1.928472938681526028e+00
3.588847091748199186e-02 1.928423385448288396e+00
3.623757766564258964e-02 1.928372731424909059e+00
3.659008036572020811e-02 1.928321091195733805e+00
3.694601205199302130e-02 1.928268745875072687e+00
3.730540608008161424e-02 1.928215316489112263e+00
3.766829613007490613e-02 1.928160634769720438e+00
3.803471620968648659e-02 1.928106729097992966e+00
3.840470065744145539e-02 1.928049658531653554e+00
3.877828414589457040e-02 1.927990350477380765e+00
3.915550168487941241e-02 1.927931269179575802e+00
3.953638862478930927e-02 1.927872823774730460e+00
3.992098065989020672e-02 1.927810626442774788e+00
4.030931383166566628e-02 1.927747219386191979e+00
4.070142453219438572e-02 1.927682625478784662e+00
4.109734950756069316e-02 1.927617098833986242e+00
4.149712586129815362e-02 1.927550021510297418e+00
4.190079105786669034e-02 1.927481487565624763e+00
4.230838292616342228e-02 1.927411681200422944e+00
4.271993966306778662e-02 1.927340425346587782e+00
4.313549983702118923e-02 1.927267792527218582e+00
4.355510239164130798e-02 1.927195420481365273e+00
4.397878664937160398e-02 1.927120353761839544e+00
4.440659231516640160e-02 1.927043570271874451e+00
4.483855948021186338e-02 1.926965003729469439e+00
4.527472862568297785e-02 1.926884790887927856e+00
4.571514062653719151e-02 1.926802667321281026e+00
4.615983675534499064e-02 1.926719597442575926e+00
4.660885868615767536e-02 1.926634735063669890e+00
4.706224849841281199e-02 1.926548370855278636e+00
4.752004868087766204e-02 1.926460365377798967e+00
4.798230213563085128e-02 1.926370827909760886e+00
4.844905218208294534e-02 1.926279975678180989e+00
4.892034256103611894e-02 1.926191599330875359e+00
4.939621743878321036e-02 1.926093824133201293e+00
4.987672141124663283e-02 1.926001400128915630e+00
5.036189950815770505e-02 1.925903072157466145e+00
5.085179719727656034e-02 1.925801040891436111e+00
5.134646038865306461e-02 1.925699139527659032e+00
5.184593543892913187e-02 1.925595093386186285e+00
5.235026915568305461e-02 1.925488627287962773e+00
5.285950880181603667e-02 1.925379843600327989e+00
5.337370209998133774e-02 1.925268837358838914e+00
5.389289723705643909e-02 1.925155662219667496e+00
5.441714286865893119e-02 1.925040616900817847e+00
5.494648812370611646e-02 1.924923077502027180e+00
5.548098260901916656e-02 1.924802256249019905e+00
5.602067641397187603e-02 1.924682160086903293e+00
5.656562011518465050e-02 1.924558508086291031e+00
5.711586478126431943e-02 1.924430868778077786e+00
5.767146197758996756e-02 1.924303795539088702e+00
5.823246377114527778e-02 1.924172754312387434e+00
5.879892273539785025e-02 1.924039810120207195e+00
5.937089195522609469e-02 1.923904049506750535e+00
5.994842503189409116e-02 1.923765437013269519e+00
6.053157608807464840e-02 1.923623897195673838e+00
6.112039977292132997e-02 1.923479160726345727e+00
6.171495126718981594e-02 1.923332277393994039e+00
6.231528628840921763e-02 1.923182304253892028e+00
6.292146109610344262e-02 1.923028860160813203e+00
6.353353249706343575e-02 1.922872317129323383e+00
6.415155785067082339e-02 1.922712784503971539e+00
6.477559507427335661e-02 1.922551261824521074e+00
6.540570264861225724e-02 1.922386920786438580e+00
6.604193962330305590e-02 1.922216265612581187e+00
6.668436562236895737e-02 1.922047063452705373e+00
6.733304084982863480e-02 1.921872072646436447e+00
6.798802609533814711e-02 1.921693195444173607e+00
6.864938273988777095e-02 1.921510887077318763e+00
6.931717276155408003e-02 1.921324905500015223e+00
6.999145874130821565e-02 1.921135282133698219e+00
7.067230386888070925e-02 1.920941449047158356e+00
7.135977194868306506e-02 1.920744209940061786e+00
7.205392740578704658e-02 1.920542701571424482e+00
7.275483529196229149e-02 1.920337572230024437e+00
7.346256129177256011e-02 1.920129231720028029e+00
7.417717172873124210e-02 1.919917370471118989e+00
7.489873357151664857e-02 1.919701611178183720e+00
7.562731444024800576e-02 1.919482645766230622e+00
7.636298261282241373e-02 1.919258985682392060e+00
7.710580703131336699e-02 1.919029881414963778e+00
7.785585730843146146e-02 1.918796359372801463e+00
7.861320373404813433e-02 1.918557794235035807e+00
7.937791728178281159e-02 1.918315035626931842e+00
8.015006961565404597e-02 1.918066183753164511e+00
8.092973309679550586e-02 1.917813464673419288e+00
8.171698079023696770e-02 1.917556166464871925e+00
8.251188647175167201e-02 1.917293950120451118e+00
8.331452463477014014e-02 1.917027051746797106e+00
8.412497049736118726e-02 1.916754526937215264e+00
8.494330000928071445e-02 1.916477177710934177e+00
8.576958985908941790e-02 1.916194822675972853e+00
8.660391748133952627e-02 1.915911566730493565e+00
8.744636106383144036e-02 1.915615545107329565e+00
8.829699955494091368e-02 1.915316860604369564e+00
8.915591267101763417e-02 1.915013229422113605e+00
9.002318090385581784e-02 1.914702949469308191e+00
9.089888552823731371e-02 1.914386717034972207e+00
9.178310860954806694e-02 1.914064226297021998e+00
9.267593301146882789e-02 1.913735522999125749e+00
9.357744240374062106e-02 1.913400056412786210e+00
9.448772127000577836e-02 1.913057690231722230e+00
9.540685491572513388e-02 1.912708025237419784e+00
9.633492947617222635e-02 1.912351478381666192e+00
9.727203192450542546e-02 1.911988181219025584e+00
9.821825007991856482e-02 1.911617549589262444e+00
9.917367261587073379e-02 1.911239121719823908e+00
1.001383890683960748e-01 1.910855274458885589e+00
1.011124898444945991e-01 1.910469330564196211e+00
1.020960662306047012e-01 1.910068012015464500e+00
1.030892104011576216e-01 1.909662528447163554e+00
1.040920154272158005e-01 1.909249952960626384e+00
1.051045752851944987e-01 1.908830485774699826e+00
1.061269848656690717e-01 1.908401726490722927e+00
1.071593399822671072e-01 1.907964451582680354e+00
1.082017373806478805e-01 1.907518969236170703e+00
1.092542747475682557e-01 1.907065126182789339e+00
1.103170507200377515e-01 1.906603051356028367e+00
1.113901648945616746e-01 1.906131012373055933e+00
1.124737178364751955e-01 1.905649162808400909e+00
1.135678110893671017e-01 1.905156897782659842e+00
1.146725471845963656e-01 1.904654308279017494e+00
1.157880296509002094e-01 1.904146194861039199e+00
1.169143630240966764e-01 1.903627384656825905e+00
1.180516528568804902e-01 1.903098438848372487e+00
1.192000057287153220e-01 1.902559586267473346e+00
1.203595292558212876e-01 1.902009987932997914e+00
1.215303321012602134e-01 1.901451367978653328e+00
1.227125239851190319e-01 1.900882789441540099e+00
1.239062156947916271e-01 1.900300405908555756e+00
1.251115190953615564e-01 1.899707480545282268e+00
1.263285471400849291e-01 1.899105899736541536e+00
1.275574138809759950e-01 1.898491825964821800e+00
1.287982344794950385e-01 1.897867314086765012e+00
1.300511252173409127e-01 1.897226632094458409e+00
1.313162035073478784e-01 1.896577386059004056e+00
1.325935879044890797e-01 1.895915474145839275e+00
1.338833981169864351e-01 1.895239674607522629e+00
1.351857550175293021e-01 1.894550856062885202e+00
1.365007806546013891e-01 1.893849254047892172e+00
1.378285982639189389e-01 1.893135306727250278e+00
1.391693322799789911e-01 1.892408317692479303e+00
1.405231083477211373e-01 1.891667759986696895e+00
1.418900533343016301e-01 1.890914222996278093e+00
1.432702953409830948e-01 1.890147346268726603e+00
1.446639637151387880e-01 1.889364108035292311e+00
1.460711890623745679e-01 1.888566598610456282e+00
1.474921032587684921e-01 1.887754115037493463e+00
1.489268394632288772e-01 1.886925914042737240e+00
1.503755321299738434e-01 1.886080597675319437e+00
1.518383170211306810e-01 1.885219200596832900e+00
1.533153312194593942e-01 1.884343408143828169e+00
1.548067131411984265e-01 1.883451799573601537e+00
1.563126025490369497e-01 1.882543145302745913e+00
1.578331405652117214e-01 1.881619080609485239e+00
1.593684696847328941e-01 1.880677695458010890e+00
1.609187337887370006e-01 1.879717969428555069e+00
1.624840781579713067e-01 1.878739905917345077e+00
1.640646494864078653e-01 1.877742883483097147e+00
1.656605958949914359e-01 1.876727087209592693e+00
1.672720669455196874e-01 1.875695859528073495e+00
1.688992136546599021e-01 1.874642958789557889e+00
1.705421885081006561e-01 1.873569423467005057e+00
1.722011454748421100e-01 1.872479522560834386e+00
1.738762400216251336e-01 1.871367144845262676e+00
1.755676291275001522e-01 1.870234064465464474e+00
1.772754712985387948e-01 1.869081095823605043e+00
1.789999265826875408e-01 1.867908100809430705e+00
1.807411565847668600e-01 1.866713075870260363e+00
1.824993244816152382e-01 1.865495972867307062e+00
1.842745950373816666e-01 1.864255347270708629e+00
1.860671346189656239e-01 1.862992275055759706e+00
1.878771112116086051e-01 1.861706042251048077e+00
1.897046944346358344e-01 1.860397736879983999e+00
1.915500555573527997e-01 1.859063065692223127e+00
1.934133675150944698e-01 1.857708940646670692e+00
1.952948049254327745e-01 1.856328779894745651e+00
1.971945441045395986e-01 1.854920707946511316e+00
1.991127630837108697e-01 1.853487779229627375e+00
2.010496416260497965e-01 1.852032257579997676e+00
2.030053612433137811e-01 1.850546258583336767e+00
2.049801052129238688e-01 1.849035640248591239e+00
2.069740585951406198e-01 1.847496405575957956e+00
2.089874082504071251e-01 1.845929537165847956e+00
2.110203428568595552e-01 1.844336298808072039e+00
2.130730529280097374e-01 1.842716757327841792e+00
2.151457308305980698e-01 1.841066615028055242e+00
2.172385708026215445e-01 1.839386122004257107e+00
2.193517689715359098e-01 1.837673346593639678e+00
2.214855233726360506e-01 1.835934030578908693e+00
2.236400339676138660e-01 1.834160637599255184e+00
2.258155026632983065e-01 1.832357590077038356e+00
2.280121333305757114e-01 1.830523310413525007e+00
2.302301318234963867e-01 1.828657705687366075e+00
2.324697059985647851e-01 1.826759217673412206e+00
2.347310657342196183e-01 1.824825960583307705e+00
2.370144229505012079e-01 1.822858984897341772e+00
2.393199916289123208e-01 1.820855295078615210e+00
2.416479878324700736e-01 1.818818488776701825e+00
2.439986297259550130e-01 1.816749318751927911e+00
2.463721375963552895e-01 1.814642839984379918e+00
2.487687338735107279e-01 1.812498250237019493e+00
2.511886431509580686e-01 1.810316174674126755e+00
2.536320922069775774e-01 1.808095825896893771e+00
2.560993100258459609e-01 1.805838286058747189e+00
2.585905278192945911e-01 1.803544986914118686e+00
2.611059790481781162e-01 1.801214972777006373e+00
2.636458994443517945e-01 1.798841098644089032e+00
2.662105270327638773e-01 1.796421534534069275e+00
2.688001021537606006e-01 1.793963730106345578e+00
2.714148674856106669e-01 1.791469435741502192e+00
2.740550680672460548e-01 1.788933307283499863e+00
2.767209513212268712e-01 1.786349797745477863e+00
2.794127670769268601e-01 1.783722132705982899e+00
2.821307675939472293e-01 1.781058607722506570e+00
2.848752075857552413e-01 1.778344632463909614e+00
2.876463442435557849e-01 1.775584528664055028e+00
2.904444372603925406e-01 1.772776778616385718e+00
2.932697488554852905e-01 1.769927432407806922e+00
2.961225437988035947e-01 1.767032532057625449e+00
2.990030894358785551e-01 1.764089070656639446e+00
3.019116557128577738e-01 1.761094981573990470e+00
3.048485152018017286e-01 1.758053710086831423e+00
3.078139431262288950e-01 1.754963950623317670e+00
3.108082173869063936e-01 1.751823126673240472e+00
3.138316185878944342e-01 1.748632480802526423e+00
3.168844300628416155e-01 1.745390023986914896e+00
3.199669379015380732e-01 1.742097051108914219e+00
3.230794309767249795e-01 1.738747443875550802e+00
3.262222009711669979e-01 1.735351763164792338e+00
3.293955424049855307e-01 1.731903157019177408e+00
3.325997526632606949e-01 1.728393849709614738e+00
3.358351320238990301e-01 1.724830458389984722e+00
3.391019836857747105e-01 1.721212347090472994e+00
3.424006137971423724e-01 1.717540839893539673e+00
3.457313314843284413e-01 1.713812920347055346e+00
3.490944488806992929e-01 1.710027180768465049e+00
3.524902811559130766e-01 1.706182306025067152e+00
3.559191465454557002e-01 1.702277937196905233e+00
3.593813663804627523e-01 1.698316076096678451e+00
3.628772651178337472e-01 1.694293869634418304e+00
3.664071703706370808e-01 1.690214521741372655e+00
3.699714129388128048e-01 1.686071780434908574e+00
3.735703268401719401e-01 1.681869504894573319e+00
3.772042493416999376e-01 1.677602910943289505e+00
3.808735209911614517e-01 1.673276441239443191e+00
3.845784856490158665e-01 1.668883750299320345e+00
3.883194905206404091e-01 1.664427915019562443e+00
3.920968861888690649e-01 1.659912331423737619e+00
3.959110266468458539e-01 1.655329665351709334e+00
3.997622693312000708e-01 1.650684292593443514e+00
4.036509751555413805e-01 1.645970148984003512e+00
4.075775085442840395e-01 1.641189072690712569e+00
4.115422374667966343e-01 1.636345124451236810e+00
4.155455334718875515e-01 1.631431899217241188e+00
4.195877717226225712e-01 1.626453719751744575e+00
4.236693310314835759e-01 1.621406701771098691e+00
4.277905938958687093e-01 1.616288962724821809e+00
4.319519465339363706e-01 1.611101393714140739e+00
4.361537789208005944e-01 1.605849668389448315e+00
4.403964848250754294e-01 1.600528890506647262e+00
4.446804618457780300e-01 1.595132719365635721e+00
4.490061114495874639e-01 1.589672251788778023e+00
4.533738390084691150e-01 1.584138192993357119e+00
4.577840538376618529e-01 1.578534441428546486e+00
4.622371692340384031e-01 1.572859265286378871e+00
4.667336025148346446e-01 1.567111316376025965e+00
4.712737750567601580e-01 1.561297544970518647e+00
4.758581123354846953e-01 1.555402380483107194e+00
4.804870439655131720e-01 1.549445393811362148e+00
4.851610037404442966e-01 1.543412432705489223e+00
4.898804296736250508e-01 1.537303573130009093e+00
4.946457640391963562e-01 1.531127285784597003e+00
4.994574534135413635e-01 1.524875796220154012e+00
5.043159487171361421e-01 1.518552985959076951e+00
5.092217052568053237e-01 1.512155388821383228e+00
5.141751827683928022e-01 1.505691301908602009e+00
5.191768454598426619e-01 1.499150342451016638e+00
5.242271620547044320e-01 1.492531546288040856e+00
5.293266058360561743e-01 1.485848467513188664e+00
5.344756546908600026e-01 1.479090329146462990e+00
5.396747911547442600e-01 1.472263396444911443e+00
5.449245024572260121e-01 1.465355276162145115e+00
5.502252805673685243e-01 1.458379887324251056e+00
5.555776222398878250e-01 1.451339980324471313e+00
5.609820290617031358e-01 1.444222499564580708e+00
5.664390074989449353e-01 1.437029864998928153e+00
5.719490689444144405e-01 1.429770836860180916e+00
5.775127297655114900e-01 1.422441838902348321e+00
5.831305113526221717e-01 1.415042978017982955e+00
5.888029401679826247e-01 1.407572169283714647e+00
5.945305477950136863e-01 1.400033972331692356e+00
6.003138709881384871e-01 1.392426060846319258e+00
6.061534517230839914e-01 1.384753305748303243e+00
6.120498372476699256e-01 1.377008620176157105e+00
6.180035801330957534e-01 1.369200444889857593e+00
6.240152383257209223e-01 1.361324501134551612e+00
6.300853751993553686e-01 1.353382244636356146e+00
6.362145596080520660e-01 1.345377676803452882e+00
6.424033659394193796e-01 1.337303255919910505e+00
6.486523741684461219e-01 1.329179405147120629e+00
6.549621699118558515e-01 1.320975226765999766e+00
6.613333444829840868e-01 1.312719893801947757e+00
6.677664949471955325e-01 1.304404774567449410e+00
6.742622241778342129e-01 1.296026345019568593e+00
6.808211409127237213e-01 1.287591917142158815e+00
6.874438598112112553e-01 1.279095570283677041e+00
6.941310015117725385e-01 1.270549237548356247e+00
7.008831926901714082e-01 1.261941130296643454e+00
7.077010661181889484e-01 1.253283920708944787e+00
7.145852607229240538e-01 1.244572507021644014e+00
7.215364216466665370e-01 1.235806138344718530e+00
7.285552003073593186e-01 1.226992923523458456e+00
7.356422544596413760e-01 1.218129480656554797e+00
7.427982482564918776e-01 1.209217477889958481e+00
7.500238523114668432e-01 1.200259625170297051e+00
7.573197437615483141e-01 1.191256941501971811e+00
7.646866063305975958e-01 1.182206916885202075e+00
7.721251303934327792e-01 1.173122417573599918e+00
7.796360130405233235e-01 1.163991359189979535e+00
7.872199581433195759e-01 1.154820981766207622e+00
7.948776764202123424e-01 1.145617177776379281e+00
8.026098855031396084e-01 1.136374159712836729e+00
8.104173100048355227e-01 1.127096644228185340e+00
8.183006815867394090e-01 1.117788606985833377e+00
8.262607390275591435e-01 1.108450921631150443e+00
8.342982282925082149e-01 1.099077634739086262e+00
8.424139026032094746e-01 1.089681180929130466e+00
8.506085225082840040e-01 1.080259098315696775e+00
8.588828559546254349e-01 1.070812669839912079e+00
8.672376783593644944e-01 1.061344196303748655e+00
8.756737726825394308e-01 1.051852840258044486e+00
8.841919295004664336e-01 1.042343577587483860e+00
8.927929470798307010e-01 1.032822478051062642e+00
9.014776314524917122e-01 1.023281922753312090e+00
9.102467964910225806e-01 1.013728553853810999e+00
9.191012639849772681e-01 1.004164632769325216e+00
9.280418637179072006e-01 9.945911392243493854e-01
9.370694335451198453e-01 9.850108938436833439e-01
9.461848194722002336e-01 9.754257741462983855e-01
9.553888757342895444e-01 9.658392756473395124e-01
9.646824648761427312e-01 9.562472689912316914e-01
9.740664578329562007e-01 9.466546270461980717e-01
9.835417340119908536e-01 9.370689408587730140e-01
9.931091813749796104e-01 9.274852054142694868e-01
1.002769696521346621e+00 9.179089073905581930e-01
1.012524184772224167e+00 9.083383799068676101e-01
1.022373560255302127e+00 8.987802422790588386e-01
1.032318745990486564e+00 8.892310684090112272e-01
1.042360673976402197e+00 8.796992594319217318e-01
1.052500285277732761e+00 8.701833847978370784e-01
1.062738530113414459e+00 8.606825966985174325e-01
1.073076367945679621e+00 8.512040907343387808e-01
1.083514767569973225e+00 8.417445434223008727e-01
1.094054707205742494e+00 8.323097953459061005e-01
1.104697174588111785e+00 8.228996444964160606e-01
1.115443167060441221e+00 8.135160317818955766e-01
1.126293691667795249e+00 8.041604008249427782e-01
1.137249765251314271e+00 7.948390010758090707e-01
1.148312414543511073e+00 7.855455736337004780e-01
1.159482676264482759e+00 7.762897138456619217e-01
1.170761597219069250e+00 7.670658134406534989e-01
1.182150234394952371e+00 7.578833225334348223e-01
1.193649655061713055e+00 7.487371088983338918e-01
1.205260936870842681e+00 7.396315880903406859e-01
1.216985167956738056e+00 7.305707871845614765e-01
1.228823447038673411e+00 7.215517273251952357e-01
1.240776883523764251e+00 7.125771875634309138e-01
1.252846597610937529e+00 7.036514850614978833e-01
1.265033720395903893e+00 6.947730197903270177e-01
1.277339393977160009e+00 6.859434015298411236e-01
1.289764771563017165e+00 6.771703964623080330e-01
1.302311017579677488e+00 6.684378782286162224e-01
1.314979307780347773e+00 6.597711272051799414e-01
1.327770829355430449e+00 6.511553113137185100e-01
1.340686781043774811e+00 6.425937759358371082e-01
1.353728373245021821e+00 6.340925888805778454e-01
1.366896828133026487e+00 6.256472154069412372e-01
1.380193379770397355e+00 6.172643617334524491e-01
1.393619274224142002e+00 6.089413616436676335e-01
1.407175769682446731e+00 6.006792733612000834e-01
1.420864136572576708e+00 5.924825635951163072e-01
1.434685657679937831e+00 5.843453569923054980e-01
1.448641628268290127e+00 5.762763788676210641e-01
1.462733356201129986e+00 5.682749318732654986e-01
1.476962162064259898e+00 5.603345513869718575e-01
1.491329379289537682e+00 5.524653622029597200e-01
1.505836354279841416e+00 5.446626630892864585e-01
1.520484446535244283e+00 5.369278382066995370e-01
1.535275028780422657e+00 5.292671939154616201e-01
1.550209487093291205e+00 5.216718467868580733e-01
1.565289221034902312e+00 5.141472606814686541e-01
1.580515643780601165e+00 5.066958863246926459e-01
1.595890182252465817e+00 4.993154225801308965e-01
1.611414277253019778e+00 4.920064755941114809e-01
1.627089383600260675e+00 4.847717901676359964e-01
1.642916970263993193e+00 4.776103390324937803e-01
1.658898520503498064e+00 4.705192956043246499e-01
1.675035532006524441e+00 4.635035360797029602e-01
1.691329517029648732e+00 4.565621758660485252e-01
1.707782002539993016e+00 4.496965595659740966e-01
1.724394530358320354e+00 4.429030109859967146e-01
1.741168657303530987e+00 4.361826448010125423e-01
1.758105955338547632e+00 4.295383118555141100e-01
1.775208011717636092e+00 4.229722361359407046e-01
1.792476429135148930e+00 4.164778270788286885e-01
1.809912825875727105e+00 4.100579633537022040e-01
1.827518835965944666e+00 4.037135534749592969e-01
1.845296109327445366e+00 3.974428942470621395e-01
1.863246311931559873e+00 3.912496790420564308e-01
1.881371125955437096e+00 3.851295386188545722e-01
1.899672249939675650e+00 3.790849516245115014e-01
1.918151398947507635e+00 3.731137839572674086e-01
1.936810304725519849e+00 3.672150151512995064e-01
1.955650715865949074e+00 3.613940172150614805e-01
1.974674397970537454e+00 3.556455979007404067e-01
1.993883133816001019e+00 3.499707510969971014e-01
2.013278723521096492e+00 3.443675971963587323e-01
2.032862984715323673e+00 3.388377626573583212e-01
2.052637752709252084e+00 3.333823530923334943e-01
2.072604880666519822e+00 3.279992210806420005e-01
2.092766239777499759e+00 3.226866389895436393e-01
2.113123719434652603e+00 3.174458941845687554e-01
2.133679227409597701e+00 3.122767238384145383e-01
2.154434690031884259e+00 3.071773320620623249e-01
2.175392052369522489e+00 3.021490201109474083e-01
2.196553278411258248e+00 2.971900055966727461e-01
2.217920351250634692e+00 2.923020907362676168e-01
2.239495273271823184e+00 2.874802273717279033e-01
2.261280066337279404e+00 2.827283625615388818e-01
2.283276771977218012e+00 2.780431183908504411e-01
2.305487451580938707e+00 2.734269919233674462e-01
2.327914186589993051e+00 2.688758397844043246e-01
2.350559078693253756e+00 2.643916158166721986e-01
2.373424250023866033e+00 2.599722284809123929e-01
2.396511843358130278e+00 2.556187066526877105e-01
2.419824022316292567e+00 2.513293575383228062e-01
2.443362971565319341e+00 2.471029724687301699e-01
2.467130897023623426e+00 2.429406048918676120e-01
2.491130026067788439e+00 2.388402039186062198e-01
2.515362607741312928e+00 2.348014306473817925e-01
2.539830912965362675e+00 2.308255880868196885e-01
2.564537234751594674e+00 2.269095819269398295e-01
2.589483888417040802e+00 2.230516515047465675e-01
2.614673211801092023e+00 2.192559637227830260e-01
2.640107565484572927e+00 2.155175777529477754e-01
2.665789333010967876e+00 2.118370871373657927e-01
2.691720921109787668e+00 2.082149459873369191e-01
2.717904759922122881e+00 2.046477262242841488e-01
2.744343303228365283e+00 2.011388374907984444e-01
2.771039028678170535e+00 1.976836467354124438e-01
2.797994438022641805e+00 1.942843876401252334e-01
2.825212057348790218e+00 1.909387185162570721e-01
2.852694437316245057e+00 1.876447807036190629e-01
2.880444153396297668e+00 1.844065387092104213e-01
2.908463806113254169e+00 1.812190659399519899e-01
2.936756021288137397e+00 1.780821817197120738e-01
2.965323450284773621e+00 1.749968956418986865e-01
2.994168770258243573e+00 1.719611183686224343e-01
3.023294684405779531e+00 1.689755887967424874e-01
3.052703922220086241e+00 1.660384807974795429e-01
3.082399239745143404e+00 1.631491048919633813e-01
3.112383419834465759e+00 1.603071075677347246e-01
3.142659272411905569e+00 1.575125524579963909e-01
3.173229634734976212e+00 1.547638019732034131e-01
3.204097371660752813e+00 1.520604811923876032e-01
3.235265375914330388e+00 1.494020694796754090e-01
3.266736568359921655e+00 1.467878705034353637e-01
3.298513898274578082e+00 1.442167227756804282e-01
3.330600343624588788e+00 1.416883421445244984e-01
3.362998911344535991e+00 1.392042840404366932e-01
3.395712637619100693e+00 1.367602416958647871e-01
3.428744588167585317e+00 1.343570803590590224e-01
3.462097858531227423e+00 1.319943585079678960e-01
3.495775574363275240e+00 1.296728248162024866e-01
3.529780891721914671e+00 1.273906041408285617e-01
3.564116997366032269e+00 1.251460010568722914e-01
3.598787109053855460e+00 1.229395009478775475e-01
3.633794475844513094e+00 1.207703573350673298e-01
3.669142378402494131e+00 1.186389608682353464e-01
3.704834129305105694e+00 1.165441295899508622e-01
3.740873073352900313e+00 1.144846141508559928e-01
3.777262587883141176e+00 1.124600131610090925e-01
3.814006083086284082e+00 1.104702291568388228e-01
3.851107002325572903e+00 1.085144536998094156e-01
3.888568822459721019e+00 1.065932468866444965e-01
3.926395054168756449e+00 1.047046560706575147e-01
3.964589242282997805e+00 1.028480382325459713e-01
4.003154966115265445e+00 1.010234278875120073e-01
4.042095839796306045e+00 9.923084149391245279e-02
4.081415512613501662e+00 9.746947938824879198e-02
4.121117669352832635e+00 9.573819426946825195e-02
4.161206030644208020e+00 9.403687232518018191e-02
4.201684353310133346e+00 9.236526331005713575e-02
4.242556430717777438e+00 9.072246433575949232e-02
4.283826093134470270e+00 8.910848583816871615e-02
4.325497208086633627e+00 8.752251742817870883e-02
4.367573680722233398e+00 8.596431546984861782e-02
4.410059454176736615e+00 8.443265780393037490e-02
4.452958509942654963e+00 8.292843316698778056e-02
4.496274868242640110e+00 8.145009001557883266e-02
4.540012588406244554e+00 7.999752396722403791e-02
4.584175769250333765e+00 7.857072809048883111e-02
4.628768549463215365e+00 7.716851143922706657e-02
4.673795107992464004e+00 7.579107026824993820e-02
4.719259664436561863e+00 7.443774491061264098e-02
4.765166479440326341e+00 7.310822944209406649e-02
4.811519855094205766e+00 7.180180703022975841e-02
4.858324135337417360e+00 7.051841248620108193e-02
4.905583706365050922e+00 6.925738970157103991e-02
4.953302997039108924e+00 6.801862679713149840e-02
5.001486479303548727e+00 6.680201276905944896e-02
5.050138668603383785e+00 6.560663236715004454e-02
5.099264124307808288e+00 6.443164689402107459e-02
5.148867450137498025e+00 6.327821988449028323e-02
5.198953294596024399e+00 6.214459133949793573e-02
5.249526351405507718e+00 6.103117250432863600e-02
5.300591359946452030e+00 5.993708842305207896e-02
5.352153105701904501e+00 5.886242397717679486e-02
5.404216420705915347e+00 5.780710026806323842e-02
5.456786183996381823e+00 5.676987762864096898e-02
5.509867322072253160e+00 5.575146274573038185e-02
5.563464809355226137e+00 5.475055419028045101e-02
5.617583668655908191e+00 5.376729332690231150e-02
5.672228971644543094e+00 5.280193837599768403e-02
5.727405839326266346e+00 5.185325869180545250e-02
5.783119442521027054e+00 5.092144361059677132e-02
5.839375002348160315e+00 5.000601757895505040e-02
5.896177790715694478e+00 4.910679013101428014e-02
5.953533130814370189e+00 4.822363288056302072e-02
6.011446397616513337e+00 4.735609507687014302e-02
6.069923018379741464e+00 4.650364462059128345e-02
6.128968473155564034e+00 4.566641298609580568e-02
6.188588295302960063e+00 4.484423460951974388e-02
6.248788072006894012e+00 4.403629678090024285e-02
6.309573444801936049e+00 4.324286545810714089e-02
6.370950110100935149e+00 4.246347949836514618e-02
6.432923819728876502e+00 4.169764277122595814e-02
6.495500381461869033e+00 4.094552121229352165e-02
6.558685659571435345e+00 4.020690832644203960e-02
6.622485575374063238e+00 3.948144397763466568e-02
6.686906107786136921e+00 3.876847457475317976e-02
6.751953293884205287e+00 3.806818277783192983e-02
6.817633229470763112e+00 3.738062973748688955e-02
6.883952069645496330e+00 3.670512467073243357e-02
6.950916029382126382e+00 3.604164409539584168e-02
7.018531384110795912e+00 3.538977296028211067e-02
7.086804470306189430e+00 3.474948464604771248e-02
7.155741686081340980e+00 3.412064740782247418e-02
7.225349491787214085e+00 3.350294818076770403e-02
7.295634410618154320e+00 3.289616501917010105e-02
7.366603029223159460e+00 3.230027280595976213e-02
7.438261998323163482e+00 3.171473846389587931e-02
7.510618033334286459e+00 3.113976985579089071e-02
7.583677914997190683e+00 3.057506279748223310e-02
7.657448490012479958e+00 3.001522037609445290e-02
7.731936671682362316e+00 2.947539195974872850e-02
7.807149440558499798e+00 2.894004571687109478e-02
7.883093845096216690e+00 2.841431808332386955e-02
7.959777002314985417e+00 2.789799888315184356e-02
8.037206098465421888e+00 2.739080112998056732e-02
8.115388389702712146e+00 2.689258529914424073e-02
8.194331202766655053e+00 2.640319470558692358e-02
8.274041935668218883e+00 2.592249608182518525e-02
8.354528058382872047e+00 2.545043502023599385e-02
8.435797113550611570e+00 2.498671907997374042e-02
8.517856717182803905e+00 2.453121777424777800e-02
8.600714559375941093e+00 2.408383184292510817e-02
8.684378405032257220e+00 2.364438767267492900e-02
8.768856094587436090e+00 2.320984875461292590e-02
8.854155544745349715e+00 2.278888035566180303e-02
8.940284749219998162e+00 2.237246583101414749e-02
9.027251779484577909e+00 2.196344393372146736e-02
9.115064785527916769e+00 2.156177738361516466e-02
9.203731996618220279e+00 2.116723753097649735e-02
9.293261722074316111e+00 2.077965612594450187e-02
9.383662352044273902e+00 2.039911239817427530e-02
9.474942358291729150e+00 2.002518911354852008e-02
9.567110294989774388e+00 1.965800870191466293e-02
9.660174799522645017e+00 1.929733022194606712e-02
9.754144593295098531e+00 1.894313427466975258e-02
9.849028482549766039e+00 1.859515980469128929e-02
9.944835359192397917e+00 1.825342063486368183e-02
1.004157420162519543e+01 1.791780180270783826e-02
1.013925407558815373e+01 1.758815320614450992e-02
1.023788413500867378e+01 1.726436136986399250e-02
1.033747362285940774e+01 1.694630834045061929e-02
1.043803187202444072e+01 1.663406408145665094e-02
1.053956830617394580e+01 1.632728300473280242e-02
1.064209244064724658e+01 1.602600819100026899e-02
1.074561388334458023e+01 1.573011040490733883e-02
1.085014233562746178e+01 1.543946853524651337e-02
1.095568759322787855e+01 1.515408115574893785e-02
1.106225954716621906e+01 1.487380176296525941e-02
1.116986818467823817e+01 1.459844090546962188e-02
1.127852359015096795e+01 1.432798270206964673e-02
1.138823594606782130e+01 1.406248320618097916e-02
1.149901553396274245e+01 1.380167623667489206e-02
1.161087273538378994e+01 1.354555631606154872e-02
1.172381803286598512e+01 1.329395192768657689e-02
1.183786201091373513e+01 1.304689935707531445e-02
1.195301535699265827e+01 1.280426876012526194e-02
1.206928886253119870e+01 1.256598287297160457e-02
1.218669342393191712e+01 1.233196411016710542e-02
1.230524004359261525e+01 1.210214886971902777e-02
1.242493983093746479e+01 1.187641085507169271e-02
1.254580400345803248e+01 1.165493096369125785e-02
1.266784388776455827e+01 1.143717834541877268e-02
1.279107092064739781e+01 1.122321404447565452e-02
1.291549665014884063e+01 1.101340792289334271e-02
1.304113273664525430e+01 1.080723667512569625e-02
1.316799095393986185e+01 1.060480165152556491e-02
1.329608319036608854e+01 1.040594534751375366e-02
1.342542144990170527e+01 1.021073328538099102e-02
1.355601785329368880e+01 1.001900038067033219e-02
1.368788463919415221e+01 9.830730679357316260e-03
1.382103416530724438e+01 9.645858287959845415e-03
1.395547890954729020e+01 9.462728000268157136e-03
1.409123147120805619e+01 9.286019235822857293e-03
1.422830457214353395e+01 9.110940952605631193e-03
1.436671105796013137e+01 8.939030302060002597e-03
1.450646389922046886e+01 8.770222398674873757e-03
1.464757619265895272e+01 8.604495794188407945e-03
1.479006116240903168e+01 8.441698801461847493e-03
1.493393216124253264e+01 8.281885339042656044e-03
1.507920267182097263e+01 8.124954512440904150e-03
1.522588630795911513e+01 7.969605677229841048e-03
1.537399681590069456e+01 7.819575281406726530e-03
1.552354807560667105e+01 7.670995547178912320e-03
1.567455410205595001e+01 7.525132968354220943e-03
1.582702904655883280e+01 7.381876992518911565e-03
1.598098719808309376e+01 7.241277231602649342e-03
1.613644298459311699e+01 7.103218410192293011e-03
1.629341097440194730e+01 6.967639421932826649e-03
1.645190587753662470e+01 6.834541464872549710e-03
1.661194254711659113e+01 6.703870043004012472e-03
1.677353598074571295e+01 6.575572201242176583e-03
1.693670132191772026e+01 6.449603850984773033e-03
1.710145386143542012e+01 6.325930188389017501e-03
1.726780903884355922e+01 6.204525273835940699e-03
1.743578244387577669e+01 6.085323230585168268e-03
1.760538981791556523e+01 5.968284044961285478e-03
1.777664705547142532e+01 5.853403824544771948e-03
1.794957020566648254e+01 5.740612667935960853e-03
1.812417547374237614e+01 5.629885342549187204e-03
1.830047922257800863e+01 5.521189097170142723e-03
1.847849797422290763e+01 5.414489407786192594e-03
1.865824841144566193e+01 5.309798039003880976e-03
1.883974737929719367e+01 5.206753281691218690e-03
1.902301188668945642e+01 5.105966040394568743e-03
1.920805910798935301e+01 5.006871759029858475e-03
1.939490638462828542e+01 4.909593500307263790e-03
1.958357122672716955e+01 4.814140767959952313e-03
1.977407131473744428e+01 4.720404676465003030e-03
1.996642450109793288e+01 4.628430105706769944e-03
2.016064881190793656e+01 4.538117205849575599e-03
2.035676244861640072e+01 4.449477197644075878e-03
2.055478378972772546e+01 4.362489345641219415e-03
2.075473139252405730e+01 4.277101806171715488e-03
2.095662399480432825e+01 4.193287921767862962e-03
2.116048051664034446e+01 4.111035075759049938e-03
2.136632006214970403e+01 4.030107426608767196e-03
2.157416192128621546e+01 3.951070829484813404e-03
2.178402557164756459e+01 3.873283850480072586e-03
2.199593068030074861e+01 3.796967100250285988e-03
2.220989710562497521e+01 3.722063715603039780e-03
2.242594489917278011e+01 3.648545619348151324e-03
2.264409430754907504e+01 3.576398541078425718e-03
2.286436577430861306e+01 3.505544799951245630e-03
2.308677994187169702e+01 3.436029544304798882e-03
2.331135765345874944e+01 3.367926351875220620e-03
2.353811995504354471e+01 3.301028778147574276e-03
2.376708809732560823e+01 3.235369185639772743e-03
2.399828353772154799e+01 3.170940763902902870e-03
2.423172794237600769e+01 3.107714983885486674e-03
2.446744318819203201e+01 3.045674926421563546e-03
2.470545136488123816e+01 2.984803530976389008e-03
2.494577477703398571e+01 2.925072735452480081e-03
2.518843594620949489e+01 2.866453909648388875e-03
2.543345761304651020e+01 2.808961930035056356e-03
2.568086273939435316e+01 2.752536048613613874e-03
2.593067451046487548e+01 2.697177287406442216e-03
2.618291633700505372e+01 2.642862928204551144e-03
2.643761185749101372e+01 2.589573524804680577e-03
2.669478494034320804e+01 2.537310064776368817e-03
2.695445968616333587e+01 2.486009004400479075e-03
2.721666042999271795e+01 2.435659234362687418e-03
2.748141174359293259e+01 2.386309975591929811e-03
2.774873843774846804e+01 2.337888404777768367e-03
2.801866556459195223e+01 2.290384022524320860e-03
2.829121841995168651e+01 2.243775805966570763e-03
2.856642254572233952e+01 2.198060854767328477e-03
2.884430373225852051e+01 2.153216600163498657e-03
2.912488802079168337e+01 2.109225264137495892e-03
2.940820170587063842e+01 2.066074777513290939e-03
2.969427133782552986e+01 2.023748839610303718e-03
2.998312372525609959e+01 1.982233109636400564e-03
3.027478593754393543e+01 1.941518583360570937e-03
3.056928530738937155e+01 1.901574453019332610e-03
3.086664943337274636e+01 1.862425465244588315e-03
3.116690618254088463e+01 1.823983277523518430e-03
3.147008369301855879e+01 1.786294318986466484e-03
3.177621037664554038e+01 1.749352493446078077e-03
3.208531492163897525e+01 1.713108804362197153e-03
3.239742629528198847e+01 1.677562178068637156e-03
3.271257374663825601e+01 1.642710432583346447e-03
3.303078680929315425e+01 1.608537686175530185e-03
3.335209530412127066e+01 1.575003291840819473e-03
3.367652934208116022e+01 1.542141143244785519e-03
3.400411932703705986e+01 1.509914291936663650e-03
3.433489595860830690e+01 1.478311875548008608e-03
3.466889023504609213e+01 1.447323704681066896e-03
3.500613345613854221e+01 1.416936086569086251e-03
3.534665722614391115e+01 1.387144226166728668e-03
3.569049345675229290e+01 1.357933453412789489e-03
3.603767437007633134e+01 1.329296768587796699e-03
3.638823250167062184e+01 1.301210991141271830e-03
3.674220070358090595e+01 1.273661437768146970e-03
3.709961214742267543e+01 1.246691200987766219e-03
3.746050032748993175e+01 1.220232802935129323e-03
3.782489906389385936e+01 1.194297858677195517e-03
3.819284250573236505e+01 1.168866727994698988e-03
3.856436513429023449e+01 1.143933515558156469e-03
3.893950176627063087e+01 1.119503864065200024e-03
3.931828755705770106e+01 1.095548035628816311e-03
3.970075800401124155e+01 1.072055408992107035e-03
4.008694894979318946e+01 1.049050007694141053e-03
4.047689658572676308e+01 1.026499067958872198e-03
4.087063745518780422e+01 1.004390298681487066e-03
4.126820845702955864e+01 9.827141389903177194e-04
4.166964684904057492e+01 9.614705870994211300e-04
4.207499025143619065e+01 9.406601297586334809e-04
4.248427665038425260e+01 9.202579394254541568e-04
4.289754440156466586e+01 9.002672547307479477e-04
4.331483223376402947e+01 8.806663856117682120e-04
4.373617925250492533e+01 8.614777062848732840e-04
4.416162494371084790e+01 8.426422467661752024e-04
4.459120917740628443e+01 8.242166941322624221e-04
4.502497221145327444e+01 8.061496458623901903e-04
4.546295469532399380e+01 7.884467290775343945e-04
4.590519767391037220e+01 7.711006193762390314e-04
4.635174259137027519e+01 7.540992700760789508e-04
4.680263129501155817e+01 7.374449812325287916e-04
4.725790603921362276e+01 7.211284540919847422e-04
4.771760948938745628e+01 7.051429163196912047e-04
4.818178472597362827e+01 6.894813801714040494e-04
4.865047524847972937e+01 6.741331881610786690e-04
4.912372497955678341e+01 6.591028444439190389e-04
4.960157826911540724e+01 6.443747316758362048e-04
5.008407989848212338e+01 6.299386601624499052e-04
5.057127508459573306e+01 6.158154485984486696e-04
5.106320948424492911e+01 6.019756033832725272e-04
5.155992919834686461e+01 5.884181651243827575e-04
5.206148077626762216e+01 5.751315438952568420e-04
5.256791122018424289e+01 5.621250108686014994e-04
5.307926798948964375e+01 5.493846005678998650e-04
5.359559900524011766e+01 5.369016747778221615e-04
5.411695265464637572e+01 5.246784086704391710e-04
5.464337779560780461e+01 5.127113132821299515e-04
5.517492376129128928e+01 5.009837289648783531e-04
5.571164036475430237e+01 4.895033274705485812e-04
5.625357790361330501e+01 4.782570677504967261e-04
5.680078716475694733e+01 4.672452585242045154e-04
5.735331942910571712e+01 4.564666246858562013e-04
5.791122647641758192e+01 4.459097985940665564e-04
5.847456059014062646e+01 4.355701506874927356e-04
5.904337456231242243e+01 4.254500134256967666e-04
5.961772169850755887e+01 4.155350489361440080e-04
6.019765582283304184e+01 4.058301691040015627e-04
6.078323128297230227e+01 3.963303454108042562e-04
6.137450295527852973e+01 3.870282381998386870e-04
6.197152624991698389e+01 3.779189818573148898e-04
6.257435711605789663e+01 3.690041935675273288e-04
6.318305204711957401e+01 3.602733886598005080e-04
6.379766808606282069e+01 3.517266185675077756e-04
6.441826283073628190e+01 3.433611002928413413e-04
6.504489443927437264e+01 3.351776489099816633e-04
6.567762163554736787e+01 3.271610622374968068e-04
6.631650371466487570e+01 3.193142742135229948e-04
6.696160054853221766e+01 3.116384763174934094e-04
6.761297259146149941e+01 3.041205617312998303e-04
6.827068088583682481e+01 2.967622814209619486e-04
6.893478706783510290e+01 2.895631304279530573e-04
6.960535337320180815e+01 2.825156589280101928e-04
7.028244264308352740e+01 2.756175212094767561e-04
7.096611832991698066e+01 2.688702589910501152e-04
7.165644450337531168e+01 2.622625788106936872e-04
7.235348585637258623e+01 2.557981981000280870e-04
7.305730771112592947e+01 2.494731535917585623e-04
7.376797602527737752e+01 2.432820832287302967e-04
7.448555739807494547e+01 2.372239814686723952e-04
7.521011907661404905e+01 2.312983723555484471e-04
7.594172896213913759e+01 2.254972270685227161e-04
7.668045561640717267e+01 2.198217068660781031e-04
7.742636826811269657e+01 2.142701364622423782e-04
7.817953681937576960e+01 2.088359028309333474e-04
7.894003185229233566e+01 2.035212277977656683e-04
7.970792463554894880e+01 1.983194254129447222e-04
8.048328713110151966e+01 1.932302922139797301e-04
8.126619200091946027e+01 1.882542302180002932e-04
8.205671261379453085e+01 1.833853573594201522e-04
8.285492305221690401e+01 1.786232317024085217e-04
8.366089811931756515e+01 1.739560299224786788e-04
8.447471334587828551e+01 1.693965661929293083e-04
8.529644499741024788e+01 1.649347522028838460e-04
8.612617008130067120e+01 1.605734556150515823e-04
8.696396635402970787e+01 1.563035375331638382e-04
8.780991232845718741e+01 1.521286887484431976e-04
8.866408728118061333e+01 1.480423618958193047e-04
8.952657125996400111e+01 1.440464788739566793e-04
9.039744509123974581e+01 1.401371943797664096e-04
9.127679038768296493e+01 1.363129950872467658e-04
9.216468955586012157e+01 1.325734525663352977e-04
9.306122580395103228e+01 1.289137305557934898e-04
9.396648314954700254e+01 1.253361720281475939e-04
9.488054642752423717e+01 1.218344335515368610e-04
9.580350129799435877e+01 1.184104545423675712e-04
9.673543425433136633e+01 1.150594735451231689e-04
9.767643263127766318e+01 1.117828379236165953e-04
9.862658461312820180e+01 1.085758213541488754e-04
9.958597924199507645e+01 1.054409424871737748e-04
1.005547064261513555e+02 1.023717149570083367e-04
1.015328569484565975e+02 9.936965912691876580e-05
1.025205224748657002e+02 9.643314955648764006e-05
1.035177955630176285e+02 9.356043428141084628e-05
1.045247696709102172e+02 9.074885343092463656e-05
1.055415391656582784e+02 8.799827570522897183e-05
1.065681993323370733e+02 8.530692934629693935e-05
1.076048463829117878e+02 8.267431367942286501e-05
1.086515774652539505e+02 8.009525923465159246e-05
1.097084906722451905e+02 7.757381456272876186e-05
1.107756850509708642e+02 7.510104816427833627e-05
1.118532606120007102e+02 7.268487741621690941e-05
1.129413183387621018e+02 7.031763572400808783e-05
1.140399601970033103e+02 6.799987843351219330e-05
1.151492891443491402e+02 6.573044110659541914e-05
1.162694091399494027e+02 6.350674613920315517e-05
1.174004251542213098e+02 6.132871197289606444e-05
1.185424431786863977e+02 5.919516939635230374e-05
1.196955702359042846e+02 5.710435402449505016e-05
1.208599143895007444e+02 5.505399422749966855e-05
1.220355847542956980e+02 5.304282842285219958e-05
1.232226915065284345e+02 5.107117035602056290e-05
1.244213458941827213e+02 4.913603803969065857e-05
1.256316602474121424e+02 4.723719214710093945e-05
1.268537479890670454e+02 4.537151118112853708e-05
1.280877236453237629e+02 4.353870026099645557e-05
1.293337028564169486e+02 4.173693641052373559e-05
1.305918023874777987e+02 3.996466045750557238e-05
1.318621401394748602e+02 3.821952254987975818e-05
1.331448351602640230e+02 3.650021343325832374e-05
1.344400076557447221e+02 3.480435702304098759e-05
1.357477790011246839e+02 3.313028168983581421e-05
1.370682717522946348e+02 3.147507257160565917e-05
1.384016096573132870e+02 2.983607652455825618e-05
1.397479176680040780e+02 2.821027520805461392e-05
1.411073219516657957e+02 2.659429086527929372e-05
1.424799499028946457e+02 2.498371498836007363e-05
1.438659301555238414e+02 2.337366889602724245e-05
1.452653925946781328e+02 2.175790178012498117e-05
1.466784683689457722e+02 2.012845061364238212e-05
1.481052899026690000e+02 1.847512338608150857e-05
1.495459909083537866e+02 1.678377676116361798e-05
1.510007063992007659e+02 1.503410478878450559e-05
1.524695727017573006e+02 1.319482906044850673e-05
1.539527274686944622e+02 1.121291667561797434e-05
1.554503096917050300e+02 8.983788790474513426e-06
1.569624597145302403e+02 6.233510403590158616e-06
1.584893192461114211e+02 0.000000000000000000e+00
