1.000000000000000021e-02 1.970717065844445726e+00
1.009727545900835841e-02 1.970713132174328752e+00
1.019549716950923779e-02 1.970709112104841676e+00
1.029467433620748044e-02 1.970705097026117514e+00
1.039481625334708927e-02 1.970701158058067115e+00
1.049593230558227772e-02 1.970697147340197963e+00
1.059803196885688789e-02 1.970693030005541413e+00
1.070112481129246833e-02 1.970688822553064545e+00
1.080522049408488318e-02 1.970684543709544823e+00
1.091032877240974419e-02 1.970680178025154827e+00
1.101645949633656314e-02 1.970675713306439647e+00
1.112362261175187626e-02 1.970671134664990998e+00
1.123182816129126085e-02 1.970666442539926067e+00
1.134108628528052165e-02 1.970661636666741101e+00
1.145140722268592030e-02 1.970656807567013669e+00
1.156280131207376022e-02 1.970651777992372455e+00
1.167527899257919492e-02 1.970646636202823654e+00
1.178885080488457221e-02 1.970641453822274958e+00
1.190352739220719262e-02 1.970636168703420177e+00
1.201931950129673729e-02 1.970630787322451116e+00
1.213623798344241195e-02 1.970625315432868563e+00
1.225429379548980714e-02 1.970619749256483644e+00
1.237349800086776086e-02 1.970614054745703170e+00
1.249386177062509519e-02 1.970608113250313709e+00
1.261539638447754796e-02 1.970602161298884658e+00
1.273811323186478488e-02 1.970596192108712286e+00
1.286202381301779218e-02 1.970590120783278332e+00
1.298713974003655978e-02 1.970583915611190617e+00
1.311347273797833224e-02 1.970577572936349497e+00
1.324103464595636874e-02 1.970571146534059848e+00
1.336983741824946531e-02 1.970564669424432758e+00
1.349989312542219239e-02 1.970558055259925778e+00
1.363121395545611320e-02 1.970551308750331021e+00
1.376381221489191876e-02 1.970544415626807933e+00
1.389770032998276401e-02 1.970537353551736981e+00
1.403289084785873213e-02 1.970530126566738538e+00
1.416939643770268736e-02 1.970522761758370267e+00
1.430722989193757184e-02 1.970515221772844994e+00
1.444640412742520530e-02 1.970507480419390944e+00
1.458693218667675602e-02 1.970499526691920078e+00
1.472882723907502529e-02 1.970491390142606436e+00
1.487210258210860774e-02 1.970483055877358725e+00
1.501677164261799868e-02 1.970474519488818022e+00
1.516284797805393485e-02 1.970465802329709915e+00
1.531034527774784160e-02 1.970456904830412137e+00
1.545927736419477720e-02 1.970447797111949173e+00
1.560965819434872483e-02 1.970438467540406302e+00
1.576150186093060873e-02 1.970428929124532047e+00
1.591482259374891323e-02 1.970419177855708748e+00
1.606963476103326349e-02 1.970409237283903492e+00
1.622595287078087284e-02 1.970399118210004463e+00
1.638379157211618947e-02 1.970388765213727744e+00
1.654316565666366645e-02 1.970378204454510840e+00
1.670409005993399310e-02 1.970367422455958417e+00
1.686657986272368723e-02 1.970356406258677806e+00
1.703065029252844378e-02 1.970345143606288429e+00
1.719631672497009753e-02 1.970333622703907217e+00
1.736359468523754335e-02 1.970321827635751033e+00
1.753249984954170088e-02 1.970309816764509891e+00
1.770304804658450262e-02 1.970297565815287699e+00
1.787525525904235316e-02 1.970285165141968386e+00
1.804913762506383731e-02 1.970272519941572709e+00
1.822471143978214581e-02 1.970259581862970455e+00
1.840199315684210371e-02 1.970246350230421717e+00
1.858099938994215231e-02 1.970232864631743519e+00
1.876174691439120440e-02 1.970219101972630504e+00
1.894425266868081034e-02 1.970204972414955069e+00
1.912853375607242307e-02 1.970190613804423396e+00
1.931460744620030340e-02 1.970176046822444293e+00
1.950249117668984011e-02 1.970161154913822266e+00
1.969220255479172538e-02 1.970145928340909292e+00
1.988375935903200636e-02 1.970130375081148077e+00
2.007717954087816226e-02 1.970114621854287096e+00
2.027248122642137662e-02 1.970098537431371755e+00
2.046968271807520987e-02 1.970082093300705939e+00
2.066880249629082095e-02 1.970065238445221523e+00
2.086985922128879734e-02 1.970048242770951585e+00
2.107287173480786382e-02 1.970031036303656169e+00
2.127785906187062287e-02 1.970013519401158320e+00
2.148484041256648255e-02 1.969995628923877140e+00
2.169383518385184506e-02 1.969977438283049720e+00
2.190486296136792688e-02 1.969958789616598871e+00
2.211794352127614133e-02 1.969939713076757526e+00
2.233309683211144592e-02 1.969920185564206561e+00
2.255034305665360936e-02 1.969900614110204229e+00
2.276970255381680075e-02 1.969880281799159638e+00
2.299119588055741764e-02 1.969859743526937157e+00
2.321484379380064564e-02 1.969838737194270051e+00
2.344066725238556220e-02 1.969817292307807444e+00
2.366868741902936057e-02 1.969795443961200654e+00
2.389892566231050300e-02 1.969773281526929321e+00
2.413140355867127856e-02 1.969750742412066158e+00
2.436614289443983158e-02 1.969727721509134222e+00
2.460316566787181664e-02 1.969704394979818973e+00
2.484249409121190577e-02 1.969680607177761500e+00
2.508415059277539771e-02 1.969656274832523257e+00
2.532815781905008515e-02 1.969631396851378557e+00
2.557453863681850847e-02 1.969606055315746396e+00
2.582331613530085626e-02 1.969580183869976464e+00
2.607451362831877603e-02 1.969553712800865553e+00
2.632815465648021339e-02 1.969526176767006254e+00
2.658426298938541474e-02 1.969498661178910481e+00
2.684286262785454819e-02 1.969470703890072505e+00
2.710397780617682106e-02 1.969442446271164160e+00
2.736763299438163891e-02 1.969413645060467566e+00
2.763385290053169824e-02 1.969384190522449396e+00
2.790266247303856487e-02 1.969354298520319846e+00
2.817408690300057458e-02 1.969324008427963735e+00
2.844815162656363222e-02 1.969293241953170570e+00
2.872488232730495070e-02 1.969261819952007553e+00
2.900430493863991738e-02 1.969229683689462052e+00
2.928644564625237229e-02 1.969196769665917390e+00
2.957133089054861039e-02 1.969163115085392768e+00
2.985898736913520854e-02 1.969128715433642096e+00
3.014944203932094433e-02 1.969093696445043173e+00
3.044272212064302874e-02 1.969057842257663005e+00
3.073885509741795460e-02 1.969021070749212621e+00
3.103786872131722788e-02 1.968983442217675073e+00
3.133979101396793671e-02 1.968944991641871090e+00
3.164465026957891114e-02 1.968906422097751019e+00
3.195247505759213347e-02 1.968866512344513486e+00
3.226329422536015901e-02 1.968826052439390129e+00
3.257713690084949876e-02 1.968784883263411833e+00
3.289403249537032475e-02 1.968742887891371751e+00
3.321401070633261954e-02 1.968700308510809016e+00
3.353710152002930406e-02 1.968657026184808201e+00
3.386333521444636480e-02 1.968613183853709314e+00
3.419274236210027851e-02 1.968568520981048398e+00
3.452535383290306070e-02 1.968522967075569730e+00
3.486120079705520153e-02 1.968476565404736700e+00
3.520031472796678745e-02 1.968429262045953809e+00
3.554272740520694751e-02 1.968381056680539531e+00
3.588847091748199186e-02 1.968331812792226687e+00
3.623757766564258964e-02 1.968281481654121423e+00
3.659008036572020811e-02 1.968230241815337678e+00
3.694601205199302130e-02 1.968178073398864303e+00
3.730540608008161424e-02 1.968124819323373131e+00
3.766829613007490613e-02 1.968070319219749509e+00
3.803471620968648659e-02 1.968014571023203541e+00
3.840470065744145539e-02 1.967957857538978450e+00
3.877828414589457040e-02 1.967900147322784621e+00
3.915550168487941241e-02 1.967841215008693023e+00
3.953638862478930927e-02 1.967781010324910484e+00
3.992098065989020672e-02 1.967719955019707312e+00
4.030931383166566628e-02 1.967657404088965389e+00
4.070142453219438572e-02 1.967593214454358863e+00
4.109734950756069316e-02 1.967528100812953484e+00
4.149712586129815362e-02 1.967461445777511919e+00
4.190079105786669034e-02 1.967392945415143091e+00
4.230838292616342228e-02 1.967323524566821913e+00
4.271993966306778662e-02 1.967252754398395309e+00
4.313549983702118923e-02 1.967180579406313967e+00
4.355510239164130798e-02 1.967107036184251534e+00
4.397878664937160398e-02 1.967032129777315452e+00
4.440659231516640160e-02 1.966955444784977525e+00
4.483855948021186338e-02 1.966877095224222272e+00
4.527472862568297785e-02 1.966797110410707594e+00
4.571514062653719151e-02 1.966715781772968574e+00
4.615983675534499064e-02 1.966633658795904793e+00
4.660885868615767536e-02 1.966549745887038014e+00
4.706224849841281199e-02 1.966465640082317723e+00
4.752004868087766204e-02 1.966377085953786574e+00
4.798230213563085128e-02 1.966289484317705893e+00
4.844905218208294534e-02 1.966199151325871419e+00
4.892034256103611894e-02 1.966105718511308886e+00
4.939621743878321036e-02 1.966012425094326055e+00
4.987672141124663283e-02 1.965918947768138247e+00
5.036189950815770505e-02 1.965821937751271120e+00
5.085179719727656034e-02 1.965722409888610356e+00
5.134646038865306461e-02 1.965620858499399271e+00
5.184593543892913187e-02 1.965517121346003426e+00
5.235026915568305461e-02 1.965412789820750072e+00
5.285950880181603667e-02 1.965304271049090445e+00
5.337370209998133774e-02 1.965191838019218373e+00
5.389289723705643909e-02 1.965081299444834562e+00
5.441714286865893119e-02 1.964966481833694267e+00
5.494648812370611646e-02 1.964849589923131967e+00
5.548098260901916656e-02 1.964731021765556029e+00
5.602067641397187603e-02 1.964610350038140885e+00
5.656562011518465050e-02 1.964487467115231478e+00
5.711586478126431943e-02 1.964362590183492907e+00
5.767146197758996756e-02 1.964235532166389131e+00
5.823246377114527778e-02 1.964105783055206000e+00
5.879892273539785025e-02 1.963973294095421540e+00
5.937089195522609469e-02 1.963838178839985460e+00
5.994842503189409116e-02 1.963700233397813744e+00
6.053157608807464840e-02 1.963559381595912479e+00
6.112039977292132997e-02 1.963415348877425748e+00
6.171495126718981594e-02 1.963268790334218972e+00
6.231528628840921763e-02 1.963119528979019091e+00
6.292146109610344262e-02 1.962966810654140914e+00
6.353353249706343575e-02 1.962811005846524237e+00
6.415155785067082339e-02 1.962652230724782232e+00
6.477559507427335661e-02 1.962491605237560055e+00
6.540570264861225724e-02 1.962328275987386128e+00
6.604193962330305590e-02 1.962163930961978719e+00
6.668436562236895737e-02 1.961993244761305766e+00
6.733304084982863480e-02 1.961819367512801726e+00
6.798802609533814711e-02 1.961641627364901774e+00
6.864938273988777095e-02 1.961460473215672629e+00
6.931717276155408003e-02 1.961275666606697499e+00
6.999145874130821565e-02 1.961085447621313760e+00
7.067230386888070925e-02 1.960893112256571147e+00
7.135977194868306506e-02 1.960697334671718028e+00
7.205392740578704658e-02 1.960497182158391416e+00
7.275483529196229149e-02 1.960293442047004175e+00
7.346256129177256011e-02 1.960086493580052602e+00
7.417717172873124210e-02 1.959876002622473523e+00
7.489873357151664857e-02 1.959661629152166240e+00
7.562731444024800576e-02 1.959444470434881014e+00
7.636298261282241373e-02 1.959222081474859767e+00
7.710580703131336699e-02 1.958995157583662827e+00
7.785585730843146146e-02 1.958763121016025899e+00
7.861320373404813433e-02 1.958526071841798721e+00
7.937791728178281159e-02 1.958284860310958164e+00
8.015006961565404597e-02 1.958038525838031507e+00
8.092973309679550586e-02 1.957787753042478096e+00
8.171698079023696770e-02 1.957530808358227015e+00
8.251188647175167201e-02 1.957270255598331232e+00
8.331452463477014014e-02 1.957005050601399843e+00
8.412497049736118726e-02 1.956734268105422725e+00
8.494330000928071445e-02 1.956458677056941653e+00
8.576958985908941790e-02 1.956178126729290812e+00
8.660391748133952627e-02 1.955892809343409366e+00
8.744636106383144036e-02 1.955602544283223665e+00
8.829699955494091368e-02 1.955305915103613623e+00
8.915591267101763417e-02 1.955004042100946249e+00
9.002318090385581784e-02 1.954695774876814562e+00
9.089888552823731371e-02 1.954381500843205721e+00
9.178310860954806694e-02 1.954061044713424344e+00
9.267593301146882789e-02 1.953734409656882720e+00
9.357744240374062106e-02 1.953401060436813275e+00
9.448772127000577836e-02 1.953060860857422254e+00
9.540685491572513388e-02 1.952712926928775961e+00
9.633492947617222635e-02 1.952359097315006231e+00
9.727203192450542546e-02 1.951998086417417122e+00
9.821825007991856482e-02 1.951629782567144478e+00
9.917367261587073379e-02 1.951253852123732146e+00
1.001383890683960748e-01 1.950872423018268798e+00
1.011124898444945991e-01 1.950488699686621308e+00
1.020960662306047012e-01 1.950089985992170982e+00
1.030892104011576216e-01 1.949687053833498274e+00
1.040920154272158005e-01 1.949277074320213465e+00
1.051045752851944987e-01 1.948860252278455274e+00
1.061269848656690717e-01 1.948434176588082156e+00
1.071593399822671072e-01 1.947999663119687863e+00
1.082017373806478805e-01 1.947557003005550902e+00
1.092542747475682557e-01 1.947105993239720778e+00
1.103170507200377515e-01 1.946646818380498134e+00
1.113901648945616746e-01 1.946177742511171482e+00
1.124737178364751955e-01 1.945698912473942999e+00
1.135678110893671017e-01 1.945209719128341064e+00
1.146725471845963656e-01 1.944711344879252568e+00
1.157880296509002094e-01 1.944203602799592590e+00
1.169143630240966764e-01 1.943686994157421521e+00
1.180516528568804902e-01 1.943160407547486201e+00
1.192000057287153220e-01 1.942624937677931651e+00
1.203595292558212876e-01 1.942080636334362342e+00
1.215303321012602134e-01 1.941527534281408895e+00
1.227125239851190319e-01 1.940962285936461251e+00
1.239062156947916271e-01 1.940385295109668062e+00
1.251115190953615564e-01 1.939797135530860750e+00
1.263285471400849291e-01 1.939198555728601114e+00
1.275574138809759950e-01 1.938587900606827619e+00
1.287982344794950385e-01 1.937965555591828037e+00
1.300511252173409127e-01 1.937330229206656984e+00
1.313162035073478784e-01 1.936683664056495058e+00
1.325935879044890797e-01 1.936025029674975695e+00
1.338833981169864351e-01 1.935354141225501756e+00
1.351857550175293021e-01 1.934669586720572321e+00
1.365007806546013891e-01 1.933972310255716920e+00
1.378285982639189389e-01 1.933263267759779636e+00
1.391693322799789911e-01 1.932541083179908359e+00
1.405231083477211373e-01 1.931805461885877984e+00
1.418900533343016301e-01 1.931057146329719920e+00
1.432702953409830948e-01 1.930293483270986155e+00
1.446639637151387880e-01 1.929515936052236702e+00
1.460711890623745679e-01 1.928723249547537488e+00
1.474921032587684921e-01 1.927915098081730561e+00
1.489268394632288772e-01 1.927091624398698189e+00
1.503755321299738434e-01 1.926251523593423665e+00
1.518383170211306810e-01 1.925395407360860345e+00
1.533153312194593942e-01 1.924525537195344471e+00
1.548067131411984265e-01 1.923638946312620224e+00
1.563126025490369497e-01 1.922736396053109198e+00
1.578331405652117214e-01 1.921817346001311266e+00
1.593684696847328941e-01 1.920881716418511687e+00
1.609187337887370006e-01 1.919927900985362035e+00
1.624840781579713067e-01 1.918955682171253452e+00
1.640646494864078653e-01 1.917965166014125034e+00
1.656605958949914359e-01 1.916956309790439184e+00
1.672720669455196874e-01 1.915930220844505705e+00
1.688992136546599021e-01 1.914885578993904547e+00
1.705421885081006561e-01 1.913818848293038499e+00
1.722011454748421100e-01 1.912733498418526468e+00
1.738762400216251336e-01 1.911627790291982709e+00
1.755676291275001522e-01 1.910501465238435781e+00
1.772754712985387948e-01 1.909355351815428481e+00
1.789999265826875408e-01 1.908189393363832753e+00
1.807411565847668600e-01 1.907000283010054087e+00
1.824993244816152382e-01 1.905789271296233434e+00
1.842745950373816666e-01 1.904555392017249549e+00
1.860671346189656239e-01 1.903303057313901592e+00
1.878771112116086051e-01 1.902024449034392495e+00
1.897046944346358344e-01 1.900721674471143707e+00
1.915500555573527997e-01 1.899397206879147815e+00
1.934133675150944698e-01 1.898051150009722576e+00
1.952948049254327745e-01 1.896679965512442445e+00
1.971945441045395986e-01 1.895281293587194771e+00
1.991127630837108697e-01 1.893856846308935582e+00
2.010496416260497965e-01 1.892408036215868172e+00
2.030053612433137811e-01 1.890933332036499159e+00
2.049801052129238688e-01 1.889431293479368668e+00
2.069740585951406198e-01 1.887900458036194662e+00
2.089874082504071251e-01 1.886341925355190519e+00
2.110203428568595552e-01 1.884757281482823510e+00
2.130730529280097374e-01 1.883145855625217857e+00
2.151457308305980698e-01 1.881505098748915250e+00
2.172385708026215445e-01 1.879834029429824582e+00
2.193517689715359098e-01 1.878133089360163543e+00
2.214855233726360506e-01 1.876402225376459398e+00
2.236400339676138660e-01 1.874640011603654566e+00
2.258155026632983065e-01 1.872848087051222299e+00
2.280121333305757114e-01 1.871025155889007641e+00
2.302301318234963867e-01 1.869170963738277402e+00
2.324697059985647851e-01 1.867283493813653328e+00
2.347310657342196183e-01 1.865361303156455319e+00
2.370144229505012079e-01 1.863405303981540362e+00
2.393199916289123208e-01 1.861412289670427267e+00
2.416479878324700736e-01 1.859386491438735689e+00
2.439986297259550130e-01 1.857328596550923416e+00
2.463721375963552895e-01 1.855233788992973532e+00
2.487687338735107279e-01 1.853101103085726731e+00
2.511886431509580686e-01 1.850930367496509632e+00
2.536320922069775774e-01 1.848723965881688969e+00
2.560993100258459609e-01 1.846479069144379315e+00
2.585905278192945911e-01 1.844198554403807311e+00
2.611059790481781162e-01 1.841881484616803011e+00
2.636458994443517945e-01 1.839520761844852581e+00
2.662105270327638773e-01 1.837114540902377025e+00
2.688001021537606006e-01 1.834670244833195962e+00
2.714148674856106669e-01 1.832189624465963007e+00
2.740550680672460548e-01 1.829668015509312351e+00
2.767209513212268712e-01 1.827098407092803134e+00
2.794127670769268601e-01 1.824484720523198877e+00
2.821307675939472293e-01 1.821835138100031060e+00
2.848752075857552413e-01 1.819135870511435327e+00
2.876463442435557849e-01 1.816389263530377107e+00
2.904444372603925406e-01 1.813596136664157532e+00
2.932697488554852905e-01 1.810763566096775579e+00
2.961225437988035947e-01 1.807884242857894952e+00
2.990030894358785551e-01 1.804956570420791717e+00
3.019116557128577738e-01 1.801978100394939775e+00
3.048485152018017286e-01 1.798953998009810817e+00
3.078139431262288950e-01 1.795880347640379737e+00
3.108082173869063936e-01 1.792755556736294498e+00
3.138316185878944342e-01 1.789580983938323655e+00
3.168844300628416155e-01 1.786354856667277335e+00
3.199669379015380732e-01 1.783077947854823986e+00
3.230794309767249795e-01 1.779745959583093340e+00
3.262222009711669979e-01 1.776367824965280340e+00
3.293955424049855307e-01 1.772936673021316523e+00
3.325997526632606949e-01 1.769444954219588917e+00
3.358351320238990301e-01 1.765899373493695412e+00
3.391019836857747105e-01 1.762299431671104033e+00
3.424006137971423724e-01 1.758646677440322437e+00
3.457313314843284413e-01 1.754937221422012694e+00
3.490944488806992929e-01 1.751169944326755434e+00
3.524902811559130766e-01 1.747343111091009593e+00
3.559191465454557002e-01 1.743457739186537792e+00
3.593813663804627523e-01 1.739514970727326082e+00
3.628772651178337472e-01 1.735512021965094576e+00
3.664071703706370808e-01 1.731452616732355398e+00
3.699714129388128048e-01 1.727328717088081111e+00
3.735703268401719401e-01 1.723145932092897459e+00
3.772042493416999376e-01 1.718899818448620831e+00
3.808735209911614517e-01 1.714593938047445976e+00
3.845784856490158665e-01 1.710221259787006787e+00
3.883194905206404091e-01 1.705785434293559222e+00
3.920968861888690649e-01 1.701290306990535850e+00
3.959110266468458539e-01 1.696728082327962239e+00
3.997622693312000708e-01 1.692103013112111976e+00
4.036509751555413805e-01 1.687409389131995674e+00
4.075775085442840395e-01 1.682649808503676736e+00
4.115422374667966343e-01 1.677826590980790789e+00
4.155455334718875515e-01 1.672934401276443550e+00
4.195877717226225712e-01 1.667977797413943808e+00
4.236693310314835759e-01 1.662952349846569478e+00
4.277905938958687093e-01 1.657856328705659354e+00
4.319519465339363706e-01 1.652690588036339170e+00
4.361537789208005944e-01 1.647460483866696412e+00
4.403964848250754294e-01 1.642161410798173238e+00
4.446804618457780300e-01 1.636787866680786241e+00
4.490061114495874639e-01 1.631347833215765819e+00
4.533738390084691150e-01 1.625836311090819608e+00
4.577840538376618529e-01 1.620254512062420549e+00
4.622371692340384031e-01 1.614600358071771602e+00
4.667336025148346446e-01 1.608874292489464564e+00
4.712737750567601580e-01 1.603082427097552776e+00
4.758581123354846953e-01 1.597209191491040015e+00
4.804870439655131720e-01 1.591274112862614665e+00
4.851610037404442966e-01 1.585262997579790278e+00
4.898804296736250508e-01 1.579175985976893681e+00
4.946457640391963562e-01 1.573021651271159005e+00
4.994574534135413635e-01 1.566791646953039407e+00
5.043159487171361421e-01 1.560490733162533283e+00
5.092217052568053237e-01 1.554114994444140807e+00
5.141751827683928022e-01 1.547671857810328122e+00
5.191768454598426619e-01 1.541151432161913082e+00
5.242271620547044320e-01 1.534553438074809817e+00
5.293266058360561743e-01 1.527892733491295729e+00
5.344756546908600026e-01 1.521156352649174481e+00
5.396747911547442600e-01 1.514350883437503681e+00
5.449245024572260121e-01 1.507466375778966139e+00
5.502252805673685243e-01 1.500507076570666065e+00
5.555776222398878250e-01 1.493486182729320211e+00
5.609820290617031358e-01 1.486388343918734423e+00
5.664390074989449353e-01 1.479215644543565356e+00
5.719490689444144405e-01 1.471977132265732680e+00
5.775127297655114900e-01 1.464667148780708361e+00
5.831305113526221717e-01 1.457287390184817566e+00
5.888029401679826247e-01 1.449835152412209949e+00
5.945305477950136863e-01 1.442315229394897980e+00
6.003138709881384871e-01 1.434725186244427020e+00
6.061534517230839914e-01 1.427070014591605318e+00
6.120498372476699256e-01 1.419342325421245388e+00
6.180035801330957534e-01 1.411551163624479743e+00
6.240152383257209223e-01 1.403691331745675619e+00
6.300853751993553686e-01 1.395764934724222694e+00
6.362145596080520660e-01 1.387776166304622416e+00
6.424033659394193796e-01 1.379716919172253808e+00
6.486523741684461219e-01 1.371606896470420445e+00
6.549621699118558515e-01 1.363417204874604050e+00
6.613333444829840868e-01 1.355175254000264617e+00
6.677664949471955325e-01 1.346872096512347738e+00
6.742622241778342129e-01 1.338506687174187526e+00
6.808211409127237213e-01 1.330084377637746895e+00
6.874438598112112553e-01 1.321598076370761099e+00
6.941310015117725385e-01 1.313062478218942175e+00
7.008831926901714082e-01 1.304464285078217767e+00
7.077010661181889484e-01 1.295815243638466896e+00
7.145852607229240538e-01 1.287113290210202043e+00
7.215364216466665370e-01 1.278354712940618754e+00
7.285552003073593186e-01 1.269548098802948610e+00
7.356422544596413760e-01 1.260690736205668960e+00
7.427982482564918776e-01 1.251783567557374299e+00
7.500238523114668432e-01 1.242830658481022033e+00
7.573197437615483141e-01 1.233831786467895597e+00
7.646866063305975958e-01 1.224784740268862526e+00
7.721251303934327792e-01 1.215702201053519227e+00
7.796360130405233235e-01 1.206572303455722528e+00
7.872199581433195759e-01 1.197402732579563978e+00
7.948776764202123424e-01 1.188197190562271244e+00
8.026098855031396084e-01 1.178952927277285179e+00
8.104173100048355227e-01 1.169674672148226291e+00
8.183006815867394090e-01 1.160361071551798462e+00
8.262607390275591435e-01 1.151017173965499074e+00
8.342982282925082149e-01 1.141639637661252982e+00
8.424139026032094746e-01 1.132236564190495232e+00
8.506085225082840040e-01 1.122804920521587535e+00
8.588828559546254349e-01 1.113351717189024814e+00
8.672376783593644944e-01 1.103872873907502772e+00
8.756737726825394308e-01 1.094370250006609924e+00
8.841919295004664336e-01 1.084848389545002068e+00
8.927929470798307010e-01 1.075314625788607481e+00
9.014776314524917122e-01 1.065759389816708813e+00
9.102467964910225806e-01 1.056189962640822877e+00
9.191012639849772681e-01 1.046608771665096693e+00
9.280418637179072006e-01 1.037017346436051035e+00
9.370694335451198453e-01 1.027417746575785662e+00
9.461848194722002336e-01 1.017812294968111209e+00
9.553888757342895444e-01 1.008203321082694615e+00
9.646824648761427312e-01 9.985872894759282303e-01
9.740664578329562007e-01 9.889703140379183521e-01
9.835417340119908536e-01 9.793592302294017449e-01
9.931091813749796104e-01 9.697481471369490125e-01
1.002769696521346621e+00 9.601430991717073704e-01
1.012524184772224167e+00 9.505428535834514747e-01
1.022373560255302127e+00 9.409531885750824776e-01
1.032318745990486564e+00 9.313717552427381863e-01
1.042360673976402197e+00 9.218059517622491095e-01
1.052500285277732761e+00 9.122546400379311082e-01
1.062738530113414459e+00 9.027169444269644849e-01
1.073076367945679621e+00 8.932001947578797063e-01
1.083514767569973225e+00 8.836997084898967625e-01
1.094054707205742494e+00 8.742254754713677523e-01
1.104697174588111785e+00 8.647734637115650491e-01
1.115443167060441221e+00 8.553457048016938069e-01
1.126293691667795249e+00 8.459442576487499199e-01
1.137249765251314271e+00 8.365761560231671501e-01
1.148312414543511073e+00 8.272345385827709618e-01
1.159482676264482759e+00 8.179288780020623761e-01
1.170761597219069250e+00 8.086558124386143964e-01
1.182150234394952371e+00 7.994186316262570369e-01
1.193649655061713055e+00 7.902188881898853934e-01
1.205260936870842681e+00 7.810578321518143463e-01
1.216985167956738056e+00 7.719395922703938817e-01
1.228823447038673411e+00 7.628623032932504433e-01
1.240776883523764251e+00 7.538279403747704110e-01
1.252846597610937529e+00 7.448409225402601308e-01
1.265033720395903893e+00 7.358992321968074179e-01
1.277339393977160009e+00 7.270063076925555867e-01
1.289764771563017165e+00 7.181673426137326066e-01
1.302311017579677488e+00 7.093670121406103757e-01
1.314979307780347773e+00 7.006320293232296548e-01
1.327770829355430449e+00 6.919464719590319168e-01
1.340686781043774811e+00 6.833135124280665940e-01
1.353728373245021821e+00 6.747388940131407997e-01
1.366896828133026487e+00 6.662194416459000790e-01
1.380193379770397355e+00 6.577607990619819267e-01
1.393619274224142002e+00 6.493602446961337371e-01
1.407175769682446731e+00 6.410197987729341351e-01
1.420864136572576708e+00 6.327430431592255822e-01
1.434685657679937831e+00 6.245242054112511987e-01
1.448641628268290127e+00 6.163724320827506098e-01
1.462733356201129986e+00 6.082864901097472243e-01
1.476962162064259898e+00 6.002615934313654256e-01
1.491329379289537682e+00 5.923048043132691509e-01
1.505836354279841416e+00 5.844137449310273791e-01
1.520484446535244283e+00 5.765895147404701548e-01
1.535275028780422657e+00 5.688379422835668775e-01
1.550209487093291205e+00 5.611503107160583648e-01
1.565289221034902312e+00 5.535320864543388231e-01
1.580515643780601165e+00 5.459858276184539339e-01
1.595890182252465817e+00 5.385091755951892933e-01
1.611414277253019778e+00 5.311040962435784607e-01
1.627089383600260675e+00 5.237697702130533761e-01
1.642916970263993193e+00 5.165078468513959464e-01
1.658898520503498064e+00 5.093155200741781297e-01
1.675035532006524441e+00 5.021968655994245578e-01
1.691329517029648732e+00 4.951517012842309717e-01
1.707782002539993016e+00 4.881819369049456014e-01
1.724394530358320354e+00 4.812821593083169702e-01
1.741168657303530987e+00 4.744542629844416548e-01
1.758105955338547632e+00 4.677014710694862298e-01
1.775208011717636092e+00 4.610256995542925673e-01
1.792476429135148930e+00 4.544208701368151471e-01
1.809912825875727105e+00 4.478887593898362440e-01
1.827518835965944666e+00 4.414310524602277908e-01
1.845296109327445366e+00 4.350465660207762930e-01
1.863246311931559873e+00 4.287381021787994295e-01
1.881371125955437096e+00 4.225019218826673306e-01
1.899672249939675650e+00 4.163402547662126696e-01
1.918151398947507635e+00 4.102498975347296239e-01
1.936810304725519849e+00 4.042319146296111110e-01
1.955650715865949074e+00 3.982905489159838108e-01
1.974674397970537454e+00 3.924205586425983938e-01
1.993883133816001019e+00 3.866234035376650002e-01
2.013278723521096492e+00 3.808965222680459894e-01
2.032862984715323673e+00 3.752430128651527697e-01
2.052637752709252084e+00 3.696616239881718724e-01
2.072604880666519822e+00 3.641522725782363468e-01
2.092766239777499759e+00 3.587125107916477873e-01
2.113123719434652603e+00 3.533436631597958733e-01
2.133679227409597701e+00 3.480459547977698409e-01
2.154434690031884259e+00 3.428164674570282067e-01
2.175392052369522489e+00 3.376572220151739523e-01
2.196553278411258248e+00 3.325671159963524692e-01
2.217920351250634692e+00 3.275462053153437858e-01
2.239495273271823184e+00 3.225914902428045350e-01
2.261280066337279404e+00 3.177055218783780277e-01
2.283276771977218012e+00 3.128856585806520374e-01
2.305487451580938707e+00 3.081336875105574746e-01
2.327914186589993051e+00 3.034462960246292473e-01
2.350559078693253756e+00 2.988249091857664297e-01
2.373424250023866033e+00 2.942676924777968273e-01
2.396511843358130278e+00 2.897756944020656866e-01
2.419824022316292567e+00 2.853470934793648217e-01
2.443362971565319341e+00 2.809810849112681641e-01
2.467130897023623426e+00 2.766781650134397808e-01
2.491130026067788439e+00 2.724365720599446483e-01
2.515362607741312928e+00 2.682566471405467556e-01
2.539830912965362675e+00 2.641377366929093529e-01
2.564537234751594674e+00 2.600787007430685471e-01
2.589483888417040802e+00 2.560770661538872561e-01
2.614673211801092023e+00 2.521371858004182731e-01
2.640107565484572927e+00 2.482542117920931157e-01
2.665789333010967876e+00 2.444282027785887879e-01
2.691720921109787668e+00 2.406602200856912954e-01
2.717904759922122881e+00 2.369464823151409827e-01
2.744343303228365283e+00 2.332909127527193205e-01
2.771039028678170535e+00 2.296881890645630087e-01
2.797994438022641805e+00 2.261410872457600696e-01
2.825212057348790218e+00 2.226471103049518507e-01
2.852694437316245057e+00 2.192043253864358887e-01
2.880444153396297668e+00 2.158169555891937819e-01
2.908463806113254169e+00 2.124797864683483084e-01
2.936756021288137397e+00 2.091928291502510584e-01
2.965323450284773621e+00 2.059566528905469041e-01
2.994168770258243573e+00 2.027707981579696950e-01
3.023294684405779531e+00 1.996336778663919953e-01
3.052703922220086241e+00 1.965452036188729545e-01
3.082399239745143404e+00 1.935037957781336471e-01
3.112383419834465759e+00 1.905095898421706735e-01
3.142659272411905569e+00 1.875624122970192265e-01
3.173229634734976212e+00 1.846609100775233603e-01
3.204097371660752813e+00 1.818042358879991272e-01
3.235265375914330388e+00 1.789929361716914857e-01
3.266736568359921655e+00 1.762245276491310741e-01
3.298513898274578082e+00 1.734998283903129990e-01
3.330600343624588788e+00 1.708173390000825298e-01
3.362998911344535991e+00 1.681788708908669161e-01
3.395712637619100693e+00 1.655807993937379596e-01
3.428744588167585317e+00 1.630222526981700559e-01
3.462097858531227423e+00 1.605050667808069487e-01
3.495775574363275240e+00 1.580279314793487100e-01
3.529780891721914671e+00 1.555905026376325218e-01
3.564116997366032269e+00 1.531904068670040531e-01
3.598787109053855460e+00 1.508284200046296486e-01
3.633794475844513094e+00 1.485035736746854740e-01
3.669142378402494131e+00 1.462162306718492455e-01
3.704834129305105694e+00 1.439656323968946106e-01
3.740873073352900313e+00 1.417501856102350022e-01
3.777262587883141176e+00 1.395696114626553963e-01
3.814006083086284082e+00 1.374236482620892763e-01
3.851107002325572903e+00 1.353116952318285104e-01
3.888568822459721019e+00 1.332342531038644695e-01
3.926395054168756449e+00 1.311894426735301378e-01
3.964589242282997805e+00 1.291765837369216186e-01
4.003154966115265445e+00 1.271958602171365249e-01
4.042095839796306045e+00 1.252471346460266866e-01
4.081415512613501662e+00 1.233295338957694914e-01
4.121117669352832635e+00 1.214420618040974731e-01
4.161206030644208020e+00 1.195845938904755434e-01
4.201684353310133346e+00 1.177569215874047365e-01
4.242556430717777438e+00 1.159583642437691242e-01
4.283826093134470270e+00 1.141882496476097769e-01
4.325497208086633627e+00 1.124462220972051868e-01
4.367573680722233398e+00 1.107323575336672805e-01
4.410059454176736615e+00 1.090452033767366352e-01
4.452958509942654963e+00 1.073853941060429612e-01
4.496274868242640110e+00 1.057515088219535826e-01
4.540012588406244554e+00 1.041441495944839396e-01
4.584175769250333765e+00 1.025619054004554137e-01
4.628768549463215365e+00 1.010050484727211262e-01
4.673795107992464004e+00 9.947255593130496787e-02
4.719259664436561863e+00 9.796463033636615414e-02
4.765166479440326341e+00 9.648069811574622179e-02
4.811519855094205766e+00 9.502003950302326252e-02
4.858324135337417360e+00 9.358270977052443595e-02
4.905583706365050922e+00 9.216787220304652195e-02
4.953302997039108924e+00 9.077553820560044229e-02
5.001486479303548727e+00 8.940564330851481778e-02
5.050138668603383785e+00 8.805720228770565206e-02
5.099264124307808288e+00 8.672934064809534327e-02
5.148867450137498025e+00 8.542333592178293078e-02
5.198953294596024399e+00 8.413746578302445933e-02
5.249526351405507718e+00 8.287203669550451124e-02
5.300591359946452030e+00 8.162618507754608455e-02
5.352153105701904501e+00 8.040003998541234154e-02
5.404216420705915347e+00 7.919375576509866954e-02
5.456786183996381823e+00 7.800565043345059069e-02
5.509867322072253160e+00 7.683673121228291880e-02
5.563464809355226137e+00 7.568567572040317548e-02
5.617583668655908191e+00 7.455251283319840050e-02
5.672228971644543094e+00 7.343801944459361908e-02
5.727405839326266346e+00 7.233996849701765375e-02
5.783119442521027054e+00 7.125942623584698155e-02
5.839375002348160315e+00 7.019561694503811955e-02
5.896177790715694478e+00 6.914837543112595242e-02
5.953533130814370189e+00 6.811774161902156566e-02
6.011446397616513337e+00 6.710283773620041858e-02
6.069923018379741464e+00 6.610353539292150582e-02
6.128968473155564034e+00 6.511989596424311300e-02
6.188588295302960063e+00 6.415166130540146672e-02
6.248788072006894012e+00 6.319812169629568377e-02
6.309573444801936049e+00 6.225959201302438961e-02
6.370950110100935149e+00 6.133550235823299890e-02
6.432923819728876502e+00 6.042525181006812990e-02
6.495500381461869033e+00 5.952932605906982588e-02
6.558685659571435345e+00 5.864729523315689169e-02
6.622485575374063238e+00 5.777896167251390241e-02
6.686906107786136921e+00 5.692352169876536971e-02
6.751953293884205287e+00 5.608117279026655910e-02
6.817633229470763112e+00 5.525190917024332821e-02
6.883952069645496330e+00 5.443568637833193224e-02
6.950916029382126382e+00 5.363138409505576604e-02
7.018531384110795912e+00 5.283951649014778651e-02
7.086804470306189430e+00 5.205963289403802569e-02
7.155741686081340980e+00 5.129164710434911539e-02
7.225349491787214085e+00 5.053557216171211675e-02
7.295634410618154320e+00 4.979078178885507078e-02
7.366603029223159460e+00 4.905733238697757015e-02
7.438261998323163482e+00 4.833468707568441131e-02
7.510618033334286459e+00 4.762322706054251259e-02
7.583677914997190683e+00 4.692270918771233174e-02
7.657448490012479958e+00 4.622692204355348389e-02
7.731936671682362316e+00 4.555269490464438492e-02
7.807149440558499798e+00 4.488306211905055548e-02
7.883093845096216690e+00 4.422359542367575863e-02
7.959777002314985417e+00 4.357413962218716769e-02
8.037206098465421888e+00 4.293425835470092433e-02
8.115388389702712146e+00 4.230399951533224401e-02
8.194331202766655053e+00 4.168313719834076253e-02
8.274041935668218883e+00 4.107146881829963625e-02
8.354528058382872047e+00 4.046907387357590036e-02
8.435797113550611570e+00 3.987555198770646042e-02
8.517856717182803905e+00 3.929099713465241533e-02
8.600714559375941093e+00 3.871487684121044381e-02
8.684378405032257220e+00 3.814752464240487445e-02
8.768856094587436090e+00 3.758838198747403020e-02
8.854155544745349715e+00 3.703778450342096185e-02
8.940284749219998162e+00 3.649508924563460432e-02
9.027251779484577909e+00 3.596055330695147045e-02
9.115064785527916769e+00 3.543379686357479852e-02
9.203731996618220279e+00 3.491494336144383009e-02
9.293261722074316111e+00 3.440357213095125710e-02
9.383662352044273902e+00 3.389980368506559372e-02
9.474942358291729150e+00 3.340334969736932780e-02
9.567110294989774388e+00 3.291433085620781851e-02
9.660174799522645017e+00 3.243235223321252331e-02
9.754144593295098531e+00 3.195753264274057981e-02
9.849028482549766039e+00 3.148947473688378657e-02
9.944835359192397917e+00 3.102574374517292830e-02
1.004157420162519543e+01 3.057395823799193696e-02
1.013925407558815373e+01 3.012621024825252666e-02
1.023788413500867378e+01 2.968483401062048388e-02
1.033747362285940774e+01 2.924993990065095223e-02
1.043803187202444072e+01 2.882152853250683974e-02
1.053956830617394580e+01 2.839914605540201989e-02
1.064209244064724658e+01 2.798300996010627192e-02
1.074561388334458023e+01 2.757278058834788936e-02
1.085014233562746178e+01 2.716850539532784936e-02
1.095568759322787855e+01 2.677021840623160925e-02
1.106225954716621906e+01 2.637748553491071554e-02
1.116986818467823817e+01 2.599050035828548086e-02
1.127852359015096795e+01 2.560902279954702099e-02
1.138823594606782130e+01 2.523306145085844887e-02
1.149901553396274245e+01 2.486264423630369855e-02
1.161087273538378994e+01 2.449746104623250556e-02
1.172381803286598512e+01 2.413740033546548508e-02
1.183786201091373513e+01 2.378263589727638849e-02
1.195301535699265827e+01 2.343295661268249286e-02
1.206928886253119870e+01 2.308817245941136367e-02
1.218669342393191712e+01 2.274847633825214169e-02
1.230524004359261525e+01 2.241356987650595239e-02
1.242493983093746479e+01 2.208335404649780856e-02
1.254580400345803248e+01 2.175797635454795528e-02
1.266784388776455827e+01 2.143728065121775286e-02
1.279107092064739781e+01 2.112098428904055428e-02
1.291549665014884063e+01 2.080924495705681679e-02
1.304113273664525430e+01 2.050196377909220893e-02
1.316799095393986185e+01 2.019910533656052790e-02
1.329608319036608854e+01 1.990042767193849274e-02
1.342542144990170527e+01 1.960612037448502751e-02
1.355601785329368880e+01 1.931591763245777901e-02
1.368788463919415221e+01 1.902986536037375859e-02
1.382103416530724438e+01 1.874784888965263033e-02
1.395547890954729020e+01 1.846986161078920802e-02
1.409123147120805619e+01 1.819577000022548977e-02
1.422830457214353395e+01 1.792554967415726022e-02
1.436671105796013137e+01 1.765917201564493402e-02
1.450646389922046886e+01 1.739656697057082729e-02
1.464757619265895272e+01 1.713769742748257052e-02
1.479006116240903168e+01 1.688238636905875154e-02
1.493393216124253264e+01 1.663075073086864308e-02
1.507920267182097263e+01 1.638267476398748076e-02
1.522588630795911513e+01 1.613808725779006942e-02
1.537399681590069456e+01 1.589696510325378995e-02
1.552354807560667105e+01 1.565917632001449095e-02
1.567455410205595001e+01 1.542481637709936480e-02
1.582702904655883280e+01 1.519374863932821361e-02
1.598098719808309376e+01 1.496588024377351611e-02
1.613644298459311699e+01 1.474124566738572659e-02
1.629341097440194730e+01 1.451977089727355362e-02
1.645190587753662470e+01 1.430143068179726314e-02
1.661194254711659113e+01 1.408617470578602676e-02
1.677353598074571295e+01 1.387393173214551342e-02
1.693670132191772026e+01 1.366465390040671156e-02
1.710145386143542012e+01 1.345833407978982467e-02
1.726780903884355922e+01 1.325492467226514239e-02
1.743578244387577669e+01 1.305437635434113057e-02
1.760538981791556523e+01 1.285662015653278936e-02
1.777664705547142532e+01 1.266167961785112130e-02
1.794957020566648254e+01 1.246945930449332510e-02
1.812417547374237614e+01 1.227993539775371762e-02
1.830047922257800863e+01 1.209311489492382631e-02
1.847849797422290763e+01 1.190887859452535898e-02
1.865824841144566193e+01 1.172724290400631482e-02
1.883974737929719367e+01 1.154815562539797391e-02
1.902301188668945642e+01 1.137161982206542389e-02
1.920805910798935301e+01 1.119753562728568845e-02
1.939490638462828542e+01 1.102589720704245761e-02
1.958357122672716955e+01 1.085673252658001485e-02
1.977407131473744428e+01 1.068987003935375005e-02
1.996642450109793288e+01 1.052544147585483467e-02
2.016064881190793656e+01 1.036323896844682305e-02
2.035676244861640072e+01 1.020335323651764582e-02
2.055478378972772546e+01 1.004573847829535668e-02
2.075473139252405730e+01 9.890339292706299898e-03
2.095662399480432825e+01 9.737123692909802758e-03
2.116048051664034446e+01 9.586074722788653565e-03
2.136632006214970403e+01 9.437152318202548379e-03
2.157416192128621546e+01 9.290341933714923658e-03
2.178402557164756459e+01 9.145567935949948032e-03
2.199593068030074861e+01 9.002867112906589794e-03
2.220989710562497521e+01 8.862205890114004808e-03
2.242594489917278011e+01 8.723489366749029653e-03
2.264409430754907504e+01 8.586752652488887153e-03
2.286436577430861306e+01 8.451957332119940450e-03
2.308677994187169702e+01 8.318931640974622232e-03
2.331135765345874944e+01 8.188044501655051058e-03
2.353811995504354471e+01 8.058947911996119581e-03
2.376708809732560823e+01 7.931611396488675095e-03
2.399828353772154799e+01 7.806101241350316654e-03
2.423172794237600769e+01 7.682376743742689272e-03
2.446744318819203201e+01 7.560406861250494083e-03
2.470545136488123816e+01 7.440182008704597852e-03
2.494577477703398571e+01 7.321666919955886754e-03
2.518843594620949489e+01 7.204833222979033572e-03
2.543345761304651020e+01 7.089684880838860795e-03
2.568086273939435316e+01 6.976156524630718926e-03
2.593067451046487548e+01 6.864256476452237909e-03
2.618291633700505372e+01 6.753947081881060688e-03
2.643761185749101372e+01 6.645250124112878076e-03
2.669478494034320804e+01 6.538081381105853747e-03
2.695445968616333587e+01 6.432477200901947668e-03
2.721666042999271795e+01 6.328343068770605692e-03
2.748141174359293259e+01 6.225735090782462747e-03
2.774873843774846804e+01 6.124599084481148308e-03
2.801866556459195223e+01 6.024926641404389563e-03
2.829121841995168651e+01 5.926677316452478791e-03
2.856642254572233952e+01 5.829848192153766311e-03
2.884430373225852051e+01 5.734425659111678890e-03
2.912488802079168337e+01 5.640372258489064622e-03
2.940820170587063842e+01 5.547680671816461115e-03
2.969427133782552986e+01 5.456340481614181323e-03
2.998312372525609959e+01 5.366313452070235572e-03
3.027478593754393543e+01 5.277678166659457992e-03
3.056928530738937155e+01 5.190171728898407277e-03
3.086664943337274636e+01 5.104019906982371589e-03
3.116690618254088463e+01 5.019122196445490944e-03
3.147008369301855879e+01 4.935466965472630127e-03
3.177621037664554038e+01 4.853043086753221387e-03
3.208531492163897525e+01 4.771805920518266270e-03
3.239742629528198847e+01 4.691768401389897689e-03
3.271257374663825601e+01 4.612911888303482776e-03
3.303078680929315425e+01 4.535220629350204292e-03
3.335209530412127066e+01 4.458630387699266673e-03
3.367652934208116022e+01 4.383197412637491151e-03
3.400411932703705986e+01 4.308883341541659869e-03
3.433489595860830690e+01 4.235667810857083118e-03
3.466889023504609213e+01 4.163520948942588118e-03
3.500613345613854221e+01 4.092461901346164735e-03
3.534665722614391115e+01 4.022443103258764932e-03
3.569049345675229290e+01 3.953473559736603304e-03
3.603767437007633134e+01 3.885500581710242540e-03
3.638823250167062184e+01 3.818579693727449948e-03
3.674220070358090595e+01 3.752644276391574850e-03
3.709961214742267543e+01 3.687691278524307236e-03
3.746050032748993175e+01 3.623720471174343878e-03
3.782489906389385936e+01 3.560708838219841729e-03
3.819284250573236505e+01 3.498638429355666567e-03
3.856436513429023449e+01 3.437499750484535738e-03
3.893950176627063087e+01 3.377289829600073432e-03
3.931828755705770106e+01 3.317983058791061472e-03
3.970075800401124155e+01 3.259591788655626099e-03
4.008694894979318946e+01 3.202048801712894729e-03
4.047689658572676308e+01 3.145397516477133927e-03
4.087063745518780422e+01 3.089629353852869301e-03
4.126820845702955864e+01 3.034638262565168051e-03
4.166964684904057492e+01 2.980584703478715916e-03
4.207499025143619065e+01 2.927305452715988233e-03
4.248427665038425260e+01 2.874850738139639664e-03
4.289754440156466586e+01 2.823202141747519021e-03
4.331483223376402947e+01 2.772344805795698766e-03
4.373617925250492533e+01 2.722278136886345859e-03
4.416162494371084790e+01 2.672974496615193249e-03
4.459120917740628443e+01 2.624435576403742927e-03
4.502497221145327444e+01 2.576638928584407302e-03
4.546295469532399380e+01 2.529605597661225939e-03
4.590519767391037220e+01 2.483299131398154953e-03
4.635174259137027519e+01 2.437706319580470148e-03
4.680263129501155817e+01 2.392816014782256015e-03
4.725790603921362276e+01 2.348642577229114077e-03
4.771760948938745628e+01 2.305157222690128443e-03
4.818178472597362827e+01 2.262355250000145767e-03
4.865047524847972937e+01 2.220290598346706147e-03
4.912372497955678341e+01 2.178755559481188476e-03
4.960157826911540724e+01 2.137941031648680611e-03
5.008407989848212338e+01 2.097782443956385835e-03
5.057127508459573306e+01 2.058248002972294221e-03
5.106320948424492911e+01 2.019358544876102314e-03
5.155992919834686461e+01 1.981079605985406993e-03
5.206148077626762216e+01 1.943406162631713605e-03
5.256791122018424289e+01 1.906339715936971333e-03
5.307926798948964375e+01 1.869866673715481382e-03
5.359559900524011766e+01 1.833980385554266493e-03
5.411695265464637572e+01 1.798671226684994727e-03
5.464337779560780461e+01 1.763927862579703831e-03
5.517492376129128928e+01 1.729744188892069811e-03
5.571164036475430237e+01 1.696122139195225002e-03
5.625357790361330501e+01 1.663046227735107086e-03
5.680078716475694733e+01 1.630491805624555536e-03
5.735331942910571712e+01 1.598489658650609560e-03
5.791122647641758192e+01 1.567001193027851239e-03
5.847456059014062646e+01 1.536020176285148075e-03
5.904337456231242243e+01 1.505556370218649482e-03
5.961772169850755887e+01 1.475591978710416368e-03
6.019765582283304184e+01 1.446113296114081995e-03
6.078323128297230227e+01 1.417135589708664852e-03
6.137450295527852973e+01 1.388626728861624927e-03
6.197152624991698389e+01 1.360588744012886922e-03
6.257435711605789663e+01 1.333020903617322542e-03
6.318305204711957401e+01 1.305911323411172937e-03
6.379766808606282069e+01 1.279251755587487238e-03
6.441826283073628190e+01 1.253041153060531574e-03
6.504489443927437264e+01 1.227270240614705167e-03
6.567762163554736787e+01 1.201926563932683616e-03
6.631650371466487570e+01 1.177007253837118305e-03
6.696160054853221766e+01 1.152517518552099302e-03
6.761297259146149941e+01 1.128436665400564748e-03
6.827068088583682481e+01 1.104760117917507342e-03
6.893478706783510290e+01 1.081492256192740286e-03
6.960535337320180815e+01 1.058614956926862008e-03
7.028244264308352740e+01 1.036127006059607211e-03
7.096611832991698066e+01 1.014022640531149011e-03
7.165644450337531168e+01 9.922964063351696548e-04
7.235348585637258623e+01 9.709443104432592675e-04
7.305730771112592947e+01 9.499594946999960314e-04
7.376797602527737752e+01 9.293306573760143222e-04
7.448555739807494547e+01 9.090588893608975585e-04
7.521011907661404905e+01 8.891385841493921983e-04
7.594172896213913759e+01 8.695603779643437583e-04
7.668045561640717267e+01 8.503231748028886863e-04
7.742636826811269657e+01 8.314234017579598792e-04
7.817953681937576960e+01 8.128522209213559458e-04
7.894003185229233566e+01 7.945838434047319777e-04
7.970792463554894880e+01 7.766664439011035587e-04
8.048328713110151966e+01 7.590451509776477770e-04
8.126619200091946027e+01 7.417439303465977237e-04
8.205671261379453085e+01 7.247302674849766951e-04
8.285492305221690401e+01 7.080209770350899458e-04
8.366089811931756515e+01 6.916050298839992224e-04
8.447471334587828551e+01 6.754805092491774450e-04
8.529644499741024788e+01 6.596425802957164245e-04
8.612617008130067120e+01 6.440798536894812862e-04
8.696396635402970787e+01 6.287945596210562120e-04
8.780991232845718741e+01 6.137756330709008210e-04
8.866408728118061333e+01 5.990281151297467037e-04
8.952657125996400111e+01 5.845415341506493296e-04
9.039744509123974581e+01 5.703092024548373634e-04
9.127679038768296493e+01 5.563296754298624773e-04
9.216468955586012157e+01 5.426039334994860533e-04
9.306122580395103228e+01 5.291150634019334753e-04
9.396648314954700254e+01 5.158723465816749364e-04
9.488054642752423717e+01 5.028610665752790984e-04
9.580350129799435877e+01 4.900856774658573058e-04
9.673543425433136633e+01 4.775314036116808125e-04
9.767643263127766318e+01 4.652046211466505940e-04
9.862658461312820180e+01 4.530940338723391469e-04
9.958597924199507645e+01 4.412011274963841705e-04
1.005547064261513555e+02 4.295179890078074819e-04
1.015328569484565975e+02 4.180414498952766500e-04
1.025205224748657002e+02 4.067680346343068216e-04
1.035177955630176285e+02 3.956954923123420960e-04
1.045247696709102172e+02 3.848163952807371344e-04
1.055415391656582784e+02 3.741302166803458910e-04
1.065681993323370733e+02 3.636295273376728482e-04
1.076048463829117878e+02 3.533144074952459602e-04
1.086515774652539505e+02 3.431786505207955694e-04
1.097084906722451905e+02 3.332151955944523511e-04
1.107756850509708642e+02 3.234252689139614258e-04
1.118532606120007102e+02 3.138059419963420494e-04
1.129413183387621018e+02 3.043470418476861288e-04
1.140399601970033103e+02 2.950472814211561770e-04
1.151492891443491402e+02 2.859056317025404094e-04
1.162694091399494027e+02 2.769126899258930893e-04
1.174004251542213098e+02 2.680684160886702958e-04
1.185424431786863977e+02 2.593712778668565795e-04
1.196955702359042846e+02 2.508113631082632732e-04
1.208599143895007444e+02 2.423844327581960070e-04
1.220355847542956980e+02 2.340869712922708369e-04
1.232226915065284345e+02 2.259162557554031262e-04
1.244213458941827213e+02 2.178663248088804391e-04
1.256316602474121424e+02 2.099330483881004222e-04
1.268537479890670454e+02 2.021077834608038363e-04
1.280877236453237629e+02 1.943886370971069865e-04
1.293337028564169486e+02 1.867688179034927344e-04
1.305918023874777987e+02 1.792424270489103156e-04
1.318621401394748602e+02 1.717989519245908538e-04
1.331448351602640230e+02 1.644378769765472877e-04
1.344400076557447221e+02 1.571449947227967115e-04
1.357477790011246839e+02 1.499148682832831788e-04
1.370682717522946348e+02 1.427352514727942565e-04
1.384016096573132870e+02 1.355957734247656844e-04
1.397479176680040780e+02 1.284824360193698547e-04
1.411073219516657957e+02 1.213806439369342178e-04
1.424799499028946457e+02 1.142709334913939544e-04
1.438659301555238414e+02 1.071312385547741077e-04
1.452653925946781328e+02 9.993315949333500927e-05
1.466784683689457722e+02 9.264021113118074257e-05
1.481052899026690000e+02 8.520516421206384989e-05
1.495459909083537866e+02 7.756228113258814322e-05
1.510007063992007659e+02 6.961674413468534094e-05
1.524695727017573006e+02 6.122208815946130291e-05
1.539527274686944622e+02 5.212957152523444148e-05
1.554503096917050300e+02 4.184844785669450921e-05
1.569624597145302403e+02 2.909376903948193130e-05
1.584893192461114211e+02 0.000000000000000000e+00
