1.000000000000000021e-02 1.615354538500711312e+00
1.009727545900835841e-02 1.615350208866808801e+00
1.019549716950923779e-02 1.615346257578232914e+00
1.029467433620748044e-02 1.615341735658653466e+00
1.039481625334708927e-02 1.615337108657195486e+00
1.049593230558227772e-02 1.615332411009486213e+00
1.059803196885688789e-02 1.615327568842775730e+00
1.070112481129246833e-02 1.615322628794837900e+00
1.080522049408488318e-02 1.615317505468131687e+00
1.091032877240974419e-02 1.615311641750122984e+00
1.101645949633656314e-02 1.615306453563228217e+00
1.112362261175187626e-02 1.615301866713039658e+00
1.123182816129126085e-02 1.615296426962905096e+00
1.134108628528052165e-02 1.615290617878624602e+00
1.145140722268592030e-02 1.615285553984158629e+00
1.156280131207376022e-02 1.615279851502548603e+00
1.167527899257919492e-02 1.615273988822947704e+00
1.178885080488457221e-02 1.615268040265299687e+00
1.190352739220719262e-02 1.615262027299263048e+00
1.201931950129673729e-02 1.615256287337341723e+00
1.213623798344241195e-02 1.615249539440545279e+00
1.225429379548980714e-02 1.615245957045074343e+00
1.237349800086776086e-02 1.615236955163629196e+00
1.249386177062509519e-02 1.615230248662275159e+00
1.261539638447754796e-02 1.615223368548234673e+00
1.273811323186478488e-02 1.615214966219931769e+00
1.286202381301779218e-02 1.615207924711157261e+00
1.298713974003655978e-02 1.615200613493404935e+00
1.311347273797833224e-02 1.615193182024554863e+00
1.324103464595636874e-02 1.615185702855917560e+00
1.336983741824946531e-02 1.615177933469150950e+00
1.349989312542219239e-02 1.615170181649383974e+00
1.363121395545611320e-02 1.615162186624794272e+00
1.376381221489191876e-02 1.615154013894902540e+00
1.389770032998276401e-02 1.615145734537120958e+00
1.403289084785873213e-02 1.615137313264649599e+00
1.416939643770268736e-02 1.615128694860442415e+00
1.430722989193757184e-02 1.615119921623477728e+00
1.444640412742520530e-02 1.615110942032270680e+00
1.458693218667675602e-02 1.615101787326020943e+00
1.472882723907502529e-02 1.615092375572965588e+00
1.487210258210860774e-02 1.615082913270852183e+00
1.501677164261799868e-02 1.615073549075173531e+00
1.516284797805393485e-02 1.615063783978870182e+00
1.531034527774784160e-02 1.615053804322687636e+00
1.545927736419477720e-02 1.615043475492414338e+00
1.560965819434872483e-02 1.615033333708490559e+00
1.576150186093060873e-02 1.615022953545404150e+00
1.591482259374891323e-02 1.615012208796766435e+00
1.606963476103326349e-02 1.615001411984546387e+00
1.622595287078087284e-02 1.614989878903846376e+00
1.638379157211618947e-02 1.614978270243996539e+00
1.654316565666366645e-02 1.614966392321771416e+00
1.670409005993399310e-02 1.614954648742396026e+00
1.686657986272368723e-02 1.614942382874135385e+00
1.703065029252844378e-02 1.614929835863234020e+00
1.719631672497009753e-02 1.614916868498654789e+00
1.736359468523754335e-02 1.614903815178194479e+00
1.753249984954170088e-02 1.614890466741253139e+00
1.770304804658450262e-02 1.614877037181438268e+00
1.787525525904235316e-02 1.614863161178041517e+00
1.804913762506383731e-02 1.614849163919781505e+00
1.822471143978214581e-02 1.614834740438983118e+00
1.840199315684210371e-02 1.614820249907841454e+00
1.858099938994215231e-02 1.614805046521402998e+00
1.876174691439120440e-02 1.614787284127072953e+00
1.894425266868081034e-02 1.614771560954133767e+00
1.912853375607242307e-02 1.614758176120581812e+00
1.931460744620030340e-02 1.614741915174347398e+00
1.950249117668984011e-02 1.614725395675356667e+00
1.969220255479172538e-02 1.614708305529220178e+00
1.988375935903200636e-02 1.614691174870781509e+00
2.007717954087816226e-02 1.614673989225073214e+00
2.027248122642137662e-02 1.614656406656541199e+00
2.046968271807520987e-02 1.614637622471387202e+00
2.066880249629082095e-02 1.614619425230474192e+00
2.086985922128879734e-02 1.614600650733863718e+00
2.107287173480786382e-02 1.614581361577281049e+00
2.127785906187062287e-02 1.614561684254258944e+00
2.148484041256648255e-02 1.614541788606231210e+00
2.169383518385184506e-02 1.614521369845303589e+00
2.190486296136792688e-02 1.614501661493928708e+00
2.211794352127614133e-02 1.614479173564025150e+00
2.233309683211144592e-02 1.614456385261725302e+00
2.255034305665360936e-02 1.614435443425793038e+00
2.276970255381680075e-02 1.614412971906114658e+00
2.299119588055741764e-02 1.614390064930250279e+00
2.321484379380064564e-02 1.614366734049652585e+00
2.344066725238556220e-02 1.614343592021110441e+00
2.366868741902936057e-02 1.614319263903022827e+00
2.389892566231050300e-02 1.614294335751827347e+00
2.413140355867127856e-02 1.614269065099999789e+00
2.436614289443983158e-02 1.614243422747186463e+00
2.460316566787181664e-02 1.614217336966677019e+00
2.484249409121190577e-02 1.614190669314697235e+00
2.508415059277539771e-02 1.614163431417880989e+00
2.532815781905008515e-02 1.614135675079064525e+00
2.557453863681850847e-02 1.614107310423426478e+00
2.582331613530085626e-02 1.614078500508842051e+00
2.607451362831877603e-02 1.614048939962052565e+00
2.632815465648021339e-02 1.614018713422047169e+00
2.658426298938541474e-02 1.613987907813527745e+00
2.684286262785454819e-02 1.613956480121183867e+00
2.710397780617682106e-02 1.613924624619693216e+00
2.736763299438163891e-02 1.613892071261575634e+00
2.763385290053169824e-02 1.613859324789773009e+00
2.790266247303856487e-02 1.613825052824094497e+00
2.817408690300057458e-02 1.613790434038849364e+00
2.844815162656363222e-02 1.613755777500672339e+00
2.872488232730495070e-02 1.613719204405856589e+00
2.900430493863991738e-02 1.613683418814856996e+00
2.928644564625237229e-02 1.613645481824603323e+00
2.957133089054861039e-02 1.613608097799014596e+00
2.985898736913520854e-02 1.613570005529521234e+00
3.014944203932094433e-02 1.613529597004553784e+00
3.044272212064302874e-02 1.613489458363295048e+00
3.073885509741795460e-02 1.613448238933981482e+00
3.103786872131722788e-02 1.613406567903316047e+00
3.133979101396793671e-02 1.613362176100005208e+00
3.164465026957891114e-02 1.613318313057588105e+00
3.195247505759213347e-02 1.613273603598382344e+00
3.226329422536015901e-02 1.613228167346451691e+00
3.257713690084949876e-02 1.613185438561066665e+00
3.289403249537032475e-02 1.613138756681463892e+00
3.321401070633261954e-02 1.613091634342015857e+00
3.353710152002930406e-02 1.613039341105739322e+00
3.386333521444636480e-02 1.612990387668029157e+00
3.419274236210027851e-02 1.612943088524089186e+00
3.452535383290306070e-02 1.612891445650691757e+00
3.486120079705520153e-02 1.612838176652484856e+00
3.520031472796678745e-02 1.612784650895416894e+00
3.554272740520694751e-02 1.612730415173762477e+00
3.588847091748199186e-02 1.612674085089276232e+00
3.623757766564258964e-02 1.612616963041000329e+00
3.659008036572020811e-02 1.612559060065179128e+00
3.694601205199302130e-02 1.612499834010285849e+00
3.730540608008161424e-02 1.612439423092800972e+00
3.766829613007490613e-02 1.612377692672391838e+00
3.803471620968648659e-02 1.612313846252141136e+00
3.840470065744145539e-02 1.612251742839451607e+00
3.877828414589457040e-02 1.612185045014390417e+00
3.915550168487941241e-02 1.612121418169504716e+00
3.953638862478930927e-02 1.612053343503189629e+00
3.992098065989020672e-02 1.611982291607981121e+00
4.030931383166566628e-02 1.611913015529698567e+00
4.070142453219438572e-02 1.611840863802046719e+00
4.109734950756069316e-02 1.611767355729363915e+00
4.149712586129815362e-02 1.611693521996914180e+00
4.190079105786669034e-02 1.611617895703196135e+00
4.230838292616342228e-02 1.611539760777949359e+00
4.271993966306778662e-02 1.611460344357334318e+00
4.313549983702118923e-02 1.611380291683368826e+00
4.355510239164130798e-02 1.611299565897186703e+00
4.397878664937160398e-02 1.611215478035802784e+00
4.440659231516640160e-02 1.611130351563995422e+00
4.483855948021186338e-02 1.611043202768731586e+00
4.527472862568297785e-02 1.610953730067336664e+00
4.571514062653719151e-02 1.610863468397797593e+00
4.615983675534499064e-02 1.610773818181061801e+00
4.660885868615767536e-02 1.610678952477785142e+00
4.706224849841281199e-02 1.610582113091951317e+00
4.752004868087766204e-02 1.610484722085570697e+00
4.798230213563085128e-02 1.610384664359387541e+00
4.844905218208294534e-02 1.610282622466818747e+00
4.892034256103611894e-02 1.610178962485579790e+00
4.939621743878321036e-02 1.610274192411099703e+00
4.987672141124663283e-02 1.609965031280186309e+00
5.036189950815770505e-02 1.609855059650838971e+00
5.085179719727656034e-02 1.609743088022647983e+00
5.134646038865306461e-02 1.609629305386297560e+00
5.184593543892913187e-02 1.609512654386770603e+00
5.235026915568305461e-02 1.609395573179716044e+00
5.285950880181603667e-02 1.609274924707082999e+00
5.337370209998133774e-02 1.609152006923830092e+00
5.389289723705643909e-02 1.609027099692550422e+00
5.441714286865893119e-02 1.608899180923419214e+00
5.494648812370611646e-02 1.608768811443434421e+00
5.548098260901916656e-02 1.608635692335618206e+00
5.602067641397187603e-02 1.608500243043956335e+00
5.656562011518465050e-02 1.608362084021752514e+00
5.711586478126431943e-02 1.608221170171532544e+00
5.767146197758996756e-02 1.608077137283617786e+00
5.823246377114527778e-02 1.607930504924385939e+00
5.879892273539785025e-02 1.607780636133293806e+00
5.937089195522609469e-02 1.607628574428604962e+00
5.994842503189409116e-02 1.607474213187867429e+00
6.053157608807464840e-02 1.607315679323075841e+00
6.112039977292132997e-02 1.607156284800070889e+00
6.171495126718981594e-02 1.606992689041455424e+00
6.231528628840921763e-02 1.606825259905121372e+00
6.292146109610344262e-02 1.606654185675153057e+00
6.353353249706343575e-02 1.606481311135219858e+00
6.415155785067082339e-02 1.606304028359805347e+00
6.477559507427335661e-02 1.606123292188400775e+00
6.540570264861225724e-02 1.605938858131614078e+00
6.604193962330305590e-02 1.605750791593725024e+00
6.668436562236895737e-02 1.605560095069634041e+00
6.733304084982863480e-02 1.605364178422397980e+00
6.798802609533814711e-02 1.605165700299099774e+00
6.864938273988777095e-02 1.604960777385317394e+00
6.931717276155408003e-02 1.604753457282661389e+00
6.999145874130821565e-02 1.604544113508631353e+00
7.067230386888070925e-02 1.604329396253481255e+00
7.135977194868306506e-02 1.604110344720774517e+00
7.205392740578704658e-02 1.603886565522565366e+00
7.275483529196229149e-02 1.603660172367992853e+00
7.346256129177256011e-02 1.603427020116837687e+00
7.417717172873124210e-02 1.603193285247175304e+00
7.489873357151664857e-02 1.602950231806897774e+00
7.562731444024800576e-02 1.602704663799126683e+00
7.636298261282241373e-02 1.602452552827512422e+00
7.710580703131336699e-02 1.602199701606848992e+00
7.785585730843146146e-02 1.601939184534659777e+00
7.861320373404813433e-02 1.601673554629606810e+00
7.937791728178281159e-02 1.601403596236761429e+00
8.015006961565404597e-02 1.601129003630212377e+00
8.092973309679550586e-02 1.600849421341841605e+00
8.171698079023696770e-02 1.600563969345297766e+00
8.251188647175167201e-02 1.600270917413202154e+00
8.331452463477014014e-02 1.599974660146803451e+00
8.412497049736118726e-02 1.599671557076634887e+00
8.494330000928071445e-02 1.599363142760900969e+00
8.576958985908941790e-02 1.599048183944274504e+00
8.660391748133952627e-02 1.598727353805490470e+00
8.744636106383144036e-02 1.598399136259123221e+00
8.829699955494091368e-02 1.598066477284998177e+00
8.915591267101763417e-02 1.597728019413885425e+00
9.002318090385581784e-02 1.597382040991102592e+00
9.089888552823731371e-02 1.597028184481610324e+00
9.178310860954806694e-02 1.596668681706424175e+00
9.267593301146882789e-02 1.596302243746812621e+00
9.357744240374062106e-02 1.595928888762232045e+00
9.448772127000577836e-02 1.595548658646122497e+00
9.540685491572513388e-02 1.595160697709359532e+00
9.633492947617222635e-02 1.594765094434293706e+00
9.727203192450542546e-02 1.594362075206671170e+00
9.821825007991856482e-02 1.593951522888289896e+00
9.917367261587073379e-02 1.593532314654526383e+00
1.001383890683960748e-01 1.593107475550437080e+00
1.011124898444945991e-01 1.592672204781421685e+00
1.020960662306047012e-01 1.592231082044468948e+00
1.030892104011576216e-01 1.591778863813312572e+00
1.040920154272158005e-01 1.591319577869221513e+00
1.051045752851944987e-01 1.590851417130807466e+00
1.061269848656690717e-01 1.590373252471655174e+00
1.071593399822671072e-01 1.589886440153743585e+00
1.082017373806478805e-01 1.589390721697907516e+00
1.092542747475682557e-01 1.588886415780364381e+00
1.103170507200377515e-01 1.588370075672161486e+00
1.113901648945616746e-01 1.587845798893963156e+00
1.124737178364751955e-01 1.587309991900083928e+00
1.135678110893671017e-01 1.586765472623108630e+00
1.146725471845963656e-01 1.586210916243686819e+00
1.157880296509002094e-01 1.585645019423757240e+00
1.169143630240966764e-01 1.585067031200574128e+00
1.180516528568804902e-01 1.584481651288369930e+00
1.192000057287153220e-01 1.583880999739184503e+00
1.203595292558212876e-01 1.583271484241283389e+00
1.215303321012602134e-01 1.582651973908976162e+00
1.227125239851190319e-01 1.582032254380894232e+00
1.239062156947916271e-01 1.581432902713573618e+00
1.251115190953615564e-01 1.580717043894233509e+00
1.263285471400849291e-01 1.580048325817490218e+00
1.275574138809759950e-01 1.579366288238442717e+00
1.287982344794950385e-01 1.578670684480893760e+00
1.300511252173409127e-01 1.577961969878313830e+00
1.313162035073478784e-01 1.577239799320971914e+00
1.325935879044890797e-01 1.576505468536865129e+00
1.338833981169864351e-01 1.575758283311105901e+00
1.351857550175293021e-01 1.574991602378152722e+00
1.365007806546013891e-01 1.574214854173918932e+00
1.378285982639189389e-01 1.573424533842253670e+00
1.391693322799789911e-01 1.572618346087399033e+00
1.405231083477211373e-01 1.571797280824690723e+00
1.418900533343016301e-01 1.570961616471931999e+00
1.432702953409830948e-01 1.570108026192005291e+00
1.446639637151387880e-01 1.569241570484306125e+00
1.460711890623745679e-01 1.568355801629309321e+00
1.474921032587684921e-01 1.567454953546646212e+00
1.489268394632288772e-01 1.566537722822256118e+00
1.503755321299738434e-01 1.565602425316902746e+00
1.518383170211306810e-01 1.564651042259459501e+00
1.533153312194593942e-01 1.563681774442795769e+00
1.548067131411984265e-01 1.562692511217159907e+00
1.563126025490369497e-01 1.561711151799979547e+00
1.578331405652117214e-01 1.560661646181303874e+00
1.593684696847328941e-01 1.559619341451685237e+00
1.609187337887370006e-01 1.558556905209907306e+00
1.624840781579713067e-01 1.557475077556888854e+00
1.640646494864078653e-01 1.556373628210815596e+00
1.656605958949914359e-01 1.555252440161758676e+00
1.672720669455196874e-01 1.554110148836183258e+00
1.688992136546599021e-01 1.552947701906804090e+00
1.705421885081006561e-01 1.551761207196378445e+00
1.722011454748421100e-01 1.550554015266017771e+00
1.738762400216251336e-01 1.549324239407151360e+00
1.755676291275001522e-01 1.548090872283772068e+00
1.772754712985387948e-01 1.546800070357223111e+00
1.789999265826875408e-01 1.545505023414069701e+00
1.807411565847668600e-01 1.544184187432734445e+00
1.824993244816152382e-01 1.542839830701804527e+00
1.842745950373816666e-01 1.541471089329750521e+00
1.860671346189656239e-01 1.540078690393225092e+00
1.878771112116086051e-01 1.538658732594535561e+00
1.897046944346358344e-01 1.537215474390540404e+00
1.915500555573527997e-01 1.535744530343058800e+00
1.934133675150944698e-01 1.534246319613352227e+00
1.952948049254327745e-01 1.532725559488405942e+00
1.971945441045395986e-01 1.531176337746431804e+00
1.991127630837108697e-01 1.529650686504804291e+00
2.010496416260497965e-01 1.528060250452461855e+00
2.030053612433137811e-01 1.526358437860201755e+00
2.049801052129238688e-01 1.524694736080619784e+00
2.069740585951406198e-01 1.523000912441584864e+00
2.089874082504071251e-01 1.521278735646373503e+00
2.110203428568595552e-01 1.519525388290664969e+00
2.130730529280097374e-01 1.517740706621001356e+00
2.151457308305980698e-01 1.515926261941553888e+00
2.172385708026215445e-01 1.514073255080434333e+00
2.193517689715359098e-01 1.512198751696357757e+00
2.214855233726360506e-01 1.510286057660166659e+00
2.236400339676138660e-01 1.508341576645401583e+00
2.258155026632983065e-01 1.506362034648118353e+00
2.280121333305757114e-01 1.504349834250334084e+00
2.302301318234963867e-01 1.502300991530448826e+00
2.324697059985647851e-01 1.500213906241653961e+00
2.347310657342196183e-01 1.498094729957740956e+00
2.370144229505012079e-01 1.495940739710160283e+00
2.393199916289123208e-01 1.493745934336548231e+00
2.416479878324700736e-01 1.491514530401390815e+00
2.439986297259550130e-01 1.489248261188326428e+00
2.463721375963552895e-01 1.486940814026484814e+00
2.487687338735107279e-01 1.484594223998602747e+00
2.511886431509580686e-01 1.482208302433561720e+00
2.536320922069775774e-01 1.479783091092999214e+00
2.560993100258459609e-01 1.477315724599399527e+00
2.585905278192945911e-01 1.474807400142698954e+00
2.611059790481781162e-01 1.472257971542251020e+00
2.636458994443517945e-01 1.469666014360766271e+00
2.662105270327638773e-01 1.467032415644122345e+00
2.688001021537606006e-01 1.464352866723170221e+00
2.714148674856106669e-01 1.461628768926190203e+00
2.740550680672460548e-01 1.458861311164735719e+00
2.767209513212268712e-01 1.456049062994336341e+00
2.794127670769268601e-01 1.453190754107121840e+00
2.821307675939472293e-01 1.450285415725984128e+00
2.848752075857552413e-01 1.447334002265460606e+00
2.876463442435557849e-01 1.444333738290216163e+00
2.904444372603925406e-01 1.441286299966578088e+00
2.932697488554852905e-01 1.438190248372952729e+00
2.961225437988035947e-01 1.435043318642081678e+00
2.990030894358785551e-01 1.431847270929089255e+00
3.019116557128577738e-01 1.428602658403245407e+00
3.048485152018017286e-01 1.425306163685645888e+00
3.078139431262288950e-01 1.421955565158801837e+00
3.108082173869063936e-01 1.418556545228985000e+00
3.138316185878944342e-01 1.415101380533339448e+00
3.168844300628416155e-01 1.411591617665860277e+00
3.199669379015380732e-01 1.408033292082557120e+00
3.230794309767249795e-01 1.404417399382406728e+00
3.262222009711669979e-01 1.400746013782110166e+00
3.293955424049855307e-01 1.397020858388788866e+00
3.325997526632606949e-01 1.393238130688415177e+00
3.358351320238990301e-01 1.389397519808570847e+00
3.391019836857747105e-01 1.385502890275743582e+00
3.424006137971423724e-01 1.381549055268535220e+00
3.457313314843284413e-01 1.377535526774937402e+00
3.490944488806992929e-01 1.373466239832167757e+00
3.524902811559130766e-01 1.369335943118589416e+00
3.559191465454557002e-01 1.365143276810515394e+00
3.593813663804627523e-01 1.360885013897908502e+00
3.628772651178337472e-01 1.356580675494698740e+00
3.664071703706370808e-01 1.352209858469065606e+00
3.699714129388128048e-01 1.347795976805110874e+00
3.735703268401719401e-01 1.343277430264105510e+00
3.772042493416999376e-01 1.338717771064228623e+00
3.808735209911614517e-01 1.334103124033519272e+00
3.845784856490158665e-01 1.329410506079315102e+00
3.883194905206404091e-01 1.324660713675697155e+00
3.920968861888690649e-01 1.319844672602128233e+00
3.959110266468458539e-01 1.314965242651417121e+00
3.997622693312000708e-01 1.310020955763563366e+00
4.036509751555413805e-01 1.305011415721386570e+00
4.075775085442840395e-01 1.299938001281075062e+00
4.115422374667966343e-01 1.294795791338852808e+00
4.155455334718875515e-01 1.289586260517820993e+00
4.195877717226225712e-01 1.284311874380178464e+00
4.236693310314835759e-01 1.278971760233416299e+00
4.277905938958687093e-01 1.273563672687924031e+00
4.319519465339363706e-01 1.268086461963441325e+00
4.361537789208005944e-01 1.262544038798588897e+00
4.403964848250754294e-01 1.256935219875930043e+00
4.446804618457780300e-01 1.251256498252995009e+00
4.490061114495874639e-01 1.245505756037250222e+00
4.533738390084691150e-01 1.239692265413061323e+00
4.577840538376618529e-01 1.233810080023528544e+00
4.622371692340384031e-01 1.227858855770428415e+00
4.667336025148346446e-01 1.221838322137478450e+00
4.712737750567601580e-01 1.215750347453880442e+00
4.758581123354846953e-01 1.209594927944131149e+00
4.804870439655131720e-01 1.203372347849499313e+00
4.851610037404442966e-01 1.197080051620680097e+00
4.898804296736250508e-01 1.190728618597663324e+00
4.946457640391963562e-01 1.184292023411193107e+00
4.994574534135413635e-01 1.177795844108045165e+00
5.043159487171361421e-01 1.171235338536452231e+00
5.092217052568053237e-01 1.164603935107220822e+00
5.141751827683928022e-01 1.157906355613638416e+00
5.191768454598426619e-01 1.151145131659409016e+00
5.242271620547044320e-01 1.144319519340969649e+00
5.293266058360561743e-01 1.137420164890256213e+00
5.344756546908600026e-01 1.130459722294210323e+00
5.396747911547442600e-01 1.123435338629914737e+00
5.449245024572260121e-01 1.116346243664359861e+00
5.502252805673685243e-01 1.109191606897699911e+00
5.555776222398878250e-01 1.101973876619569692e+00
5.609820290617031358e-01 1.094697272220287010e+00
5.664390074989449353e-01 1.087353298777339328e+00
5.719490689444144405e-01 1.079951840235733096e+00
5.775127297655114900e-01 1.072489517964117844e+00
5.831305113526221717e-01 1.064963321846418509e+00
5.888029401679826247e-01 1.057383948959253583e+00
5.945305477950136863e-01 1.049741056042022613e+00
6.003138709881384871e-01 1.042045243582901515e+00
6.061534517230839914e-01 1.034289824391261492e+00
6.120498372476699256e-01 1.026478683334037578e+00
6.180035801330957534e-01 1.018616239774091881e+00
6.240152383257209223e-01 1.010697608206230225e+00
6.300853751993553686e-01 1.002725797275507258e+00
6.362145596080520660e-01 9.947058095371700270e-01
6.424033659394193796e-01 9.866354595549110540e-01
6.486523741684461219e-01 9.785126613064504264e-01
6.549621699118558515e-01 9.703464595561466233e-01
6.613333444829840868e-01 9.621320110065268993e-01
6.677664949471955325e-01 9.538706758046789913e-01
6.742622241778342129e-01 9.455692910344239976e-01
6.808211409127237213e-01 9.372221663134717717e-01
6.874438598112112553e-01 9.288374533297756308e-01
6.941310015117725385e-01 9.204115403882501267e-01
7.008831926901714082e-01 9.119430523287606061e-01
7.077010661181889484e-01 9.034424253404844674e-01
7.145852607229240538e-01 8.949127914496164404e-01
7.215364216466665370e-01 8.863434025377493475e-01
7.285552003073593186e-01 8.777323203073323921e-01
7.356422544596413760e-01 8.691126354060387804e-01
7.427982482564918776e-01 8.604532376973911267e-01
7.500238523114668432e-01 8.517708956255372055e-01
7.573197437615483141e-01 8.430600699464957382e-01
7.646866063305975958e-01 8.343279919466368710e-01
7.721251303934327792e-01 8.255727729421025174e-01
7.796360130405233235e-01 8.167976248035651032e-01
7.872199581433195759e-01 8.080094764793872564e-01
7.948776764202123424e-01 7.992025844196545270e-01
8.026098855031396084e-01 7.902972501758744883e-01
8.104173100048355227e-01 7.815261434907283533e-01
8.183006815867394090e-01 7.727054377223685488e-01
8.262607390275591435e-01 7.638560639707272504e-01
8.342982282925082149e-01 7.549997055287502867e-01
8.424139026032094746e-01 7.461000700894889759e-01
8.506085225082840040e-01 7.372769262703005033e-01
8.588828559546254349e-01 7.284123666057482627e-01
8.672376783593644944e-01 7.195530484917896930e-01
8.756737726825394308e-01 7.106947778020153983e-01
8.841919295004664336e-01 7.018444275813493505e-01
8.927929470798307010e-01 6.930136144958594091e-01
9.014776314524917122e-01 6.841674453091233232e-01
9.102467964910225806e-01 6.753029107679382470e-01
9.191012639849772681e-01 6.665308179241663522e-01
9.280418637179072006e-01 6.577470684613929697e-01
9.370694335451198453e-01 6.489755475853065114e-01
9.461848194722002336e-01 6.402273323569105390e-01
9.553888757342895444e-01 6.314920651874045276e-01
9.646824648761427312e-01 6.227828612240059458e-01
9.740664578329562007e-01 6.141024975493676319e-01
9.835417340119908536e-01 6.054478695796275955e-01
9.931091813749796104e-01 5.968271893785684901e-01
1.002769696521346621e+00 5.882350379044966049e-01
1.012524184772224167e+00 5.796783948799009156e-01
1.022373560255302127e+00 5.711538040777307534e-01
1.032318745990486564e+00 5.626703713763289150e-01
1.042360673976402197e+00 5.542265096685318193e-01
1.052500285277732761e+00 5.458224440061391070e-01
1.062738530113414459e+00 5.374596075932724926e-01
1.073076367945679621e+00 5.291435811267583000e-01
1.083514767569973225e+00 5.208755171686256791e-01
1.094054707205742494e+00 5.126510043455171362e-01
1.104697174588111785e+00 5.044822269049551444e-01
1.115443167060441221e+00 4.963605050049732514e-01
1.126293691667795249e+00 4.882930889727765678e-01
1.137249765251314271e+00 4.802574631189121535e-01
1.148312414543511073e+00 4.723248400130536373e-01
1.159482676264482759e+00 4.644167532552238020e-01
1.170761597219069250e+00 4.565848572653938842e-01
1.182150234394952371e+00 4.488053338333125586e-01
1.193649655061713055e+00 4.410890034364033929e-01
1.205260936870842681e+00 4.334350983632352383e-01
1.216985167956738056e+00 4.258366727307499877e-01
1.228823447038673411e+00 4.183203655870073590e-01
1.240776883523764251e+00 4.108586201588886322e-01
1.252846597610937529e+00 4.034739595683605184e-01
1.265033720395903893e+00 3.961554247180816279e-01
1.277339393977160009e+00 3.888966217075173759e-01
1.289764771563017165e+00 3.817262550843687485e-01
1.302311017579677488e+00 3.745707911319772210e-01
1.314979307780347773e+00 3.675897756179609677e-01
1.327770829355430449e+00 3.606293434154277389e-01
1.340686781043774811e+00 3.537461306047138820e-01
1.353728373245021821e+00 3.469364850678317569e-01
1.366896828133026487e+00 3.402073702372891417e-01
1.380193379770397355e+00 3.335531264033168020e-01
1.393619274224142002e+00 3.269757252376351842e-01
1.407175769682446731e+00 3.204761269238058929e-01
1.420864136572576708e+00 3.140566564603400890e-01
1.434685657679937831e+00 3.077165708726332105e-01
1.448641628268290127e+00 3.014548544355638016e-01
1.462733356201129986e+00 2.952749715024560739e-01
1.476962162064259898e+00 2.891732705752660948e-01
1.491329379289537682e+00 2.831544620382463462e-01
1.505836354279841416e+00 2.772168747095710706e-01
1.520484446535244283e+00 2.713602098205575852e-01
1.535275028780422657e+00 2.655841316428161902e-01
1.550209487093291205e+00 2.599045679369660911e-01
1.565289221034902312e+00 2.542691186816424809e-01
1.580515643780601165e+00 2.487046461066445002e-01
1.595890182252465817e+00 2.432981583361421285e-01
1.611414277253019778e+00 2.379317871995964284e-01
1.627089383600260675e+00 2.326462682511288016e-01
1.642916970263993193e+00 2.274078594098049577e-01
1.658898520503498064e+00 2.223202299325652553e-01
1.675035532006524441e+00 2.172787473679270442e-01
1.691329517029648732e+00 2.122879491079993353e-01
1.707782002539993016e+00 2.074383705147507528e-01
1.724394530358320354e+00 2.026057547472292220e-01
1.741168657303530987e+00 1.979203748968423882e-01
1.758105955338547632e+00 1.932808847163182964e-01
1.775208011717636092e+00 1.887201596760153255e-01
1.792476429135148930e+00 1.842387316120449869e-01
1.809912825875727105e+00 1.798184330939280040e-01
1.827518835965944666e+00 1.755102499053602383e-01
1.845296109327445366e+00 1.712556541176863678e-01
1.863246311931559873e+00 1.670918354694712338e-01
1.881371125955437096e+00 1.629751034449322955e-01
1.899672249939675650e+00 1.589790397474871997e-01
1.918151398947507635e+00 1.550351800010070225e-01
1.936810304725519849e+00 1.511683444519118513e-01
1.955650715865949074e+00 1.473659377232761358e-01
1.974674397970537454e+00 1.436494505669380362e-01
1.993883133816001019e+00 1.399985016379028946e-01
2.013278723521096492e+00 1.364205449253624580e-01
2.032862984715323673e+00 1.329137587162892153e-01
2.052637752709252084e+00 1.294770899510026552e-01
2.072604880666519822e+00 1.261105086229343530e-01
2.092766239777499759e+00 1.228117429566548402e-01
2.113123719434652603e+00 1.195805544310570984e-01
2.133679227409597701e+00 1.164178749563986731e-01
2.154434690031884259e+00 1.133212251616164679e-01
2.175392052369522489e+00 1.102907144613186619e-01
2.196553278411258248e+00 1.073229477041336283e-01
2.217920351250634692e+00 1.044106980761635439e-01
2.239495273271823184e+00 1.015801999583858944e-01
2.261280066337279404e+00 9.880232087026113996e-02
2.283276771977218012e+00 9.608322884814810005e-02
2.305487451580938707e+00 9.342658583309942921e-02
2.327914186589993051e+00 9.083351759531034519e-02
2.350559078693253756e+00 8.829348918141437241e-02
2.373424250023866033e+00 8.581350093675069179e-02
2.396511843358130278e+00 8.339012591152429599e-02
2.419824022316292567e+00 8.102597715379268595e-02
2.443362971565319341e+00 7.871391985378430045e-02
2.467130897023623426e+00 7.645554305693873232e-02
2.491130026067788439e+00 7.425527934835490784e-02
2.515362607741312928e+00 7.209942824624550328e-02
2.539830912965362675e+00 6.999513993767385311e-02
2.564537234751594674e+00 6.795130147696676337e-02
2.589483888417040802e+00 6.594982749573598257e-02
2.614673211801092023e+00 6.399912121875490911e-02
2.640107565484572927e+00 6.209472617529460808e-02
2.665789333010967876e+00 6.024105182478032422e-02
2.691720921109787668e+00 5.841086148385337545e-02
2.717904759922122881e+00 5.666845253760296325e-02
2.744343303228365283e+00 5.494950019399009317e-02
2.771039028678170535e+00 5.327383837955471102e-02
2.797994438022641805e+00 5.164235729792789747e-02
2.825212057348790218e+00 5.005118741237046809e-02
2.852694437316245057e+00 4.850202353506161135e-02
2.880444153396297668e+00 4.699265264083839905e-02
2.908463806113254169e+00 4.552749563393720944e-02
2.936756021288137397e+00 4.409742018692994897e-02
2.965323450284773621e+00 4.270584862277157501e-02
2.994168770258243573e+00 4.135161759247996810e-02
3.023294684405779531e+00 4.003519656371329338e-02
3.052703922220086241e+00 3.875174229467272941e-02
3.082399239745143404e+00 3.750494574258465830e-02
3.112383419834465759e+00 3.629167058361103954e-02
3.142659272411905569e+00 3.511323926243949123e-02
3.173229634734976212e+00 3.396633097564624726e-02
3.204097371660752813e+00 3.285120969680976888e-02
3.235265375914330388e+00 3.176699495999377870e-02
3.266736568359921655e+00 3.071520049510542347e-02
3.298513898274578082e+00 2.969206908656876406e-02
3.330600343624588788e+00 2.869882904839471394e-02
3.362998911344535991e+00 2.772897113603628449e-02
3.395712637619100693e+00 2.679657566986316103e-02
3.428744588167585317e+00 2.588668829272538358e-02
3.462097858531227423e+00 2.500324339110401514e-02
3.495775574363275240e+00 2.414526912324499452e-02
3.529780891721914671e+00 2.331364208758616302e-02
3.564116997366032269e+00 2.250625398153530132e-02
3.598787109053855460e+00 2.172334213104402598e-02
3.633794475844513094e+00 2.096315149670390648e-02
3.669142378402494131e+00 2.022626130925107152e-02
3.704834129305105694e+00 1.951083467643192557e-02
3.740873073352900313e+00 1.881901902225204676e-02
3.777262587883141176e+00 1.814754442658600767e-02
3.814006083086284082e+00 1.749599456852745857e-02
3.851107002325572903e+00 1.686614344271203381e-02
3.888568822459721019e+00 1.625518359375527702e-02
3.926395054168756449e+00 1.566336937905304927e-02
3.964589242282997805e+00 1.509015762372420758e-02
4.003154966115265445e+00 1.453520732105374573e-02
4.042095839796306045e+00 1.399777198136620271e-02
4.081415512613501662e+00 1.347760202375769892e-02
4.121117669352832635e+00 1.297419961033025558e-02
4.161206030644208020e+00 1.248696319076777680e-02
4.201684353310133346e+00 1.201594749347658156e-02
4.242556430717777438e+00 1.155967835530294363e-02
4.283826093134470270e+00 1.111863828544098175e-02
4.325497208086633627e+00 1.069255958269965147e-02
4.367573680722233398e+00 1.028019124329985698e-02
4.410059454176736615e+00 9.879385802468587316e-03
4.452958509942654963e+00 9.495885361332235750e-03
4.496274868242640110e+00 9.125176408588722352e-03
4.540012588406244554e+00 8.764372897629714790e-03
4.584175769250333765e+00 8.417846720578046546e-03
4.628768549463215365e+00 8.081850902497604225e-03
4.673795107992464004e+00 7.759043845516452181e-03
4.719259664436561863e+00 7.446290330089578441e-03
4.765166479440326341e+00 7.144779023262123538e-03
4.811519855094205766e+00 6.853359247354600184e-03
4.858324135337417360e+00 6.572499926229981478e-03
4.905583706365050922e+00 6.302083417400656563e-03
4.953302997039108924e+00 6.040391450719174646e-03
5.001486479303548727e+00 5.788968248428144614e-03
5.050138668603383785e+00 5.546266866832101974e-03
5.099264124307808288e+00 5.311673023582947489e-03
5.148867450137498025e+00 5.086118317071314232e-03
5.198953294596024399e+00 4.869076059805460890e-03
5.249526351405507718e+00 4.659707626364514854e-03
5.300591359946452030e+00 4.458140195259669737e-03
5.352153105701904501e+00 4.264230073556946922e-03
5.404216420705915347e+00 4.077521294428589765e-03
5.456786183996381823e+00 3.897851680175091517e-03
5.509867322072253160e+00 3.724963599533724721e-03
5.563464809355226137e+00 3.558669384010474009e-03
5.617583668655908191e+00 3.398783991020875445e-03
5.672228971644543094e+00 3.245149915972862353e-03
5.727405839326266346e+00 3.097546578394750130e-03
5.783119442521027054e+00 2.955415679929154077e-03
5.839375002348160315e+00 2.819040160138921308e-03
5.896177790715694478e+00 2.688028865970039458e-03
5.953533130814370189e+00 2.562275199837587593e-03
6.011446397616513337e+00 2.441532215859296747e-03
6.069923018379741464e+00 2.325745733654017901e-03
6.128968473155564034e+00 2.214522359717684477e-03
6.188588295302960063e+00 2.107717722581131051e-03
6.248788072006894012e+00 2.005745578829419042e-03
6.309573444801936049e+00 1.907638291552742147e-03
6.370950110100935149e+00 1.813717321639820093e-03
6.432923819728876502e+00 1.723758078705957481e-03
6.495500381461869033e+00 1.637573162047932171e-03
6.558685659571435345e+00 1.555038857250438510e-03
6.622485575374063238e+00 1.476104419768035003e-03
6.686906107786136921e+00 1.400530492940442679e-03
6.751953293884205287e+00 1.328254815939674399e-03
6.817633229470763112e+00 1.259124366938057984e-03
6.883952069645496330e+00 1.193046237419490441e-03
6.950916029382126382e+00 1.129951616118343542e-03
7.018531384110795912e+00 1.069640022227126780e-03
7.086804470306189430e+00 1.012070657443245791e-03
7.155741686081340980e+00 9.571005341053501246e-04
7.225349491787214085e+00 9.046882705321392885e-04
7.295634410618154320e+00 8.546816916481000514e-04
7.366603029223159460e+00 8.069928101423407734e-04
7.438261998323163482e+00 7.615480113523714293e-04
7.510618033334286459e+00 7.182685082333399498e-04
7.583677914997190683e+00 6.770530761769690811e-04
7.657448490012479958e+00 6.378202710838093599e-04
7.731936671682362316e+00 6.004983461671291236e-04
7.807149440558499798e+00 5.650076750222279669e-04
7.883093845096216690e+00 5.312702206086327350e-04
7.959777002314985417e+00 4.992244673130055016e-04
8.037206098465421888e+00 4.687965531449615319e-04
8.115388389702712146e+00 4.399158159859209547e-04
8.194331202766655053e+00 4.125227343146846523e-04
8.274041935668218883e+00 3.865494937815928999e-04
8.354528058382872047e+00 3.619535429273243910e-04
8.435797113550611570e+00 3.386309266185183811e-04
8.517856717182803905e+00 3.165754266558066425e-04
8.600714559375941093e+00 2.957111597792241278e-04
8.684378405032257220e+00 2.759875917440366908e-04
8.768856094587436090e+00 2.573558856623539125e-04
8.854155544745349715e+00 2.397650777575245596e-04
8.940284749219998162e+00 2.231675315059863853e-04
9.027251779484577909e+00 2.075257111186930813e-04
9.115064785527916769e+00 1.927912225475217974e-04
9.203731996618220279e+00 1.789093307887127911e-04
9.293261722074316111e+00 1.658618258352010353e-04
9.383662352044273902e+00 1.535893131523536400e-04
9.474942358291729150e+00 1.420669952594346178e-04
9.567110294989774388e+00 1.312556685752361242e-04
9.660174799522645017e+00 1.211193164229895257e-04
9.754144593295098531e+00 1.116272050313195797e-04
9.849028482549766039e+00 1.027425795511177896e-04
9.944835359192397917e+00 9.443831496385964638e-05
1.004157420162519543e+01 8.668175822870451922e-05
1.013925407558815373e+01 7.944584442929686829e-05
1.023788413500867378e+01 7.270426127469934536e-05
1.033747362285940774e+01 6.642975650457358134e-05
1.043803187202444072e+01 6.059478884624586913e-05
1.053956830617394580e+01 5.517750959912952026e-05
1.064209244064724658e+01 5.015288731941961755e-05
1.074561388334458023e+01 4.550295457308669873e-05
1.085014233562746178e+01 4.120167628357579881e-05
1.095568759322787855e+01 3.722971924489257902e-05
1.106225954716621906e+01 3.356840631227464572e-05
1.116986818467823817e+01 3.020140062854868800e-05
1.127852359015096795e+01 2.710590239034604975e-05
1.138823594606782130e+01 2.426444741437916623e-05
1.149901553396274245e+01 2.166722783624840725e-05
1.161087273538378994e+01 1.929319961542213261e-05
1.172381803286598512e+01 1.712917182111321993e-05
1.183786201091373513e+01 1.516018769426448918e-05
1.195301535699265827e+01 1.337443938141364752e-05
1.206928886253119870e+01 1.175727087819438950e-05
1.218669342393191712e+01 1.029833374592718604e-05
1.230524004359261525e+01 8.985213704983184723e-06
1.242493983093746479e+01 7.806862242003642871e-06
1.254580400345803248e+01 6.752617376511227453e-06
1.266784388776455827e+01 5.811958654288450028e-06
1.279107092064739781e+01 4.977240382421686586e-06
1.291549665014884063e+01 4.238088604996992381e-06
1.304113273664525430e+01 3.588610131700515567e-06
1.316799095393986185e+01 3.018010878647319538e-06
1.329608319036608854e+01 2.520494233637199158e-06
1.342542144990170527e+01 2.088991959271973365e-06
1.355601785329368880e+01 1.717297796383473101e-06
1.368788463919415221e+01 1.398308317598377123e-06
1.382103416530724438e+01 1.127139261502948668e-06
1.395547890954729020e+01 8.981864860800196619e-07
1.409123147120805619e+01 7.071042691208027799e-07
1.422830457214353395e+01 5.489157137101322872e-07
1.436671105796013137e+01 4.190591227958609206e-07
1.450646389922046886e+01 3.142141574369048857e-07
1.464757619265895272e+01 2.307665166563170824e-07
1.479006116240903168e+01 1.653654360775025539e-07
1.493393216124253264e+01 1.144186313323757668e-07
1.507920267182097263e+01 7.680079398083031543e-08
1.522588630795911513e+01 4.940129584132374487e-08
1.537399681590069456e+01 2.990443304270314290e-08
1.552354807560667105e+01 1.718973609468705928e-08
1.567455410205595001e+01 9.067548264382059900e-09
1.582702904655883280e+01 4.251372524470251565e-09
1.598098719808309376e+01 1.681092274645149168e-09
1.613644298459311699e+01 5.067765315904850268e-10
1.629341097440194730e+01 9.219515831889725345e-11
1.645190587753662470e+01 0.000000000000000000e+00
