1.000000000000000021e-02 1.880785792666288758e+00
1.009727545900835841e-02 1.880781886278285242e+00
1.019549716950923779e-02 1.880777893793745381e+00
1.029467433620748044e-02 1.880773831502443372e+00
1.039481625334708927e-02 1.880769850267156817e+00
1.049593230558227772e-02 1.880765781758191757e+00
1.059803196885688789e-02 1.880761612140104511e+00
1.070112481129246833e-02 1.880757348578288690e+00
1.080522049408488318e-02 1.880753001517676548e+00
1.091032877240974419e-02 1.880744225708338879e+00
1.101645949633656314e-02 1.880739660280003500e+00
1.112362261175187626e-02 1.880739316753753387e+00
1.123182816129126085e-02 1.880734528657484361e+00
1.134108628528052165e-02 1.880729631006376357e+00
1.145140722268592030e-02 1.880724616861998433e+00
1.156280131207376022e-02 1.880719497827250342e+00
1.167527899257919492e-02 1.880714263003542719e+00
1.178885080488457221e-02 1.880708913645468217e+00
1.190352739220719262e-02 1.880703453202638986e+00
1.201931950129673729e-02 1.880697896908437139e+00
1.213623798344241195e-02 1.880692189731660191e+00
1.225429379548980714e-02 1.880686353839250202e+00
1.237349800086776086e-02 1.880680400160284593e+00
1.249386177062509519e-02 1.880674381157449337e+00
1.261539638447754796e-02 1.880668130567068719e+00
1.273811323186478488e-02 1.880661860809190511e+00
1.286202381301779218e-02 1.880655492337397927e+00
1.298713974003655978e-02 1.880648940120053902e+00
1.311347273797833224e-02 1.880642293354941375e+00
1.324103464595636874e-02 1.880635576409418919e+00
1.336983741824946531e-02 1.880626444174018808e+00
1.349989312542219239e-02 1.880619641737274250e+00
1.363121395545611320e-02 1.880612709147166051e+00
1.376381221489191876e-02 1.880605631621462770e+00
1.389770032998276401e-02 1.880598380810389214e+00
1.403289084785873213e-02 1.880592276058402401e+00
1.416939643770268736e-02 1.880584524419125936e+00
1.430722989193757184e-02 1.880576606551126462e+00
1.444640412742520530e-02 1.880568493426742371e+00
1.458693218667675602e-02 1.880560161743892511e+00
1.472882723907502529e-02 1.880551642980774929e+00
1.487210258210860774e-02 1.880543102152073986e+00
1.501677164261799868e-02 1.880534163485523713e+00
1.516284797805393485e-02 1.880525039359489226e+00
1.531034527774784160e-02 1.880515730212987346e+00
1.545927736419477720e-02 1.880506205992720448e+00
1.560965819434872483e-02 1.880496453326710338e+00
1.576150186093060873e-02 1.880486481439436863e+00
1.591482259374891323e-02 1.880476288830307041e+00
1.606963476103326349e-02 1.880465902969240100e+00
1.622595287078087284e-02 1.880455335895280911e+00
1.638379157211618947e-02 1.880445299861764896e+00
1.654316565666366645e-02 1.880434480310626100e+00
1.670409005993399310e-02 1.880422272935478700e+00
1.686657986272368723e-02 1.880410677406135544e+00
1.703065029252844378e-02 1.880398889681191399e+00
1.719631672497009753e-02 1.880388625136381053e+00
1.736359468523754335e-02 1.880374626382950609e+00
1.753249984954170088e-02 1.880362094928663241e+00
1.770304804658450262e-02 1.880349409485776668e+00
1.787525525904235316e-02 1.880336735864557962e+00
1.804913762506383731e-02 1.880323846911697627e+00
1.822471143978214581e-02 1.880310658673803426e+00
1.840199315684210371e-02 1.880299429909946918e+00
1.858099938994215231e-02 1.880283434838788459e+00
1.876174691439120440e-02 1.880269482010337834e+00
1.894425266868081034e-02 1.880255135854306481e+00
1.912853375607242307e-02 1.880240665243071430e+00
1.931460744620030340e-02 1.880226988473135297e+00
1.950249117668984011e-02 1.880215824829346349e+00
1.969220255479172538e-02 1.880199467212559483e+00
1.988375935903200636e-02 1.880184817184341162e+00
2.007717954087816226e-02 1.880167190359196328e+00
2.027248122642137662e-02 1.880150867358435951e+00
2.046968271807520987e-02 1.880134200779074893e+00
2.066880249629082095e-02 1.880117152467817521e+00
2.086985922128879734e-02 1.880099958632935442e+00
2.107287173480786382e-02 1.880082559824749477e+00
2.127785906187062287e-02 1.880064855001738477e+00
2.148484041256648255e-02 1.880046784982803754e+00
2.169383518385184506e-02 1.880028407401996837e+00
2.190486296136792688e-02 1.880009571341038743e+00
2.211794352127614133e-02 1.879990282014933456e+00
2.233309683211144592e-02 1.879970555448710279e+00
2.255034305665360936e-02 1.879950358551779832e+00
2.276970255381680075e-02 1.879929789742097013e+00
2.299119588055741764e-02 1.879908976104890383e+00
2.321484379380064564e-02 1.879887688937487589e+00
2.344066725238556220e-02 1.879865967072173571e+00
2.366868741902936057e-02 1.879843833693393140e+00
2.389892566231050300e-02 1.879821274786626750e+00
2.413140355867127856e-02 1.879798412792956563e+00
2.436614289443983158e-02 1.879775072682191350e+00
2.460316566787181664e-02 1.879751458363188021e+00
2.484249409121190577e-02 1.879727381474185277e+00
2.508415059277539771e-02 1.879702780963597775e+00
2.532815781905008515e-02 1.879677607771064851e+00
2.557453863681850847e-02 1.879651953553940880e+00
2.582331613530085626e-02 1.879625759342330227e+00
2.607451362831877603e-02 1.879598962270824458e+00
2.632815465648021339e-02 1.879571607829797708e+00
2.658426298938541474e-02 1.879549043013754028e+00
2.684286262785454819e-02 1.879520548576711692e+00
2.710397780617682106e-02 1.879491679146605199e+00
2.736763299438163891e-02 1.879462136468901479e+00
2.763385290053169824e-02 1.879432011323848739e+00
2.790266247303856487e-02 1.879401264397103866e+00
2.817408690300057458e-02 1.879370231725567164e+00
2.844815162656363222e-02 1.879338541420552566e+00
2.872488232730495070e-02 1.879306181947391297e+00
2.900430493863991738e-02 1.879273089817486531e+00
2.928644564625237229e-02 1.879239193235689331e+00
2.957133089054861039e-02 1.879204603165874898e+00
2.985898736913520854e-02 1.879169208771274580e+00
3.014944203932094433e-02 1.879133305547974642e+00
3.044272212064302874e-02 1.879095780401296878e+00
3.073885509741795460e-02 1.879058167689910741e+00
3.103786872131722788e-02 1.879019902049057889e+00
3.133979101396793671e-02 1.878980628065765490e+00
3.164465026957891114e-02 1.878940618646909755e+00
3.195247505759213347e-02 1.878899844873895386e+00
3.226329422536015901e-02 1.878858596425492467e+00
3.257713690084949876e-02 1.878816424214751146e+00
3.289403249537032475e-02 1.878773448131272783e+00
3.321401070633261954e-02 1.878729894252212596e+00
3.353710152002930406e-02 1.878685473868050959e+00
3.386333521444636480e-02 1.878640214238595174e+00
3.419274236210027851e-02 1.878594248694654967e+00
3.452535383290306070e-02 1.878547400283326896e+00
3.486120079705520153e-02 1.878503122864558561e+00
3.520031472796678745e-02 1.878451213973650669e+00
3.554272740520694751e-02 1.878402191670645482e+00
3.588847091748199186e-02 1.878352084982158443e+00
3.623757766564258964e-02 1.878300752983642630e+00
3.659008036572020811e-02 1.878248528991242283e+00
3.694601205199302130e-02 1.878195606339398749e+00
3.730540608008161424e-02 1.878142132392383923e+00
3.766829613007490613e-02 1.878086333191921087e+00
3.803471620968648659e-02 1.878029828480854757e+00
3.840470065744145539e-02 1.877972523749805278e+00
3.877828414589457040e-02 1.877914072510596721e+00
3.915550168487941241e-02 1.877854323593170394e+00
3.953638862478930927e-02 1.877793416975016116e+00
3.992098065989020672e-02 1.877730829614688624e+00
4.030931383166566628e-02 1.877667348296356176e+00
4.070142453219438572e-02 1.877602954909320276e+00
4.109734950756069316e-02 1.877536711376588840e+00
4.149712586129815362e-02 1.877468899650601042e+00
4.190079105786669034e-02 1.877398685683742574e+00
4.230838292616342228e-02 1.877328292107155239e+00
4.271993966306778662e-02 1.877258152306691130e+00
4.313549983702118923e-02 1.877184913229849039e+00
4.355510239164130798e-02 1.877110293551301323e+00
4.397878664937160398e-02 1.877034440565538365e+00
4.440659231516640160e-02 1.876956854134950614e+00
4.483855948021186338e-02 1.876877439639003997e+00
4.527472862568297785e-02 1.876796268707220161e+00
4.571514062653719151e-02 1.876713236081723579e+00
4.615983675534499064e-02 1.876629237465464284e+00
4.660885868615767536e-02 1.876543570193151877e+00
4.706224849841281199e-02 1.876456161336224504e+00
4.752004868087766204e-02 1.876367318419721597e+00
4.798230213563085128e-02 1.876276818885614928e+00
4.844905218208294534e-02 1.876184619049879210e+00
4.892034256103611894e-02 1.876094898345217699e+00
4.939621743878321036e-02 1.875999708885731199e+00
4.987672141124663283e-02 1.875903109288176385e+00
5.036189950815770505e-02 1.875803765391167222e+00
5.085179719727656034e-02 1.875702456804099860e+00
5.134646038865306461e-02 1.875595479492897066e+00
5.184593543892913187e-02 1.875492232212480515e+00
5.235026915568305461e-02 1.875382993524330910e+00
5.285950880181603667e-02 1.875274602770035992e+00
5.337370209998133774e-02 1.875161835332005866e+00
5.389289723705643909e-02 1.875047950525301266e+00
5.441714286865893119e-02 1.874931687004569802e+00
5.494648812370611646e-02 1.874812843796108242e+00
5.548098260901916656e-02 1.874690690189684927e+00
5.602067641397187603e-02 1.874569260647028113e+00
5.656562011518465050e-02 1.874444152227101368e+00
5.711586478126431943e-02 1.874317152414013421e+00
5.767146197758996756e-02 1.874187783377408545e+00
5.823246377114527778e-02 1.874055383165897926e+00
5.879892273539785025e-02 1.873920878138324086e+00
5.937089195522609469e-02 1.873784034831943446e+00
5.994842503189409116e-02 1.873642115945311826e+00
6.053157608807464840e-02 1.873499610166763363e+00
6.112039977292132997e-02 1.873352659039870804e+00
6.171495126718981594e-02 1.873203582306850690e+00
6.231528628840921763e-02 1.873051006714605338e+00
6.292146109610344262e-02 1.872895409444776504e+00
6.353353249706343575e-02 1.872736410224593362e+00
6.415155785067082339e-02 1.872574459099268340e+00
6.477559507427335661e-02 1.872412105245071512e+00
6.540570264861225724e-02 1.872245241168339236e+00
6.604193962330305590e-02 1.872075659873998710e+00
6.668436562236895737e-02 1.871902491053734519e+00
6.733304084982863480e-02 1.871725743623624094e+00
6.798802609533814711e-02 1.871545061511359576e+00
6.864938273988777095e-02 1.871361337873722164e+00
6.931717276155408003e-02 1.871173852459508957e+00
6.999145874130821565e-02 1.870982915521194112e+00
7.067230386888070925e-02 1.870787806548374510e+00
7.135977194868306506e-02 1.870588971716923954e+00
7.205392740578704658e-02 1.870387883717970379e+00
7.275483529196229149e-02 1.870178831783496864e+00
7.346256129177256011e-02 1.869965908513447683e+00
7.417717172873124210e-02 1.869753027433502135e+00
7.489873357151664857e-02 1.869534134297316630e+00
7.562731444024800576e-02 1.869311930978246883e+00
7.636298261282241373e-02 1.869084835023541835e+00
7.710580703131336699e-02 1.868852540761837266e+00
7.785585730843146146e-02 1.868618823187187639e+00
7.861320373404813433e-02 1.868377374610410868e+00
7.937791728178281159e-02 1.868131415835670328e+00
8.015006961565404597e-02 1.867880450464512787e+00
8.092973309679550586e-02 1.867624948636615212e+00
8.171698079023696770e-02 1.867364814193519518e+00
8.251188647175167201e-02 1.867099716644089025e+00
8.331452463477014014e-02 1.866829886302051600e+00
8.412497049736118726e-02 1.866558837744977328e+00
8.494330000928071445e-02 1.866278666485301274e+00
8.576958985908941790e-02 1.865993044520140698e+00
8.660391748133952627e-02 1.865702200962831236e+00
8.744636106383144036e-02 1.865405617932456739e+00
8.829699955494091368e-02 1.865101883747382283e+00
8.915591267101763417e-02 1.864793287806308042e+00
9.002318090385581784e-02 1.864479105688211957e+00
9.089888552823731371e-02 1.864160471780468731e+00
9.178310860954806694e-02 1.863834454234941207e+00
9.267593301146882789e-02 1.863500704174589462e+00
9.357744240374062106e-02 1.863157391518564410e+00
9.448772127000577836e-02 1.862812929879188673e+00
9.540685491572513388e-02 1.862459493082949669e+00
9.633492947617222635e-02 1.862103023096357779e+00
9.727203192450542546e-02 1.861735775374549817e+00
9.821825007991856482e-02 1.861361024872373093e+00
9.917367261587073379e-02 1.860978606424693815e+00
1.001383890683960748e-01 1.860590576195208179e+00
1.011124898444945991e-01 1.860200453330362436e+00
1.020960662306047012e-01 1.859794741700466103e+00
1.030892104011576216e-01 1.859384830957721668e+00
1.040920154272158005e-01 1.858967764598769223e+00
1.051045752851944987e-01 1.858543720464879145e+00
1.061269848656690717e-01 1.858110992115762139e+00
1.071593399822671072e-01 1.857668421523736457e+00
1.082017373806478805e-01 1.857217920465485728e+00
1.092542747475682557e-01 1.856755810428663223e+00
1.103170507200377515e-01 1.856286754801054206e+00
1.113901648945616746e-01 1.855811676180649128e+00
1.124737178364751955e-01 1.855325856752620073e+00
1.135678110893671017e-01 1.854830201356515662e+00
1.146725471845963656e-01 1.854323939805273103e+00
1.157880296509002094e-01 1.853808922944354620e+00
1.169143630240966764e-01 1.853284154596245292e+00
1.180516528568804902e-01 1.852749429428225625e+00
1.192000057287153220e-01 1.852204358419811570e+00
1.203595292558212876e-01 1.851648945043362193e+00
1.215303321012602134e-01 1.851084218257522451e+00
1.227125239851190319e-01 1.850509544130342965e+00
1.239062156947916271e-01 1.849921356300606945e+00
1.251115190953615564e-01 1.849322032201490495e+00
1.263285471400849291e-01 1.848713263282909969e+00
1.275574138809759950e-01 1.848093325077373006e+00
1.287982344794950385e-01 1.847460055843845206e+00
1.300511252173409127e-01 1.846813234641876633e+00
1.313162035073478784e-01 1.846158015920344564e+00
1.325935879044890797e-01 1.845489413303508464e+00
1.338833981169864351e-01 1.844808563186588701e+00
1.351857550175293021e-01 1.844113855169712046e+00
1.365007806546013891e-01 1.843405425574859313e+00
1.378285982639189389e-01 1.842682298362192439e+00
1.391693322799789911e-01 1.841945229739480272e+00
1.405231083477211373e-01 1.841194657237834154e+00
1.418900533343016301e-01 1.840431851665604412e+00
1.432702953409830948e-01 1.839656457391041444e+00
1.446639637151387880e-01 1.838865608457981971e+00
1.460711890623745679e-01 1.838062336652994233e+00
1.474921032587684921e-01 1.837240996503030743e+00
1.489268394632288772e-01 1.836404019596302284e+00
1.503755321299738434e-01 1.835550294618441880e+00
1.518383170211306810e-01 1.834681399314253891e+00
1.533153312194593942e-01 1.833797472071802659e+00
1.548067131411984265e-01 1.832895802777922301e+00
1.563126025490369497e-01 1.831976577083991309e+00
1.578331405652117214e-01 1.831042026245258025e+00
1.593684696847328941e-01 1.830090074532065625e+00
1.609187337887370006e-01 1.829120387508828216e+00
1.624840781579713067e-01 1.828131566834266808e+00
1.640646494864078653e-01 1.827124153096255643e+00
1.656605958949914359e-01 1.826098059276079599e+00
1.672720669455196874e-01 1.825054571738319975e+00
1.688992136546599021e-01 1.823992214307865956e+00
1.705421885081006561e-01 1.822909491642997759e+00
1.722011454748421100e-01 1.821805887175749650e+00
1.738762400216251336e-01 1.820680544513731292e+00
1.755676291275001522e-01 1.819536355839476149e+00
1.772754712985387948e-01 1.818372367809106160e+00
1.789999265826875408e-01 1.817187988901903806e+00
1.807411565847668600e-01 1.815979999087479868e+00
1.824993244816152382e-01 1.814749597618454446e+00
1.842745950373816666e-01 1.813497040792158010e+00
1.860671346189656239e-01 1.812218957267951902e+00
1.878771112116086051e-01 1.810920783383357380e+00
1.897046944346358344e-01 1.809599282674244192e+00
1.915500555573527997e-01 1.808253971053300546e+00
1.934133675150944698e-01 1.806884028635830086e+00
1.952948049254327745e-01 1.805490614921711146e+00
1.971945441045395986e-01 1.804067360653314855e+00
1.991127630837108697e-01 1.802618638669791551e+00
2.010496416260497965e-01 1.801149167177169108e+00
2.030053612433137811e-01 1.799648287327886065e+00
2.049801052129238688e-01 1.798122425373167577e+00
2.069740585951406198e-01 1.796567743592537569e+00
2.089874082504071251e-01 1.794985132812391360e+00
2.110203428568595552e-01 1.793375831302153278e+00
2.130730529280097374e-01 1.791738877317044176e+00
2.151457308305980698e-01 1.790071956886223781e+00
2.172385708026215445e-01 1.788374936303823493e+00
2.193517689715359098e-01 1.786648198128394593e+00
2.214855233726360506e-01 1.784889914314696790e+00
2.236400339676138660e-01 1.783099015314060010e+00
2.258155026632983065e-01 1.781278154780153944e+00
2.280121333305757114e-01 1.779425813310569815e+00
2.302301318234963867e-01 1.777541877553830751e+00
2.324697059985647851e-01 1.775624778616235799e+00
2.347310657342196183e-01 1.773672617088674963e+00
2.370144229505012079e-01 1.771686501707431471e+00
2.393199916289123208e-01 1.769664274379623814e+00
2.416479878324700736e-01 1.767606802703674207e+00
2.439986297259550130e-01 1.765517630460887721e+00
2.463721375963552895e-01 1.763390868935851286e+00
2.487687338735107279e-01 1.761227078469264296e+00
2.511886431509580686e-01 1.759021844972621818e+00
2.536320922069775774e-01 1.756783216709009610e+00
2.560993100258459609e-01 1.754503413588300642e+00
2.585905278192945911e-01 1.752185954454668293e+00
2.611059790481781162e-01 1.749834608964579541e+00
2.636458994443517945e-01 1.747437901847364028e+00
2.662105270327638773e-01 1.744996335570610402e+00
2.688001021537606006e-01 1.742518738706090975e+00
2.714148674856106669e-01 1.739997446774110168e+00
2.740550680672460548e-01 1.737438717724779647e+00
2.767209513212268712e-01 1.734831224521938164e+00
2.794127670769268601e-01 1.732175962339580488e+00
2.821307675939472293e-01 1.729488650081273615e+00
2.848752075857552413e-01 1.726752611621048983e+00
2.876463442435557849e-01 1.723967823790934828e+00
2.904444372603925406e-01 1.721136174893328263e+00
2.932697488554852905e-01 1.718260288450403683e+00
2.961225437988035947e-01 1.715338357687252957e+00
2.990030894358785551e-01 1.712368158653035932e+00
3.019116557128577738e-01 1.709346632739970895e+00
3.048485152018017286e-01 1.706279310643186831e+00
3.078139431262288950e-01 1.703161639611368017e+00
3.108082173869063936e-01 1.699995611788636118e+00
3.138316185878944342e-01 1.696776674849620470e+00
3.168844300628416155e-01 1.693505856329345027e+00
3.199669379015380732e-01 1.690183158241800987e+00
3.230794309767249795e-01 1.686807049456671592e+00
3.262222009711669979e-01 1.683379751934623414e+00
3.293955424049855307e-01 1.679902188756940307e+00
3.325997526632606949e-01 1.676363852816320721e+00
3.358351320238990301e-01 1.672770177157850924e+00
3.391019836857747105e-01 1.669123055568541236e+00
3.424006137971423724e-01 1.665420135420410563e+00
3.457313314843284413e-01 1.661661441309857157e+00
3.490944488806992929e-01 1.657844643259273942e+00
3.524902811559130766e-01 1.653968484760857338e+00
3.559191465454557002e-01 1.650032296958422462e+00
3.593813663804627523e-01 1.646039016920386011e+00
3.628772651178337472e-01 1.641984688949566840e+00
3.664071703706370808e-01 1.637873685018047087e+00
3.699714129388128048e-01 1.633697810515169602e+00
3.735703268401719401e-01 1.629462862328221906e+00
3.772042493416999376e-01 1.625162955085302618e+00
3.808735209911614517e-01 1.620804062339740392e+00
3.845784856490158665e-01 1.616378429393073857e+00
3.883194905206404091e-01 1.611889846578127949e+00
3.920968861888690649e-01 1.607340199145907533e+00
3.959110266468458539e-01 1.602722259101357682e+00
3.997622693312000708e-01 1.598042754432571044e+00
4.036509751555413805e-01 1.593294299166819306e+00
4.075775085442840395e-01 1.588479740585935884e+00
4.115422374667966343e-01 1.583600138313263628e+00
4.155455334718875515e-01 1.578653996462131781e+00
4.195877717226225712e-01 1.573637800336510573e+00
4.236693310314835759e-01 1.568556978347497299e+00
4.277905938958687093e-01 1.563405406724202029e+00
4.319519465339363706e-01 1.558183633175008964e+00
4.361537789208005944e-01 1.552895367002731675e+00
4.403964848250754294e-01 1.547538983726514106e+00
4.446804618457780300e-01 1.542108287308517456e+00
4.490061114495874639e-01 1.536614000555732051e+00
4.533738390084691150e-01 1.531042799145957423e+00
4.577840538376618529e-01 1.525404803306059209e+00
4.622371692340384031e-01 1.519694682518798023e+00
4.667336025148346446e-01 1.513911045352516860e+00
4.712737750567601580e-01 1.508062854434771616e+00
4.758581123354846953e-01 1.502131565259466672e+00
4.804870439655131720e-01 1.496139311005147965e+00
4.851610037404442966e-01 1.490072968240778950e+00
4.898804296736250508e-01 1.483929235691880955e+00
4.946457640391963562e-01 1.477720093335147533e+00
4.994574534135413635e-01 1.471433736243530355e+00
5.043159487171361421e-01 1.465076978206167224e+00
5.092217052568053237e-01 1.458646896142054228e+00
5.141751827683928022e-01 1.452146402074629306e+00
5.191768454598426619e-01 1.445572311863330572e+00
5.242271620547044320e-01 1.438924769734579723e+00
5.293266058360561743e-01 1.432207878906568643e+00
5.344756546908600026e-01 1.425416695110800491e+00
5.396747911547442600e-01 1.418557122587038366e+00
5.449245024572260121e-01 1.411620713322706777e+00
5.502252805673685243e-01 1.404615939537766423e+00
5.555776222398878250e-01 1.397542980161312176e+00
5.609820290617031358e-01 1.390394784045760668e+00
5.664390074989449353e-01 1.383174795115915456e+00
5.719490689444144405e-01 1.375889493163342525e+00
5.775127297655114900e-01 1.368529581218040025e+00
5.831305113526221717e-01 1.361104401302077882e+00
5.888029401679826247e-01 1.353607010440907921e+00
5.945305477950136863e-01 1.346042942822998079e+00
6.003138709881384871e-01 1.338409958867775362e+00
6.061534517230839914e-01 1.330711807700809990e+00
6.120498372476699256e-01 1.322945226593538415e+00
6.180035801330957534e-01 1.315114131351781124e+00
6.240152383257209223e-01 1.307215204581776646e+00
6.300853751993553686e-01 1.299252496606233098e+00
6.362145596080520660e-01 1.291226757892297350e+00
6.424033659394193796e-01 1.283135268522582306e+00
6.486523741684461219e-01 1.274992312882950340e+00
6.549621699118558515e-01 1.266772682937054917e+00
6.613333444829840868e-01 1.258501635845349798e+00
6.677664949471955325e-01 1.250171519469981174e+00
6.742622241778342129e-01 1.241779888422702705e+00
6.808211409127237213e-01 1.233333327708123761e+00
6.874438598112112553e-01 1.224826014186956469e+00
6.941310015117725385e-01 1.216269374961922667e+00
7.008831926901714082e-01 1.207653926238895670e+00
7.077010661181889484e-01 1.198989659382345030e+00
7.145852607229240538e-01 1.190272222734121366e+00
7.215364216466665370e-01 1.181501642447967626e+00
7.285552003073593186e-01 1.172685581119779163e+00
7.356422544596413760e-01 1.163821056666157094e+00
7.427982482564918776e-01 1.154908380088350617e+00
7.500238523114668432e-01 1.145953242761969193e+00
7.573197437615483141e-01 1.136955833409020844e+00
7.646866063305975958e-01 1.127910293346502613e+00
7.721251303934327792e-01 1.118832147489169371e+00
7.796360130405233235e-01 1.109710550360794468e+00
7.872199581433195759e-01 1.100550026354955691e+00
7.948776764202123424e-01 1.091358499022952566e+00
8.026098855031396084e-01 1.082129636719336041e+00
8.104173100048355227e-01 1.072867693012995449e+00
8.183006815867394090e-01 1.063578017390768515e+00
8.262607390275591435e-01 1.054258954398398007e+00
8.342982282925082149e-01 1.044908710576891719e+00
8.424139026032094746e-01 1.035535751223753742e+00
8.506085225082840040e-01 1.026137902641530042e+00
8.588828559546254349e-01 1.016722952003759506e+00
8.672376783593644944e-01 1.007282200260297689e+00
8.756737726825394308e-01 9.978243114492453270e-01
8.841919295004664336e-01 9.883493453199463374e-01
8.927929470798307010e-01 9.788647377193513410e-01
9.014776314524917122e-01 9.693618343462244713e-01
9.102467964910225806e-01 9.598975628407189209e-01
9.191012639849772681e-01 9.503309047734558312e-01
9.280418637179072006e-01 9.408023035684718316e-01
9.370694335451198453e-01 9.312710240202884959e-01
9.461848194722002336e-01 9.217358679360119211e-01
9.553888757342895444e-01 9.121999232204602848e-01
9.646824648761427312e-01 9.026648434698699708e-01
9.740664578329562007e-01 8.931297413338742386e-01
9.835417340119908536e-01 8.836037748147355098e-01
9.931091813749796104e-01 8.740825108972949398e-01
1.002769696521346621e+00 8.646014875343388528e-01
1.012524184772224167e+00 8.550687522819796493e-01
1.022373560255302127e+00 8.455744609538776713e-01
1.032318745990486564e+00 8.361037042395388363e-01
1.042360673976402197e+00 8.266474792794010762e-01
1.052500285277732761e+00 8.171668314784316101e-01
1.062738530113414459e+00 8.077416689039192965e-01
1.073076367945679621e+00 7.983913476894652916e-01
1.083514767569973225e+00 7.890170857647473834e-01
1.094054707205742494e+00 7.796701159374127554e-01
1.104697174588111785e+00 7.703484699930894797e-01
1.115443167060441221e+00 7.610598616828122553e-01
1.126293691667795249e+00 7.518009924191345617e-01
1.137249765251314271e+00 7.425765630727333422e-01
1.148312414543511073e+00 7.333837472242238364e-01
1.159482676264482759e+00 7.240924359154413681e-01
1.170761597219069250e+00 7.150646369229980426e-01
1.182150234394952371e+00 7.060396685954057894e-01
1.193649655061713055e+00 6.970046691478116729e-01
1.205260936870842681e+00 6.880129649880214471e-01
1.216985167956738056e+00 6.790679213809528436e-01
1.228823447038673411e+00 6.701674808197430888e-01
1.240776883523764251e+00 6.613170689635777810e-01
1.252846597610937529e+00 6.525137904444960890e-01
1.265033720395903893e+00 6.437613885223439913e-01
1.277339393977160009e+00 6.350615662702969733e-01
1.289764771563017165e+00 6.264183216791820996e-01
1.302311017579677488e+00 6.178244952966265302e-01
1.314979307780347773e+00 6.092920935482181166e-01
1.327770829355430449e+00 6.008153570446518321e-01
1.340686781043774811e+00 5.923949451780173847e-01
1.353728373245021821e+00 5.840384357971298845e-01
1.366896828133026487e+00 5.757400661737482883e-01
1.380193379770397355e+00 5.675056060667236224e-01
1.393619274224142002e+00 5.593341600379621026e-01
1.407175769682446731e+00 5.512256133840672812e-01
1.420864136572576708e+00 5.431852601854854079e-01
1.434685657679937831e+00 5.352065140813520028e-01
1.448641628268290127e+00 5.272983021522472669e-01
1.462733356201129986e+00 5.194595098939568389e-01
1.476962162064259898e+00 5.116890385815993092e-01
1.491329379289537682e+00 5.039831769154450303e-01
1.505836354279841416e+00 4.963502050562722534e-01
1.520484446535244283e+00 4.887873867882940315e-01
1.535275028780422657e+00 4.813007551833809461e-01
1.550209487093291205e+00 4.738815508388275477e-01
1.565289221034902312e+00 4.665354365787767188e-01
1.580515643780601165e+00 4.592646610418849029e-01
1.595890182252465817e+00 4.520664654224483270e-01
1.611414277253019778e+00 4.449423146083489877e-01
1.627089383600260675e+00 4.378935748147539386e-01
1.642916970263993193e+00 4.309202158996178755e-01
1.658898520503498064e+00 4.240197960699628732e-01
1.675035532006524441e+00 4.171946932111387785e-01
1.691329517029648732e+00 4.104487677719645400e-01
1.707782002539993016e+00 4.037800361700148999e-01
1.724394530358320354e+00 3.971833079340610917e-01
1.741168657303530987e+00 3.906624770695129034e-01
1.758105955338547632e+00 3.842193324120053988e-01
1.775208011717636092e+00 3.778559041653699047e-01
1.792476429135148930e+00 3.715659003669705696e-01
1.809912825875727105e+00 3.653523449069558948e-01
1.827518835965944666e+00 3.592153601869444435e-01
1.845296109327445366e+00 3.531541457615124946e-01
1.863246311931559873e+00 3.471716245947039092e-01
1.881371125955437096e+00 3.412638336058513300e-01
1.899672249939675650e+00 3.354329349950226358e-01
1.918151398947507635e+00 3.296764082529983764e-01
1.936810304725519849e+00 3.239946469702981724e-01
1.955650715865949074e+00 3.183914731988770064e-01
1.974674397970537454e+00 3.128623421459804654e-01
1.993883133816001019e+00 3.074234816693663941e-01
2.013278723521096492e+00 3.020260835293727131e-01
2.032862984715323673e+00 2.967198756437438578e-01
2.052637752709252084e+00 2.914881044213387673e-01
2.072604880666519822e+00 2.863298159193971570e-01
2.092766239777499759e+00 2.812443568553023576e-01
2.113123719434652603e+00 2.762299288316901746e-01
2.133679227409597701e+00 2.712896037499020752e-01
2.154434690031884259e+00 2.663966870319491309e-01
2.175392052369522489e+00 2.616218597480853836e-01
2.196553278411258248e+00 2.568940091597703979e-01
2.217920351250634692e+00 2.522378683357944795e-01
2.239495273271823184e+00 2.476490226590969679e-01
2.261280066337279404e+00 2.431305151285830524e-01
2.283276771977218012e+00 2.386804447841932297e-01
2.305487451580938707e+00 2.342992275610359387e-01
2.327914186589993051e+00 2.299851841254721141e-01
2.350559078693253756e+00 2.257361232898343617e-01
2.373424250023866033e+00 2.215547633968988628e-01
2.396511843358130278e+00 2.174392738293984273e-01
2.419824022316292567e+00 2.133880813570392387e-01
2.443362971565319341e+00 2.094010985185314477e-01
2.467130897023623426e+00 2.054783800845348951e-01
2.491130026067788439e+00 2.016178047774367377e-01
2.515362607741312928e+00 1.978200044558133530e-01
2.539830912965362675e+00 1.940850291513559200e-01
2.564537234751594674e+00 1.904101099409824804e-01
2.589483888417040802e+00 1.867942350425763065e-01
2.614673211801092023e+00 1.832404945643794636e-01
2.640107565484572927e+00 1.797442081745000420e-01
2.665789333010967876e+00 1.763072803204952521e-01
2.691720921109787668e+00 1.729269536496722826e-01
2.717904759922122881e+00 1.696030246287301146e-01
2.744343303228365283e+00 1.663372251015006187e-01
2.771039028678170535e+00 1.631254895149716333e-01
2.797994438022641805e+00 1.599695664345255341e-01
2.825212057348790218e+00 1.568670789414132183e-01
2.852694437316245057e+00 1.538173051497352672e-01
2.880444153396297668e+00 1.508222031036737798e-01
2.908463806113254169e+00 1.478782613536882284e-01
2.936756021288137397e+00 1.449850355121415080e-01
2.965323450284773621e+00 1.421430331987612039e-01
2.994168770258243573e+00 1.393510304590920568e-01
3.023294684405779531e+00 1.366085831181743093e-01
3.052703922220086241e+00 1.339143825436605872e-01
3.082399239745143404e+00 1.312677927509837139e-01
3.112383419834465759e+00 1.286684766646824518e-01
3.142659272411905569e+00 1.261162283528855788e-01
3.173229634734976212e+00 1.236096416598355396e-01
3.204097371660752813e+00 1.211483120398323399e-01
3.235265375914330388e+00 1.187315699859381735e-01
3.266736568359921655e+00 1.163586591237206341e-01
3.298513898274578082e+00 1.140282879805491478e-01
3.330600343624588788e+00 1.117406632618561796e-01
3.362998911344535991e+00 1.094965973282258365e-01
3.395712637619100693e+00 1.072911123606685169e-01
3.428744588167585317e+00 1.051287820084522429e-01
3.462097858531227423e+00 1.030048631523441810e-01
3.495775574363275240e+00 1.009212679986268846e-01
3.529780891721914671e+00 9.887673896400518692e-02
3.564116997366032269e+00 9.686959729751255799e-02
3.598787109053855460e+00 9.489960914374914736e-02
3.633794475844513094e+00 9.296660511865954823e-02
3.669142378402494131e+00 9.107058292693084867e-02
3.704834129305105694e+00 8.921053037113747808e-02
3.740873073352900313e+00 8.738519388350733663e-02
3.777262587883141176e+00 8.559419184666665348e-02
3.814006083086284082e+00 8.383698946646954420e-02
3.851107002325572903e+00 8.211377938815749011e-02
3.888568822459721019e+00 8.042371674816188587e-02
3.926395054168756449e+00 7.876567945829598960e-02
3.964589242282997805e+00 7.713908576226254088e-02
4.003154966115265445e+00 7.554369907870292500e-02
4.042095839796306045e+00 7.397940879897905997e-02
4.081415512613501662e+00 7.244542605760304066e-02
4.121117669352832635e+00 7.094097025064406703e-02
4.161206030644208020e+00 6.946554153997819281e-02
4.201684353310133346e+00 6.801875355482352170e-02
4.242556430717777438e+00 6.660007092031616782e-02
4.283826093134470270e+00 6.520925799197888062e-02
4.325497208086633627e+00 6.384555259116257708e-02
4.367573680722233398e+00 6.250866096893718804e-02
4.410059454176736615e+00 6.119758190224620920e-02
4.452958509942654963e+00 5.991255160259024992e-02
4.496274868242640110e+00 5.865275915516093147e-02
4.540012588406244554e+00 5.741774143042907563e-02
4.584175769250333765e+00 5.620732881926858437e-02
4.628768549463215365e+00 5.502076449920436513e-02
4.673795107992464004e+00 5.385763311917184798e-02
4.719259664436561863e+00 5.271770553194016218e-02
4.765166479440326341e+00 5.160048257125050830e-02
4.811519855094205766e+00 5.050323177033129440e-02
4.858324135337417360e+00 4.943235461902557165e-02
4.905583706365050922e+00 4.838049215550053322e-02
4.953302997039108924e+00 4.734995142397276785e-02
5.001486479303548727e+00 4.633996564193601508e-02
5.050138668603383785e+00 4.535053885234047177e-02
5.099264124307808288e+00 4.438044761089490753e-02
5.148867450137498025e+00 4.343042876187435536e-02
5.198953294596024399e+00 4.249936634725998835e-02
5.249526351405507718e+00 4.158721329871288563e-02
5.300591359946452030e+00 4.069344041198897505e-02
5.352153105701904501e+00 3.981767867713049275e-02
5.404216420705915347e+00 3.896013347699332774e-02
5.456786183996381823e+00 3.811962518612287826e-02
5.509867322072253160e+00 3.729656287465191178e-02
5.563464809355226137e+00 3.648914969365243954e-02
5.617583668655908191e+00 3.569993451548503227e-02
5.672228971644543094e+00 3.492616703971238717e-02
5.727405839326266346e+00 3.416823132057499046e-02
5.783119442521027054e+00 3.342558350824684915e-02
5.839375002348160315e+00 3.269841126936177261e-02
5.896177790715694478e+00 3.198614907907361415e-02
5.953533130814370189e+00 3.128868968344039603e-02
6.011446397616513337e+00 3.060561657749066855e-02
6.069923018379741464e+00 2.993639143626451032e-02
6.128968473155564034e+00 2.928114358312638998e-02
6.188588295302960063e+00 2.863952807589577668e-02
6.248788072006894012e+00 2.801120435219927110e-02
6.309573444801936049e+00 2.739582925078569778e-02
6.370950110100935149e+00 2.679345131393957510e-02
6.432923819728876502e+00 2.620325440698454203e-02
6.495500381461869033e+00 2.562565097895114913e-02
6.558685659571435345e+00 2.505999800431856980e-02
6.622485575374063238e+00 2.450629784786762314e-02
6.686906107786136921e+00 2.396397145345203691e-02
6.751953293884205287e+00 2.343307192843695555e-02
6.817633229470763112e+00 2.291333996335232631e-02
6.883952069645496330e+00 2.240448815774580618e-02
6.950916029382126382e+00 2.190647880085816110e-02
7.018531384110795912e+00 2.141873232493464799e-02
7.086804470306189430e+00 2.094134808484488311e-02
7.155741686081340980e+00 2.047405674706038667e-02
7.225349491787214085e+00 2.001662605453249921e-02
7.295634410618154320e+00 1.956887304646510312e-02
7.366603029223159460e+00 1.913065393690137686e-02
7.438261998323163482e+00 1.870162041547385537e-02
7.510618033334286459e+00 1.828178078994734806e-02
7.583677914997190683e+00 1.787084861813925674e-02
7.657448490012479958e+00 1.746443168163871670e-02
7.731936671682362316e+00 1.707499379500857298e-02
7.807149440558499798e+00 1.668956322014352595e-02
7.883093845096216690e+00 1.631276330540168407e-02
7.959777002314985417e+00 1.594387811175186978e-02
8.037206098465421888e+00 1.558286685379092762e-02
8.115388389702712146e+00 1.522955323375004867e-02
8.194331202766655053e+00 1.488428859101131874e-02
8.274041935668218883e+00 1.454552264166427203e-02
8.354528058382872047e+00 1.421455370934353833e-02
8.435797113550611570e+00 1.389066035414899050e-02
8.517856717182803905e+00 1.356973889915319420e-02
8.600714559375941093e+00 1.326368390445364052e-02
8.684378405032257220e+00 1.296029763276643036e-02
8.768856094587436090e+00 1.266139773907325357e-02
8.854155544745349715e+00 1.237326014044162759e-02
8.940284749219998162e+00 1.208914878832448997e-02
9.027251779484577909e+00 1.181128985778954164e-02
9.115064785527916769e+00 1.153953304247581045e-02
9.203731996618220279e+00 1.127344744317075945e-02
9.293261722074316111e+00 1.101335006250502534e-02
9.383662352044273902e+00 1.075892817246047566e-02
9.474942358291729150e+00 1.050998040559754029e-02
9.567110294989774388e+00 1.026656754600385572e-02
9.660174799522645017e+00 1.002843199986511342e-02
9.754144593295098531e+00 9.795543288195790455e-03
9.849028482549766039e+00 9.567753559741562150e-03
9.944835359192397917e+00 9.344958411156092243e-03
1.004157420162519543e+01 9.127102482903914557e-03
1.013925407558815373e+01 8.914031935399009329e-03
1.023788413500867378e+01 8.705660635770724742e-03
1.033747362285940774e+01 8.501872250968186065e-03
1.043803187202444072e+01 8.302620486165477806e-03
1.053956830617394580e+01 8.107632950797359281e-03
1.064209244064724658e+01 7.917224552487257816e-03
1.074561388334458023e+01 7.730677446407415408e-03
1.085014233562746178e+01 7.548755234667323642e-03
1.095568759322787855e+01 7.370642669576989506e-03
1.106225954716621906e+01 7.196519621033694268e-03
1.116986818467823817e+01 7.026087068071713501e-03
1.127852359015096795e+01 6.859744171809478187e-03
1.138823594606782130e+01 6.697035159952644499e-03
1.149901553396274245e+01 6.537950852023513212e-03
1.161087273538378994e+01 6.382417812860635177e-03
1.172381803286598512e+01 6.230372727741190740e-03
1.183786201091373513e+01 6.081758983957250356e-03
1.195301535699265827e+01 5.936482741727099749e-03
1.206928886253119870e+01 5.794477471847622740e-03
1.218669342393191712e+01 5.655673784799226424e-03
1.230524004359261525e+01 5.520012460598787765e-03
1.242493983093746479e+01 5.387392511811858915e-03
1.254580400345803248e+01 5.257784425708027579e-03
1.266784388776455827e+01 5.131182951936093077e-03
1.279107092064739781e+01 5.007379523465553192e-03
1.291549665014884063e+01 4.886428306513502899e-03
1.304113273664525430e+01 4.768180846964180548e-03
1.316799095393986185e+01 4.652666164879285318e-03
1.329608319036608854e+01 4.539767108769626226e-03
1.342542144990170527e+01 4.429464725245400337e-03
1.355601785329368880e+01 4.321889915804491035e-03
1.368788463919415221e+01 4.216346993930318414e-03
1.382103416530724438e+01 4.113107554394613077e-03
1.395547890954729020e+01 4.012865188687032153e-03
1.409123147120805619e+01 3.914702440952967655e-03
1.422830457214353395e+01 3.818734900213979593e-03
1.436671105796013137e+01 3.724981862319905190e-03
1.450646389922046886e+01 3.633395591901146353e-03
1.464757619265895272e+01 3.543882415049552388e-03
1.479006116240903168e+01 3.456526545264105698e-03
1.493393216124253264e+01 3.371099358658157224e-03
1.507920267182097263e+01 3.287766685801183763e-03
1.522588630795911513e+01 3.206309943242477249e-03
1.537399681590069456e+01 3.126763205028932052e-03
1.552354807560667105e+01 3.049052785796984785e-03
1.567455410205595001e+01 2.973168218329991230e-03
1.582702904655883280e+01 2.899049235985183548e-03
1.598098719808309376e+01 2.826665434720129159e-03
1.613644298459311699e+01 2.755985543379217348e-03
1.629341097440194730e+01 2.686951843562970267e-03
1.645190587753662470e+01 2.619544855891148445e-03
1.661194254711659113e+01 2.553739421976539397e-03
1.677353598074571295e+01 2.489474191092847476e-03
1.693670132191772026e+01 2.426722450964981584e-03
1.710145386143542012e+01 2.365450632341110308e-03
1.726780903884355922e+01 2.305643500848629946e-03
1.743578244387577669e+01 2.246952268395796884e-03
1.760538981791556523e+01 2.190226280737726447e-03
1.777664705547142532e+01 2.134570717835938391e-03
1.794957020566648254e+01 2.080241231708467985e-03
1.812417547374237614e+01 2.027210609331102711e-03
1.830047922257800863e+01 1.975426933994742836e-03
1.847849797422290763e+01 1.924897140844854942e-03
1.865824841144566193e+01 1.875581526358445624e-03
1.883974737929719367e+01 1.827351712308034884e-03
1.902301188668945642e+01 1.780450107773774758e-03
1.920805910798935301e+01 1.734591960846491084e-03
1.939490638462828542e+01 1.689836500840633622e-03
1.958357122672716955e+01 1.646177379870479227e-03
1.977407131473744428e+01 1.603560048888681049e-03
1.996642450109793288e+01 1.561977416822736249e-03
2.016064881190793656e+01 1.521328571476665429e-03
2.035676244861640072e+01 1.481809718207545900e-03
2.055478378972772546e+01 1.443173959350729568e-03
2.075473139252405730e+01 1.405623056246925679e-03
2.095662399480432825e+01 1.368712047522253937e-03
2.116048051664034446e+01 1.332841142407324405e-03
2.136632006214970403e+01 1.297854391500895266e-03
2.157416192128621546e+01 1.263713821151696412e-03
2.178402557164756459e+01 1.230404532811580926e-03
2.199593068030074861e+01 1.197921849317660917e-03
2.220989710562497521e+01 1.166243636722503682e-03
2.242594489917278011e+01 1.135337995107557922e-03
2.264409430754907504e+01 1.105197971886513362e-03
2.286436577430861306e+01 1.075777029219299272e-03
2.308677994187169702e+01 1.047144912087171267e-03
2.331135765345874944e+01 1.019178378303107514e-03
2.353811995504354471e+01 9.919291514260027143e-04
2.376708809732560823e+01 9.653424822005118346e-04
2.399828353772154799e+01 9.394247322274644355e-04
2.423172794237600769e+01 9.141516876069073760e-04
2.446744318819203201e+01 8.895116411148128784e-04
2.470545136488123816e+01 8.654945364487956136e-04
2.494577477703398571e+01 8.420711831730640735e-04
2.518843594620949489e+01 8.192363288115848269e-04
2.543345761304651020e+01 7.969849202463307825e-04
2.568086273939435316e+01 7.752737848789832470e-04
2.593067451046487548e+01 7.541432298953732252e-04
2.618291633700505372e+01 7.335346139179324283e-04
2.643761185749101372e+01 7.134474028009249675e-04
2.669478494034320804e+01 6.938686508619325375e-04
2.695445968616333587e+01 6.747892964311214773e-04
2.721666042999271795e+01 6.561958635852157499e-04
2.748141174359293259e+01 6.380766773636969329e-04
2.774873843774846804e+01 6.204217522445699268e-04
2.801866556459195223e+01 6.032212842831961895e-04
2.829121841995168651e+01 5.864598515321301853e-04
2.856642254572233952e+01 5.701283154323320964e-04
2.884430373225852051e+01 5.542186095753287838e-04
2.912488802079168337e+01 5.387179334246754159e-04
2.940820170587063842e+01 5.236229063625854165e-04
2.969427133782552986e+01 5.089161382159112547e-04
2.998312372525609959e+01 4.945880725561645425e-04
3.027478593754393543e+01 4.806376953286862976e-04
3.056928530738937155e+01 4.670430225452212717e-04
3.086664943337274636e+01 4.538123103829165778e-04
3.116690618254088463e+01 4.409250484487943988e-04
3.147008369301855879e+01 4.283754644265954249e-04
3.177621037664554038e+01 4.161532231585743000e-04
3.208531492163897525e+01 4.042532443706034311e-04
3.239742629528198847e+01 3.926661354823267032e-04
3.271257374663825601e+01 3.813855219826577081e-04
3.303078680929315425e+01 3.704072298634276147e-04
3.335209530412127066e+01 3.597143249792869352e-04
3.367652934208116022e+01 3.493069307194666311e-04
3.400411932703705986e+01 3.391620892901219030e-04
3.433489595860830690e+01 3.293178381916286044e-04
3.466889023504609213e+01 3.197191046642524096e-04
3.500613345613854221e+01 3.103803888763398411e-04
3.534665722614391115e+01 3.012937964235862633e-04
3.569049345675229290e+01 2.924371292617965168e-04
3.603767437007633134e+01 2.838388872039491031e-04
3.638823250167062184e+01 2.754670831764384443e-04
3.674220070358090595e+01 2.673185931516315486e-04
3.709961214742267543e+01 2.593909113098723674e-04
3.746050032748993175e+01 2.516799957022874262e-04
3.782489906389385936e+01 2.441699502203298561e-04
3.819284250573236505e+01 2.368819283122009650e-04
3.856436513429023449e+01 2.297848091607986346e-04
3.893950176627063087e+01 2.228848174501267293e-04
3.931828755705770106e+01 2.161688343074655153e-04
3.970075800401124155e+01 2.096416022739706799e-04
4.008694894979318946e+01 2.032928995377245994e-04
4.047689658572676308e+01 1.971197211073851701e-04
4.087063745518780422e+01 1.911210003449292602e-04
4.126820845702955864e+01 1.852834908863612172e-04
4.166964684904057492e+01 1.796118844219668812e-04
4.207499025143619065e+01 1.740957284628237599e-04
4.248427665038425260e+01 1.687346527634571935e-04
4.289754440156466586e+01 1.635282781445562936e-04
4.331483223376402947e+01 1.584611702586957997e-04
4.373617925250492533e+01 1.535367093257721254e-04
4.416162494371084790e+01 1.487595741248753706e-04
4.459120917740628443e+01 1.441128138500428644e-04
4.502497221145327444e+01 1.395965254726719089e-04
4.546295469532399380e+01 1.352123875760922653e-04
4.590519767391037220e+01 1.309510155456156306e-04
4.635174259137027519e+01 1.268102329316132208e-04
4.680263129501155817e+01 1.227867476533167255e-04
4.725790603921362276e+01 1.188847142717334705e-04
4.771760948938745628e+01 1.150907590089166418e-04
4.818178472597362827e+01 1.114109897954604020e-04
4.865047524847972937e+01 1.078368142082230624e-04
4.912372497955678341e+01 1.043611850556362599e-04
4.960157826911540724e+01 1.009922949308040744e-04
5.008407989848212338e+01 9.771081751103301500e-05
5.057127508459573306e+01 9.453280402228629901e-05
5.106320948424492911e+01 9.144738524595710425e-05
5.155992919834686461e+01 8.845546208915707842e-05
5.206148077626762216e+01 8.554841660953048518e-05
5.256791122018424289e+01 8.272840612425922042e-05
5.307926798948964375e+01 7.999145796248214593e-05
5.359559900524011766e+01 7.733697594085976257e-05
5.411695265464637572e+01 7.476524483271521125e-05
5.464337779560780461e+01 7.226515174457040047e-05
5.517492376129128928e+01 6.983804214995432134e-05
5.571164036475430237e+01 6.748831271550321999e-05
5.625357790361330501e+01 6.520746190649100301e-05
5.680078716475694733e+01 6.299855962977394099e-05
5.735331942910571712e+01 6.085302664131557942e-05
5.791122647641758192e+01 5.877563199246143492e-05
5.847456059014062646e+01 5.675827952436370564e-05
5.904337456231242243e+01 5.480490160054458129e-05
5.961772169850755887e+01 5.291049656295644356e-05
6.019765582283304184e+01 5.107686379957489497e-05
6.078323128297230227e+01 4.929934650513750010e-05
6.137450295527852973e+01 4.757692511346584024e-05
6.197152624991698389e+01 4.590653144759616661e-05
6.257435711605789663e+01 4.428996441862424781e-05
6.318305204711957401e+01 4.272192449404442195e-05
6.379766808606282069e+01 4.120532469654372975e-05
6.441826283073628190e+01 3.973489661251368871e-05
6.504489443927437264e+01 3.831269277890154865e-05
6.567762163554736787e+01 3.693343676901432096e-05
6.631650371466487570e+01 3.560010690330878082e-05
6.696160054853221766e+01 3.430671618586037230e-05
6.761297259146149941e+01 3.305934784506087056e-05
6.827068088583682481e+01 3.183549228423557503e-05
6.893478706783510290e+01 3.067537545812818399e-05
6.960535337320180815e+01 2.954314267476573780e-05
7.028244264308352740e+01 2.844561689399239756e-05
7.096611832991698066e+01 2.738573492660311803e-05
7.165644450337531168e+01 2.636071357302197869e-05
7.235348585637258623e+01 2.536657867556767321e-05
7.305730771112592947e+01 2.440776468976097401e-05
7.376797602527737752e+01 2.348703868571410744e-05
7.448555739807494547e+01 2.258812729410261116e-05
7.521011907661404905e+01 2.172095154297431303e-05
7.594172896213913759e+01 2.088160997919130492e-05
7.668045561640717267e+01 2.007172696229265137e-05
7.742636826811269657e+01 1.928977966195612843e-05
7.817953681937576960e+01 1.853439697619538084e-05
7.894003185229233566e+01 1.780509481842394893e-05
7.970792463554894880e+01 1.710079030581642426e-05
8.048328713110151966e+01 1.642046199817886134e-05
8.126619200091946027e+01 1.576427623974952663e-05
8.205671261379453085e+01 1.512957063985539810e-05
8.285492305221690401e+01 1.451694009376169304e-05
8.366089811931756515e+01 1.392657745528076501e-05
8.447471334587828551e+01 1.335661909453440851e-05
8.529644499741024788e+01 1.280602377779393504e-05
8.612617008130067120e+01 1.227624564643454831e-05
8.696396635402970787e+01 1.176490817475529760e-05
8.780991232845718741e+01 1.127140671860658084e-05
8.866408728118061333e+01 1.079592036418855717e-05
8.952657125996400111e+01 1.033764179869668813e-05
9.039744509123974581e+01 9.895619057935152067e-06
9.127679038768296493e+01 9.469970706946803478e-06
9.216468955586012157e+01 9.060111375398175102e-06
9.306122580395103228e+01 8.664808691287026332e-06
9.396648314954700254e+01 8.284567194125985623e-06
9.488054642752423717e+01 7.919228277746652241e-06
9.580350129799435877e+01 7.566289059122956255e-06
9.673543425433136633e+01 7.227624839397644753e-06
9.767643263127766318e+01 6.900596790295940659e-06
9.862658461312820180e+01 6.586694997326961000e-06
9.958597924199507645e+01 6.284665290252592241e-06
1.005547064261513555e+02 5.993485136248077906e-06
1.015328569484565975e+02 5.714256677707599406e-06
1.025205224748657002e+02 5.446177537390030495e-06
1.035177955630176285e+02 5.188384156891426656e-06
1.045247696709102172e+02 4.940414360632239533e-06
1.055415391656582784e+02 4.702319438557755376e-06
1.065681993323370733e+02 4.473735784188659902e-06
1.076048463829117878e+02 4.254396633322810445e-06
1.086515774652539505e+02 4.043520825578796209e-06
1.097084906722451905e+02 3.841496799626926688e-06
1.107756850509708642e+02 3.647279376804046812e-06
1.118532606120007102e+02 3.461187685568052593e-06
1.129413183387621018e+02 3.282720183751592641e-06
1.140399601970033103e+02 3.111611640738441915e-06
1.151492891443491402e+02 2.947652984346982685e-06
1.162694091399494027e+02 2.790453892629735789e-06
1.174004251542213098e+02 2.639906378681415530e-06
1.185424431786863977e+02 2.495739549088871423e-06
1.196955702359042846e+02 2.357736290823925918e-06
1.208599143895007444e+02 2.225551400316416162e-06
1.220355847542956980e+02 2.098953777214067329e-06
1.232226915065284345e+02 1.977944669278946887e-06
1.244213458941827213e+02 1.862114886233396043e-06
1.256316602474121424e+02 1.751399130684798073e-06
1.268537479890670454e+02 1.645432965167367774e-06
1.280877236453237629e+02 1.544138956871004648e-06
1.293337028564169486e+02 1.447308522750252967e-06
1.305918023874777987e+02 1.354768535839315452e-06
1.318621401394748602e+02 1.266272318039920676e-06
1.331448351602640230e+02 1.181699035567464899e-06
1.344400076557447221e+02 1.100838142415229301e-06
1.357477790011246839e+02 1.023565993307362657e-06
1.370682717522946348e+02 9.496624274645571896e-07
1.384016096573132870e+02 8.789497431725342453e-07
1.397479176680040780e+02 8.112662504792238588e-07
1.411073219516657957e+02 7.464429677779226508e-07
1.424799499028946457e+02 6.842721333714480685e-07
1.438659301555238414e+02 6.245683409040491177e-07
1.452653925946781328e+02 5.671105778403005996e-07
1.466784683689457722e+02 5.116481113560781810e-07
1.481052899026690000e+02 4.579081446777221713e-07
1.495459909083537866e+02 4.055362760185742756e-07
1.510007063992007659e+02 3.540680654714789883e-07
1.524695727017573006e+02 3.018868289197700421e-07
1.539527274686944622e+02 2.499771275512094166e-07
1.554503096917050300e+02 1.948789595096682123e-07
1.569624597145302403e+02 1.314886419222390588e-07
1.584893192461114211e+02 0.000000000000000000e+00
