1.000000000000000021e-02 1.702738294576747302e+00
1.009727545900835841e-02 1.702733968716974022e+00
1.019549716950923779e-02 1.702729564052162470e+00
1.029467433620748044e-02 1.702725078579482521e+00
1.039481625334708927e-02 1.702720534300878663e+00
1.049593230558227772e-02 1.702716177409797416e+00
1.059803196885688789e-02 1.702711512716479580e+00
1.070112481129246833e-02 1.702706590812286258e+00
1.080522049408488318e-02 1.702701962120197310e+00
1.091032877240974419e-02 1.702697024247739721e+00
1.101645949633656314e-02 1.702691983286378496e+00
1.112362261175187626e-02 1.702690720100962229e+00
1.123182816129126085e-02 1.702685301939140583e+00
1.134108628528052165e-02 1.702676460223123467e+00
1.145140722268592030e-02 1.702671189127004991e+00
1.156280131207376022e-02 1.702665802042726773e+00
1.167527899257919492e-02 1.702660278950654416e+00
1.178885080488457221e-02 1.702654621696630510e+00
1.190352739220719262e-02 1.702648850646023782e+00
1.201931950129673729e-02 1.702643005997767300e+00
1.213623798344241195e-02 1.702637102843844064e+00
1.225429379548980714e-02 1.702631075648348258e+00
1.237349800086776086e-02 1.702624919369446932e+00
1.249386177062509519e-02 1.702618626077318620e+00
1.261539638447754796e-02 1.702612211018337041e+00
1.273811323186478488e-02 1.702605651164975198e+00
1.286202381301779218e-02 1.702598487154668216e+00
1.298713974003655978e-02 1.702591832225740065e+00
1.311347273797833224e-02 1.702584466622190762e+00
1.324103464595636874e-02 1.702577416718019210e+00
1.336983741824946531e-02 1.702571133035481799e+00
1.349989312542219239e-02 1.702563438334821155e+00
1.363121395545611320e-02 1.702555740220163871e+00
1.376381221489191876e-02 1.702547897556985435e+00
1.389770032998276401e-02 1.702540293340701005e+00
1.403289084785873213e-02 1.702530488983034385e+00
1.416939643770268736e-02 1.702522107679264041e+00
1.430722989193757184e-02 1.702513482324107930e+00
1.444640412742520530e-02 1.702504746908156008e+00
1.458693218667675602e-02 1.702495770043315870e+00
1.472882723907502529e-02 1.702486677718641372e+00
1.487210258210860774e-02 1.702477536151500326e+00
1.501677164261799868e-02 1.702468226862129397e+00
1.516284797805393485e-02 1.702459341952872407e+00
1.531034527774784160e-02 1.702449642885461856e+00
1.545927736419477720e-02 1.702439984898822978e+00
1.560965819434872483e-02 1.702429790916184293e+00
1.576150186093060873e-02 1.702419542546048659e+00
1.591482259374891323e-02 1.702407629565972469e+00
1.606963476103326349e-02 1.702396820513987885e+00
1.622595287078087284e-02 1.702385793733802943e+00
1.638379157211618947e-02 1.702374542788761325e+00
1.654316565666366645e-02 1.702363134584031545e+00
1.670409005993399310e-02 1.702351523248485821e+00
1.686657986272368723e-02 1.702339862345662480e+00
1.703065029252844378e-02 1.702328449310869241e+00
1.719631672497009753e-02 1.702316194911478231e+00
1.736359468523754335e-02 1.702303830213243385e+00
1.753249984954170088e-02 1.702291205479877334e+00
1.770304804658450262e-02 1.702278147424968413e+00
1.787525525904235316e-02 1.702264980007013762e+00
1.804913762506383731e-02 1.702251666883511927e+00
1.822471143978214581e-02 1.702238059928570024e+00
1.840199315684210371e-02 1.702223868507383608e+00
1.858099938994215231e-02 1.702209582662747911e+00
1.876174691439120440e-02 1.702194995431520086e+00
1.894425266868081034e-02 1.702179892919935877e+00
1.912853375607242307e-02 1.702164594590674263e+00
1.931460744620030340e-02 1.702149070835249800e+00
1.950249117668984011e-02 1.702133246009271961e+00
1.969220255479172538e-02 1.702116886767976345e+00
1.988375935903200636e-02 1.702100711258259569e+00
2.007717954087816226e-02 1.702081737591863764e+00
2.027248122642137662e-02 1.702067192479289393e+00
2.046968271807520987e-02 1.702048747723265976e+00
2.066880249629082095e-02 1.702030945603764778e+00
2.086985922128879734e-02 1.702012868581525895e+00
2.107287173480786382e-02 1.701994349414675645e+00
2.127785906187062287e-02 1.701975347426108343e+00
2.148484041256648255e-02 1.701956102115042446e+00
2.169383518385184506e-02 1.701936402389029102e+00
2.190486296136792688e-02 1.701915595633570311e+00
2.211794352127614133e-02 1.701895447353857671e+00
2.233309683211144592e-02 1.701874882671957634e+00
2.255034305665360936e-02 1.701853675930988130e+00
2.276970255381680075e-02 1.701832111884663767e+00
2.299119588055741764e-02 1.701810192738994365e+00
2.321484379380064564e-02 1.701789009094978988e+00
2.344066725238556220e-02 1.701766567750793158e+00
2.366868741902936057e-02 1.701743425988704761e+00
2.389892566231050300e-02 1.701720063116165971e+00
2.413140355867127856e-02 1.701696148975417877e+00
2.436614289443983158e-02 1.701671636767819074e+00
2.460316566787181664e-02 1.701646598545906830e+00
2.484249409121190577e-02 1.701621049931308693e+00
2.508415059277539771e-02 1.701594855082752211e+00
2.532815781905008515e-02 1.701568070971405833e+00
2.557453863681850847e-02 1.701540670717120562e+00
2.582331613530085626e-02 1.701512768021108402e+00
2.607451362831877603e-02 1.701484250880591631e+00
2.632815465648021339e-02 1.701455344863892716e+00
2.658426298938541474e-02 1.701425789764118068e+00
2.684286262785454819e-02 1.701395707504106625e+00
2.710397780617682106e-02 1.701364949924728531e+00
2.736763299438163891e-02 1.701333531799065657e+00
2.763385290053169824e-02 1.701301410947708481e+00
2.790266247303856487e-02 1.701268586149284667e+00
2.817408690300057458e-02 1.701235109435439652e+00
2.844815162656363222e-02 1.701200994370304587e+00
2.872488232730495070e-02 1.701166120912870783e+00
2.900430493863991738e-02 1.701130737240026169e+00
2.928644564625237229e-02 1.701094687889349366e+00
2.957133089054861039e-02 1.701058007976771869e+00
2.985898736913520854e-02 1.701020837604879654e+00
3.014944203932094433e-02 1.700985331332410810e+00
3.044272212064302874e-02 1.700944720250150199e+00
3.073885509741795460e-02 1.700907431103249046e+00
3.103786872131722788e-02 1.700864923282646490e+00
3.133979101396793671e-02 1.700825163680044882e+00
3.164465026957891114e-02 1.700783584013455751e+00
3.195247505759213347e-02 1.700741027493748891e+00
3.226329422536015901e-02 1.700697517797389757e+00
3.257713690084949876e-02 1.700653191535999698e+00
3.289403249537032475e-02 1.700608003643599542e+00
3.321401070633261954e-02 1.700562027005987575e+00
3.353710152002930406e-02 1.700514970969285278e+00
3.386333521444636480e-02 1.700465675081030303e+00
3.419274236210027851e-02 1.700416729727894483e+00
3.452535383290306070e-02 1.700368282752225957e+00
3.486120079705520153e-02 1.700317599106564881e+00
3.520031472796678745e-02 1.700266164515620737e+00
3.554272740520694751e-02 1.700214775132655953e+00
3.588847091748199186e-02 1.700161093489830355e+00
3.623757766564258964e-02 1.700105237206612996e+00
3.659008036572020811e-02 1.700049625976891798e+00
3.694601205199302130e-02 1.699993123679589546e+00
3.730540608008161424e-02 1.699935722604481780e+00
3.766829613007490613e-02 1.699876487473128250e+00
3.803471620968648659e-02 1.699816001392034259e+00
3.840470065744145539e-02 1.699754341783836553e+00
3.877828414589457040e-02 1.699691313953225258e+00
3.915550168487941241e-02 1.699627005722696094e+00
3.953638862478930927e-02 1.699561924555921033e+00
3.992098065989020672e-02 1.699495227824120880e+00
4.030931383166566628e-02 1.699427738125226517e+00
4.070142453219438572e-02 1.699358930817362889e+00
4.109734950756069316e-02 1.699288836652948165e+00
4.149712586129815362e-02 1.699217236872577752e+00
4.190079105786669034e-02 1.699144236471035851e+00
4.230838292616342228e-02 1.699069559426834131e+00
4.271993966306778662e-02 1.698993503230357360e+00
4.313549983702118923e-02 1.698915535166213076e+00
4.355510239164130798e-02 1.698836412222799686e+00
4.397878664937160398e-02 1.698755606172722032e+00
4.440659231516640160e-02 1.698673689250999708e+00
4.483855948021186338e-02 1.698590460058002849e+00
4.527472862568297785e-02 1.698504744836756064e+00
4.571514062653719151e-02 1.698416228245930748e+00
4.615983675534499064e-02 1.698329098648199142e+00
4.660885868615767536e-02 1.698238419132127364e+00
4.706224849841281199e-02 1.698145421066090455e+00
4.752004868087766204e-02 1.698049825819371250e+00
4.798230213563085128e-02 1.697953530588582671e+00
4.844905218208294534e-02 1.697857847399409259e+00
4.892034256103611894e-02 1.697758179725426864e+00
4.939621743878321036e-02 1.697653265909223164e+00
4.987672141124663283e-02 1.697554717543563019e+00
5.036189950815770505e-02 1.697449175530022059e+00
5.085179719727656034e-02 1.697341261019741365e+00
5.134646038865306461e-02 1.697232150978704501e+00
5.184593543892913187e-02 1.697119253253720705e+00
5.235026915568305461e-02 1.697007135258220556e+00
5.285950880181603667e-02 1.696891153696309829e+00
5.337370209998133774e-02 1.696772751709322735e+00
5.389289723705643909e-02 1.696651904289218082e+00
5.441714286865893119e-02 1.696528815581650251e+00
5.494648812370611646e-02 1.696402393474342851e+00
5.548098260901916656e-02 1.696275062622595975e+00
5.602067641397187603e-02 1.696143792707573761e+00
5.656562011518465050e-02 1.696011885309581801e+00
5.711586478126431943e-02 1.695876395178616436e+00
5.767146197758996756e-02 1.695735699400522822e+00
5.823246377114527778e-02 1.695594889045148879e+00
5.879892273539785025e-02 1.695450754723132336e+00
5.937089195522609469e-02 1.695306496778567595e+00
5.994842503189409116e-02 1.695154917861140254e+00
6.053157608807464840e-02 1.695003129537195674e+00
6.112039977292132997e-02 1.694849717171954762e+00
6.171495126718981594e-02 1.694690464200343083e+00
6.231528628840921763e-02 1.694528005684877270e+00
6.292146109610344262e-02 1.694366717051403182e+00
6.353353249706343575e-02 1.694199145325976374e+00
6.415155785067082339e-02 1.694029576717637653e+00
6.477559507427335661e-02 1.693855637685084625e+00
6.540570264861225724e-02 1.693678314910408433e+00
6.604193962330305590e-02 1.693497297385317069e+00
6.668436562236895737e-02 1.693313054869642231e+00
6.733304084982863480e-02 1.693125082473095233e+00
6.798802609533814711e-02 1.692933749265187693e+00
6.864938273988777095e-02 1.692739723649418160e+00
6.931717276155408003e-02 1.692537653433200173e+00
6.999145874130821565e-02 1.692334489187462765e+00
7.067230386888070925e-02 1.692130595143803928e+00
7.135977194868306506e-02 1.691919272458417334e+00
7.205392740578704658e-02 1.691703368114533035e+00
7.275483529196229149e-02 1.691484626485358911e+00
7.346256129177256011e-02 1.691261118575375866e+00
7.417717172873124210e-02 1.691033015683658380e+00
7.489873357151664857e-02 1.690801963200147195e+00
7.562731444024800576e-02 1.690563590697778062e+00
7.636298261282241373e-02 1.690323032461354513e+00
7.710580703131336699e-02 1.690077339377103804e+00
7.785585730843146146e-02 1.689827739855473521e+00
7.861320373404813433e-02 1.689574162706428240e+00
7.937791728178281159e-02 1.689312435226458131e+00
8.015006961565404597e-02 1.689047636376636907e+00
8.092973309679550586e-02 1.688777639249360973e+00
8.171698079023696770e-02 1.688502437440738024e+00
8.251188647175167201e-02 1.688222383941265559e+00
8.331452463477014014e-02 1.687936574838664772e+00
8.412497049736118726e-02 1.687644763885975063e+00
8.494330000928071445e-02 1.687347843894149158e+00
8.576958985908941790e-02 1.687043793343282694e+00
8.660391748133952627e-02 1.686734364490781735e+00
8.744636106383144036e-02 1.686420879686416185e+00
8.829699955494091368e-02 1.686098891018138701e+00
8.915591267101763417e-02 1.685770130785841259e+00
9.002318090385581784e-02 1.685438912382285492e+00
9.089888552823731371e-02 1.685097370104639447e+00
9.178310860954806694e-02 1.684753223003131017e+00
9.267593301146882789e-02 1.684400068557576846e+00
9.357744240374062106e-02 1.684042030119330180e+00
9.448772127000577836e-02 1.683674975756967562e+00
9.540685491572513388e-02 1.683301662553731370e+00
9.633492947617222635e-02 1.682919083355415735e+00
9.727203192450542546e-02 1.682534223738583856e+00
9.821825007991856482e-02 1.682137892375011434e+00
9.917367261587073379e-02 1.681734821776121880e+00
1.001383890683960748e-01 1.681324056180546034e+00
1.011124898444945991e-01 1.680905388403620249e+00
1.020960662306047012e-01 1.680477559650238595e+00
1.030892104011576216e-01 1.680043822094704487e+00
1.040920154272158005e-01 1.679597578022486548e+00
1.051045752851944987e-01 1.679146349084698953e+00
1.061269848656690717e-01 1.678687105497676191e+00
1.071593399822671072e-01 1.678219611962036506e+00
1.082017373806478805e-01 1.677742071482468011e+00
1.092542747475682557e-01 1.677255179960676967e+00
1.103170507200377515e-01 1.676759094301663477e+00
1.113901648945616746e-01 1.676253284545519140e+00
1.124737178364751955e-01 1.675738053193883914e+00
1.135678110893671017e-01 1.675212820099501787e+00
1.146725471845963656e-01 1.674677642560333801e+00
1.157880296509002094e-01 1.674132720876126745e+00
1.169143630240966764e-01 1.673575932595010363e+00
1.180516528568804902e-01 1.673008828999779984e+00
1.192000057287153220e-01 1.672432064174745436e+00
1.203595292558212876e-01 1.671844702410829386e+00
1.215303321012602134e-01 1.671243975407264770e+00
1.227125239851190319e-01 1.670638594422703571e+00
1.239062156947916271e-01 1.670016491056330210e+00
1.251115190953615564e-01 1.669382796795976454e+00
1.263285471400849291e-01 1.668736632828981215e+00
1.275574138809759950e-01 1.668079580361473635e+00
1.287982344794950385e-01 1.667409837276757179e+00
1.300511252173409127e-01 1.666726347712302214e+00
1.313162035073478784e-01 1.666031247899640189e+00
1.325935879044890797e-01 1.665321050018118587e+00
1.338833981169864351e-01 1.664599234891895874e+00
1.351857550175293021e-01 1.663863385755030233e+00
1.365007806546013891e-01 1.663114440392074123e+00
1.378285982639189389e-01 1.662351518652259497e+00
1.391693322799789911e-01 1.661573758330820993e+00
1.405231083477211373e-01 1.660782747451021502e+00
1.418900533343016301e-01 1.659975529648268111e+00
1.432702953409830948e-01 1.659152790451729365e+00
1.446639637151387880e-01 1.658315301713527701e+00
1.460711890623745679e-01 1.657461672657660756e+00
1.474921032587684921e-01 1.656605256895494982e+00
1.489268394632288772e-01 1.655705410037684899e+00
1.503755321299738434e-01 1.654804028679101036e+00
1.518383170211306810e-01 1.653925909759023094e+00
1.533153312194593942e-01 1.652952037530652785e+00
1.548067131411984265e-01 1.651999126869867718e+00
1.563126025490369497e-01 1.651028076065203187e+00
1.578331405652117214e-01 1.650040187647016765e+00
1.593684696847328941e-01 1.649033192574704154e+00
1.609187337887370006e-01 1.648007952453203417e+00
1.624840781579713067e-01 1.646962252981833519e+00
1.640646494864078653e-01 1.645897668215145826e+00
1.656605958949914359e-01 1.644813882217681433e+00
1.672720669455196874e-01 1.643711527919464066e+00
1.688992136546599021e-01 1.642587573175290139e+00
1.705421885081006561e-01 1.641443665640767824e+00
1.722011454748421100e-01 1.640280764914700429e+00
1.738762400216251336e-01 1.639093738231965691e+00
1.755676291275001522e-01 1.637884325575030164e+00
1.772754712985387948e-01 1.636651193564911067e+00
1.789999265826875408e-01 1.635399647240260990e+00
1.807411565847668600e-01 1.634125812685878421e+00
1.824993244816152382e-01 1.632827002262947191e+00
1.842745950373816666e-01 1.631504339860366581e+00
1.860671346189656239e-01 1.630158002282710461e+00
1.878771112116086051e-01 1.628788067286961905e+00
1.897046944346358344e-01 1.627392466877352284e+00
1.915500555573527997e-01 1.625972626136566568e+00
1.934133675150944698e-01 1.624525027415602230e+00
1.952948049254327745e-01 1.623052744632367261e+00
1.971945441045395986e-01 1.621553565721815637e+00
1.991127630837108697e-01 1.620027976609312859e+00
2.010496416260497965e-01 1.618476227837531534e+00
2.030053612433137811e-01 1.616895007800425610e+00
2.049801052129238688e-01 1.615284636181155475e+00
2.069740585951406198e-01 1.613645924137850018e+00
2.089874082504071251e-01 1.611981903447061715e+00
2.110203428568595552e-01 1.610286181461404675e+00
2.130730529280097374e-01 1.608559412112336107e+00
2.151457308305980698e-01 1.606801875130922985e+00
2.172385708026215445e-01 1.605013725818714265e+00
2.193517689715359098e-01 1.603195592441885919e+00
2.214855233726360506e-01 1.601343731945798377e+00
2.236400339676138660e-01 1.599459278176334154e+00
2.258155026632983065e-01 1.597542997405635212e+00
2.280121333305757114e-01 1.595592016427190840e+00
2.302301318234963867e-01 1.593610123014959079e+00
2.324697059985647851e-01 1.591590012651197927e+00
2.347310657342196183e-01 1.589535793779945250e+00
2.370144229505012079e-01 1.587447007129409338e+00
2.393199916289123208e-01 1.585320033228474257e+00
2.416479878324700736e-01 1.583160224019626749e+00
2.439986297259550130e-01 1.580961732293559407e+00
2.463721375963552895e-01 1.578724219721513000e+00
2.487687338735107279e-01 1.576449756252854550e+00
2.511886431509580686e-01 1.574135999165199973e+00
2.536320922069775774e-01 1.571785171954890981e+00
2.560993100258459609e-01 1.569392386161322372e+00
2.585905278192945911e-01 1.566959024303984371e+00
2.611059790481781162e-01 1.564484763928767785e+00
2.636458994443517945e-01 1.561967624039130698e+00
2.662105270327638773e-01 1.559407869243452760e+00
2.688001021537606006e-01 1.556819829373683461e+00
2.714148674856106669e-01 1.554166041286179079e+00
2.740550680672460548e-01 1.551479333272468786e+00
2.767209513212268712e-01 1.548746662774149963e+00
2.794127670769268601e-01 1.545970075151765322e+00
2.821307675939472293e-01 1.543180222801291634e+00
2.848752075857552413e-01 1.540287962621899709e+00
2.876463442435557849e-01 1.537363146187728180e+00
2.904444372603925406e-01 1.534399473345312348e+00
2.932697488554852905e-01 1.531384434377180526e+00
2.961225437988035947e-01 1.528353255562399537e+00
2.990030894358785551e-01 1.525219898140713681e+00
3.019116557128577738e-01 1.522062012030201306e+00
3.048485152018017286e-01 1.518925315684876098e+00
3.078139431262288950e-01 1.515592926700752185e+00
3.108082173869063936e-01 1.512280664852277301e+00
3.138316185878944342e-01 1.508916355105379026e+00
3.168844300628416155e-01 1.505501193431829421e+00
3.199669379015380732e-01 1.502031857864626785e+00
3.230794309767249795e-01 1.498507047509314960e+00
3.262222009711669979e-01 1.494929956002909677e+00
3.293955424049855307e-01 1.491301084476033934e+00
3.325997526632606949e-01 1.487609737238391849e+00
3.358351320238990301e-01 1.483862146960376105e+00
3.391019836857747105e-01 1.480061702415628178e+00
3.424006137971423724e-01 1.476203489735971486e+00
3.457313314843284413e-01 1.472288433201203617e+00
3.490944488806992929e-01 1.468313237062617294e+00
3.524902811559130766e-01 1.464276732866476971e+00
3.559191465454557002e-01 1.460210609763993528e+00
3.593813663804627523e-01 1.456030418277507454e+00
3.628772651178337472e-01 1.451814505189002569e+00
3.664071703706370808e-01 1.447537625535049832e+00
3.699714129388128048e-01 1.443201477238975849e+00
3.735703268401719401e-01 1.438801241652260421e+00
3.772042493416999376e-01 1.434337967295301164e+00
3.808735209911614517e-01 1.429812015625221200e+00
3.845784856490158665e-01 1.425224096692017550e+00
3.883194905206404091e-01 1.420570684309506282e+00
3.920968861888690649e-01 1.415851396122497441e+00
3.959110266468458539e-01 1.411070677823132558e+00
3.997622693312000708e-01 1.406221510520871965e+00
4.036509751555413805e-01 1.401309899696433048e+00
4.075775085442840395e-01 1.396327193850922077e+00
4.115422374667966343e-01 1.391279080377088473e+00
4.155455334718875515e-01 1.386166246021681703e+00
4.195877717226225712e-01 1.380984008607994085e+00
4.236693310314835759e-01 1.375737101866614909e+00
4.277905938958687093e-01 1.370418181599389440e+00
4.319519465339363706e-01 1.365035613495745315e+00
4.361537789208005944e-01 1.359580892733457835e+00
4.403964848250754294e-01 1.354058625998428411e+00
4.446804618457780300e-01 1.348468260832576648e+00
4.490061114495874639e-01 1.342805867160058675e+00
4.533738390084691150e-01 1.337076526508250707e+00
4.577840538376618529e-01 1.331277530600733172e+00
4.622371692340384031e-01 1.325409790695065038e+00
4.667336025148346446e-01 1.319468661384789909e+00
4.712737750567601580e-01 1.313462147296569071e+00
4.758581123354846953e-01 1.307381386159800485e+00
4.804870439655131720e-01 1.301230311701993880e+00
4.851610037404442966e-01 1.295014818388440014e+00
4.898804296736250508e-01 1.288724945574260650e+00
4.946457640391963562e-01 1.282366014692475353e+00
4.994574534135413635e-01 1.275937261382452670e+00
5.043159487171361421e-01 1.269438234745435379e+00
5.092217052568053237e-01 1.262867777107808509e+00
5.141751827683928022e-01 1.256232814478825732e+00
5.191768454598426619e-01 1.249524569039816457e+00
5.242271620547044320e-01 1.242748588144545252e+00
5.293266058360561743e-01 1.235905786494794212e+00
5.344756546908600026e-01 1.228992116652529720e+00
5.396747911547442600e-01 1.222006347097325918e+00
5.449245024572260121e-01 1.214961588612272436e+00
5.502252805673685243e-01 1.207839582199114581e+00
5.555776222398878250e-01 1.200659198032356656e+00
5.609820290617031358e-01 1.193395995962425626e+00
5.664390074989449353e-01 1.186090528690418866e+00
5.719490689444144405e-01 1.178707712469161173e+00
5.775127297655114900e-01 1.171260902221104017e+00
5.831305113526221717e-01 1.163751678715690963e+00
5.888029401679826247e-01 1.156178199220599501e+00
5.945305477950136863e-01 1.148539211024282247e+00
6.003138709881384871e-01 1.140839002861593787e+00
6.061534517230839914e-01 1.133078113183844327e+00
6.120498372476699256e-01 1.125258003725688960e+00
6.180035801330957534e-01 1.117377816368931853e+00
6.240152383257209223e-01 1.109436411629775465e+00
6.300853751993553686e-01 1.101438897579712251e+00
6.362145596080520660e-01 1.093386314716144669e+00
6.424033659394193796e-01 1.085118712890781323e+00
6.486523741684461219e-01 1.077109923627269650e+00
6.549621699118558515e-01 1.068865923886406000e+00
6.613333444829840868e-01 1.060618839237707611e+00
6.677664949471955325e-01 1.052297367274390050e+00
6.742622241778342129e-01 1.043924655336015306e+00
6.808211409127237213e-01 1.035501814252894004e+00
6.874438598112112553e-01 1.027033828667895499e+00
6.941310015117725385e-01 1.018517932848955310e+00
7.008831926901714082e-01 1.009957836032959300e+00
7.077010661181889484e-01 1.001352361432622962e+00
7.145852607229240538e-01 9.927071160692177987e-01
7.215364216466665370e-01 9.840201440142646305e-01
7.285552003073593186e-01 9.752941754215255221e-01
7.356422544596413760e-01 9.665322583849634830e-01
7.427982482564918776e-01 9.577328257301344072e-01
7.500238523114668432e-01 9.488995548288556847e-01
7.573197437615483141e-01 9.400326179042901575e-01
7.646866063305975958e-01 9.311368234225587681e-01
7.721251303934327792e-01 9.222094338320626639e-01
7.796360130405233235e-01 9.132539295803669965e-01
7.872199581433195759e-01 9.042766211728580084e-01
7.948776764202123424e-01 8.952755624127305412e-01
8.026098855031396084e-01 8.862436894401055643e-01
8.104173100048355227e-01 8.771994726908843854e-01
8.183006815867394090e-01 8.681327199820060292e-01
8.262607390275591435e-01 8.590519138422164636e-01
8.342982282925082149e-01 8.499530680204202548e-01
8.424139026032094746e-01 8.408423509139790752e-01
8.506085225082840040e-01 8.317250854591086151e-01
8.588828559546254349e-01 8.225926337412822198e-01
8.672376783593644944e-01 8.134581732977952395e-01
8.756737726825394308e-01 8.043162022626144658e-01
8.841919295004664336e-01 7.951675229178750692e-01
8.927929470798307010e-01 7.860244669764097081e-01
9.014776314524917122e-01 7.768782773750374515e-01
9.102467964910225806e-01 7.677377509835203728e-01
9.191012639849772681e-01 7.585995657298008066e-01
9.280418637179072006e-01 7.494672019873374058e-01
9.370694335451198453e-01 7.403477250012810984e-01
9.461848194722002336e-01 7.312374492940586501e-01
9.553888757342895444e-01 7.221376601989354382e-01
9.646824648761427312e-01 7.130553962196591877e-01
9.740664578329562007e-01 7.039910843420494890e-01
9.835417340119908536e-01 6.949430997461991666e-01
9.931091813749796104e-01 6.859174998733846840e-01
1.002769696521346621e+00 6.769157220672863406e-01
1.012524184772224167e+00 6.679353629928542757e-01
1.022373560255302127e+00 6.589841484398586413e-01
1.032318745990486564e+00 6.500621936597401618e-01
1.042360673976402197e+00 6.411728669388384594e-01
1.052500285277732761e+00 6.323132892946051742e-01
1.062738530113414459e+00 6.235598284625395449e-01
1.073076367945679621e+00 6.146797373703121181e-01
1.083514767569973225e+00 6.059502067737774222e-01
1.094054707205742494e+00 5.972395457605060853e-01
1.104697174588111785e+00 5.885703119777746517e-01
1.115443167060441221e+00 5.799436893085100353e-01
1.126293691667795249e+00 5.713631039869387918e-01
1.137249765251314271e+00 5.628325319880701505e-01
1.148312414543511073e+00 5.543476006212214591e-01
1.159482676264482759e+00 5.459136962388191350e-01
1.170761597219069250e+00 5.375291806562881858e-01
1.182150234394952371e+00 5.292103504957098581e-01
1.193649655061713055e+00 5.209269406442911254e-01
1.205260936870842681e+00 5.127091056251750212e-01
1.216985167956738056e+00 5.045515171246033326e-01
1.228823447038673411e+00 4.963809169713944702e-01
1.240776883523764251e+00 4.884052362948194670e-01
1.252846597610937529e+00 4.804196442140736267e-01
1.265033720395903893e+00 4.725122846952391487e-01
1.277339393977160009e+00 4.646105582501915410e-01
1.289764771563017165e+00 4.568753232757442606e-01
1.302311017579677488e+00 4.491555586127649047e-01
1.314979307780347773e+00 4.415054471603582775e-01
1.327770829355430449e+00 4.339192586727320666e-01
1.340686781043774811e+00 4.264114139876633014e-01
1.353728373245021821e+00 4.189851097911940214e-01
1.366896828133026487e+00 4.116002530959319561e-01
1.380193379770397355e+00 4.042617268200032754e-01
1.393619274224142002e+00 3.970593270962756716e-01
1.407175769682446731e+00 3.899329599060367690e-01
1.420864136572576708e+00 3.828582226555212742e-01
1.434685657679937831e+00 3.758675928003200606e-01
1.448641628268290127e+00 3.689409580314674253e-01
1.462733356201129986e+00 3.620953702590661849e-01
1.476962162064259898e+00 3.553298653073659330e-01
1.491329379289537682e+00 3.486399847625286097e-01
1.505836354279841416e+00 3.420318631273096543e-01
1.520484446535244283e+00 3.355010823551138333e-01
1.535275028780422657e+00 3.290504656754709156e-01
1.550209487093291205e+00 3.226775812930652299e-01
1.565289221034902312e+00 3.163867378775380712e-01
1.580515643780601165e+00 3.101762164034074787e-01
1.595890182252465817e+00 3.040466121886949979e-01
1.611414277253019778e+00 2.979957137828641023e-01
1.627089383600260675e+00 2.920271643913842086e-01
1.642916970263993193e+00 2.861406636511345525e-01
1.658898520503498064e+00 2.803329118160479694e-01
1.675035532006524441e+00 2.746081417674554048e-01
1.691329517029648732e+00 2.689601168331690051e-01
1.707782002539993016e+00 2.633989352336564838e-01
1.724394530358320354e+00 2.579157965883665526e-01
1.741168657303530987e+00 2.525143559484339661e-01
1.758105955338547632e+00 2.472028795931568435e-01
1.775208011717636092e+00 2.419490325861373414e-01
1.792476429135148930e+00 2.367890841882331343e-01
1.809912825875727105e+00 2.317078604971578859e-01
1.827518835965944666e+00 2.267057027998728991e-01
1.845296109327445366e+00 2.217841822020953646e-01
1.863246311931559873e+00 2.169379105545829467e-01
1.881371125955437096e+00 2.121692141737866744e-01
1.899672249939675650e+00 2.074841735500310147e-01
1.918151398947507635e+00 2.028745552484337855e-01
1.936810304725519849e+00 1.983365319559824147e-01
1.955650715865949074e+00 1.938838855161643115e-01
1.974674397970537454e+00 1.894604789674024792e-01
1.993883133816001019e+00 1.852006610859219804e-01
2.013278723521096492e+00 1.809660804228183928e-01
2.032862984715323673e+00 1.768133873298185221e-01
2.052637752709252084e+00 1.727308255233696854e-01
2.072604880666519822e+00 1.687235044606557322e-01
2.092766239777499759e+00 1.647875906043084482e-01
2.113123719434652603e+00 1.609228626463155565e-01
2.133679227409597701e+00 1.571066874675754732e-01
2.154434690031884259e+00 1.534063812316174280e-01
2.175392052369522489e+00 1.497532818429863910e-01
2.196553278411258248e+00 1.461368387614123965e-01
2.217920351250634692e+00 1.426495499493800057e-01
2.239495273271823184e+00 1.392045673029082553e-01
2.261280066337279404e+00 1.358238473239525013e-01
2.283276771977218012e+00 1.325085554617431438e-01
2.305487451580938707e+00 1.291810217547056938e-01
2.327914186589993051e+00 1.260727002585271539e-01
2.350559078693253756e+00 1.229462838784387835e-01
2.373424250023866033e+00 1.198916889009008641e-01
2.396511843358130278e+00 1.168946948120832552e-01
2.419824022316292567e+00 1.139588868693555135e-01
2.443362971565319341e+00 1.110834914644088650e-01
2.467130897023623426e+00 1.082676869918443585e-01
2.491130026067788439e+00 1.054911015169272132e-01
2.515362607741312928e+00 1.028121731723629917e-01
2.539830912965362675e+00 1.001703749400512655e-01
2.564537234751594674e+00 9.758605712201488813e-02
2.589483888417040802e+00 9.505488371511477963e-02
2.614673211801092023e+00 9.256063680948754813e-02
2.640107565484572927e+00 9.015874467590777319e-02
2.665789333010967876e+00 8.778991028493475512e-02
2.691720921109787668e+00 8.547365123145585220e-02
2.717904759922122881e+00 8.320875377950910645e-02
2.744343303228365283e+00 8.099427807201012297e-02
2.771039028678170535e+00 7.882941565751759583e-02
2.797994438022641805e+00 7.671363432018066253e-02
2.825212057348790218e+00 7.464578641976941931e-02
2.852694437316245057e+00 7.262509792000139408e-02
2.880444153396297668e+00 7.065150005639544983e-02
2.908463806113254169e+00 6.872262070953699675e-02
2.936756021288137397e+00 6.683888850489090594e-02
2.965323450284773621e+00 6.499670461246855047e-02
2.994168770258243573e+00 6.320347301304697629e-02
3.023294684405779531e+00 6.144873778389604857e-02
3.052703922220086241e+00 5.973638785373360655e-02
3.082399239745143404e+00 5.806514915051787934e-02
3.112383419834465759e+00 5.643394239315656369e-02
3.142659272411905569e+00 5.484228502725116416e-02
3.173229634734976212e+00 5.328775996981738317e-02
3.204097371660752813e+00 5.177333293086854027e-02
3.235265375914330388e+00 5.029567114581453419e-02
3.266736568359921655e+00 4.885956011056660775e-02
3.298513898274578082e+00 4.744815721799985203e-02
3.330600343624588788e+00 4.607727952552765488e-02
3.362998911344535991e+00 4.473714270623058153e-02
3.395712637619100693e+00 4.343770921363519777e-02
3.428744588167585317e+00 4.216765690568395619e-02
3.462097858531227423e+00 4.092851796883433674e-02
3.495775574363275240e+00 3.972236715843395494e-02
3.529780891721914671e+00 3.854852142380016389e-02
3.564116997366032269e+00 3.740252720629844846e-02
3.598787109053855460e+00 3.628737292518337959e-02
3.633794475844513094e+00 3.520094693925024387e-02
3.669142378402494131e+00 3.414384601404023278e-02
3.704834129305105694e+00 3.311415892097501618e-02
3.740873073352900313e+00 3.211090720085763711e-02
3.777262587883141176e+00 3.113671157828913974e-02
3.814006083086284082e+00 3.018413313788495186e-02
3.851107002325572903e+00 2.925911103220970796e-02
3.888568822459721019e+00 2.835837591181094436e-02
3.926395054168756449e+00 2.748304641589258829e-02
3.964589242282997805e+00 2.663090587339009274e-02
4.003154966115265445e+00 2.580112254593170187e-02
4.042095839796306045e+00 2.499562198964283902e-02
4.081415512613501662e+00 2.421134793082416539e-02
4.121117669352832635e+00 2.344888210624227962e-02
4.161206030644208020e+00 2.270739056587232907e-02
4.201684353310133346e+00 2.198631789339395431e-02
4.242556430717777438e+00 2.128531696635996631e-02
4.283826093134470270e+00 2.060430535879169064e-02
4.325497208086633627e+00 1.994224604317041544e-02
4.367573680722233398e+00 1.929855632811960583e-02
4.410059454176736615e+00 1.867501407423139206e-02
4.452958509942654963e+00 1.806794637310087451e-02
4.496274868242640110e+00 1.747828401006524396e-02
4.540012588406244554e+00 1.690559329728966512e-02
4.584175769250333765e+00 1.635003035461373225e-02
4.628768549463215365e+00 1.580940535828793264e-02
4.673795107992464004e+00 1.528524489852501993e-02
4.719259664436561863e+00 1.477609090019706833e-02
4.765166479440326341e+00 1.428179070049967470e-02
4.811519855094205766e+00 1.380256184944293057e-02
4.858324135337417360e+00 1.333747922430780081e-02
4.905583706365050922e+00 1.288611335714740652e-02
4.953302997039108924e+00 1.244816629126230083e-02
5.001486479303548727e+00 1.202321002896745289e-02
5.050138668603383785e+00 1.161139506856220631e-02
5.099264124307808288e+00 1.121186073478491058e-02
5.148867450137498025e+00 1.082444157252537842e-02
5.198953294596024399e+00 1.044886672930252051e-02
5.249526351405507718e+00 1.008474054112327989e-02
5.300591359946452030e+00 9.731610159321965256e-03
5.352153105701904501e+00 9.389822748899124064e-03
5.404216420705915347e+00 9.058408920519516946e-03
5.456786183996381823e+00 8.737307575082866457e-03
5.509867322072253160e+00 8.426282894676419971e-03
5.563464809355226137e+00 8.124954249322859437e-03
5.617583668655908191e+00 7.832768948723240962e-03
5.672228971644543094e+00 7.550590810348317347e-03
5.727405839326266346e+00 7.277014661750733256e-03
5.783119442521027054e+00 7.011850264952669207e-03
5.839375002348160315e+00 6.755950411307456993e-03
5.896177790715694478e+00 6.507724911918829833e-03
5.953533130814370189e+00 6.267613710166330260e-03
6.011446397616513337e+00 6.034672076631507169e-03
6.069923018379741464e+00 5.810945516942320199e-03
6.128968473155564034e+00 5.593255181835062734e-03
6.188588295302960063e+00 5.383060805560471902e-03
6.248788072006894012e+00 5.179800341089732009e-03
6.309573444801936049e+00 4.983266385937853808e-03
6.370950110100935149e+00 4.793217832967709355e-03
6.432923819728876502e+00 4.609634186332971229e-03
6.495500381461869033e+00 4.432209496542918216e-03
6.558685659571435345e+00 4.260902501543221456e-03
6.622485575374063238e+00 4.095203331018004191e-03
6.686906107786136921e+00 3.935244031294435861e-03
6.751953293884205287e+00 3.780357948506756893e-03
6.817633229470763112e+00 3.631807330224092779e-03
6.883952069645496330e+00 3.487228764711912919e-03
6.950916029382126382e+00 3.348353816361371391e-03
7.018531384110795912e+00 3.213977291875288935e-03
7.086804470306189430e+00 3.084912347449040877e-03
7.155741686081340980e+00 2.959898898662840627e-03
7.225349491787214085e+00 2.839452948807411233e-03
7.295634410618154320e+00 2.723080634844185586e-03
7.366603029223159460e+00 2.610995400805153025e-03
7.438261998323163482e+00 2.503249668304764319e-03
7.510618033334286459e+00 2.398790494807389977e-03
7.583677914997190683e+00 2.298596082576394480e-03
7.657448490012479958e+00 2.201914701053288032e-03
7.731936671682362316e+00 2.108490884128947328e-03
7.807149440558499798e+00 2.018731278056757478e-03
7.883093845096216690e+00 1.932352899544483200e-03
7.959777002314985417e+00 1.849065288943676057e-03
8.037206098465421888e+00 1.768936719195520011e-03
8.115388389702712146e+00 1.691851631669236090e-03
8.194331202766655053e+00 1.617626936975909884e-03
8.274041935668218883e+00 1.546278565864796532e-03
8.354528058382872047e+00 1.477623721722042330e-03
8.435797113550611570e+00 1.411491637722589974e-03
8.517856717182803905e+00 1.348154202458319269e-03
8.600714559375941093e+00 1.287153461381399747e-03
8.684378405032257220e+00 1.228547255983802921e-03
8.768856094587436090e+00 1.172215363338839807e-03
8.854155544745349715e+00 1.118121158905703615e-03
8.940284749219998162e+00 1.066169158852071095e-03
9.027251779484577909e+00 1.016308629110968670e-03
9.115064785527916769e+00 9.684418628495394376e-04
9.203731996618220279e+00 9.224543414137030420e-04
9.293261722074316111e+00 8.784600983489136098e-04
9.383662352044273902e+00 8.362024724742811357e-04
9.474942358291729150e+00 7.956896188451385767e-04
9.567110294989774388e+00 7.568559752831179000e-04
9.660174799522645017e+00 7.196438120455905547e-04
9.754144593295098531e+00 6.839982933096476264e-04
9.849028482549766039e+00 6.498588393617908037e-04
9.944835359192397917e+00 6.171699972017982271e-04
1.004157420162519543e+01 5.858836523244562123e-04
1.013925407558815373e+01 5.559528276788160746e-04
1.023788413500867378e+01 5.273267739381093996e-04
1.033747362285940774e+01 4.999442695457495403e-04
1.043803187202444072e+01 4.737670653730830243e-04
1.053956830617394580e+01 4.487649984963897791e-04
1.064209244064724658e+01 4.248765461986306249e-04
1.074561388334458023e+01 4.020609864706992174e-04
1.085014233562746178e+01 3.802946327958104766e-04
1.095568759322787855e+01 3.595115192731432774e-04
1.106225954716621906e+01 3.396897225673021679e-04
1.116986818467823817e+01 3.207955071231569110e-04
1.127852359015096795e+01 3.027851497195820237e-04
1.138823594606782130e+01 2.856270080145831324e-04
1.149901553396274245e+01 2.692882299531562489e-04
1.161087273538378994e+01 2.537315069200507360e-04
1.172381803286598512e+01 2.389319997449580767e-04
1.183786201091373513e+01 2.248560789702242705e-04
1.195301535699265827e+01 2.114740105937789618e-04
1.206928886253119870e+01 1.987610440691227982e-04
1.218669342393191712e+01 1.866893351858135133e-04
1.230524004359261525e+01 1.752258642819706346e-04
1.242493983093746479e+01 1.643548189921243546e-04
1.254580400345803248e+01 1.540418607845967295e-04
1.266784388776455827e+01 1.442692693782376360e-04
1.279107092064739781e+01 1.350158566644964957e-04
1.291549665014884063e+01 1.262515800030008086e-04
1.304113273664525430e+01 1.179688306796628926e-04
1.316799095393986185e+01 1.101243469842800720e-04
1.329608319036608854e+01 1.027185981878038306e-04
1.342542144990170527e+01 9.572464092567861238e-05
1.355601785329368880e+01 8.912607724450506328e-05
1.368788463919415221e+01 8.290175365217960200e-05
1.382103416530724438e+01 7.703794003013942368e-05
1.395547890954729020e+01 7.151389441543550495e-05
1.409123147120805619e+01 6.631926759295827612e-05
1.422830457214353395e+01 6.143361519089012512e-05
1.436671105796013137e+01 5.684582903940627979e-05
1.450646389922046886e+01 5.253611086921622587e-05
1.464757619265895272e+01 4.849509605817731107e-05
1.479006116240903168e+01 4.471182077415146347e-05
1.493393216124253264e+01 4.116847371447879972e-05
1.507920267182097263e+01 3.785692844641312601e-05
1.522588630795911513e+01 3.475959464521328882e-05
1.537399681590069456e+01 3.187216812388832162e-05
1.552354807560667105e+01 2.917855970835399581e-05
1.567455410205595001e+01 2.667185304377529898e-05
1.582702904655883280e+01 2.434007115867943381e-05
1.598098719808309376e+01 2.217362832753102923e-05
1.613644298459311699e+01 2.016407927536741418e-05
1.629341097440194730e+01 1.830422514450239955e-05
1.645190587753662470e+01 1.658186932503913209e-05
1.661194254711659113e+01 1.499245114479603547e-05
1.677353598074571295e+01 1.352523084362033208e-05
1.693670132191772026e+01 1.217638943390090520e-05
1.710145386143542012e+01 1.093295715313542795e-05
1.726780903884355922e+01 9.795475244332648522e-06
1.743578244387577669e+01 8.750507190395667243e-06
1.760538981791556523e+01 7.796308276149395604e-06
1.777664705547142532e+01 6.926725211447124313e-06
1.794957020566648254e+01 6.134934643076063458e-06
1.812417547374237614e+01 5.416413193238127466e-06
1.830047922257800863e+01 4.765201439775484451e-06
1.847849797422290763e+01 4.177664186096461104e-06
1.865824841144566193e+01 3.647956125193625838e-06
1.883974737929719367e+01 3.172488029660152278e-06
1.902301188668945642e+01 2.746788826965940303e-06
1.920805910798935301e+01 2.366644551987570814e-06
1.939490638462828542e+01 2.028957000857377603e-06
1.958357122672716955e+01 1.729785465207929271e-06
1.977407131473744428e+01 1.466552495843880090e-06
1.996642450109793288e+01 1.235070028459417492e-06
2.016064881190793656e+01 1.033007676517291488e-06
2.035676244861640072e+01 8.575430291367064233e-07
2.055478378972772546e+01 7.061973314157521099e-07
2.075473139252405730e+01 5.761282166642309007e-07
2.095662399480432825e+01 4.653847497108813716e-07
2.116048051664034446e+01 3.717219060665120724e-07
2.136632006214970403e+01 2.934010872850355791e-07
2.157416192128621546e+01 2.284249083596097893e-07
2.178402557164756459e+01 1.749629577490354499e-07
2.199593068030074861e+01 1.308133485561026334e-07
2.220989710562497521e+01 9.621638382454107833e-08
2.242594489917278011e+01 6.903891538471430100e-08
2.264409430754907504e+01 4.836939073377075859e-08
2.286436577430861306e+01 3.234867725611145641e-08
2.308677994187169702e+01 2.108099673657322755e-08
2.331135765345874944e+01 1.306902843175973053e-08
2.353811995504354471e+01 7.616676907518281863e-09
2.376708809732560823e+01 4.092094846135600750e-09
2.399828353772154799e+01 1.968219090743062891e-09
2.423172794237600769e+01 8.083051069337580044e-10
2.446744318819203201e+01 2.591630523258001197e-10
2.470545136488123816e+01 5.294712310255166361e-11
2.494577477703398571e+01 0.000000000000000000e+00
