1.000000000000000021e-02 1.376657347990852154e+00
1.009727545900835841e-02 1.376652269266065653e+00
1.019549716950923779e-02 1.376647635519753887e+00
1.029467433620748044e-02 1.376642363103905531e+00
1.039481625334708927e-02 1.376637545090198200e+00
1.049593230558227772e-02 1.376632279296828631e+00
1.059803196885688789e-02 1.376626201870747801e+00
1.070112481129246833e-02 1.376620606392838786e+00
1.080522049408488318e-02 1.376614906647170455e+00
1.091032877240974419e-02 1.376609081755785002e+00
1.101645949633656314e-02 1.376603100927521472e+00
1.112362261175187626e-02 1.376597037136845669e+00
1.123182816129126085e-02 1.376591004637452542e+00
1.134108628528052165e-02 1.376584733168834562e+00
1.145140722268592030e-02 1.376578324200618209e+00
1.156280131207376022e-02 1.376571484227032682e+00
1.167527899257919492e-02 1.376564947916629089e+00
1.178885080488457221e-02 1.376558385372711246e+00
1.190352739220719262e-02 1.376551623502697774e+00
1.201931950129673729e-02 1.376544693102728978e+00
1.213623798344241195e-02 1.376537594908017192e+00
1.225429379548980714e-02 1.376530343416973334e+00
1.237349800086776086e-02 1.376523243908546856e+00
1.249386177062509519e-02 1.376515654095422203e+00
1.261539638447754796e-02 1.376507914813753786e+00
1.273811323186478488e-02 1.376500004525239795e+00
1.286202381301779218e-02 1.376491435523635509e+00
1.298713974003655978e-02 1.376483004396498178e+00
1.311347273797833224e-02 1.376474497944402353e+00
1.324103464595636874e-02 1.376466676162326541e+00
1.336983741824946531e-02 1.376457674219801364e+00
1.349989312542219239e-02 1.376448579310973086e+00
1.363121395545611320e-02 1.376438422583278420e+00
1.376381221489191876e-02 1.376429013026420289e+00
1.389770032998276401e-02 1.376420549782119807e+00
1.403289084785873213e-02 1.376409653840841241e+00
1.416939643770268736e-02 1.376399941453092080e+00
1.430722989193757184e-02 1.376389816655995801e+00
1.444640412742520530e-02 1.376379543415225726e+00
1.458693218667675602e-02 1.376369054555711680e+00
1.472882723907502529e-02 1.376358332848518717e+00
1.487210258210860774e-02 1.376347406050780986e+00
1.501677164261799868e-02 1.376336259393510675e+00
1.516284797805393485e-02 1.376324897768915978e+00
1.531034527774784160e-02 1.376313430195251097e+00
1.545927736419477720e-02 1.376301629197910437e+00
1.560965819434872483e-02 1.376289639586414371e+00
1.576150186093060873e-02 1.376277363790976649e+00
1.591482259374891323e-02 1.376264811627627038e+00
1.606963476103326349e-02 1.376251064031476457e+00
1.622595287078087284e-02 1.376237945820533382e+00
1.638379157211618947e-02 1.376224684409361299e+00
1.654316565666366645e-02 1.376210277387940994e+00
1.670409005993399310e-02 1.376196478776776866e+00
1.686657986272368723e-02 1.376183753110318486e+00
1.703065029252844378e-02 1.376169608131257549e+00
1.719631672497009753e-02 1.376155134273616909e+00
1.736359468523754335e-02 1.376139020072355335e+00
1.753249984954170088e-02 1.376123995290990276e+00
1.770304804658450262e-02 1.376108762418409182e+00
1.787525525904235316e-02 1.376093334870509555e+00
1.804913762506383731e-02 1.376077736403822138e+00
1.822471143978214581e-02 1.376062618184075159e+00
1.840199315684210371e-02 1.376044554626738137e+00
1.858099938994215231e-02 1.376027492593763002e+00
1.876174691439120440e-02 1.376010026502439310e+00
1.894425266868081034e-02 1.375992203245747003e+00
1.912853375607242307e-02 1.375974508637059834e+00
1.931460744620030340e-02 1.375956016417530181e+00
1.950249117668984011e-02 1.375937140071396447e+00
1.969220255479172538e-02 1.375917923723640524e+00
1.988375935903200636e-02 1.375899159265012273e+00
2.007717954087816226e-02 1.375879319346125396e+00
2.027248122642137662e-02 1.375859055726809776e+00
2.046968271807520987e-02 1.375839041096836191e+00
2.066880249629082095e-02 1.375817231048212630e+00
2.086985922128879734e-02 1.375795286371748638e+00
2.107287173480786382e-02 1.375773381861811417e+00
2.127785906187062287e-02 1.375751121063559568e+00
2.148484041256648255e-02 1.375727762541456567e+00
2.169383518385184506e-02 1.375704513725283018e+00
2.190486296136792688e-02 1.375680825373426952e+00
2.211794352127614133e-02 1.375656699832209728e+00
2.233309683211144592e-02 1.375632247628923333e+00
2.255034305665360936e-02 1.375607025600603439e+00
2.276970255381680075e-02 1.375581324066253774e+00
2.299119588055741764e-02 1.375555043302394642e+00
2.321484379380064564e-02 1.375529083319123380e+00
2.344066725238556220e-02 1.375501135102957129e+00
2.366868741902936057e-02 1.375473326875717106e+00
2.389892566231050300e-02 1.375444953355665634e+00
2.413140355867127856e-02 1.375416121792825352e+00
2.436614289443983158e-02 1.375387688357331273e+00
2.460316566787181664e-02 1.375357738420858844e+00
2.484249409121190577e-02 1.375327155538494273e+00
2.508415059277539771e-02 1.375295959043175253e+00
2.532815781905008515e-02 1.375264567656838688e+00
2.557453863681850847e-02 1.375245075413397355e+00
2.582331613530085626e-02 1.375207491256490444e+00
2.607451362831877603e-02 1.375164887984624329e+00
2.632815465648021339e-02 1.375130574529516148e+00
2.658426298938541474e-02 1.375095496645738713e+00
2.684286262785454819e-02 1.375059748408805849e+00
2.710397780617682106e-02 1.375021172814981929e+00
2.736763299438163891e-02 1.374986223860756640e+00
2.763385290053169824e-02 1.374948498548066445e+00
2.790266247303856487e-02 1.374910667606696668e+00
2.817408690300057458e-02 1.374871125013720441e+00
2.844815162656363222e-02 1.374830974867068845e+00
2.872488232730495070e-02 1.374790291476486903e+00
2.900430493863991738e-02 1.374748474882593108e+00
2.928644564625237229e-02 1.374707288783458159e+00
2.957133089054861039e-02 1.374670641197883736e+00
2.985898736913520854e-02 1.374625413766133342e+00
3.014944203932094433e-02 1.374573786904440542e+00
3.044272212064302874e-02 1.374531076179687616e+00
3.073885509741795460e-02 1.374484655036307679e+00
3.103786872131722788e-02 1.374433672249391281e+00
3.133979101396793671e-02 1.374385683448758000e+00
3.164465026957891114e-02 1.374336468899116648e+00
3.195247505759213347e-02 1.374285908219394114e+00
3.226329422536015901e-02 1.374234610696288161e+00
3.257713690084949876e-02 1.374182405718034072e+00
3.289403249537032475e-02 1.374128988740555446e+00
3.321401070633261954e-02 1.374074515193439927e+00
3.353710152002930406e-02 1.374017670772990751e+00
3.386333521444636480e-02 1.373961496759906753e+00
3.419274236210027851e-02 1.373924869947918737e+00
3.452535383290306070e-02 1.373844766751492141e+00
3.486120079705520153e-02 1.373785102272715219e+00
3.520031472796678745e-02 1.373723548001479555e+00
3.554272740520694751e-02 1.373661201604691628e+00
3.588847091748199186e-02 1.373596872092879728e+00
3.623757766564258964e-02 1.373531751502632181e+00
3.659008036572020811e-02 1.373465461677142008e+00
3.694601205199302130e-02 1.373397828038537272e+00
3.730540608008161424e-02 1.373329715608148982e+00
3.766829613007490613e-02 1.373259339668673418e+00
3.803471620968648659e-02 1.373187535947747451e+00
3.840470065744145539e-02 1.373114187597651359e+00
3.877828414589457040e-02 1.373040210113340542e+00
3.915550168487941241e-02 1.372964432897548548e+00
3.953638862478930927e-02 1.372887396076525102e+00
3.992098065989020672e-02 1.372809114675349607e+00
4.030931383166566628e-02 1.372729022302085378e+00
4.070142453219438572e-02 1.372647468296911422e+00
4.109734950756069316e-02 1.372564252676216068e+00
4.149712586129815362e-02 1.372479233770025120e+00
4.190079105786669034e-02 1.372392553288882544e+00
4.230838292616342228e-02 1.372301683223441815e+00
4.271993966306778662e-02 1.372213921529937819e+00
4.313549983702118923e-02 1.372122060925442533e+00
4.355510239164130798e-02 1.372028501736917372e+00
4.397878664937160398e-02 1.371932626422641910e+00
4.440659231516640160e-02 1.371834269243807469e+00
4.483855948021186338e-02 1.371735794757761973e+00
4.527472862568297785e-02 1.371634952603171254e+00
4.571514062653719151e-02 1.371530891788169226e+00
4.615983675534499064e-02 1.371427180891886755e+00
4.660885868615767536e-02 1.371319657342336074e+00
4.706224849841281199e-02 1.371209398840194993e+00
4.752004868087766204e-02 1.371097770117762682e+00
4.798230213563085128e-02 1.370983883178672924e+00
4.844905218208294534e-02 1.370868458625888575e+00
4.892034256103611894e-02 1.370750178644217332e+00
4.939621743878321036e-02 1.370629599589065828e+00
4.987672141124663283e-02 1.370507078926033406e+00
5.036189950815770505e-02 1.370382694324898676e+00
5.085179719727656034e-02 1.370268787977773295e+00
5.134646038865306461e-02 1.370124110048131172e+00
5.184593543892913187e-02 1.369991849913159365e+00
5.235026915568305461e-02 1.369858524244971676e+00
5.285950880181603667e-02 1.369721195607014330e+00
5.337370209998133774e-02 1.369581400947267991e+00
5.389289723705643909e-02 1.369438254864305371e+00
5.441714286865893119e-02 1.369292374588314098e+00
5.494648812370611646e-02 1.369143389113962828e+00
5.548098260901916656e-02 1.368991715696693090e+00
5.602067641397187603e-02 1.368837620379540931e+00
5.656562011518465050e-02 1.368679362122864118e+00
5.711586478126431943e-02 1.368519665263222329e+00
5.767146197758996756e-02 1.368355756871542983e+00
5.823246377114527778e-02 1.368187691178559318e+00
5.879892273539785025e-02 1.368017013454777775e+00
5.937089195522609469e-02 1.367844250857713773e+00
5.994842503189409116e-02 1.367667224351267974e+00
6.053157608807464840e-02 1.367487894688689920e+00
6.112039977292132997e-02 1.367305204953870090e+00
6.171495126718981594e-02 1.367117641603968536e+00
6.231528628840921763e-02 1.366927548811649906e+00
6.292146109610344262e-02 1.366732514795017117e+00
6.353353249706343575e-02 1.366534952536187397e+00
6.415155785067082339e-02 1.366333242718108076e+00
6.477559507427335661e-02 1.366128086490322913e+00
6.540570264861225724e-02 1.365917922273769625e+00
6.604193962330305590e-02 1.365703494655684525e+00
6.668436562236895737e-02 1.365484920398416735e+00
6.733304084982863480e-02 1.365262067345702990e+00
6.798802609533814711e-02 1.365035000773745510e+00
6.864938273988777095e-02 1.364804024761328671e+00
6.931717276155408003e-02 1.364567720984696475e+00
6.999145874130821565e-02 1.364327839904727169e+00
7.067230386888070925e-02 1.364083091266590664e+00
7.135977194868306506e-02 1.363833451089107918e+00
7.205392740578704658e-02 1.363580397944448297e+00
7.275483529196229149e-02 1.363322461860203783e+00
7.346256129177256011e-02 1.363058195258925576e+00
7.417717172873124210e-02 1.362789564882400883e+00
7.489873357151664857e-02 1.362515202440775397e+00
7.562731444024800576e-02 1.362235621786887618e+00
7.636298261282241373e-02 1.361950800502849779e+00
7.710580703131336699e-02 1.361660543350517560e+00
7.785585730843146146e-02 1.361364656904653803e+00
7.861320373404813433e-02 1.361063033446870296e+00
7.937791728178281159e-02 1.360755515330137166e+00
8.015006961565404597e-02 1.360441580536934092e+00
8.092973309679550586e-02 1.360126124182545304e+00
8.171698079023696770e-02 1.359797629418223464e+00
8.251188647175167201e-02 1.359464593712033542e+00
8.331452463477014014e-02 1.359130231714148040e+00
8.412497049736118726e-02 1.358783259766751739e+00
8.494330000928071445e-02 1.358431785204544440e+00
8.576958985908941790e-02 1.358073978925322667e+00
8.660391748133952627e-02 1.357710057128533654e+00
8.744636106383144036e-02 1.357338635679094407e+00
8.829699955494091368e-02 1.356959068802789936e+00
8.915591267101763417e-02 1.356572656481827899e+00
9.002318090385581784e-02 1.356178620620449360e+00
9.089888552823731371e-02 1.355776114545496069e+00
9.178310860954806694e-02 1.355368655076370166e+00
9.267593301146882789e-02 1.354952780383652966e+00
9.357744240374062106e-02 1.354529102183742229e+00
9.448772127000577836e-02 1.354112557568482256e+00
9.540685491572513388e-02 1.353661815315131856e+00
9.633492947617222635e-02 1.353206555093314334e+00
9.727203192450542546e-02 1.352748926826095044e+00
9.821825007991856482e-02 1.352282986993882385e+00
9.917367261587073379e-02 1.351807555885176537e+00
1.001383890683960748e-01 1.351331633548543909e+00
1.011124898444945991e-01 1.350840100084131690e+00
1.020960662306047012e-01 1.350327088295797617e+00
1.030892104011576216e-01 1.349837292407530809e+00
1.040920154272158005e-01 1.349327212306772328e+00
1.051045752851944987e-01 1.348783551614300302e+00
1.061269848656690717e-01 1.348219815970163937e+00
1.071593399822671072e-01 1.347666938016485405e+00
1.082017373806478805e-01 1.347103465612291329e+00
1.092542747475682557e-01 1.346533351180264848e+00
1.103170507200377515e-01 1.345947191145205446e+00
1.113901648945616746e-01 1.345351884182706792e+00
1.124737178364751955e-01 1.344757727368364186e+00
1.135678110893671017e-01 1.344132442746456269e+00
1.146725471845963656e-01 1.343504179168818036e+00
1.157880296509002094e-01 1.342861818688407149e+00
1.169143630240966764e-01 1.342204059886977108e+00
1.180516528568804902e-01 1.341539555482872847e+00
1.192000057287153220e-01 1.340860802701369980e+00
1.203595292558212876e-01 1.340169944767961363e+00
1.215303321012602134e-01 1.339460810608927632e+00
1.227125239851190319e-01 1.338747896197566734e+00
1.239062156947916271e-01 1.338017535038315664e+00
1.251115190953615564e-01 1.337283086917663066e+00
1.263285471400849291e-01 1.336517903758189352e+00
1.275574138809759950e-01 1.335771037949722961e+00
1.287982344794950385e-01 1.334959118538549872e+00
1.300511252173409127e-01 1.334180425959933691e+00
1.313162035073478784e-01 1.333342354535721030e+00
1.325935879044890797e-01 1.332512407543975597e+00
1.338833981169864351e-01 1.331664911764198100e+00
1.351857550175293021e-01 1.330802679340033157e+00
1.365007806546013891e-01 1.329926000668647745e+00
1.378285982639189389e-01 1.329030819429788846e+00
1.391693322799789911e-01 1.328119157007745299e+00
1.405231083477211373e-01 1.327190882769761160e+00
1.418900533343016301e-01 1.326245211357724996e+00
1.432702953409830948e-01 1.325283476466156740e+00
1.446639637151387880e-01 1.324303571920474765e+00
1.460711890623745679e-01 1.323305270066024164e+00
1.474921032587684921e-01 1.322289177657896220e+00
1.489268394632288772e-01 1.321254324445287009e+00
1.503755321299738434e-01 1.320200440319495572e+00
1.518383170211306810e-01 1.319131311518946248e+00
1.533153312194593942e-01 1.318034922440805001e+00
1.548067131411984265e-01 1.316921792154354121e+00
1.563126025490369497e-01 1.315789148829925814e+00
1.578331405652117214e-01 1.314634436380715865e+00
1.593684696847328941e-01 1.313461061097509486e+00
1.609187337887370006e-01 1.312265311007523083e+00
1.624840781579713067e-01 1.311047400960885678e+00
1.640646494864078653e-01 1.309805491641240494e+00
1.656605958949914359e-01 1.308544360886297886e+00
1.672720669455196874e-01 1.307259856008306853e+00
1.688992136546599021e-01 1.305952148741551966e+00
1.705421885081006561e-01 1.304619736119425832e+00
1.722011454748421100e-01 1.303265129835068814e+00
1.738762400216251336e-01 1.301886687119688801e+00
1.755676291275001522e-01 1.300481090358500458e+00
1.772754712985387948e-01 1.299051825211347211e+00
1.789999265826875408e-01 1.297597894416251840e+00
1.807411565847668600e-01 1.296117268892968966e+00
1.824993244816152382e-01 1.294609800629479501e+00
1.842745950373816666e-01 1.293076196396932387e+00
1.860671346189656239e-01 1.291514706186614125e+00
1.878771112116086051e-01 1.289925571967415863e+00
1.897046944346358344e-01 1.288314601708390628e+00
1.915500555573527997e-01 1.286702019392696128e+00
1.934133675150944698e-01 1.284991578852574312e+00
1.952948049254327745e-01 1.283307745976598024e+00
1.971945441045395986e-01 1.281556334246739759e+00
1.991127630837108697e-01 1.279794504554172097e+00
2.010496416260497965e-01 1.278002617505429761e+00
2.030053612433137811e-01 1.276176178741150968e+00
2.049801052129238688e-01 1.274318948297514131e+00
2.069740585951406198e-01 1.272430594653360503e+00
2.089874082504071251e-01 1.270510034971015001e+00
2.110203428568595552e-01 1.268556709100569613e+00
2.130730529280097374e-01 1.266569744018745114e+00
2.151457308305980698e-01 1.264551054215393489e+00
2.172385708026215445e-01 1.262494197232966409e+00
2.193517689715359098e-01 1.260410404525568850e+00
2.214855233726360506e-01 1.258278208632845230e+00
2.236400339676138660e-01 1.256114793097936166e+00
2.258155026632983065e-01 1.253916781904572675e+00
2.280121333305757114e-01 1.251682376637867522e+00
2.302301318234963867e-01 1.249411717603520211e+00
2.324697059985647851e-01 1.247098471995686575e+00
2.347310657342196183e-01 1.244748965296490484e+00
2.370144229505012079e-01 1.242363857463287813e+00
2.393199916289123208e-01 1.239935576965731423e+00
2.416479878324700736e-01 1.237467873301996146e+00
2.439986297259550130e-01 1.234959941488819046e+00
2.463721375963552895e-01 1.232411063339995616e+00
2.487687338735107279e-01 1.229823329233552531e+00
2.511886431509580686e-01 1.227189342590759624e+00
2.536320922069775774e-01 1.224513154610439969e+00
2.560993100258459609e-01 1.221794968922851110e+00
2.585905278192945911e-01 1.219033456042937669e+00
2.611059790481781162e-01 1.216227590980936357e+00
2.636458994443517945e-01 1.213375889209264979e+00
2.662105270327638773e-01 1.210479925914569765e+00
2.688001021537606006e-01 1.207537784518627699e+00
2.714148674856106669e-01 1.204552029676580149e+00
2.740550680672460548e-01 1.201516125622174691e+00
2.767209513212268712e-01 1.198432810046517583e+00
2.794127670769268601e-01 1.195304080076768694e+00
2.821307675939472293e-01 1.192125204869883603e+00
2.848752075857552413e-01 1.188897187338719963e+00
2.876463442435557849e-01 1.185620851255863029e+00
2.904444372603925406e-01 1.182295634680066598e+00
2.932697488554852905e-01 1.178915504780838397e+00
2.961225437988035947e-01 1.175487474563924994e+00
2.990030894358785551e-01 1.172011735703619495e+00
3.019116557128577738e-01 1.168480334682378663e+00
3.048485152018017286e-01 1.164896103196851440e+00
3.078139431262288950e-01 1.161259541864762213e+00
3.108082173869063936e-01 1.157571007027182741e+00
3.138316185878944342e-01 1.153828094813005301e+00
3.168844300628416155e-01 1.150030238613950262e+00
3.199669379015380732e-01 1.146178621924563323e+00
3.230794309767249795e-01 1.142271174025047076e+00
3.262222009711669979e-01 1.138307393084646568e+00
3.293955424049855307e-01 1.134289918406550690e+00
3.325997526632606949e-01 1.130216173001603153e+00
3.358351320238990301e-01 1.126081947903819991e+00
3.391019836857747105e-01 1.121904511382125325e+00
3.424006137971423724e-01 1.117648777896562695e+00
3.457313314843284413e-01 1.113344613097698943e+00
3.490944488806992929e-01 1.108983148222061565e+00
3.524902811559130766e-01 1.104560743681729296e+00
3.559191465454557002e-01 1.100082158089272566e+00
3.593813663804627523e-01 1.095543581694152779e+00
3.628772651178337472e-01 1.090943992837173138e+00
3.664071703706370808e-01 1.086286864977468625e+00
3.699714129388128048e-01 1.081570011602291492e+00
3.735703268401719401e-01 1.076791391088480765e+00
3.772042493416999376e-01 1.071951816590624107e+00
3.808735209911614517e-01 1.067054368714822177e+00
3.845784856490158665e-01 1.062093659945663404e+00
3.883194905206404091e-01 1.057070440189150196e+00
3.920968861888690649e-01 1.051991395192099166e+00
3.959110266468458539e-01 1.046848389158772097e+00
3.997622693312000708e-01 1.041643715702259332e+00
4.036509751555413805e-01 1.036378810292627684e+00
4.075775085442840395e-01 1.031052603585137506e+00
4.115422374667966343e-01 1.025664847956489156e+00
4.155455334718875515e-01 1.020212945848625097e+00
4.195877717226225712e-01 1.014723157860205394e+00
4.236693310314835759e-01 1.009129183361967996e+00
4.277905938958687093e-01 1.003497039330375262e+00
4.319519465339363706e-01 9.978015253328262890e-01
4.361537789208005944e-01 9.920460146192491280e-01
4.403964848250754294e-01 9.862283964161548955e-01
4.446804618457780300e-01 9.803528639621285068e-01
4.490061114495874639e-01 9.744162327148480074e-01
4.533738390084691150e-01 9.684162588576706865e-01
4.577840538376618529e-01 9.623607797896102101e-01
4.622371692340384031e-01 9.562441641394159308e-01
4.667336025148346446e-01 9.500673803730420586e-01
4.712737750567601580e-01 9.438469260507729164e-01
4.758581123354846953e-01 9.375407872797714148e-01
4.804870439655131720e-01 9.311880107307944909e-01
4.851610037404442966e-01 9.247814292416413062e-01
4.898804296736250508e-01 9.183157354430725450e-01
4.946457640391963562e-01 9.117968612238593895e-01
4.994574534135413635e-01 9.052193788035552968e-01
5.043159487171361421e-01 8.985685559049799709e-01
5.092217052568053237e-01 8.919008997534917382e-01
5.141751827683928022e-01 8.851641387059143717e-01
5.191768454598426619e-01 8.783709108409006872e-01
5.242271620547044320e-01 8.715279711084596981e-01
5.293266058360561743e-01 8.646315038454440716e-01
5.344756546908600026e-01 8.576866902124478109e-01
5.396747911547442600e-01 8.506931658511184269e-01
5.449245024572260121e-01 8.436476782080383208e-01
5.502252805673685243e-01 8.365573681725334554e-01
5.555776222398878250e-01 8.294209540871825270e-01
5.609820290617031358e-01 8.222404844964278370e-01
5.664390074989449353e-01 8.150118504351391291e-01
5.719490689444144405e-01 8.077441390556185929e-01
5.775127297655114900e-01 8.004313280697058497e-01
5.831305113526221717e-01 7.930789449318094153e-01
5.888029401679826247e-01 7.856874430127673836e-01
5.945305477950136863e-01 7.782580992773864281e-01
6.003138709881384871e-01 7.707896473083742928e-01
6.061534517230839914e-01 7.632891895638371782e-01
6.120498372476699256e-01 7.557504655665613358e-01
6.180035801330957534e-01 7.481830086698556537e-01
6.240152383257209223e-01 7.405840383871534760e-01
6.300853751993553686e-01 7.329295435105357415e-01
6.362145596080520660e-01 7.252941480613986913e-01
6.424033659394193796e-01 7.176010500046721141e-01
6.486523741684461219e-01 7.098997762307002191e-01
6.549621699118558515e-01 7.021662986762738923e-01
6.613333444829840868e-01 6.944111338804617173e-01
6.677664949471955325e-01 6.866356858701426757e-01
6.742622241778342129e-01 6.788419707837711758e-01
6.808211409127237213e-01 6.710349832653510482e-01
6.874438598112112553e-01 6.632077969618850322e-01
6.941310015117725385e-01 6.553683217499278735e-01
7.008831926901714082e-01 6.475113386207655974e-01
7.077010661181889484e-01 6.396610441714069006e-01
7.145852607229240538e-01 6.317945359736075739e-01
7.215364216466665370e-01 6.239222921728527771e-01
7.285552003073593186e-01 6.160450837144894054e-01
7.356422544596413760e-01 6.081658855663852892e-01
7.427982482564918776e-01 6.002717777942605526e-01
7.500238523114668432e-01 5.924123592164538543e-01
7.573197437615483141e-01 5.845311014213615541e-01
7.646866063305975958e-01 5.766705968235698032e-01
7.721251303934327792e-01 5.688106688919885023e-01
7.796360130405233235e-01 5.609611784799566347e-01
7.872199581433195759e-01 5.531229917175226607e-01
7.948776764202123424e-01 5.452963859415012049e-01
8.026098855031396084e-01 5.374864000571807354e-01
8.104173100048355227e-01 5.296949365546756994e-01
8.183006815867394090e-01 5.219207837225819935e-01
8.262607390275591435e-01 5.141388653105860573e-01
8.342982282925082149e-01 5.064378946047377594e-01
8.424139026032094746e-01 4.987342920479930775e-01
8.506085225082840040e-01 4.910212563250014872e-01
8.588828559546254349e-01 4.834096418146940355e-01
8.672376783593644944e-01 4.757929822280909105e-01
8.756737726825394308e-01 4.682162876260441142e-01
8.841919295004664336e-01 4.606561188984832356e-01
8.927929470798307010e-01 4.531004037005905150e-01
9.014776314524917122e-01 4.456560928934193977e-01
9.102467964910225806e-01 4.382244098454368686e-01
9.191012639849772681e-01 4.308352270148713137e-01
9.280418637179072006e-01 4.234840990857867693e-01
9.370694335451198453e-01 4.161625469226870044e-01
9.461848194722002336e-01 4.089188555732671260e-01
9.553888757342895444e-01 4.017118741435574125e-01
9.646824648761427312e-01 3.945467058837089924e-01
9.740664578329562007e-01 3.874374526567282429e-01
9.835417340119908536e-01 3.803817544427186559e-01
9.931091813749796104e-01 3.733803476225437401e-01
1.002769696521346621e+00 3.663797433594060959e-01
1.012524184772224167e+00 3.595405296378835769e-01
1.022373560255302127e+00 3.527239285854725792e-01
1.032318745990486564e+00 3.459338999988544883e-01
1.042360673976402197e+00 3.392420441668640985e-01
1.052500285277732761e+00 3.325984698247160809e-01
1.062738530113414459e+00 3.260183075123088137e-01
1.073076367945679621e+00 3.195049060031620591e-01
1.083514767569973225e+00 3.130556070091383702e-01
1.094054707205742494e+00 3.066743686118534318e-01
1.104697174588111785e+00 3.003619216151158233e-01
1.115443167060441221e+00 2.941176747329765084e-01
1.126293691667795249e+00 2.879401606987538331e-01
1.137249765251314271e+00 2.818618070838002088e-01
1.148312414543511073e+00 2.758081580144197686e-01
1.159482676264482759e+00 2.698615258379976067e-01
1.170761597219069250e+00 2.639778190232857091e-01
1.182150234394952371e+00 2.581766257513952167e-01
1.193649655061713055e+00 2.524376636026282039e-01
1.205260936870842681e+00 2.467791795745473693e-01
1.216985167956738056e+00 2.411915098614177966e-01
1.228823447038673411e+00 2.356941386473132560e-01
1.240776883523764251e+00 2.302569961075211502e-01
1.252846597610937529e+00 2.249166424506390261e-01
1.265033720395903893e+00 2.196448407320487073e-01
1.277339393977160009e+00 2.144493820663864736e-01
1.289764771563017165e+00 2.093337453743599474e-01
1.302311017579677488e+00 2.042963410637439192e-01
1.314979307780347773e+00 1.993324440445552181e-01
1.327770829355430449e+00 1.944527204744543325e-01
1.340686781043774811e+00 1.896626010491227754e-01
1.353728373245021821e+00 1.849243824980879303e-01
1.366896828133026487e+00 1.802755642511105483e-01
1.380193379770397355e+00 1.757261149857296811e-01
1.393619274224142002e+00 1.712335171813417767e-01
1.407175769682446731e+00 1.668306489628512135e-01
1.420864136572576708e+00 1.624604437739421148e-01
1.434685657679937831e+00 1.582528518629765790e-01
1.448641628268290127e+00 1.540779183001791675e-01
1.462733356201129986e+00 1.499792569516301688e-01
1.476962162064259898e+00 1.459562584662302820e-01
1.491329379289537682e+00 1.419658751874664504e-01
1.505836354279841416e+00 1.381545553509360702e-01
1.520484446535244283e+00 1.343639445930071563e-01
1.535275028780422657e+00 1.306636104314267410e-01
1.550209487093291205e+00 1.270083337759289888e-01
1.565289221034902312e+00 1.234419814097798551e-01
1.580515643780601165e+00 1.199492656064727603e-01
1.595890182252465817e+00 1.165299312424908779e-01
1.611414277253019778e+00 1.131804789163279173e-01
1.627089383600260675e+00 1.099067857453625979e-01
1.642916970263993193e+00 1.066994077878859470e-01
1.658898520503498064e+00 1.035686164687884270e-01
1.675035532006524441e+00 1.005022464494011447e-01
1.691329517029648732e+00 9.750591975798816868e-02
1.707782002539993016e+00 9.457790927011801296e-02
1.724394530358320354e+00 9.170655894560283961e-02
1.741168657303530987e+00 8.892341551230110996e-02
1.758105955338547632e+00 8.619376483806220901e-02
1.775208011717636092e+00 8.352840438186877325e-02
1.792476429135148930e+00 8.092781813535662727e-02
1.809912825875727105e+00 7.838861352054957155e-02
1.827518835965944666e+00 7.591231228162012568e-02
1.845296109327445366e+00 7.349990949453212574e-02
1.863246311931559873e+00 7.114564305170105463e-02
1.881371125955437096e+00 6.885084459383367106e-02
1.899672249939675650e+00 6.661425856129031542e-02
1.918151398947507635e+00 6.443270779215072575e-02
1.936810304725519849e+00 6.231289441869689721e-02
1.955650715865949074e+00 6.024609239379930675e-02
1.974674397970537454e+00 5.823406357625498381e-02
1.993883133816001019e+00 5.627548128682147155e-02
2.013278723521096492e+00 5.437016392777511281e-02
2.032862984715323673e+00 5.251602640739546496e-02
2.052637752709252084e+00 5.071302004882173586e-02
2.072604880666519822e+00 4.896296383433806215e-02
2.092766239777499759e+00 4.725602616992804345e-02
2.113123719434652603e+00 4.560002656062010079e-02
2.133679227409597701e+00 4.399130439862788261e-02
2.154434690031884259e+00 4.242871610807013444e-02
2.175392052369522489e+00 4.091171545207660659e-02
2.196553278411258248e+00 3.943789202136618877e-02
2.217920351250634692e+00 3.800778566917219214e-02
2.239495273271823184e+00 3.662001611713450178e-02
2.261280066337279404e+00 3.527141284072420752e-02
2.283276771977218012e+00 3.396859729585478133e-02
2.305487451580938707e+00 3.270148746552036662e-02
2.327914186589993051e+00 3.147834373317264650e-02
2.350559078693253756e+00 3.028535699187311775e-02
2.373424250023866033e+00 2.913575797346578539e-02
2.396511843358130278e+00 2.801784472053144015e-02
2.419824022316292567e+00 2.694073262778794164e-02
2.443362971565319341e+00 2.589422997088668826e-02
2.467130897023623426e+00 2.488261872353534146e-02
2.491130026067788439e+00 2.390289937263712777e-02
2.515362607741312928e+00 2.295484958660245350e-02
2.539830912965362675e+00 2.204057988922240863e-02
2.564537234751594674e+00 2.115319042907321326e-02
2.589483888417040802e+00 2.029839498423231109e-02
2.614673211801092023e+00 1.947188627003136954e-02
2.640107565484572927e+00 1.867102798707633363e-02
2.665789333010967876e+00 1.789921684893559795e-02
2.691720921109787668e+00 1.715480924178823530e-02
2.717904759922122881e+00 1.643555520654986155e-02
2.744343303228365283e+00 1.574113895182185918e-02
2.771039028678170535e+00 1.507199107195846682e-02
2.797994438022641805e+00 1.442644317295321832e-02
2.825212057348790218e+00 1.380406247193515998e-02
2.852694437316245057e+00 1.320405919418411907e-02
2.880444153396297668e+00 1.262596947954672082e-02
2.908463806113254169e+00 1.206915988292469981e-02
2.936756021288137397e+00 1.153401761297112235e-02
2.965323450284773621e+00 1.101732665017049820e-02
2.994168770258243573e+00 1.051986442758410731e-02
3.023294684405779531e+00 1.004185126229948169e-02
3.052703922220086241e+00 9.582068147633236374e-03
3.082399239745143404e+00 9.139872112563413725e-03
3.112383419834465759e+00 8.714824523486307609e-03
3.142659272411905569e+00 8.306422438802621780e-03
3.173229634734976212e+00 7.914097982139812332e-03
3.204097371660752813e+00 7.537224088187475038e-03
3.235265375914330388e+00 7.175750270288228268e-03
3.266736568359921655e+00 6.828307103990015857e-03
3.298513898274578082e+00 6.495216848299329056e-03
3.330600343624588788e+00 6.175844745452493782e-03
3.362998911344535991e+00 5.869604354956601058e-03
3.395712637619100693e+00 5.576056020316993121e-03
3.428744588167585317e+00 5.294864275951872284e-03
3.462097858531227423e+00 5.025617626841550473e-03
3.495775574363275240e+00 4.768056580997481579e-03
3.529780891721914671e+00 4.520987298661207493e-03
3.564116997366032269e+00 4.285015698661003708e-03
3.598787109053855460e+00 4.057382225565715414e-03
3.633794475844513094e+00 3.843528959271368638e-03
3.669142378402494131e+00 3.637375227166519086e-03
3.704834129305105694e+00 3.440111954659715032e-03
3.740873073352900313e+00 3.252562247683173091e-03
3.777262587883141176e+00 3.073172224439384929e-03
3.814006083086284082e+00 2.901994212209224773e-03
3.851107002325572903e+00 2.738992574037889260e-03
3.888568822459721019e+00 2.582948457407280296e-03
3.926395054168756449e+00 2.436755592575686521e-03
3.964589242282997805e+00 2.295217380000115579e-03
4.003154966115265445e+00 2.159744895997508726e-03
4.042095839796306045e+00 2.032358899124503317e-03
4.081415512613501662e+00 1.910700422745457766e-03
4.121117669352832635e+00 1.795348508618202239e-03
4.161206030644208020e+00 1.685664383652363913e-03
4.201684353310133346e+00 1.581715187483287606e-03
4.242556430717777438e+00 1.482984565559249080e-03
4.283826093134470270e+00 1.389399314448552412e-03
4.325497208086633627e+00 1.300659621732033712e-03
4.367573680722233398e+00 1.216682262216427354e-03
4.410059454176736615e+00 1.137143879931110579e-03
4.452958509942654963e+00 1.061957877276197958e-03
4.496274868242640110e+00 9.909537236639169144e-04
4.540012588406244554e+00 9.236786255615230890e-04
4.584175769250333765e+00 8.602615874306777455e-04
4.628768549463215365e+00 8.004392785141114164e-04
4.673795107992464004e+00 7.440468674457142691e-04
4.719259664436561863e+00 6.909199958158310706e-04
4.765166479440326341e+00 6.409162789240399529e-04
4.811519855094205766e+00 5.938889439902265803e-04
4.858324135337417360e+00 5.496998698926680539e-04
4.905583706365050922e+00 5.081993137441357918e-04
4.953302997039108924e+00 4.692811845814151431e-04
5.001486479303548727e+00 4.327888419156811369e-04
5.050138668603383785e+00 3.986278041674056025e-04
5.099264124307808288e+00 3.666701962730886406e-04
5.148867450137498025e+00 3.368066227650474173e-04
5.198953294596024399e+00 3.089292964748263474e-04
5.249526351405507718e+00 2.829348534552527435e-04
5.300591359946452030e+00 2.587236548149339749e-04
5.352153105701904501e+00 2.361987446348740971e-04
5.404216420705915347e+00 2.152702781218909865e-04
5.456786183996381823e+00 1.958493695320312239e-04
5.509867322072253160e+00 1.778457662369475238e-04
5.563464809355226137e+00 1.611971772790155998e-04
5.617583668655908191e+00 1.458057570153140049e-04
5.672228971644543094e+00 1.316094520360745128e-04
5.727405839326266346e+00 1.185282413198010976e-04
5.783119442521027054e+00 1.065023392140429813e-04
5.839375002348160315e+00 9.546472001574962457e-05
5.896177790715694478e+00 8.534654815263841162e-05
5.953533130814370189e+00 7.610447465637572935e-05
6.011446397616513337e+00 6.765817785658585857e-05
6.069923018379741464e+00 5.997099250516552040e-05
6.128968473155564034e+00 5.298865852349138767e-05
6.188588295302960063e+00 4.666101509761469960e-05
6.248788072006894012e+00 4.094029699502780493e-05
6.309573444801936049e+00 3.578684320092421643e-05
6.370950110100935149e+00 3.115525165005930019e-05
6.432923819728876502e+00 2.700454228532262843e-05
6.495500381461869033e+00 2.330124127064961390e-05
6.558685659571435345e+00 2.000680852007885455e-05
6.622485575374063238e+00 1.707863180367091924e-05
6.686906107786136921e+00 1.449794208740078849e-05
6.751953293884205287e+00 1.223309160120355573e-05
6.817633229470763112e+00 1.025113092151134090e-05
6.883952069645496330e+00 8.527085536935944413e-06
6.950916029382126382e+00 7.036440501917664847e-06
7.018531384110795912e+00 5.756847621072514850e-06
7.086804470306189430e+00 4.662814909147235755e-06
7.155741686081340980e+00 3.736582623989883046e-06
7.225349491787214085e+00 2.958167834818390002e-06
7.295634410618154320e+00 2.311901687985583954e-06
7.366603029223159460e+00 1.780016973747158397e-06
7.438261998323163482e+00 1.346177392294973153e-06
7.510618033334286459e+00 9.985556561103829326e-07
7.583677914997190683e+00 7.242744366876120401e-07
7.657448490012479958e+00 5.114650958857915948e-07
7.731936671682362316e+00 3.501258909401636831e-07
7.807149440558499798e+00 2.308634770619324854e-07
7.883093845096216690e+00 1.451524946819326935e-07
7.959777002314985417e+00 8.535578885447055701e-08
8.037206098465421888e+00 4.656042533538796412e-08
8.115388389702712146e+00 2.300845315038703250e-08
8.194331202766655053e+00 9.936522194974983460e-09
8.274041935668218883e+00 3.463280770821426718e-09
8.354528058382872047e+00 8.396985799701665812e-10
8.435797113550611570e+00 9.603314059325368338e-11
8.517856717182803905e+00 0.000000000000000000e+00
