1.000000000000000021e-02 1.102869943247825946e+00
1.009727545900835841e-02 1.102864019209896407e+00
1.019549716950923779e-02 1.102857842566280722e+00
1.029467433620748044e-02 1.102851214547832859e+00
1.039481625334708927e-02 1.102844976539335997e+00
1.049593230558227772e-02 1.102838567760625610e+00
1.059803196885688789e-02 1.102831919844121211e+00
1.070112481129246833e-02 1.102825066297921763e+00
1.080522049408488318e-02 1.102818012222260169e+00
1.091032877240974419e-02 1.102810995224206669e+00
1.101645949633656314e-02 1.102803728402092620e+00
1.112362261175187626e-02 1.102795979382841240e+00
1.123182816129126085e-02 1.102788432608767577e+00
1.134108628528052165e-02 1.102780758914508441e+00
1.145140722268592030e-02 1.102772936136972248e+00
1.156280131207376022e-02 1.102764962434379159e+00
1.167527899257919492e-02 1.102756816791467642e+00
1.178885080488457221e-02 1.102748566621562176e+00
1.190352739220719262e-02 1.102740064577690360e+00
1.201931950129673729e-02 1.102731184032949452e+00
1.213623798344241195e-02 1.102722382823639879e+00
1.225429379548980714e-02 1.102713267551608256e+00
1.237349800086776086e-02 1.102704083541848012e+00
1.249386177062509519e-02 1.102694943974121822e+00
1.261539638447754796e-02 1.102685444565695061e+00
1.273811323186478488e-02 1.102676567091165571e+00
1.286202381301779218e-02 1.102665833788899263e+00
1.298713974003655978e-02 1.102655708741236751e+00
1.311347273797833224e-02 1.102645426179092780e+00
1.324103464595636874e-02 1.102634870763582908e+00
1.336983741824946531e-02 1.102624137450448405e+00
1.349989312542219239e-02 1.102613132609593816e+00
1.363121395545611320e-02 1.102601588313900427e+00
1.376381221489191876e-02 1.102590149933190489e+00
1.389770032998276401e-02 1.102578539310479666e+00
1.403289084785873213e-02 1.102566961225198705e+00
1.416939643770268736e-02 1.102554831092834142e+00
1.430722989193757184e-02 1.102542426218263483e+00
1.444640412742520530e-02 1.102529848081093666e+00
1.458693218667675602e-02 1.102517031612571197e+00
1.472882723907502529e-02 1.102503972816427646e+00
1.487210258210860774e-02 1.102490677587279144e+00
1.501677164261799868e-02 1.102490253628571892e+00
1.516284797805393485e-02 1.102558617076048186e+00
1.531034527774784160e-02 1.102449620976286404e+00
1.545927736419477720e-02 1.102435273031278085e+00
1.560965819434872483e-02 1.102420552463206027e+00
1.576150186093060873e-02 1.102405568098989930e+00
1.591482259374891323e-02 1.102390099079017194e+00
1.606963476103326349e-02 1.102374525844175057e+00
1.622595287078087284e-02 1.102363295761104478e+00
1.638379157211618947e-02 1.102342522941404779e+00
1.654316565666366645e-02 1.102325863899412228e+00
1.670409005993399310e-02 1.102309270250467987e+00
1.686657986272368723e-02 1.102292079919381607e+00
1.703065029252844378e-02 1.102274688055581819e+00
1.719631672497009753e-02 1.102254486982557014e+00
1.736359468523754335e-02 1.102238662699883909e+00
1.753249984954170088e-02 1.102220139908330898e+00
1.770304804658450262e-02 1.102201285415672638e+00
1.787525525904235316e-02 1.102182041385097344e+00
1.804913762506383731e-02 1.102163328485313398e+00
1.822471143978214581e-02 1.102146610908459667e+00
1.840199315684210371e-02 1.102126146423434205e+00
1.858099938994215231e-02 1.102105464452153960e+00
1.876174691439120440e-02 1.102085038836390085e+00
1.894425266868081034e-02 1.102059785394654101e+00
1.912853375607242307e-02 1.102040018161000168e+00
1.931460744620030340e-02 1.102013743767987775e+00
1.950249117668984011e-02 1.101990872465178573e+00
1.969220255479172538e-02 1.101967238326098997e+00
1.988375935903200636e-02 1.101944365586428942e+00
2.007717954087816226e-02 1.101919157864337251e+00
2.027248122642137662e-02 1.101894372057440563e+00
2.046968271807520987e-02 1.101869107872460285e+00
2.066880249629082095e-02 1.101842330506219714e+00
2.086985922128879734e-02 1.101816911838827684e+00
2.107287173480786382e-02 1.101789637019962909e+00
2.127785906187062287e-02 1.101762025902928377e+00
2.148484041256648255e-02 1.101734310607450640e+00
2.169383518385184506e-02 1.101706333371953450e+00
2.190486296136792688e-02 1.101677475325199440e+00
2.211794352127614133e-02 1.101646812277528253e+00
2.233309683211144592e-02 1.101617188181021056e+00
2.255034305665360936e-02 1.101586106938004850e+00
2.276970255381680075e-02 1.101554791956033785e+00
2.299119588055741764e-02 1.101522762088949614e+00
2.321484379380064564e-02 1.101490140241878635e+00
2.344066725238556220e-02 1.101456841000324927e+00
2.366868741902936057e-02 1.101423364575280894e+00
2.389892566231050300e-02 1.101388610988581540e+00
2.413140355867127856e-02 1.101353847362773086e+00
2.436614289443983158e-02 1.101317252965996252e+00
2.460316566787181664e-02 1.101280651103493380e+00
2.484249409121190577e-02 1.101243260809971591e+00
2.508415059277539771e-02 1.101205724180416512e+00
2.532815781905008515e-02 1.101166970042774862e+00
2.557453863681850847e-02 1.101127144706208538e+00
2.582331613530085626e-02 1.101087149227520046e+00
2.607451362831877603e-02 1.101045919909365400e+00
2.632815465648021339e-02 1.101004058848209732e+00
2.658426298938541474e-02 1.100961310052746223e+00
2.684286262785454819e-02 1.100917851130164493e+00
2.710397780617682106e-02 1.100873202297856679e+00
2.736763299438163891e-02 1.100826640384823918e+00
2.763385290053169824e-02 1.100781182073122366e+00
2.790266247303856487e-02 1.100734073643798494e+00
2.817408690300057458e-02 1.100685745814813155e+00
2.844815162656363222e-02 1.100636442132157278e+00
2.872488232730495070e-02 1.100586211556531691e+00
2.900430493863991738e-02 1.100535030258566582e+00
2.928644564625237229e-02 1.100483066651512187e+00
2.957133089054861039e-02 1.100429930413253210e+00
2.985898736913520854e-02 1.100375411536760994e+00
3.014944203932094433e-02 1.100321017224242581e+00
3.044272212064302874e-02 1.100265366113001075e+00
3.073885509741795460e-02 1.100208206705638903e+00
3.103786872131722788e-02 1.100149977787440614e+00
3.133979101396793671e-02 1.100090626983499131e+00
3.164465026957891114e-02 1.100030212044722511e+00
3.195247505759213347e-02 1.099968755940683884e+00
3.226329422536015901e-02 1.099906023308142800e+00
3.257713690084949876e-02 1.099842035083646419e+00
3.289403249537032475e-02 1.099777145292195613e+00
3.321401070633261954e-02 1.099710487576072593e+00
3.353710152002930406e-02 1.099642157939905829e+00
3.386333521444636480e-02 1.099572566198103507e+00
3.419274236210027851e-02 1.099501814277932477e+00
3.452535383290306070e-02 1.099429691448536861e+00
3.486120079705520153e-02 1.099355981438882024e+00
3.520031472796678745e-02 1.099281010292150418e+00
3.554272740520694751e-02 1.099204575512230386e+00
3.588847091748199186e-02 1.099126547333105774e+00
3.623757766564258964e-02 1.099047199785684770e+00
3.659008036572020811e-02 1.098966116368327528e+00
3.694601205199302130e-02 1.098883719217458754e+00
3.730540608008161424e-02 1.098799975270357443e+00
3.766829613007490613e-02 1.098713161332582011e+00
3.803471620968648659e-02 1.098626965040394809e+00
3.840470065744145539e-02 1.098536662940367892e+00
3.877828414589457040e-02 1.098447442447383571e+00
3.915550168487941241e-02 1.098354583016148966e+00
3.953638862478930927e-02 1.098260521741864171e+00
3.992098065989020672e-02 1.098164419187090957e+00
4.030931383166566628e-02 1.098065969894674865e+00
4.070142453219438572e-02 1.097965316903955157e+00
4.109734950756069316e-02 1.097863340508913765e+00
4.149712586129815362e-02 1.097758982972011355e+00
4.190079105786669034e-02 1.097652385765649719e+00
4.230838292616342228e-02 1.097544272316767877e+00
4.271993966306778662e-02 1.097434054000997916e+00
4.313549983702118923e-02 1.097321225172984027e+00
4.355510239164130798e-02 1.097206987203903417e+00
4.397878664937160398e-02 1.097090058831416304e+00
4.440659231516640160e-02 1.096971227813005267e+00
4.483855948021186338e-02 1.096850911012819507e+00
4.527472862568297785e-02 1.096726933481719346e+00
4.571514062653719151e-02 1.096601035955785619e+00
4.615983675534499064e-02 1.096472741435500664e+00
4.660885868615767536e-02 1.096341768704475861e+00
4.706224849841281199e-02 1.096208263325890941e+00
4.752004868087766204e-02 1.096072207853688418e+00
4.798230213563085128e-02 1.095933899684428336e+00
4.844905218208294534e-02 1.095792153467508134e+00
4.892034256103611894e-02 1.095647739976108426e+00
4.939621743878321036e-02 1.095501178343712745e+00
4.987672141124663283e-02 1.095351107010671843e+00
5.036189950815770505e-02 1.095206973467836242e+00
5.085179719727656034e-02 1.095042761115998964e+00
5.134646038865306461e-02 1.094884211922868111e+00
5.184593543892913187e-02 1.094723121959214174e+00
5.235026915568305461e-02 1.094562985091893870e+00
5.285950880181603667e-02 1.094394864944288503e+00
5.337370209998133774e-02 1.094218929039367127e+00
5.389289723705643909e-02 1.094044304566821335e+00
5.441714286865893119e-02 1.093866067561593214e+00
5.494648812370611646e-02 1.093684429831320415e+00
5.548098260901916656e-02 1.093499439024748776e+00
5.602067641397187603e-02 1.093310547546403777e+00
5.656562011518465050e-02 1.093118314140643088e+00
5.711586478126431943e-02 1.092922576982255034e+00
5.767146197758996756e-02 1.092723058252485391e+00
5.823246377114527778e-02 1.092519703958964694e+00
5.879892273539785025e-02 1.092311979389836818e+00
5.937089195522609469e-02 1.092100615191751833e+00
5.994842503189409116e-02 1.091887162355011043e+00
6.053157608807464840e-02 1.091665417595230503e+00
6.112039977292132997e-02 1.091441558907264575e+00
6.171495126718981594e-02 1.091213379379589066e+00
6.231528628840921763e-02 1.090999468729641819e+00
6.292146109610344262e-02 1.090743267786356219e+00
6.353353249706343575e-02 1.090502493750857393e+00
6.415155785067082339e-02 1.090274993442958085e+00
6.477559507427335661e-02 1.090004862433712862e+00
6.540570264861225724e-02 1.089749698947597434e+00
6.604193962330305590e-02 1.089488851652018475e+00
6.668436562236895737e-02 1.089225151343017117e+00
6.733304084982863480e-02 1.088953827795213991e+00
6.798802609533814711e-02 1.088676991699530472e+00
6.864938273988777095e-02 1.088395551446543985e+00
6.931717276155408003e-02 1.088089084233254900e+00
6.999145874130821565e-02 1.087820351610868208e+00
7.067230386888070925e-02 1.087522236420496613e+00
7.135977194868306506e-02 1.087206403172448210e+00
7.205392740578704658e-02 1.086906022126315596e+00
7.275483529196229149e-02 1.086590064196998329e+00
7.346256129177256011e-02 1.086269147487128883e+00
7.417717172873124210e-02 1.085942097124861894e+00
7.489873357151664857e-02 1.085607237766494038e+00
7.562731444024800576e-02 1.085266736822418254e+00
7.636298261282241373e-02 1.084919996552071941e+00
7.710580703131336699e-02 1.084567507976877287e+00
7.785585730843146146e-02 1.084208199212409074e+00
7.861320373404813433e-02 1.083840649597827444e+00
7.937791728178281159e-02 1.083467788167068235e+00
8.015006961565404597e-02 1.083087170543285627e+00
8.092973309679550586e-02 1.082699312329766572e+00
8.171698079023696770e-02 1.082304763579495566e+00
8.251188647175167201e-02 1.081901454165490550e+00
8.331452463477014014e-02 1.081491668617551749e+00
8.412497049736118726e-02 1.081072915231846565e+00
8.494330000928071445e-02 1.080646174781803248e+00
8.576958985908941790e-02 1.080211629941570051e+00
8.660391748133952627e-02 1.079768000569827358e+00
8.744636106383144036e-02 1.079316641696681733e+00
8.829699955494091368e-02 1.078857038663930901e+00
8.915591267101763417e-02 1.078388188606616005e+00
9.002318090385581784e-02 1.077912218027078151e+00
9.089888552823731371e-02 1.077425591062606491e+00
9.178310860954806694e-02 1.076930401102649704e+00
9.267593301146882789e-02 1.076425543005661734e+00
9.357744240374062106e-02 1.075911914339170217e+00
9.448772127000577836e-02 1.075388475756128059e+00
9.540685491572513388e-02 1.074854584519000067e+00
9.633492947617222635e-02 1.074316262347461137e+00
9.727203192450542546e-02 1.073756365739419127e+00
9.821825007991856482e-02 1.073192677890030033e+00
9.917367261587073379e-02 1.072617906169233359e+00
1.001383890683960748e-01 1.072031912762331007e+00
1.011124898444945991e-01 1.071434570909105100e+00
1.020960662306047012e-01 1.070825817861894569e+00
1.030892104011576216e-01 1.070205037861487796e+00
1.040920154272158005e-01 1.069575274676905163e+00
1.051045752851944987e-01 1.068933656266473964e+00
1.061269848656690717e-01 1.068278418156906051e+00
1.071593399822671072e-01 1.067612487917825925e+00
1.082017373806478805e-01 1.066932647706983373e+00
1.092542747475682557e-01 1.066241121218731713e+00
1.103170507200377515e-01 1.065536861980494798e+00
1.113901648945616746e-01 1.064818788439053421e+00
1.124737178364751955e-01 1.064087437003375491e+00
1.135678110893671017e-01 1.063342134650700155e+00
1.146725471845963656e-01 1.062583117970912649e+00
1.157880296509002094e-01 1.061810123733464506e+00
1.169143630240966764e-01 1.061024407185284790e+00
1.180516528568804902e-01 1.060246142894391008e+00
1.192000057287153220e-01 1.059406778530978421e+00
1.203595292558212876e-01 1.058575352718659213e+00
1.215303321012602134e-01 1.057720240103832587e+00
1.227125239851190319e-01 1.056867619047529239e+00
1.239062156947916271e-01 1.055991542984034748e+00
1.251115190953615564e-01 1.055096263089515096e+00
1.263285471400849291e-01 1.054185412182117032e+00
1.275574138809759950e-01 1.053258382092492784e+00
1.287982344794950385e-01 1.052314515566493247e+00
1.300511252173409127e-01 1.051354974482907823e+00
1.313162035073478784e-01 1.050375775183497007e+00
1.325935879044890797e-01 1.049373059874775693e+00
1.338833981169864351e-01 1.048366826062051782e+00
1.351857550175293021e-01 1.047360406674942013e+00
1.365007806546013891e-01 1.046283036734377392e+00
1.378285982639189389e-01 1.045214735032117259e+00
1.391693322799789911e-01 1.044122571004546529e+00
1.405231083477211373e-01 1.043014127681616499e+00
1.418900533343016301e-01 1.041885890340178422e+00
1.432702953409830948e-01 1.040736681876216707e+00
1.446639637151387880e-01 1.039564796767887822e+00
1.460711890623745679e-01 1.038375854987952263e+00
1.474921032587684921e-01 1.037163289410894862e+00
1.489268394632288772e-01 1.035929857359107364e+00
1.503755321299738434e-01 1.034675785204627330e+00
1.518383170211306810e-01 1.033397597164486204e+00
1.533153312194593942e-01 1.032109333239402238e+00
1.548067131411984265e-01 1.030773269576283901e+00
1.563126025490369497e-01 1.029426036853278159e+00
1.578331405652117214e-01 1.028056243851919627e+00
1.593684696847328941e-01 1.026661174047879266e+00
1.609187337887370006e-01 1.025242572566521293e+00
1.624840781579713067e-01 1.023798285669393016e+00
1.640646494864078653e-01 1.022330042046209808e+00
1.656605958949914359e-01 1.020835832489394468e+00
1.672720669455196874e-01 1.019316099495374495e+00
1.688992136546599021e-01 1.017769275321407818e+00
1.705421885081006561e-01 1.016194764955876240e+00
1.722011454748421100e-01 1.014594282563410221e+00
1.738762400216251336e-01 1.012965357328755367e+00
1.755676291275001522e-01 1.011309742100434450e+00
1.772754712985387948e-01 1.009625688929774112e+00
1.789999265826875408e-01 1.007912717184755724e+00
1.807411565847668600e-01 1.006170108037113264e+00
1.824993244816152382e-01 1.004398062005974923e+00
1.842745950373816666e-01 1.002596892728606415e+00
1.860671346189656239e-01 1.000764521972197896e+00
1.878771112116086051e-01 9.989003546323772520e-01
1.897046944346358344e-01 9.970057548204943609e-01
1.915500555573527997e-01 9.950807310639109282e-01
1.934133675150944698e-01 9.931217327778572024e-01
1.952948049254327745e-01 9.911317749602627236e-01
1.971945441045395986e-01 9.891079803629638789e-01
1.991127630837108697e-01 9.870513741978496070e-01
2.010496416260497965e-01 9.849593556002995687e-01
2.030053612433137811e-01 9.828343377321060448e-01
2.049801052129238688e-01 9.806750606001045645e-01
2.069740585951406198e-01 9.784797147117779703e-01
2.089874082504071251e-01 9.762481303856437309e-01
2.110203428568595552e-01 9.739816538518099032e-01
2.130730529280097374e-01 9.716785728538799294e-01
2.151457308305980698e-01 9.693389232620461815e-01
2.172385708026215445e-01 9.669612428385560010e-01
2.193517689715359098e-01 9.645451153533551869e-01
2.214855233726360506e-01 9.620923819768080199e-01
2.236400339676138660e-01 9.595953522944775660e-01
2.258155026632983065e-01 9.570696784028004389e-01
2.280121333305757114e-01 9.544997205741898583e-01
2.302301318234963867e-01 9.518875359024981941e-01
2.324697059985647851e-01 9.492354178529663900e-01
2.347310657342196183e-01 9.465512651799603550e-01
2.370144229505012079e-01 9.438113804752676916e-01
2.393199916289123208e-01 9.410371113002291565e-01
2.416479878324700736e-01 9.382188444124793802e-01
2.439986297259550130e-01 9.353590231996220528e-01
2.463721375963552895e-01 9.324713625317125887e-01
2.487687338735107279e-01 9.295106285827087200e-01
2.511886431509580686e-01 9.265212949263952336e-01
2.536320922069775774e-01 9.234884115659602877e-01
2.560993100258459609e-01 9.204085403821472555e-01
2.585905278192945911e-01 9.172888182275333868e-01
2.611059790481781162e-01 9.141167300955569397e-01
2.636458994443517945e-01 9.109026467096567048e-01
2.662105270327638773e-01 9.076420264406921401e-01
2.688001021537606006e-01 9.043381935122586368e-01
2.714148674856106669e-01 9.009810322509488323e-01
2.740550680672460548e-01 8.975817081647301521e-01
2.767209513212268712e-01 8.941349981298304384e-01
2.794127670769268601e-01 8.906397692471289540e-01
2.821307675939472293e-01 8.870938125246110584e-01
2.848752075857552413e-01 8.835006842742537669e-01
2.876463442435557849e-01 8.798616485015535726e-01
2.904444372603925406e-01 8.761742231183833329e-01
2.932697488554852905e-01 8.724279246836612600e-01
2.961225437988035947e-01 8.686437621728948510e-01
2.990030894358785551e-01 8.648062959545462780e-01
3.019116557128577738e-01 8.609184010274549825e-01
3.048485152018017286e-01 8.569806086090226982e-01
3.078139431262288950e-01 8.529930125682664288e-01
3.108082173869063936e-01 8.489541868178890338e-01
3.138316185878944342e-01 8.448643662018302525e-01
3.168844300628416155e-01 8.407255623391789445e-01
3.199669379015380732e-01 8.365345930730414548e-01
3.230794309767249795e-01 8.322918161931700531e-01
3.262222009711669979e-01 8.279960290757896191e-01
3.293955424049855307e-01 8.236551515958977498e-01
3.325997526632606949e-01 8.192600273665890942e-01
3.358351320238990301e-01 8.148124407708000616e-01
3.391019836857747105e-01 8.103146310203523939e-01
3.424006137971423724e-01 8.057659936874737028e-01
3.457313314843284413e-01 8.011672742946379655e-01
3.490944488806992929e-01 7.965151048319782934e-01
3.524902811559130766e-01 7.918133778948592827e-01
3.559191465454557002e-01 7.870607094010330096e-01
3.593813663804627523e-01 7.822686679152712763e-01
3.628772651178337472e-01 7.774021937651851566e-01
3.664071703706370808e-01 7.724966038661577050e-01
3.699714129388128048e-01 7.675436216202503603e-01
3.735703268401719401e-01 7.625373699952643358e-01
3.772042493416999376e-01 7.574813372469596517e-01
3.808735209911614517e-01 7.523783719302148398e-01
3.845784856490158665e-01 7.472262883968217029e-01
3.883194905206404091e-01 7.420215798992237932e-01
3.920968861888690649e-01 7.367728943235521966e-01
3.959110266468458539e-01 7.314706597984961256e-01
3.997622693312000708e-01 7.261303208123356390e-01
4.036509751555413805e-01 7.207382397836067378e-01
4.075775085442840395e-01 7.152994483052584895e-01
4.115422374667966343e-01 7.098142467145791557e-01
4.155455334718875515e-01 7.042846880702700041e-01
4.195877717226225712e-01 6.987131288331955847e-01
4.236693310314835759e-01 6.930910810078730888e-01
4.277905938958687093e-01 6.874292828755520501e-01
4.319519465339363706e-01 6.817239507354891925e-01
4.361537789208005944e-01 6.759776223038095333e-01
4.403964848250754294e-01 6.701890216668425770e-01
4.446804618457780300e-01 6.643616774178714435e-01
4.490061114495874639e-01 6.584934488527374175e-01
4.533738390084691150e-01 6.525864952562246968e-01
4.577840538376618529e-01 6.466441195468767278e-01
4.622371692340384031e-01 6.406623412686436314e-01
4.667336025148346446e-01 6.346443358335523977e-01
4.712737750567601580e-01 6.285932437278821672e-01
4.758581123354846953e-01 6.225073531209486255e-01
4.804870439655131720e-01 6.163902689716015404e-01
4.851610037404442966e-01 6.102417247297557967e-01
4.898804296736250508e-01 6.040604472802656444e-01
4.946457640391963562e-01 5.978460889175157833e-01
4.994574534135413635e-01 5.916146101880360719e-01
5.043159487171361421e-01 5.853521495445730416e-01
5.092217052568053237e-01 5.790616427369842389e-01
5.141751827683928022e-01 5.727457085922134095e-01
5.191768454598426619e-01 5.664101689148380858e-01
5.242271620547044320e-01 5.600336932205254303e-01
5.293266058360561743e-01 5.536730327878878199e-01
5.344756546908600026e-01 5.472768922856844354e-01
5.396747911547442600e-01 5.408607393568579669e-01
5.449245024572260121e-01 5.344306247508681107e-01
5.502252805673685243e-01 5.279862410849508469e-01
5.555776222398878250e-01 5.215231037346425014e-01
5.609820290617031358e-01 5.150591487903621868e-01
5.664390074989449353e-01 5.085803156451467189e-01
5.719490689444144405e-01 5.020931990175213633e-01
5.775127297655114900e-01 4.956012003178186798e-01
5.831305113526221717e-01 4.891004603083340396e-01
5.888029401679826247e-01 4.825999327347793577e-01
5.945305477950136863e-01 4.760948406430065005e-01
6.003138709881384871e-01 4.695919847229134692e-01
6.061534517230839914e-01 4.630900276039712771e-01
6.120498372476699256e-01 4.565915755808515608e-01
6.180035801330957534e-01 4.500966115410614532e-01
6.240152383257209223e-01 4.436070784680032908e-01
6.300853751993553686e-01 4.371312644377757795e-01
6.362145596080520660e-01 4.306522211213549278e-01
6.424033659394193796e-01 4.242055775364829695e-01
6.486523741684461219e-01 4.177634924023243546e-01
6.549621699118558515e-01 4.113346912975234249e-01
6.613333444829840868e-01 4.049245509530458587e-01
6.677664949471955325e-01 3.985313129509192587e-01
6.742622241778342129e-01 3.921606074416450483e-01
6.808211409127237213e-01 3.858087399299657827e-01
6.874438598112112553e-01 3.794814960561141426e-01
6.941310015117725385e-01 3.731764522060601608e-01
7.008831926901714082e-01 3.669046572908221671e-01
7.077010661181889484e-01 3.606363207229295598e-01
7.145852607229240538e-01 3.544500306160559000e-01
7.215364216466665370e-01 3.482662714411599580e-01
7.285552003073593186e-01 3.421180319064259789e-01
7.356422544596413760e-01 3.360050496812594933e-01
7.427982482564918776e-01 3.299271010632429113e-01
7.500238523114668432e-01 3.238870726822880575e-01
7.573197437615483141e-01 3.178914437137473903e-01
7.646866063305975958e-01 3.119317038431330125e-01
7.721251303934327792e-01 3.060183441425705642e-01
7.796360130405233235e-01 3.001506004056508914e-01
7.872199581433195759e-01 2.943223546329580276e-01
7.948776764202123424e-01 2.885389582190462932e-01
8.026098855031396084e-01 2.828190049971123221e-01
8.104173100048355227e-01 2.771396017985098825e-01
8.183006815867394090e-01 2.715070770189679239e-01
8.262607390275591435e-01 2.659405630525769615e-01
8.342982282925082149e-01 2.604167781200936727e-01
8.424139026032094746e-01 2.549321103858072646e-01
8.506085225082840040e-01 2.495318686462163760e-01
8.588828559546254349e-01 2.441676015185774429e-01
8.672376783593644944e-01 2.388748745292465780e-01
8.756737726825394308e-01 2.336119597192976016e-01
8.841919295004664336e-01 2.284599308861859079e-01
8.927929470798307010e-01 2.233470865583347398e-01
9.014776314524917122e-01 2.182797194850289724e-01
9.102467964910225806e-01 2.132826678956924182e-01
9.191012639849772681e-01 2.083561567125842839e-01
9.280418637179072006e-01 2.034874881877528074e-01
9.370694335451198453e-01 1.986837941626748705e-01
9.461848194722002336e-01 1.939449327293343017e-01
9.553888757342895444e-01 1.892719892147004535e-01
9.646824648761427312e-01 1.846656602071556075e-01
9.740664578329562007e-01 1.801256037266334153e-01
9.835417340119908536e-01 1.756529244505911636e-01
9.931091813749796104e-01 1.712442632577317603e-01
1.002769696521346621e+00 1.669084637583280184e-01
1.012524184772224167e+00 1.626359622635241142e-01
1.022373560255302127e+00 1.584392482678228242e-01
1.032318745990486564e+00 1.543056747918499505e-01
1.042360673976402197e+00 1.502414388416063729e-01
1.052500285277732761e+00 1.462475252524897407e-01
1.062738530113414459e+00 1.423232863323799779e-01
1.073076367945679621e+00 1.384513912220649012e-01
1.083514767569973225e+00 1.346771389930977725e-01
1.094054707205742494e+00 1.309584192788261769e-01
1.104697174588111785e+00 1.273086660958199223e-01
1.115443167060441221e+00 1.237255474403263084e-01
1.126293691667795249e+00 1.202083377648234946e-01
1.137249765251314271e+00 1.167705426893865250e-01
1.148312414543511073e+00 1.133943310918012620e-01
1.159482676264482759e+00 1.100858434346829867e-01
1.170761597219069250e+00 1.068425121702088754e-01
1.182150234394952371e+00 1.036682737300531204e-01
1.193649655061713055e+00 1.005636441452320423e-01
1.205260936870842681e+00 9.752262561950307551e-02
1.216985167956738056e+00 9.454735736928517043e-02
1.228823447038673411e+00 9.164049177858542283e-02
1.240776883523764251e+00 8.879264559225948095e-02
1.252846597610937529e+00 8.601080734260752036e-02
1.265033720395903893e+00 8.329336371395916483e-02
1.277339393977160009e+00 8.064406013285106700e-02
1.289764771563017165e+00 7.804786513250247526e-02
1.302311017579677488e+00 7.551648092342086449e-02
1.314979307780347773e+00 7.304753064310894051e-02
1.327770829355430449e+00 7.063796005338035533e-02
1.340686781043774811e+00 6.828996251370041126e-02
1.353728373245021821e+00 6.599848316673523341e-02
1.366896828133026487e+00 6.376551229142914112e-02
1.380193379770397355e+00 6.158991202105157381e-02
1.393619274224142002e+00 5.946730257841675860e-02
1.407175769682446731e+00 5.741293289416211226e-02
1.420864136572576708e+00 5.539821385464663295e-02
1.434685657679937831e+00 5.344183473184911659e-02
1.448641628268290127e+00 5.154189405558914222e-02
1.462733356201129986e+00 4.969666871493761545e-02
1.476962162064259898e+00 4.789643707798928868e-02
1.491329379289537682e+00 4.615180939287117506e-02
1.505836354279841416e+00 4.445651348558331273e-02
1.520484446535244283e+00 4.280949250358571934e-02
1.535275028780422657e+00 4.120889704871090464e-02
1.550209487093291205e+00 3.965484346739343163e-02
1.565289221034902312e+00 3.815068389745437244e-02
1.580515643780601165e+00 3.668678500300362466e-02
1.595890182252465817e+00 3.527124877154050320e-02
1.611414277253019778e+00 3.389903744429609983e-02
1.627089383600260675e+00 3.256520090774164822e-02
1.642916970263993193e+00 3.127566691704597446e-02
1.658898520503498064e+00 3.002727055664080116e-02
1.675035532006524441e+00 2.881879109463983055e-02
1.691329517029648732e+00 2.764930011768077997e-02
1.707782002539993016e+00 2.651789070084752120e-02
1.724394530358320354e+00 2.542377115049944056e-02
1.741168657303530987e+00 2.436607120780640706e-02
1.758105955338547632e+00 2.334371358100643251e-02
1.775208011717636092e+00 2.235614070625070379e-02
1.792476429135148930e+00 2.140265967016682924e-02
1.809912825875727105e+00 2.048595233317016331e-02
1.827518835965944666e+00 1.959390263202101870e-02
1.845296109327445366e+00 1.873620575922465073e-02
1.863246311931559873e+00 1.790962440120807964e-02
1.881371125955437096e+00 1.711324166771023558e-02
1.899672249939675650e+00 1.634459640786545265e-02
1.918151398947507635e+00 1.560471380545409500e-02
1.936810304725519849e+00 1.489173069422822931e-02
1.955650715865949074e+00 1.420644331040113104e-02
1.974674397970537454e+00 1.354628479888684602e-02
1.993883133816001019e+00 1.291178663955394081e-02
2.013278723521096492e+00 1.230082561067952045e-02
2.032862984715323673e+00 1.171365000153048487e-02
2.052637752709252084e+00 1.115020975962341399e-02
2.072604880666519822e+00 1.060868403913212479e-02
2.092766239777499759e+00 1.008849555367502711e-02
2.113123719434652603e+00 9.589695513925007228e-03
2.133679227409597701e+00 9.111071818033592354e-03
2.154434690031884259e+00 8.652236495449008857e-03
2.175392052369522489e+00 8.211932429116677867e-03
2.196553278411258248e+00 7.790473808948475062e-03
2.217920351250634692e+00 7.382495454032865327e-03
2.239495273271823184e+00 7.000200659527470656e-03
2.261280066337279404e+00 6.630362821807170813e-03
2.283276771977218012e+00 6.277199607435835806e-03
2.305487451580938707e+00 5.938588501507351992e-03
2.327914186589993051e+00 5.615474449310544139e-03
2.350559078693253756e+00 5.306670013317816778e-03
2.373424250023866033e+00 5.012020324659621946e-03
2.396511843358130278e+00 4.730834356748101280e-03
2.419824022316292567e+00 4.465197772873748250e-03
2.443362971565319341e+00 4.209067020851955075e-03
2.467130897023623426e+00 3.963237633337101176e-03
2.491130026067788439e+00 3.731486901342493702e-03
2.515362607741312928e+00 3.510615977453561583e-03
2.539830912965362675e+00 3.300666864743914772e-03
2.564537234751594674e+00 3.100954229080643727e-03
2.589483888417040802e+00 2.911264570282608675e-03
2.614673211801092023e+00 2.731036467758552865e-03
2.640107565484572927e+00 2.559948524187998387e-03
2.665789333010967876e+00 2.397781543692147598e-03
2.691720921109787668e+00 2.244094483581297265e-03
2.717904759922122881e+00 2.098386674942899141e-03
2.744343303228365283e+00 1.960524448635619053e-03
2.771039028678170535e+00 1.829864901350216526e-03
2.797994438022641805e+00 1.706730911789029964e-03
2.825212057348790218e+00 1.590066846458770052e-03
2.852694437316245057e+00 1.480212398688435195e-03
2.880444153396297668e+00 1.376454328155076942e-03
2.908463806113254169e+00 1.278657334879945923e-03
2.936756021288137397e+00 1.186518095573316960e-03
2.965323450284773621e+00 1.099838656380801825e-03
2.994168770258243573e+00 1.018324364739032735e-03
3.023294684405779531e+00 9.418596116611963791e-04
3.052703922220086241e+00 8.698654554761382990e-04
3.082399239745143404e+00 8.024439143393327775e-04
3.112383419834465759e+00 7.392993162451186448e-04
3.142659272411905569e+00 6.801911985092115847e-04
3.173229634734976212e+00 6.249477220990921553e-04
3.204097371660752813e+00 5.733471223008602870e-04
3.235265375914330388e+00 5.252116336536151843e-04
3.266736568359921655e+00 4.803599019105265957e-04
3.298513898274578082e+00 4.386161959269017810e-04
3.330600343624588788e+00 3.998156591688244296e-04
3.362998911344535991e+00 3.637996924709147473e-04
3.395712637619100693e+00 3.304120527614816329e-04
3.428744588167585317e+00 2.995045678085275971e-04
3.462097858531227423e+00 2.709359207036132647e-04
3.495775574363275240e+00 2.445748821892611562e-04
3.529780891721914671e+00 2.202806701447687231e-04
3.564116997366032269e+00 1.979401754104620265e-04
3.598787109053855460e+00 1.774271096525183145e-04
3.633794475844513094e+00 1.586274115624868605e-04
3.669142378402494131e+00 1.414487402170267979e-04
3.704834129305105694e+00 1.257484581871271174e-04
3.740873073352900313e+00 1.114544113183017592e-04
3.777262587883141176e+00 9.847018624578384805e-05
3.814006083086284082e+00 8.669939120221080745e-05
3.851107002325572903e+00 7.606249847824494623e-05
3.888568822459721019e+00 6.647812631434205229e-05
3.926395054168756449e+00 5.786385911088161494e-05
3.964589242282997805e+00 5.014358327154310190e-05
4.003154966115265445e+00 4.325744370691228600e-05
4.042095839796306045e+00 3.711927428127617326e-05
4.081415512613501662e+00 3.168318711541478453e-05
4.121117669352832635e+00 2.688697099735764946e-05
4.161206030644208020e+00 2.267669676811182296e-05
4.201684353310133346e+00 1.899323455742036763e-05
4.242556430717777438e+00 1.579110956772014992e-05
4.283826093134470270e+00 1.302141277323435287e-05
4.325497208086633627e+00 1.064570377918131231e-05
4.367573680722233398e+00 8.616238043039576577e-06
4.410059454176736615e+00 6.897653968834783933e-06
4.452958509942654963e+00 5.454520905846581435e-06
4.496274868242640110e+00 4.257894716891464299e-06
4.540012588406244554e+00 3.273211930911245382e-06
4.584175769250333765e+00 2.471687145783115675e-06
4.628768549463215365e+00 1.829888175408132906e-06
4.673795107992464004e+00 1.324241136392812902e-06
4.719259664436561863e+00 9.326089040059827848e-07
4.765166479440326341e+00 6.363335795717159989e-07
4.811519855094205766e+00 4.179045245284468649e-07
4.858324135337417360e+00 2.614239015258122559e-07
4.905583706365050922e+00 1.541737097286619106e-07
4.953302997039108924e+00 8.338034205035263390e-08
5.001486479303548727e+00 4.063692668754212725e-08
5.050138668603383785e+00 1.711848880235790328e-08
5.099264124307808288e+00 5.804206400789148346e-09
5.148867450137498025e+00 1.338168095971117726e-09
5.198953294596024399e+00 1.353342723053311277e-10
5.249526351405507718e+00 0.000000000000000000e+00
