1.000000000000000021e-02 8.988238140810298482e-01
1.009727545900835841e-02 8.988164505662449288e-01
1.019549716950923779e-02 8.988091380015453824e-01
1.029467433620748044e-02 8.988015734219448882e-01
1.039481625334708927e-02 8.987937853578981118e-01
1.049593230558227772e-02 8.987858322187044502e-01
1.059803196885688789e-02 8.987777288813405541e-01
1.070112481129246833e-02 8.987694753038666384e-01
1.080522049408488318e-02 8.987617399287542996e-01
1.091032877240974419e-02 8.987637587868935185e-01
1.101645949633656314e-02 8.987102718828419157e-01
1.112362261175187626e-02 8.987351761355778512e-01
1.123182816129126085e-02 8.987260376125109085e-01
1.134108628528052165e-02 8.987167246635928697e-01
1.145140722268592030e-02 8.987116055717162544e-01
1.156280131207376022e-02 8.986979307972877695e-01
1.167527899257919492e-02 8.986874227011103500e-01
1.178885080488457221e-02 8.986773506675954648e-01
1.190352739220719262e-02 8.986670906917517687e-01
1.201931950129673729e-02 8.986565297828917886e-01
1.213623798344241195e-02 8.986461696269233412e-01
1.225429379548980714e-02 8.986348982737253355e-01
1.237349800086776086e-02 8.986239346241595705e-01
1.249386177062509519e-02 8.986126721511348281e-01
1.261539638447754796e-02 8.986010472707480767e-01
1.273811323186478488e-02 8.985908638648857361e-01
1.286202381301779218e-02 8.985786983796600902e-01
1.298713974003655978e-02 8.985667943733485208e-01
1.311347273797833224e-02 8.985546113737882257e-01
1.324103464595636874e-02 8.985425228798116226e-01
1.336983741824946531e-02 8.985294106381855883e-01
1.349989312542219239e-02 8.985159417829343687e-01
1.363121395545611320e-02 8.985038260995693582e-01
1.376381221489191876e-02 8.984896840892770964e-01
1.389770032998276401e-02 8.984750316543000936e-01
1.403289084785873213e-02 8.984580004632716221e-01
1.416939643770268736e-02 8.984425726849065708e-01
1.430722989193757184e-02 8.984281241752199998e-01
1.444640412742520530e-02 8.984129273224283896e-01
1.458693218667675602e-02 8.983972249937850485e-01
1.472882723907502529e-02 8.983825107237478624e-01
1.487210258210860774e-02 8.983649178160947324e-01
1.501677164261799868e-02 8.983491496082784966e-01
1.516284797805393485e-02 8.983317367914978036e-01
1.531034527774784160e-02 8.983151572443538457e-01
1.545927736419477720e-02 8.982969552668046420e-01
1.560965819434872483e-02 8.982794780130364254e-01
1.576150186093060873e-02 8.982613907073720982e-01
1.591482259374891323e-02 8.982428228772340040e-01
1.606963476103326349e-02 8.982238502498894883e-01
1.622595287078087284e-02 8.982045257375810277e-01
1.638379157211618947e-02 8.981849081009940505e-01
1.654316565666366645e-02 8.981649324631857390e-01
1.670409005993399310e-02 8.981445249187681723e-01
1.686657986272368723e-02 8.981236216443110321e-01
1.703065029252844378e-02 8.981024280622819100e-01
1.719631672497009753e-02 8.980807612315082622e-01
1.736359468523754335e-02 8.980586914251761366e-01
1.753249984954170088e-02 8.980360855411151366e-01
1.770304804658450262e-02 8.980131002328832768e-01
1.787525525904235316e-02 8.979895106904260960e-01
1.804913762506383731e-02 8.979658396450775903e-01
1.822471143978214581e-02 8.979416583567595422e-01
1.840199315684210371e-02 8.979168954327667596e-01
1.858099938994215231e-02 8.978907321796401053e-01
1.876174691439120440e-02 8.978659624183000787e-01
1.894425266868081034e-02 8.978392822969155640e-01
1.912853375607242307e-02 8.978126880201922067e-01
1.931460744620030340e-02 8.977852944097340915e-01
1.950249117668984011e-02 8.977573522391397720e-01
1.969220255479172538e-02 8.977287281128479846e-01
1.988375935903200636e-02 8.976996923539657391e-01
2.007717954087816226e-02 8.976700691760909345e-01
2.027248122642137662e-02 8.976395322318146963e-01
2.046968271807520987e-02 8.976085978782624153e-01
2.066880249629082095e-02 8.975769849934467359e-01
2.086985922128879734e-02 8.975447875242484885e-01
2.107287173480786382e-02 8.975119950318214412e-01
2.127785906187062287e-02 8.974786841040840457e-01
2.148484041256648255e-02 8.974445745033382549e-01
2.169383518385184506e-02 8.974099864248504810e-01
2.190486296136792688e-02 8.973749977446419113e-01
2.211794352127614133e-02 8.973390420135087808e-01
2.233309683211144592e-02 8.973025182660038235e-01
2.255034305665360936e-02 8.972649645339186852e-01
2.276970255381680075e-02 8.972269626174010915e-01
2.299119588055741764e-02 8.971884933468239343e-01
2.321484379380064564e-02 8.971490890228547288e-01
2.344066725238556220e-02 8.971088283438365396e-01
2.366868741902936057e-02 8.970678215812345480e-01
2.389892566231050300e-02 8.970262853771713285e-01
2.413140355867127856e-02 8.969833647463927306e-01
2.436614289443983158e-02 8.969397098141923541e-01
2.460316566787181664e-02 8.968951264437740045e-01
2.484249409121190577e-02 8.968495467809650679e-01
2.508415059277539771e-02 8.968032468294303561e-01
2.532815781905008515e-02 8.967560262793393688e-01
2.557453863681850847e-02 8.967079073485872964e-01
2.582331613530085626e-02 8.966590608302886789e-01
2.607451362831877603e-02 8.966089674946589039e-01
2.632815465648021339e-02 8.965581273742405655e-01
2.658426298938541474e-02 8.965061959902090871e-01
2.684286262785454819e-02 8.964532426790461361e-01
2.710397780617682106e-02 8.963990530723823236e-01
2.736763299438163891e-02 8.963436244517499762e-01
2.763385290053169824e-02 8.962882866296272288e-01
2.790266247303856487e-02 8.962310535460319416e-01
2.817408690300057458e-02 8.961726658006358148e-01
2.844815162656363222e-02 8.961141917059838313e-01
2.872488232730495070e-02 8.960530651719571527e-01
2.900430493863991738e-02 8.959908298935242987e-01
2.928644564625237229e-02 8.959279998978738613e-01
2.957133089054861039e-02 8.958633182674748952e-01
2.985898736913520854e-02 8.957978963095737379e-01
3.014944203932094433e-02 8.957308504356198409e-01
3.044272212064302874e-02 8.956627152649442314e-01
3.073885509741795460e-02 8.955929262870507834e-01
3.103786872131722788e-02 8.955217359891429751e-01
3.133979101396793671e-02 8.954495340253727509e-01
3.164465026957891114e-02 8.953760166703059742e-01
3.195247505759213347e-02 8.953013842377026688e-01
3.226329422536015901e-02 8.952245808097434310e-01
3.257713690084949876e-02 8.951471218236326521e-01
3.289403249537032475e-02 8.950674835750257463e-01
3.321401070633261954e-02 8.949859619505051711e-01
3.353710152002930406e-02 8.949039842951038715e-01
3.386333521444636480e-02 8.948198225153887186e-01
3.419274236210027851e-02 8.947338363419409246e-01
3.452535383290306070e-02 8.946465797352707305e-01
3.486120079705520153e-02 8.945576293502645049e-01
3.520031472796678745e-02 8.944665859819490583e-01
3.554272740520694751e-02 8.943716769963200308e-01
3.588847091748199186e-02 8.942792225224190927e-01
3.623757766564258964e-02 8.941866923503646314e-01
3.659008036572020811e-02 8.940895751820681081e-01
3.694601205199302130e-02 8.939847244689022032e-01
3.730540608008161424e-02 8.938825469444710015e-01
3.766829613007490613e-02 8.937789963128500714e-01
3.803471620968648659e-02 8.936728555351911574e-01
3.840470065744145539e-02 8.935682262851379898e-01
3.877828414589457040e-02 8.934629915484588736e-01
3.915550168487941241e-02 8.933417203166527099e-01
3.953638862478930927e-02 8.932273678992843635e-01
3.992098065989020672e-02 8.931106263238689502e-01
4.030931383166566628e-02 8.929916583308296074e-01
4.070142453219438572e-02 8.928700621583700592e-01
4.109734950756069316e-02 8.927462140162116810e-01
4.149712586129815362e-02 8.926204383187090752e-01
4.190079105786669034e-02 8.924916890366308975e-01
4.230838292616342228e-02 8.923607107415107986e-01
4.271993966306778662e-02 8.922268596860467582e-01
4.313549983702118923e-02 8.920912194090684366e-01
4.355510239164130798e-02 8.919533206019930605e-01
4.397878664937160398e-02 8.918104226055926231e-01
4.440659231516640160e-02 8.916661130647841604e-01
4.483855948021186338e-02 8.915193931156701890e-01
4.527472862568297785e-02 8.913826272503778680e-01
4.571514062653719151e-02 8.912163588046106977e-01
4.615983675534499064e-02 8.910608675507356580e-01
4.660885868615767536e-02 8.909026702900403327e-01
4.706224849841281199e-02 8.907405630725239165e-01
4.752004868087766204e-02 8.905761554606796970e-01
4.798230213563085128e-02 8.904079317473131416e-01
4.844905218208294534e-02 8.902369033259439624e-01
4.892034256103611894e-02 8.900627734694606108e-01
4.939621743878321036e-02 8.898863542105382995e-01
4.987672141124663283e-02 8.897031896772922277e-01
5.036189950815770505e-02 8.895179981693825955e-01
5.085179719727656034e-02 8.893339845656818010e-01
5.134646038865306461e-02 8.891463184479708737e-01
5.184593543892913187e-02 8.889309863451912985e-01
5.235026915568305461e-02 8.887424365702598639e-01
5.285950880181603667e-02 8.885386832867475659e-01
5.337370209998133774e-02 8.883312492002901628e-01
5.389289723705643909e-02 8.881201708660917404e-01
5.441714286865893119e-02 8.879031640731055441e-01
5.494648812370611646e-02 8.876839961614469976e-01
5.548098260901916656e-02 8.874607328713964849e-01
5.602067641397187603e-02 8.872398431225847482e-01
5.656562011518465050e-02 8.870003490880117303e-01
5.711586478126431943e-02 8.867627315082925454e-01
5.767146197758996756e-02 8.865223661850694103e-01
5.823246377114527778e-02 8.862762406910160706e-01
5.879892273539785025e-02 8.860257183533819525e-01
5.937089195522609469e-02 8.857709517229509499e-01
5.994842503189409116e-02 8.855109449558757895e-01
6.053157608807464840e-02 8.852453903217304410e-01
6.112039977292132997e-02 8.849746650001399928e-01
6.171495126718981594e-02 8.846986767725945056e-01
6.231528628840921763e-02 8.844176390095104257e-01
6.292146109610344262e-02 8.841305343662863026e-01
6.353353249706343575e-02 8.838387359040997815e-01
6.415155785067082339e-02 8.835411430727644344e-01
6.477559507427335661e-02 8.832375186908462128e-01
6.540570264861225724e-02 8.829298194786071585e-01
6.604193962330305590e-02 8.826148954657625501e-01
6.668436562236895737e-02 8.822941221127527101e-01
6.733304084982863480e-02 8.819673001918570954e-01
6.798802609533814711e-02 8.816346460210299218e-01
6.864938273988777095e-02 8.812959468775811711e-01
6.931717276155408003e-02 8.809496689487863463e-01
6.999145874130821565e-02 8.806019014323042127e-01
7.067230386888070925e-02 8.802385520768477578e-01
7.135977194868306506e-02 8.798733507485052563e-01
7.205392740578704658e-02 8.795004251428408804e-01
7.275483529196229149e-02 8.791206601451186931e-01
7.346256129177256011e-02 8.787332202409465776e-01
7.417717172873124210e-02 8.783382759257905015e-01
7.489873357151664857e-02 8.779351951269950272e-01
7.562731444024800576e-02 8.775267962158276314e-01
7.636298261282241373e-02 8.771107826028102794e-01
7.710580703131336699e-02 8.766849985776660192e-01
7.785585730843146146e-02 8.762528847172282864e-01
7.861320373404813433e-02 8.758112709075582814e-01
7.937791728178281159e-02 8.753621370125528323e-01
8.015006961565404597e-02 8.749041346300574507e-01
8.092973309679550586e-02 8.744379709323504279e-01
8.171698079023696770e-02 8.739625938167238095e-01
8.251188647175167201e-02 8.734783167151336514e-01
8.331452463477014014e-02 8.729844288958809040e-01
8.412497049736118726e-02 8.724815661334049954e-01
8.494330000928071445e-02 8.719781313269313605e-01
8.576958985908941790e-02 8.714713430633918012e-01
8.660391748133952627e-02 8.709175468541328069e-01
8.744636106383144036e-02 8.703762552424517684e-01
8.829699955494091368e-02 8.698254637596118943e-01
8.915591267101763417e-02 8.692636502339488036e-01
9.002318090385581784e-02 8.686932245833526300e-01
9.089888552823731371e-02 8.681092939978720668e-01
9.178310860954806694e-02 8.675153533782286042e-01
9.267593301146882789e-02 8.669105841179373106e-01
9.357744240374062106e-02 8.662946792206607238e-01
9.448772127000577836e-02 8.656685891599590343e-01
9.540685491572513388e-02 8.650289870462919417e-01
9.633492947617222635e-02 8.643792614197083335e-01
9.727203192450542546e-02 8.637175052798591324e-01
9.821825007991856482e-02 8.630853860861625870e-01
9.917367261587073379e-02 8.623553331316462511e-01
1.001383890683960748e-01 8.616553791490469960e-01
1.011124898444945991e-01 8.609424125408016160e-01
1.020960662306047012e-01 8.602165153992810120e-01
1.030892104011576216e-01 8.594785413905206006e-01
1.040920154272158005e-01 8.587266601427279156e-01
1.051045752851944987e-01 8.579583724416480761e-01
1.061269848656690717e-01 8.571791636124047598e-01
1.071593399822671072e-01 8.563843257630199268e-01
1.082017373806478805e-01 8.555758854221191534e-01
1.092542747475682557e-01 8.547524224763878298e-01
1.103170507200377515e-01 8.539136519267345182e-01
1.113901648945616746e-01 8.530598195023246788e-01
1.124737178364751955e-01 8.521902774642056144e-01
1.135678110893671017e-01 8.513048818121717876e-01
1.146725471845963656e-01 8.504042096974325782e-01
1.157880296509002094e-01 8.494865837287639554e-01
1.169143630240966764e-01 8.485533260850073312e-01
1.180516528568804902e-01 8.476025510493452320e-01
1.192000057287153220e-01 8.466353390880939633e-01
1.203595292558212876e-01 8.456509853066058735e-01
1.215303321012602134e-01 8.446488845854671634e-01
1.227125239851190319e-01 8.436287065246566019e-01
1.239062156947916271e-01 8.425895844120964151e-01
1.251115190953615564e-01 8.415328684655155600e-01
1.263285471400849291e-01 8.404563645770550817e-01
1.275574138809759950e-01 8.393652809604180698e-01
1.287982344794950385e-01 8.382484786890708195e-01
1.300511252173409127e-01 8.371150356489066580e-01
1.313162035073478784e-01 8.359614250561164805e-01
1.325935879044890797e-01 8.347876578057549235e-01
1.338833981169864351e-01 8.335937387889448269e-01
1.351857550175293021e-01 8.323784217437020239e-01
1.365007806546013891e-01 8.311413140691173984e-01
1.378285982639189389e-01 8.298832042294977951e-01
1.391693322799789911e-01 8.286041259059677699e-01
1.405231083477211373e-01 8.273019386868064595e-01
1.418900533343016301e-01 8.259781139083418600e-01
1.432702953409830948e-01 8.246311127043585154e-01
1.446639637151387880e-01 8.232604942765965328e-01
1.460711890623745679e-01 8.218663568382603701e-01
1.474921032587684921e-01 8.204485444871711941e-01
1.489268394632288772e-01 8.190072306234906785e-01
1.503755321299738434e-01 8.175406360674125628e-01
1.518383170211306810e-01 8.160492090580883096e-01
1.533153312194593942e-01 8.145334189670072611e-01
1.548067131411984265e-01 8.129911589357513568e-01
1.563126025490369497e-01 8.114237271116429007e-01
1.578331405652117214e-01 8.098442526077260784e-01
1.593684696847328941e-01 8.082079423966226361e-01
1.609187337887370006e-01 8.065606772285008885e-01
1.624840781579713067e-01 8.048762801486386564e-01
1.640646494864078653e-01 8.031843403403687853e-01
1.656605958949914359e-01 8.014527118851079157e-01
1.672720669455196874e-01 7.996929868489500715e-01
1.688992136546599021e-01 7.979042288769599978e-01
1.705421885081006561e-01 7.960879834812095712e-01
1.722011454748421100e-01 7.942417564216158743e-01
1.738762400216251336e-01 7.923654747806686549e-01
1.755676291275001522e-01 7.904575191958937985e-01
1.772754712985387948e-01 7.885196436044062951e-01
1.789999265826875408e-01 7.865611384000654738e-01
1.807411565847668600e-01 7.845517860439890079e-01
1.824993244816152382e-01 7.825202878622260494e-01
1.842745950373816666e-01 7.804575332978257451e-01
1.860671346189656239e-01 7.783604754966455541e-01
1.878771112116086051e-01 7.762351716607609475e-01
1.897046944346358344e-01 7.740696785365863697e-01
1.915500555573527997e-01 7.718681631017939582e-01
1.934133675150944698e-01 7.696442900737768822e-01
1.952948049254327745e-01 7.673803080474312921e-01
1.971945441045395986e-01 7.650812046374440012e-01
1.991127630837108697e-01 7.627490908735859998e-01
2.010496416260497965e-01 7.603810567894978556e-01
2.030053612433137811e-01 7.579751694658306560e-01
2.049801052129238688e-01 7.555351632294019515e-01
2.069740585951406198e-01 7.530635646025841679e-01
2.089874082504071251e-01 7.505456400387098270e-01
2.110203428568595552e-01 7.479890135885443048e-01
2.130730529280097374e-01 7.454074004697265332e-01
2.151457308305980698e-01 7.427812933179501753e-01
2.172385708026215445e-01 7.401182669192396535e-01
2.193517689715359098e-01 7.374170320361276287e-01
2.214855233726360506e-01 7.346769648683699749e-01
2.236400339676138660e-01 7.318986901076089957e-01
2.258155026632983065e-01 7.290803758217581088e-01
2.280121333305757114e-01 7.262227019611099399e-01
2.302301318234963867e-01 7.233267937495262423e-01
2.324697059985647851e-01 7.203890980591367565e-01
2.347310657342196183e-01 7.174115153467284234e-01
2.370144229505012079e-01 7.143921704823767982e-01
2.393199916289123208e-01 7.113360525768630538e-01
2.416479878324700736e-01 7.082371718988557108e-01
2.439986297259550130e-01 7.050962608909466800e-01
2.463721375963552895e-01 7.019147188174551522e-01
2.487687338735107279e-01 6.986922541456598301e-01
2.511886431509580686e-01 6.954283065238707762e-01
2.536320922069775774e-01 6.921209929727124566e-01
2.560993100258459609e-01 6.887733466744256905e-01
2.585905278192945911e-01 6.853831182259825239e-01
2.611059790481781162e-01 6.819502526795165886e-01
2.636458994443517945e-01 6.784753172124120546e-01
2.662105270327638773e-01 6.749574050011448723e-01
2.688001021537606006e-01 6.713978602272017149e-01
2.714148674856106669e-01 6.677963012514759322e-01
2.740550680672460548e-01 6.641503387774311262e-01
2.767209513212268712e-01 6.604637042475064446e-01
2.794127670769268601e-01 6.567347306454559552e-01
2.821307675939472293e-01 6.529607837803003134e-01
2.848752075857552413e-01 6.491458595685898336e-01
2.876463442435557849e-01 6.452860396536239662e-01
2.904444372603925406e-01 6.413888621960652792e-01
2.932697488554852905e-01 6.374467380332321520e-01
2.961225437988035947e-01 6.334568960724893394e-01
2.990030894358785551e-01 6.294358256460117484e-01
3.019116557128577738e-01 6.253628951196087415e-01
3.048485152018017286e-01 6.212599017844827598e-01
3.078139431262288950e-01 6.171020954659446334e-01
3.108082173869063936e-01 6.129130521693662015e-01
3.138316185878944342e-01 6.086789539674173355e-01
3.168844300628416155e-01 6.044046472261991321e-01
3.199669379015380732e-01 6.000887918488828632e-01
3.230794309767249795e-01 5.957345620435964273e-01
3.262222009711669979e-01 5.913395727895121023e-01
3.293955424049855307e-01 5.869048355162298503e-01
3.325997526632606949e-01 5.824327562125901636e-01
3.358351320238990301e-01 5.779203350989874366e-01
3.391019836857747105e-01 5.733703758262689298e-01
3.424006137971423724e-01 5.687833381727905868e-01
3.457313314843284413e-01 5.641580724721922957e-01
3.490944488806992929e-01 5.594977334055469820e-01
3.524902811559130766e-01 5.548016155566707353e-01
3.559191465454557002e-01 5.500685148719970385e-01
3.593813663804627523e-01 5.452991886762219576e-01
3.628772651178337472e-01 5.405012851620056846e-01
3.664071703706370808e-01 5.356671236162918737e-01
3.699714129388128048e-01 5.308004987250918294e-01
3.735703268401719401e-01 5.258920952581329633e-01
3.772042493416999376e-01 5.209714475493730790e-01
3.808735209911614517e-01 5.160113121931380054e-01
3.845784856490158665e-01 5.110206079408001756e-01
3.883194905206404091e-01 5.060032041749631393e-01
3.920968861888690649e-01 5.009559294811050112e-01
3.959110266468458539e-01 4.958833143098100305e-01
3.997622693312000708e-01 4.907643280474222047e-01
4.036509751555413805e-01 4.856572715655972372e-01
4.075775085442840395e-01 4.805131591940861036e-01
4.115422374667966343e-01 4.753424046496139144e-01
4.155455334718875515e-01 4.701500284183589562e-01
4.195877717226225712e-01 4.649382961203343267e-01
4.236693310314835759e-01 4.597041137533353083e-01
4.277905938958687093e-01 4.544543936411171714e-01
4.319519465339363706e-01 4.491845819236465753e-01
4.361537789208005944e-01 4.439007416310437604e-01
4.403964848250754294e-01 4.386013670839488676e-01
4.446804618457780300e-01 4.332884664600055724e-01
4.490061114495874639e-01 4.279618450445349387e-01
4.533738390084691150e-01 4.226240555335232796e-01
4.577840538376618529e-01 4.172710835596430967e-01
4.622371692340384031e-01 4.119187947283902695e-01
4.667336025148346446e-01 4.065603911451580732e-01
4.712737750567601580e-01 4.011924617720961095e-01
4.758581123354846953e-01 3.958190007041549330e-01
4.804870439655131720e-01 3.904440946427386594e-01
4.851610037404442966e-01 3.850649218316561928e-01
4.898804296736250508e-01 3.796883749443571432e-01
4.946457640391963562e-01 3.743089118696932838e-01
4.994574534135413635e-01 3.689333464768647097e-01
5.043159487171361421e-01 3.635593913231170426e-01
5.092217052568053237e-01 3.581952327945409076e-01
5.141751827683928022e-01 3.528180419077914798e-01
5.191768454598426619e-01 3.474887301848343935e-01
5.242271620547044320e-01 3.421470404615451488e-01
5.293266058360561743e-01 3.368179341109262537e-01
5.344756546908600026e-01 3.315013366871130129e-01
5.396747911547442600e-01 3.261975692461471787e-01
5.449245024572260121e-01 3.209109099780590446e-01
5.502252805673685243e-01 3.156408612338842956e-01
5.555776222398878250e-01 3.103800218295806879e-01
5.609820290617031358e-01 3.051672807092644102e-01
5.664390074989449353e-01 2.999467778707928245e-01
5.719490689444144405e-01 2.947592057056436787e-01
5.775127297655114900e-01 2.896082068260203424e-01
5.831305113526221717e-01 2.844582994573555124e-01
5.888029401679826247e-01 2.793476456277073083e-01
5.945305477950136863e-01 2.742656168242728620e-01
6.003138709881384871e-01 2.692171679093373071e-01
6.061534517230839914e-01 2.641922361439725253e-01
6.120498372476699256e-01 2.592032817353708274e-01
6.180035801330957534e-01 2.542485874761137299e-01
6.240152383257209223e-01 2.493207331452024778e-01
6.300853751993553686e-01 2.444561739265326272e-01
6.362145596080520660e-01 2.395817830515615532e-01
6.424033659394193796e-01 2.347933563625770603e-01
6.486523741684461219e-01 2.300252868895360792e-01
6.549621699118558515e-01 2.252707251178934222e-01
6.613333444829840868e-01 2.206117765547966625e-01
6.677664949471955325e-01 2.159757230519238902e-01
6.742622241778342129e-01 2.113795351783874510e-01
6.808211409127237213e-01 2.068292234359090653e-01
6.874438598112112553e-01 2.023107642188161637e-01
6.941310015117725385e-01 1.978665740959932862e-01
7.008831926901714082e-01 1.934613236019444016e-01
7.077010661181889484e-01 1.891015894893639526e-01
7.145852607229240538e-01 1.847930795287490435e-01
7.215364216466665370e-01 1.805332870703217629e-01
7.285552003073593186e-01 1.763285664117407725e-01
7.356422544596413760e-01 1.721712419186074150e-01
7.427982482564918776e-01 1.680750692431076665e-01
7.500238523114668432e-01 1.640266655271580554e-01
7.573197437615483141e-01 1.600346597109118529e-01
7.646866063305975958e-01 1.560969285237805426e-01
7.721251303934327792e-01 1.522165967089460503e-01
7.796360130405233235e-01 1.483893796246959218e-01
7.872199581433195759e-01 1.446196706721054881e-01
7.948776764202123424e-01 1.409071828192842157e-01
8.026098855031396084e-01 1.372511004523793432e-01
8.104173100048355227e-01 1.336554351632029680e-01
8.183006815867394090e-01 1.301282111782735562e-01
8.262607390275591435e-01 1.266321916390620583e-01
8.342982282925082149e-01 1.232082024181456598e-01
8.424139026032094746e-01 1.198428402627637612e-01
8.506085225082840040e-01 1.165345788947513700e-01
8.588828559546254349e-01 1.132846979942737364e-01
8.672376783593644944e-01 1.100991807173057613e-01
8.756737726825394308e-01 1.069694825609520811e-01
8.841919295004664336e-01 1.038987712908245042e-01
8.927929470798307010e-01 1.008857008344057199e-01
9.014776314524917122e-01 9.792683326672288469e-02
9.102467964910225806e-01 9.503449400451721707e-02
9.191012639849772681e-01 9.219610208493114745e-02
9.280418637179072006e-01 8.942260837910352700e-02
9.370694335451198453e-01 8.668687222877416443e-02
9.461848194722002336e-01 8.402916799794647729e-02
9.553888757342895444e-01 8.141917797838617299e-02
9.646824648761427312e-01 7.887102907572270116e-02
9.740664578329562007e-01 7.637828684413502933e-02
9.835417340119908536e-01 7.393982053725745018e-02
9.931091813749796104e-01 7.155590869007531774e-02
1.002769696521346621e+00 6.922800496347183974e-02
1.012524184772224167e+00 6.695113171687280818e-02
1.022373560255302127e+00 6.474057164467561520e-02
1.032318745990486564e+00 6.256983756872916413e-02
1.042360673976402197e+00 6.045573465783065509e-02
1.052500285277732761e+00 5.839614918182402942e-02
1.062738530113414459e+00 5.639184542568163871e-02
1.073076367945679621e+00 5.443218184523607173e-02
1.083514767569973225e+00 5.252792904388624978e-02
1.094054707205742494e+00 5.067133342529251544e-02
1.104697174588111785e+00 4.886765759898522438e-02
1.115443167060441221e+00 4.710883057536938839e-02
1.126293691667795249e+00 4.539734764626773833e-02
1.137249765251314271e+00 4.373681325208789161e-02
1.148312414543511073e+00 4.211772708600103332e-02
1.159482676264482759e+00 4.054818421810205825e-02
1.170761597219069250e+00 3.902390483732371546e-02
1.182150234394952371e+00 3.753912716290334906e-02
1.193649655061713055e+00 3.610056972308429285e-02
1.205260936870842681e+00 3.470504227418260562e-02
1.216985167956738056e+00 3.335152957836809429e-02
1.228823447038673411e+00 3.203846502649422556e-02
1.240776883523764251e+00 3.076661234074248852e-02
1.252846597610937529e+00 2.953390315991500162e-02
1.265033720395903893e+00 2.833996303818668919e-02
1.277339393977160009e+00 2.718378860237529587e-02
1.289764771563017165e+00 2.606487798934217781e-02
1.302311017579677488e+00 2.498264240296409894e-02
1.314979307780347773e+00 2.393735337480147260e-02
1.327770829355430449e+00 2.292441022105608239e-02
1.340686781043774811e+00 2.194557550026834600e-02
1.353728373245021821e+00 2.100083646666888945e-02
1.366896828133026487e+00 2.008908234913363636e-02
1.380193379770397355e+00 1.920765159273966211e-02
1.393619274224142002e+00 1.835782647502246304e-02
1.407175769682446731e+00 1.753779011971420831e-02
1.420864136572576708e+00 1.674798678755810497e-02
1.434685657679937831e+00 1.598617150650302049e-02
1.448641628268290127e+00 1.525283058964898089e-02
1.462733356201129986e+00 1.454568622188099659e-02
1.476962162064259898e+00 1.386552801199870608e-02
1.491329379289537682e+00 1.321101117453812347e-02
1.505836354279841416e+00 1.258150474548089780e-02
1.520484446535244283e+00 1.197608326412636856e-02
1.535275028780422657e+00 1.139452466310429332e-02
1.550209487093291205e+00 1.083586388156492289e-02
1.565289221034902312e+00 1.029956614010956242e-02
1.580515643780601165e+00 9.784290463041656408e-03
1.595890182252465817e+00 9.290809807621317612e-03
1.611414277253019778e+00 8.812284052443990212e-03
1.627089383600260675e+00 8.362659167860570647e-03
1.642916970263993193e+00 7.927672808559006398e-03
1.658898520503498064e+00 7.511851847779632899e-03
1.675035532006524441e+00 7.112603196424763935e-03
1.691329517029648732e+00 6.731239958267925920e-03
1.707782002539993016e+00 6.366334236570370467e-03
1.724394530358320354e+00 6.017779063158831473e-03
1.741168657303530987e+00 5.684752020006317297e-03
1.758105955338547632e+00 5.369640474727273294e-03
1.775208011717636092e+00 5.065826456477152788e-03
1.792476429135148930e+00 4.773826203766536741e-03
1.809912825875727105e+00 4.498197917365514935e-03
1.827518835965944666e+00 4.235310506053945219e-03
1.845296109327445366e+00 3.985061868519844397e-03
1.863246311931559873e+00 3.746830625921562016e-03
1.881371125955437096e+00 3.520132223982644533e-03
1.899672249939675650e+00 3.304926268426561058e-03
1.918151398947507635e+00 3.100234078439563761e-03
1.936810304725519849e+00 2.906062136938039955e-03
1.955650715865949074e+00 2.722122364690916351e-03
1.974674397970537454e+00 2.547057205179925274e-03
1.993883133816001019e+00 2.381518263082710134e-03
2.013278723521096492e+00 2.224814033020065720e-03
2.032862984715323673e+00 2.076361428034999030e-03
2.052637752709252084e+00 1.935921461375276695e-03
2.072604880666519822e+00 1.803534059699517115e-03
2.092766239777499759e+00 1.678363511737120768e-03
2.113123719434652603e+00 1.560343040367850615e-03
2.133679227409597701e+00 1.449025908775651789e-03
2.154434690031884259e+00 1.344215970005702013e-03
2.175392052369522489e+00 1.245567984978367690e-03
2.196553278411258248e+00 1.152948405472858191e-03
2.217920351250634692e+00 1.065675974014277305e-03
2.239495273271823184e+00 9.838770091016365172e-04
2.261280066337279404e+00 9.071975917380553601e-04
2.283276771977218012e+00 8.353733997054883656e-04
2.305487451580938707e+00 7.681666856861104611e-04
2.327914186589993051e+00 7.053462353453415551e-04
2.350559078693253756e+00 6.466937729202169209e-04
2.373424250023866033e+00 5.919962051514027169e-04
2.396511843358130278e+00 5.410444110002005265e-04
2.419824022316292567e+00 4.936463264657761077e-04
2.443362971565319341e+00 4.496042662450460705e-04
2.467130897023623426e+00 4.087422312065391817e-04
2.491130026067788439e+00 3.708813076894314849e-04
2.515362607741312928e+00 3.358514914854263795e-04
2.539830912965362675e+00 3.034965498506080202e-04
2.564537234751594674e+00 2.736542755675688376e-04
2.589483888417040802e+00 2.461794770819095840e-04
2.614673211801092023e+00 2.209282791930825083e-04
2.640107565484572927e+00 1.977613827916974479e-04
2.665789333010967876e+00 1.765661487366483400e-04
2.691720921109787668e+00 1.571748861275962912e-04
2.717904759922122881e+00 1.395048776985293728e-04
2.744343303228365283e+00 1.234331916155795457e-04
2.771039028678170535e+00 1.088470310407353947e-04
2.797994438022641805e+00 9.564276284960569925e-05
2.825212057348790218e+00 8.373163757510595302e-05
2.852694437316245057e+00 7.301121871653786465e-05
2.880444153396297668e+00 6.338976999634306610e-05
2.908463806113254169e+00 5.478316867128326013e-05
2.936756021288137397e+00 4.711822556978286224e-05
2.965323450284773621e+00 4.031141601386400362e-05
2.994168770258243573e+00 3.429030655214090244e-05
3.023294684405779531e+00 2.899635459259471235e-05
3.052703922220086241e+00 2.435638852584413530e-05
3.082399239745143404e+00 2.031053567813401566e-05
3.112383419834465759e+00 1.680386780492995139e-05
3.142659272411905569e+00 1.378775601082553846e-05
3.173229634734976212e+00 1.120370912709393315e-05
3.204097371660752813e+00 9.008485991836423778e-06
3.235265375914330388e+00 7.158850705089077783e-06
3.266736568359921655e+00 5.618479060673305147e-06
3.298513898274578082e+00 4.345543123415135916e-06
3.330600343624588788e+00 3.304794954774480988e-06
3.362998911344535991e+00 2.465920364594574928e-06
3.395712637619100693e+00 1.801012529055697307e-06
3.428744588167585317e+00 1.282147854188709333e-06
3.462097858531227423e+00 8.861047967928205163e-07
3.495775574363275240e+00 5.909799982820085104e-07
3.529780891721914671e+00 3.768748295045050060e-07
3.564116997366032269e+00 2.277097975703011659e-07
3.598787109053855460e+00 1.274818727245988761e-07
3.633794475844513094e+00 6.506144975950607175e-08
3.669142378402494131e+00 2.902158361682042297e-08
3.704834129305105694e+00 1.084517896021555861e-08
3.740873073352900313e+00 2.971818872998644194e-09
3.777262587883141176e+00 4.460791992975577870e-10
3.814006083086284082e+00 0.000000000000000000e+00
