1.000000000000000021e-02 1.923155953397794882e+00
1.009727545900835841e-02 1.923151949493887791e+00
1.019549716950923779e-02 1.923147797174980633e+00
1.029467433620748044e-02 1.923143711599089478e+00
1.039481625334708927e-02 1.923139703950657697e+00
1.049593230558227772e-02 1.923135624598954374e+00
1.059803196885688789e-02 1.923131437554094214e+00
1.070112481129246833e-02 1.923127159183756874e+00
1.080522049408488318e-02 1.923122808443658460e+00
1.091032877240974419e-02 1.923118369776711578e+00
1.101645949633656314e-02 1.923113830885955888e+00
1.112362261175187626e-02 1.923109176881669935e+00
1.123182816129126085e-02 1.923104411012497295e+00
1.134108628528052165e-02 1.923099530116766598e+00
1.145140722268592030e-02 1.923094536045252267e+00
1.156280131207376022e-02 1.923089422806423920e+00
1.167527899257919492e-02 1.923084195836644916e+00
1.178885080488457221e-02 1.923078928297915269e+00
1.190352739220719262e-02 1.923073555841833482e+00
1.201931950129673729e-02 1.923068085975725872e+00
1.213623798344241195e-02 1.923062524124544481e+00
1.225429379548980714e-02 1.923056867508859957e+00
1.237349800086776086e-02 1.923051081469041357e+00
1.249386177062509519e-02 1.923045206196803525e+00
1.261539638447754796e-02 1.923039164979064131e+00
1.273811323186478488e-02 1.923033109986977296e+00
1.286202381301779218e-02 1.923026951673123097e+00
1.298713974003655978e-02 1.923020657820095680e+00
1.311347273797833224e-02 1.923014224938637495e+00
1.324103464595636874e-02 1.923007699850050711e+00
1.336983741824946531e-02 1.923001104030841679e+00
1.349989312542219239e-02 1.922994367552691264e+00
1.363121395545611320e-02 1.922987501460311499e+00
1.376381221489191876e-02 1.922980491722170227e+00
1.389770032998276401e-02 1.922973310322606100e+00
1.403289084785873213e-02 1.922965966132040183e+00
1.416939643770268736e-02 1.922958487299875285e+00
1.430722989193757184e-02 1.922950824889485988e+00
1.444640412742520530e-02 1.922942963925203586e+00
1.458693218667675602e-02 1.922934886980669722e+00
1.472882723907502529e-02 1.922926625230207076e+00
1.487210258210860774e-02 1.922918160714178981e+00
1.501677164261799868e-02 1.922909488233089270e+00
1.516284797805393485e-02 1.922900634556850896e+00
1.531034527774784160e-02 1.922891601108659865e+00
1.545927736419477720e-02 1.922882355765706208e+00
1.560965819434872483e-02 1.922872886095673861e+00
1.576150186093060873e-02 1.922863200519569604e+00
1.591482259374891323e-02 1.922853299273222571e+00
1.606963476103326349e-02 1.922843210696066230e+00
1.622595287078087284e-02 1.922832937622263927e+00
1.638379157211618947e-02 1.922822431472241522e+00
1.654316565666366645e-02 1.922811719243874062e+00
1.670409005993399310e-02 1.922800786310860044e+00
1.686657986272368723e-02 1.922789627813247693e+00
1.703065029252844378e-02 1.922778229780038872e+00
1.719631672497009753e-02 1.922766580585025364e+00
1.736359468523754335e-02 1.922754692502560037e+00
1.753249984954170088e-02 1.922742600050551198e+00
1.770304804658450262e-02 1.922730285713572407e+00
1.787525525904235316e-02 1.922717794490001797e+00
1.804913762506383731e-02 1.922705058256184873e+00
1.822471143978214581e-02 1.922692024781237352e+00
1.840199315684210371e-02 1.922678700653973394e+00
1.858099938994215231e-02 1.922665125005547981e+00
1.876174691439120440e-02 1.922651283125151211e+00
1.894425266868081034e-02 1.922637075124725037e+00
1.912853375607242307e-02 1.922625375917179413e+00
1.931460744620030340e-02 1.922610694049794011e+00
1.950249117668984011e-02 1.922595684798901416e+00
1.969220255479172538e-02 1.922580339003441940e+00
1.988375935903200636e-02 1.922562076958479915e+00
2.007717954087816226e-02 1.922546240604524170e+00
2.027248122642137662e-02 1.922530072147946134e+00
2.046968271807520987e-02 1.922513564487712712e+00
2.066880249629082095e-02 1.922496680226067900e+00
2.086985922128879734e-02 1.922479650662486383e+00
2.107287173480786382e-02 1.922462416272640029e+00
2.127785906187062287e-02 1.922444878585416683e+00
2.148484041256648255e-02 1.922426959879976138e+00
2.169383518385184506e-02 1.922408755350866638e+00
2.190486296136792688e-02 1.922390096100024648e+00
2.211794352127614133e-02 1.922371008263705994e+00
2.233309683211144592e-02 1.922351465588584052e+00
2.255034305665360936e-02 1.922331456886582135e+00
2.276970255381680075e-02 1.922311080519176096e+00
2.299119588055741764e-02 1.922290461101289649e+00
2.321484379380064564e-02 1.922269289216732346e+00
2.344066725238556220e-02 1.922247805567798951e+00
2.366868741902936057e-02 1.922225885674820667e+00
2.389892566231050300e-02 1.922203591144152846e+00
2.413140355867127856e-02 1.922180945892248749e+00
2.436614289443983158e-02 1.922157827230061455e+00
2.460316566787181664e-02 1.922134416104156029e+00
2.484249409121190577e-02 1.922110570087012027e+00
2.508415059277539771e-02 1.922086226863482850e+00
2.532815781905008515e-02 1.922061296835765543e+00
2.557453863681850847e-02 1.922035886180995412e+00
2.582331613530085626e-02 1.922009941109848796e+00
2.607451362831877603e-02 1.921983409473437598e+00
2.632815465648021339e-02 1.921956315298917195e+00
2.658426298938541474e-02 1.921928765330381372e+00
2.684286262785454819e-02 1.921900712450749671e+00
2.710397780617682106e-02 1.921872313324227255e+00
2.736763299438163891e-02 1.921843321741000921e+00
2.763385290053169824e-02 1.921813667664908909e+00
2.790266247303856487e-02 1.921783557175237966e+00
2.817408690300057458e-02 1.921753076811141936e+00
2.844815162656363222e-02 1.921722083485381871e+00
2.872488232730495070e-02 1.921690469574910409e+00
2.900430493863991738e-02 1.921658116127751503e+00
2.928644564625237229e-02 1.921625012948581013e+00
2.957133089054861039e-02 1.921591148038061858e+00
2.985898736913520854e-02 1.921556249661445337e+00
3.014944203932094433e-02 1.921521017655739350e+00
3.044272212064302874e-02 1.921485215636027810e+00
3.073885509741795460e-02 1.921448247236447360e+00
3.103786872131722788e-02 1.921410410729653906e+00
3.133979101396793671e-02 1.921371749596546552e+00
3.164465026957891114e-02 1.921332343083132388e+00
3.195247505759213347e-02 1.921292147430184727e+00
3.226329422536015901e-02 1.921250069416839734e+00
3.257713690084949876e-02 1.921208288880164927e+00
3.289403249537032475e-02 1.921165724390488716e+00
3.321401070633261954e-02 1.921122582983393556e+00
3.353710152002930406e-02 1.921078583764302294e+00
3.386333521444636480e-02 1.921033753717409365e+00
3.419274236210027851e-02 1.920988226521278097e+00
3.452535383290306070e-02 1.920941826139936914e+00
3.486120079705520153e-02 1.920894605732410776e+00
3.520031472796678745e-02 1.920846565151822949e+00
3.554272740520694751e-02 1.920798010941282108e+00
3.588847091748199186e-02 1.920748383334349718e+00
3.623757766564258964e-02 1.920697543197930512e+00
3.659008036572020811e-02 1.920645820105633117e+00
3.694601205199302130e-02 1.920593509286449230e+00
3.730540608008161424e-02 1.920539999464760061e+00
3.766829613007490613e-02 1.920485235283772019e+00
3.803471620968648659e-02 1.920431243546211864e+00
3.840470065744145539e-02 1.920373951119028755e+00
3.877828414589457040e-02 1.920314693031756503e+00
3.915550168487941241e-02 1.920255522279243232e+00
3.953638862478930927e-02 1.920196978142792554e+00
3.992098065989020672e-02 1.920133075231597264e+00
4.030931383166566628e-02 1.920070215358051779e+00
4.070142453219438572e-02 1.920006490968725110e+00
4.109734950756069316e-02 1.919940868040272974e+00
4.149712586129815362e-02 1.919873692073488458e+00
4.190079105786669034e-02 1.919804093630917752e+00
4.230838292616342228e-02 1.919734367153484333e+00
4.271993966306778662e-02 1.919663245438762322e+00
4.313549983702118923e-02 1.919591120042283050e+00
4.355510239164130798e-02 1.919518571704355248e+00
4.397878664937160398e-02 1.919443393411232712e+00
4.440659231516640160e-02 1.919366471987705047e+00
4.483855948021186338e-02 1.919287812276023741e+00
4.527472862568297785e-02 1.919207475871707258e+00
4.571514062653719151e-02 1.919125230343995181e+00
4.615983675534499064e-02 1.919042035825168524e+00
4.660885868615767536e-02 1.918957047677070982e+00
4.706224849841281199e-02 1.918870553589008265e+00
4.752004868087766204e-02 1.918782418956813673e+00
4.798230213563085128e-02 1.918692746946972338e+00
4.844905218208294534e-02 1.918601686995259570e+00
4.892034256103611894e-02 1.918513245131357570e+00
4.939621743878321036e-02 1.918415327563501860e+00
4.987672141124663283e-02 1.918322763610823767e+00
5.036189950815770505e-02 1.918224345152376387e+00
5.085179719727656034e-02 1.918122110376243139e+00
5.134646038865306461e-02 1.918018034343089484e+00
5.184593543892913187e-02 1.917915762175834926e+00
5.235026915568305461e-02 1.917809232331156633e+00
5.285950880181603667e-02 1.917700284917470022e+00
5.337370209998133774e-02 1.917589112557285036e+00
5.389289723705643909e-02 1.917475767177090784e+00
5.441714286865893119e-02 1.917360550092945370e+00
5.494648812370611646e-02 1.917242834026125164e+00
5.548098260901916656e-02 1.917121837241464455e+00
5.602067641397187603e-02 1.917001560623804002e+00
5.656562011518465050e-02 1.916877724716813836e+00
5.711586478126431943e-02 1.916751879978094264e+00
5.767146197758996756e-02 1.916622168972788920e+00
5.823246377114527778e-02 1.916491734451249762e+00
5.879892273539785025e-02 1.916358516224433206e+00
5.937089195522609469e-02 1.916222296073288200e+00
5.994842503189409116e-02 1.916083472098441431e+00
6.053157608807464840e-02 1.915941719886460337e+00
6.112039977292132997e-02 1.915796767182848637e+00
6.171495126718981594e-02 1.915649656929472755e+00
6.231528628840921763e-02 1.915499459187053333e+00
6.292146109610344262e-02 1.915345785340001328e+00
6.353353249706343575e-02 1.915189007712396307e+00
6.415155785067082339e-02 1.915029237312521282e+00
6.477559507427335661e-02 1.914867475048544376e+00
6.540570264861225724e-02 1.914702890507461230e+00
6.604193962330305590e-02 1.914534553441204823e+00
6.668436562236895737e-02 1.914362533503178421e+00
6.733304084982863480e-02 1.914187282735803297e+00
6.798802609533814711e-02 1.914006197615504723e+00
6.864938273988777095e-02 1.913823994104391080e+00
6.931717276155408003e-02 1.913639306958885067e+00
6.999145874130821565e-02 1.913449404717099789e+00
7.067230386888070925e-02 1.913255286865429783e+00
7.135977194868306506e-02 1.913057758311525358e+00
7.205392740578704658e-02 1.912855951363858775e+00
7.275483529196229149e-02 1.912650516798313438e+00
7.346256129177256011e-02 1.912441868124274746e+00
7.417717172873124210e-02 1.912229694262855384e+00
7.489873357151664857e-02 1.912013616613975397e+00
7.562731444024800576e-02 1.911794328287841571e+00
7.636298261282241373e-02 1.911570337554970411e+00
7.710580703131336699e-02 1.911340902394161434e+00
7.785585730843146146e-02 1.911107034237131908e+00
7.861320373404813433e-02 1.910868115886699581e+00
7.937791728178281159e-02 1.910624996716920210e+00
8.015006961565404597e-02 1.910375800309657146e+00
8.092973309679550586e-02 1.910122683306946012e+00
8.171698079023696770e-02 1.909865004095497643e+00
8.251188647175167201e-02 1.909602402610214078e+00
8.331452463477014014e-02 1.909335109677940068e+00
8.412497049736118726e-02 1.909062181799042968e+00
8.494330000928071445e-02 1.908784416246396498e+00
8.576958985908941790e-02 1.908501646372819716e+00
8.660391748133952627e-02 1.908217965402207339e+00
8.744636106383144036e-02 1.907921679313997476e+00
8.829699955494091368e-02 1.907623413628425135e+00
8.915591267101763417e-02 1.907318299940712780e+00
9.002318090385581784e-02 1.907007561068817969e+00
9.089888552823731371e-02 1.906690863098258859e+00
9.178310860954806694e-02 1.906367897586978444e+00
9.267593301146882789e-02 1.906038711168500654e+00
9.357744240374062106e-02 1.905702752669052202e+00
9.448772127000577836e-02 1.905359884650607460e+00
9.540685491572513388e-02 1.905009710301745374e+00
9.633492947617222635e-02 1.904652637260567438e+00
9.727203192450542546e-02 1.904288808053914206e+00
9.821825007991856482e-02 1.903917634409989512e+00
9.917367261587073379e-02 1.903538656630487935e+00
1.001383890683960748e-01 1.903154242558491527e+00
1.011124898444945991e-01 1.902767205534198869e+00
1.020960662306047012e-01 1.902365824276461170e+00
1.030892104011576216e-01 1.901959746443045329e+00
1.040920154272158005e-01 1.901546566294812335e+00
1.051045752851944987e-01 1.901126482925598715e+00
1.061269848656690717e-01 1.900697098933980200e+00
1.071593399822671072e-01 1.900259179725908742e+00
1.082017373806478805e-01 1.899813064528996120e+00
1.092542747475682557e-01 1.899358530219816155e+00
1.103170507200377515e-01 1.898895779593191779e+00
1.113901648945616746e-01 1.898423051356102231e+00
1.124737178364751955e-01 1.897940500154856380e+00
1.135678110893671017e-01 1.897447519396503468e+00
1.146725471845963656e-01 1.896944205541183370e+00
1.157880296509002094e-01 1.896435351226559929e+00
1.169143630240966764e-01 1.895915785455088098e+00
1.180516528568804902e-01 1.895386070457201200e+00
1.192000057287153220e-01 1.894846433876134828e+00
1.203595292558212876e-01 1.894296038734757381e+00
1.215303321012602134e-01 1.893736607370855252e+00
1.227125239851190319e-01 1.893166695731823390e+00
1.239062156947916271e-01 1.892583972812125426e+00
1.251115190953615564e-01 1.891990190361095614e+00
1.263285471400849291e-01 1.891387689688921903e+00
1.275574138809759950e-01 1.890772727767947359e+00
1.287982344794950385e-01 1.890147353720210033e+00
1.300511252173409127e-01 1.889505749735086670e+00
1.313162035073478784e-01 1.888855624168855440e+00
1.325935879044890797e-01 1.888192702454682070e+00
1.338833981169864351e-01 1.887515930608347992e+00
1.351857550175293021e-01 1.886826123158122037e+00
1.365007806546013891e-01 1.886123511692319399e+00
1.378285982639189389e-01 1.885408537356398462e+00
1.391693322799789911e-01 1.884680495457268457e+00
1.405231083477211373e-01 1.883938879876960071e+00
1.418900533343016301e-01 1.883184271211731486e+00
1.432702953409830948e-01 1.882416412657180516e+00
1.446639637151387880e-01 1.881631922199077822e+00
1.460711890623745679e-01 1.880833273883694812e+00
1.474921032587684921e-01 1.880019513285036581e+00
1.489268394632288772e-01 1.879190237921410489e+00
1.503755321299738434e-01 1.878344136392501529e+00
1.518383170211306810e-01 1.877481095076712680e+00
1.533153312194593942e-01 1.876604058206469139e+00
1.548067131411984265e-01 1.875710709945586752e+00
1.563126025490369497e-01 1.874801251245983735e+00
1.578331405652117214e-01 1.873875860217027123e+00
1.593684696847328941e-01 1.872933140725445034e+00
1.609187337887370006e-01 1.871972049406468441e+00
1.624840781579713067e-01 1.870992600703786257e+00
1.640646494864078653e-01 1.869994169074654877e+00
1.656605958949914359e-01 1.868976947312334325e+00
1.672720669455196874e-01 1.867944259142646501e+00
1.688992136546599021e-01 1.866889892258049022e+00
1.705421885081006561e-01 1.865814848687825434e+00
1.722011454748421100e-01 1.864721328828012448e+00
1.738762400216251336e-01 1.863609472227402142e+00
1.755676291275001522e-01 1.862474807438912805e+00
1.772754712985387948e-01 1.861320231558521776e+00
1.789999265826875408e-01 1.860145602648284102e+00
1.807411565847668600e-01 1.858947823424369039e+00
1.824993244816152382e-01 1.857730111856719768e+00
1.842745950373816666e-01 1.856487753307147992e+00
1.860671346189656239e-01 1.855222932703859628e+00
1.878771112116086051e-01 1.853934926123724791e+00
1.897046944346358344e-01 1.852624797825261904e+00
1.915500555573527997e-01 1.851288298609866212e+00
1.934133675150944698e-01 1.849932301108228261e+00
1.952948049254327745e-01 1.848550156117602761e+00
1.971945441045395986e-01 1.847140232764401313e+00
1.991127630837108697e-01 1.845705332439117052e+00
2.010496416260497965e-01 1.844247795462027106e+00
2.030053612433137811e-01 1.842759795853204485e+00
2.049801052129238688e-01 1.841247119910758956e+00
2.069740585951406198e-01 1.839705792325819766e+00
2.089874082504071251e-01 1.838136795293326964e+00
2.110203428568595552e-01 1.836541390720398015e+00
2.130730529280097374e-01 1.834919658696351208e+00
2.151457308305980698e-01 1.833267290413410633e+00
2.172385708026215445e-01 1.831584534049135682e+00
2.193517689715359098e-01 1.829869456512771775e+00
2.214855233726360506e-01 1.828127800088507726e+00
2.236400339676138660e-01 1.826352042107448170e+00
2.258155026632983065e-01 1.824546584708745867e+00
2.280121333305757114e-01 1.822709858087061763e+00
2.302301318234963867e-01 1.820841770959658934e+00
2.324697059985647851e-01 1.818940762505103503e+00
2.347310657342196183e-01 1.817004945929032722e+00
2.370144229505012079e-01 1.815035377589680587e+00
2.393199916289123208e-01 1.813030110195753775e+00
2.416479878324700736e-01 1.810989567223370678e+00
2.439986297259550130e-01 1.808917682800990301e+00
2.463721375963552895e-01 1.806808457865917594e+00
2.487687338735107279e-01 1.804661081834982639e+00
2.511886431509580686e-01 1.802476617079500354e+00
2.536320922069775774e-01 1.800254793409596710e+00
2.560993100258459609e-01 1.797993868387690153e+00
2.585905278192945911e-01 1.795696252888982158e+00
2.611059790481781162e-01 1.793363248477929606e+00
2.636458994443517945e-01 1.790985280431628857e+00
2.662105270327638773e-01 1.788562504902863726e+00
2.688001021537606006e-01 1.786101967187169848e+00
2.714148674856106669e-01 1.783604445753047552e+00
2.740550680672460548e-01 1.781066000160614893e+00
2.767209513212268712e-01 1.778479183169442646e+00
2.794127670769268601e-01 1.775848245039177931e+00
2.821307675939472293e-01 1.773181430679024784e+00
2.848752075857552413e-01 1.770464069878071589e+00
2.876463442435557849e-01 1.767701007501743860e+00
2.904444372603925406e-01 1.764889359837883420e+00
2.932697488554852905e-01 1.762036531696188346e+00
2.961225437988035947e-01 1.759138091432208117e+00
2.990030894358785551e-01 1.756191045884915480e+00
3.019116557128577738e-01 1.753192111792091668e+00
3.048485152018017286e-01 1.750148399579545044e+00
3.078139431262288950e-01 1.747054027103885687e+00
3.108082173869063936e-01 1.743910334318907296e+00
3.138316185878944342e-01 1.740715893701314965e+00
3.168844300628416155e-01 1.737470397771161856e+00
3.199669379015380732e-01 1.734172757092464545e+00
3.230794309767249795e-01 1.730820522323208932e+00
3.262222009711669979e-01 1.727420608719226314e+00
3.293955424049855307e-01 1.723967409093170700e+00
3.325997526632606949e-01 1.720453591586358355e+00
3.358351320238990301e-01 1.716886111834276196e+00
3.391019836857747105e-01 1.713263878520673966e+00
3.424006137971423724e-01 1.709588209945749560e+00
3.457313314843284413e-01 1.705856098481881356e+00
3.490944488806992929e-01 1.702066100105532387e+00
3.524902811559130766e-01 1.698216936873845784e+00
3.559191465454557002e-01 1.694307905106207324e+00
3.593813663804627523e-01 1.690342016141840542e+00
3.628772651178337472e-01 1.686315056031392201e+00
3.664071703706370808e-01 1.682232243076128952e+00
3.699714129388128048e-01 1.678084435396460794e+00
3.735703268401719401e-01 1.673877677226689231e+00
3.772042493416999376e-01 1.669606557242874656e+00
3.808735209911614517e-01 1.665275540650932307e+00
3.845784856490158665e-01 1.660878255307777884e+00
3.883194905206404091e-01 1.656417798308885247e+00
3.920968861888690649e-01 1.651898626813580462e+00
3.959110266468458539e-01 1.647310225129947625e+00
3.997622693312000708e-01 1.642660137008839394e+00
4.036509751555413805e-01 1.637941276055742579e+00
4.075775085442840395e-01 1.633155421618623926e+00
4.115422374667966343e-01 1.628306705276315380e+00
4.155455334718875515e-01 1.623388698958968979e+00
4.195877717226225712e-01 1.618404889019996018e+00
4.236693310314835759e-01 1.613353852414637579e+00
4.277905938958687093e-01 1.608231276236240515e+00
4.319519465339363706e-01 1.603038859389752213e+00
4.361537789208005944e-01 1.597783348261774705e+00
4.403964848250754294e-01 1.592456588171951903e+00
4.446804618457780300e-01 1.587055721441313905e+00
4.490061114495874639e-01 1.581590161081412482e+00
4.533738390084691150e-01 1.576051119684418689e+00
4.577840538376618529e-01 1.570442543269258584e+00
4.622371692340384031e-01 1.564763063208915561e+00
4.667336025148346446e-01 1.559009610259453726e+00
4.712737750567601580e-01 1.553190958117758758e+00
4.758581123354846953e-01 1.547290901629914339e+00
4.804870439655131720e-01 1.541329043798874476e+00
4.851610037404442966e-01 1.535291214277398231e+00
4.898804296736250508e-01 1.529177503366700330e+00
4.946457640391963562e-01 1.522996383827765809e+00
4.994574534135413635e-01 1.516740088841184830e+00
5.043159487171361421e-01 1.510412500996657137e+00
5.092217052568053237e-01 1.504010144499973167e+00
5.141751827683928022e-01 1.497541317716261755e+00
5.191768454598426619e-01 1.490995671548932977e+00
5.242271620547044320e-01 1.484372232633321298e+00
5.293266058360561743e-01 1.477685066733050112e+00
5.344756546908600026e-01 1.470921815497835183e+00
5.396747911547442600e-01 1.464090367739362630e+00
5.449245024572260121e-01 1.457177769051685834e+00
5.502252805673685243e-01 1.450197961163853355e+00
5.555776222398878250e-01 1.443153685990398172e+00
5.609820290617031358e-01 1.436031907520198159e+00
5.664390074989449353e-01 1.428835045652660396e+00
5.719490689444144405e-01 1.421571867688878665e+00
5.775127297655114900e-01 1.414238780012780250e+00
5.831305113526221717e-01 1.406835907086040338e+00
5.888029401679826247e-01 1.399361169442738362e+00
5.945305477950136863e-01 1.391819136033079385e+00
6.003138709881384871e-01 1.384207473532287347e+00
6.061534517230839914e-01 1.376531069502680449e+00
6.120498372476699256e-01 1.368783444330672783e+00
6.180035801330957534e-01 1.360971551606756869e+00
6.240152383257209223e-01 1.353091927346377510e+00
6.300853751993553686e-01 1.345146444263011887e+00
6.362145596080520660e-01 1.337139999214845165e+00
6.424033659394193796e-01 1.329061364192325900e+00
6.486523741684461219e-01 1.320934659801918709e+00
6.549621699118558515e-01 1.312727765751612763e+00
6.613333444829840868e-01 1.304469860804770009e+00
6.677664949471955325e-01 1.296152378411858042e+00
6.742622241778342129e-01 1.287771570620673600e+00
6.808211409127237213e-01 1.279334994383104274e+00
6.874438598112112553e-01 1.270836067968214911e+00
6.941310015117725385e-01 1.262288499662163055e+00
7.008831926901714082e-01 1.253678742182113393e+00
7.077010661181889484e-01 1.245020044370975576e+00
7.145852607229240538e-01 1.236307206126461056e+00
7.215364216466665370e-01 1.227539760810391956e+00
7.285552003073593186e-01 1.218725386968310342e+00
7.356422544596413760e-01 1.209861490178679500e+00
7.427982482564918776e-01 1.200947647514092997e+00
7.500238523114668432e-01 1.191990322656902856e+00
7.573197437615483141e-01 1.182988005587085167e+00
7.646866063305975958e-01 1.173938404727832951e+00
7.721251303934327792e-01 1.164853531542363152e+00
7.796360130405233235e-01 1.155723828487992266e+00
7.872199581433195759e-01 1.146553552259161890e+00
7.948776764202123424e-01 1.137350759242043985e+00
8.026098855031396084e-01 1.128108952004146737e+00
8.104173100048355227e-01 1.118832882328589129e+00
8.183006815867394090e-01 1.109526543373233309e+00
8.262607390275591435e-01 1.100190800690368453e+00
8.342982282925082149e-01 1.090819750612386674e+00
8.424139026032094746e-01 1.081425734058249155e+00
8.506085225082840040e-01 1.072006381771030359e+00
8.588828559546254349e-01 1.062562361898257368e+00
8.672376783593644944e-01 1.053097744371011890e+00
8.756737726825394308e-01 1.043609933675849977e+00
8.841919295004664336e-01 1.034104501238473750e+00
8.927929470798307010e-01 1.024587516324138248e+00
9.014776314524917122e-01 1.015051360701523908e+00
9.102467964910225806e-01 1.005502684793833756e+00
9.191012639849772681e-01 9.959437560915405108e-01
9.280418637179072006e-01 9.863755504201747737e-01
9.370694335451198453e-01 9.768009150210503755e-01
9.461848194722002336e-01 9.672216945756800799e-01
9.553888757342895444e-01 9.576412865207006853e-01
9.646824648761427312e-01 9.480559160778797567e-01
9.740664578329562007e-01 9.384701138481656990e-01
9.835417340119908536e-01 9.288915918169659003e-01
9.931091813749796104e-01 9.193153472705055673e-01
1.002769696521346621e+00 9.097468592567276024e-01
1.012524184772224167e+00 9.001844539020397162e-01
1.022373560255302127e+00 8.906339674580886490e-01
1.032318745990486564e+00 8.810944258657879002e-01
1.042360673976402197e+00 8.715717037531814926e-01
1.052500285277732761e+00 8.620653252460724891e-01
1.062738530113414459e+00 8.525743364293535409e-01
1.073076367945679621e+00 8.431059796541637841e-01
1.083514767569973225e+00 8.336569152046009457e-01
1.094054707205742494e+00 8.242329868190488851e-01
1.104697174588111785e+00 8.148340027891489701e-01
1.115443167060441221e+00 8.054619309602888411e-01
1.126293691667795249e+00 7.961181485099808608e-01
1.137249765251314271e+00 7.868089350294598106e-01
1.148312414543511073e+00 7.775278693876778169e-01
1.159482676264482759e+00 7.682850946152584015e-01
1.170761597219069250e+00 7.590744400112516832e-01
1.182150234394952371e+00 7.499055316489596779e-01
1.193649655061713055e+00 7.407732571542280375e-01
1.205260936870842681e+00 7.316820251512100581e-01
1.216985167956738056e+00 7.226357561912895022e-01
1.228823447038673411e+00 7.136308092671999059e-01
1.240776883523764251e+00 7.046722646566919712e-01
1.252846597610937529e+00 6.957625236209803443e-01
1.265033720395903893e+00 6.868994846696073742e-01
1.277339393977160009e+00 6.780868148081592439e-01
1.289764771563017165e+00 6.693305029256362282e-01
1.302311017579677488e+00 6.606150456360422307e-01
1.314979307780347773e+00 6.519656674205831504e-01
1.327770829355430449e+00 6.433675643652585485e-01
1.340686781043774811e+00 6.348240877782388436e-01
1.353728373245021821e+00 6.263412878435775655e-01
1.366896828133026487e+00 6.179146415634172440e-01
1.380193379770397355e+00 6.095506725432486839e-01
1.393619274224142002e+00 6.012472253832611413e-01
1.407175769682446731e+00 5.930046173783363184e-01
1.420864136572576708e+00 5.848281767683581878e-01
1.434685657679937831e+00 5.767113326064923218e-01
1.448641628268290127e+00 5.686630304837834160e-01
1.462733356201129986e+00 5.606825688397790719e-01
1.476962162064259898e+00 5.527635169088160882e-01
1.491329379289537682e+00 5.449159485066852326e-01
1.505836354279841416e+00 5.371351207000760741e-01
1.520484446535244283e+00 5.294226043740076770e-01
1.535275028780422657e+00 5.217844892533318735e-01
1.550209487093291205e+00 5.142119842895083170e-01
1.565289221034902312e+00 5.067105446846567052e-01
1.580515643780601165e+00 4.992825995360425928e-01
1.595890182252465817e+00 4.919258605538038287e-01
1.611414277253019778e+00 4.846413269353915809e-01
1.627089383600260675e+00 4.774305249329703349e-01
1.642916970263993193e+00 4.702936492140872282e-01
1.658898520503498064e+00 4.632274670890494939e-01
1.675035532006524441e+00 4.562365571437847489e-01
1.691329517029648732e+00 4.493208577415928051e-01
1.707782002539993016e+00 4.424809041429009215e-01
1.724394530358320354e+00 4.357132721435156841e-01
1.741168657303530987e+00 4.290191823108285840e-01
1.758105955338547632e+00 4.224012539604656835e-01
1.775208011717636092e+00 4.158617935452142977e-01
1.792476429135148930e+00 4.093940738465184914e-01
1.809912825875727105e+00 4.030019796395941656e-01
1.827518835965944666e+00 3.966846261491364656e-01
1.845296109327445366e+00 3.904416139703214550e-01
1.863246311931559873e+00 3.842762808196571456e-01
1.881371125955437096e+00 3.781844271775637312e-01
1.899672249939675650e+00 3.721679811286069950e-01
1.918151398947507635e+00 3.662253530991473882e-01
1.936810304725519849e+00 3.603553494269293722e-01
1.955650715865949074e+00 3.545633159762466846e-01
1.974674397970537454e+00 3.488440784281863216e-01
1.993883133816001019e+00 3.431986082501959912e-01
2.013278723521096492e+00 3.376249154731716384e-01
2.032862984715323673e+00 3.321253666524098813e-01
2.052637752709252084e+00 3.266994617620455621e-01
2.072604880666519822e+00 3.213465211083017525e-01
2.092766239777499759e+00 3.160645076524843389e-01
2.113123719434652603e+00 3.108540204162527076e-01
2.133679227409597701e+00 3.057155052863484435e-01
2.154434690031884259e+00 3.006468322160200657e-01
2.175392052369522489e+00 2.956496715432384570e-01
2.196553278411258248e+00 2.907221190816142165e-01
2.217920351250634692e+00 2.858652271789695609e-01
2.239495273271823184e+00 2.810748459962227330e-01
2.261280066337279404e+00 2.763546037389349452e-01
2.283276771977218012e+00 2.717011621411838940e-01
2.305487451580938707e+00 2.671168953691808734e-01
2.327914186589993051e+00 2.625977351914588476e-01
2.350559078693253756e+00 2.581457463157025289e-01
2.373424250023866033e+00 2.537586440675027588e-01
2.396511843358130278e+00 2.494373739175076432e-01
2.419824022316292567e+00 2.451807345738662436e-01
2.443362971565319341e+00 2.409870053095534148e-01
2.467130897023623426e+00 2.368574033501219256e-01
2.491130026067788439e+00 2.327898537784725552e-01
2.515362607741312928e+00 2.287840817892715373e-01
2.539830912965362675e+00 2.248413018917047312e-01
2.564537234751594674e+00 2.209584598043874137e-01
2.589483888417040802e+00 2.171338022676437829e-01
2.614673211801092023e+00 2.133714519406826882e-01
2.640107565484572927e+00 2.096664944986427470e-01
2.665789333010967876e+00 2.060195127207445631e-01
2.691720921109787668e+00 2.024309439813250233e-01
2.717904759922122881e+00 1.988973890688995605e-01
2.744343303228365283e+00 1.954222058536487783e-01
2.771039028678170535e+00 1.920008074572235046e-01
2.797994438022641805e+00 1.886353312649819425e-01
2.825212057348790218e+00 1.853234062117113112e-01
2.852694437316245057e+00 1.820636730992466479e-01
2.880444153396297668e+00 1.788593779942813655e-01
2.908463806113254169e+00 1.757059469020096631e-01
2.936756021288137397e+00 1.726032933310109874e-01
2.965323450284773621e+00 1.695519817110935912e-01
2.994168770258243573e+00 1.665503626939381365e-01
3.023294684405779531e+00 1.635989953020908771e-01
3.052703922220086241e+00 1.606960940264193782e-01
3.082399239745143404e+00 1.578409722375652136e-01
3.112383419834465759e+00 1.550332309211979454e-01
3.142659272411905569e+00 1.522729396641821775e-01
3.173229634734976212e+00 1.495584696252654500e-01
3.204097371660752813e+00 1.468894380726259441e-01
3.235265375914330388e+00 1.442653272049648494e-01
3.266736568359921655e+00 1.416854177026668493e-01
3.298513898274578082e+00 1.391481619962781635e-01
3.330600343624588788e+00 1.366544915515860992e-01
3.362998911344535991e+00 1.342046997701337452e-01
3.395712637619100693e+00 1.317950422487952633e-01
3.428744588167585317e+00 1.294260394894694022e-01
3.462097858531227423e+00 1.270975608981086968e-01
3.495775574363275240e+00 1.248102230617256225e-01
3.529780891721914671e+00 1.225622054325273685e-01
3.564116997366032269e+00 1.203519968175940230e-01
3.598787109053855460e+00 1.181794883016074327e-01
3.633794475844513094e+00 1.160443876202441049e-01
3.669142378402494131e+00 1.139470597108853678e-01
3.704834129305105694e+00 1.118862128187103344e-01
3.740873073352900313e+00 1.098607242507123744e-01
3.777262587883141176e+00 1.078700451111819503e-01
3.814006083086284082e+00 1.059141866456483894e-01
3.851107002325572903e+00 1.039922633080546943e-01
3.888568822459721019e+00 1.021048397424703796e-01
3.926395054168756449e+00 1.002499847475297606e-01
3.964589242282997805e+00 9.842714090630570734e-02
4.003154966115265445e+00 9.663605120430962536e-02
4.042095839796306045e+00 9.487702860389596315e-02
4.081415512613501662e+00 9.314914889423625555e-02
4.121117669352832635e+00 9.145133633583070465e-02
4.161206030644208020e+00 8.978336812179887882e-02
4.201684353310133346e+00 8.814498227233855121e-02
4.242556430717777438e+00 8.653536286021755453e-02
4.283826093134470270e+00 8.495449325151381570e-02
4.325497208086633627e+00 8.340154131410654204e-02
4.367573680722233398e+00 8.187630461493849987e-02
4.410059454176736615e+00 8.037751322326919245e-02
4.452958509942654963e+00 7.890605502041415920e-02
4.496274868242640110e+00 7.746039555817035849e-02
4.540012588406244554e+00 7.604042343330442988e-02
4.584175769250333765e+00 7.464634419739192561e-02
4.628768549463215365e+00 7.327629270325153321e-02
4.673795107992464004e+00 7.193114378876792891e-02
4.719259664436561863e+00 7.061001347584940080e-02
4.765166479440326341e+00 6.931245249806447517e-02
4.811519855094205766e+00 6.803814729867063704e-02
4.858324135337417360e+00 6.678662575756036390e-02
4.905583706365050922e+00 6.555746319891386786e-02
4.953302997039108924e+00 6.435026355194892189e-02
5.001486479303548727e+00 6.316518005839347194e-02
5.050138668603383785e+00 6.200121201114089375e-02
5.099264124307808288e+00 6.085755035905639210e-02
5.148867450137498025e+00 5.973530122218336652e-02
5.198953294596024399e+00 5.863274265244748651e-02
5.249526351405507718e+00 5.755026693062323395e-02
5.300591359946452030e+00 5.648703349435169052e-02
5.352153105701904501e+00 5.544303541249624018e-02
5.404216420705915347e+00 5.441826129666316875e-02
5.456786183996381823e+00 5.341148238331279441e-02
5.509867322072253160e+00 5.242336463806665514e-02
5.563464809355226137e+00 5.145263268841874377e-02
5.617583668655908191e+00 5.049941405171119030e-02
5.672228971644543094e+00 4.956395616780049501e-02
5.727405839326266346e+00 4.864504559710249726e-02
5.783119442521027054e+00 4.774285610565903032e-02
5.839375002348160315e+00 4.685689551511286466e-02
5.896177790715694478e+00 4.598704337346715132e-02
5.953533130814370189e+00 4.513309087492752003e-02
6.011446397616513337e+00 4.429465278073386331e-02
6.069923018379741464e+00 4.347108262103870774e-02
6.128968473155564034e+00 4.266262147922849496e-02
6.188588295302960063e+00 4.186907383956360584e-02
6.248788072006894012e+00 4.108962080349519430e-02
6.309573444801936049e+00 4.032451823195048329e-02
6.370950110100935149e+00 3.957331463582014486e-02
6.432923819728876502e+00 3.883551057495624598e-02
6.495500381461869033e+00 3.811126945714921055e-02
6.558685659571435345e+00 3.740043328424193930e-02
6.622485575374063238e+00 3.670250059372829471e-02
6.686906107786136921e+00 3.601694614425071661e-02
6.751953293884205287e+00 3.534391632431412023e-02
6.817633229470763112e+00 3.468346938039815197e-02
6.883952069645496330e+00 3.403491539001456123e-02
6.950916029382126382e+00 3.339822592333636930e-02
7.018531384110795912e+00 3.277298872301340898e-02
7.086804470306189430e+00 3.215918152530104768e-02
7.155741686081340980e+00 3.155666101833809467e-02
7.225349491787214085e+00 3.096511717902093730e-02
7.295634410618154320e+00 3.038433241014298555e-02
7.366603029223159460e+00 2.981427114016297827e-02
7.438261998323163482e+00 2.925440342867755006e-02
7.510618033334286459e+00 2.870495332430844301e-02
7.583677914997190683e+00 2.816556483962636206e-02
7.657448490012479958e+00 2.763106078726049186e-02
7.731936671682362316e+00 2.711612237546014159e-02
7.807149440558499798e+00 2.660563379698184516e-02
7.883093845096216690e+00 2.610459719867964934e-02
7.959777002314985417e+00 2.561280041950113329e-02
8.037206098465421888e+00 2.512996262147648707e-02
8.115388389702712146e+00 2.465593875439203719e-02
8.194331202766655053e+00 2.419058081912154115e-02
8.274041935668218883e+00 2.373374518104602593e-02
8.354528058382872047e+00 2.328537911224844853e-02
8.435797113550611570e+00 2.284520309049238584e-02
8.517856717182803905e+00 2.241305695169178852e-02
8.600714559375941093e+00 2.198887971336626820e-02
8.684378405032257220e+00 2.157245216961699644e-02
8.768856094587436090e+00 2.116089888070776109e-02
8.854155544745349715e+00 2.076254566094902845e-02
8.940284749219998162e+00 2.036862048209704332e-02
9.027251779484577909e+00 1.998195741059433095e-02
9.115064785527916769e+00 1.960295462428957372e-02
9.203731996618220279e+00 1.922996599646395813e-02
9.293261722074316111e+00 1.886423730510623092e-02
9.383662352044273902e+00 1.850539191860016766e-02
9.474942358291729150e+00 1.815299336275383660e-02
9.567110294989774388e+00 1.780716846503612588e-02
9.660174799522645017e+00 1.746767701030210035e-02
9.754144593295098531e+00 1.713450866053366217e-02
9.849028482549766039e+00 1.680739668379655979e-02
9.944835359192397917e+00 1.648633424494489255e-02
1.004157420162519543e+01 1.617125108735263661e-02
1.013925407558815373e+01 1.586196448163116474e-02
1.023788413500867378e+01 1.555836874868015904e-02
1.033747362285940774e+01 1.526034695067241334e-02
1.043803187202444072e+01 1.496795949643639663e-02
1.053956830617394580e+01 1.468087853317395081e-02
1.064209244064724658e+01 1.439913802942817227e-02
1.074561388334458023e+01 1.412260955261408074e-02
1.085014233562746178e+01 1.385112845079383530e-02
1.095568759322787855e+01 1.358482706601137763e-02
1.106225954716621906e+01 1.332342355011220496e-02
1.116986818467823817e+01 1.306678213938142728e-02
1.127852359015096795e+01 1.281488139250677380e-02
1.138823594606782130e+01 1.256776052861286949e-02
1.149901553396274245e+01 1.232519372084596790e-02
1.161087273538378994e+01 1.208714081274234013e-02
1.172381803286598512e+01 1.185344926951118448e-02
1.183786201091373513e+01 1.162414536599606224e-02
1.195301535699265827e+01 1.139910396533643476e-02
1.206928886253119870e+01 1.117825158344391313e-02
1.218669342393191712e+01 1.096150181064365486e-02
1.230524004359261525e+01 1.074880033901711232e-02
1.242493983093746479e+01 1.054002083067435980e-02
1.254580400345803248e+01 1.033533014838664173e-02
1.266784388776455827e+01 1.013422568519207166e-02
1.279107092064739781e+01 9.936763189646563577e-03
1.291549665014884063e+01 9.743281688926486508e-03
1.304113273664525430e+01 9.553289943238407050e-03
1.316799095393986185e+01 9.366878388669792888e-03
1.329608319036608854e+01 9.183896933489209963e-03
1.342542144990170527e+01 9.004401793153397546e-03
1.355601785329368880e+01 8.828558539861303470e-03
1.368788463919415221e+01 8.655362003305744345e-03
1.382103416530724438e+01 8.485774915976339663e-03
1.395547890954729020e+01 8.317865552709188121e-03
1.409123147120805619e+01 8.155989227350474158e-03
1.422830457214353395e+01 7.995761413353660862e-03
1.436671105796013137e+01 7.838521891850476486e-03
1.450646389922046886e+01 7.684238775802562302e-03
1.464757619265895272e+01 7.532887749950036363e-03
1.479006116240903168e+01 7.384321070475544785e-03
1.493393216124253264e+01 7.238599802994469604e-03
1.507920267182097263e+01 7.095612632544794594e-03
1.522588630795911513e+01 6.955317446206215129e-03
1.537399681590069456e+01 6.817692516625103137e-03
1.552354807560667105e+01 6.682633497192987625e-03
1.567455410205595001e+01 6.550151728272836718e-03
1.582702904655883280e+01 6.420127785607024178e-03
1.598098719808309376e+01 6.292622411845310779e-03
1.613644298459311699e+01 6.167521844939435720e-03
1.629341097440194730e+01 6.044765712141472215e-03
1.645190587753662470e+01 5.924351495658379367e-03
1.661194254711659113e+01 5.806227738065185100e-03
1.677353598074571295e+01 5.690343356566532861e-03
1.693670132191772026e+01 5.576654654638532951e-03
1.710145386143542012e+01 5.465127447083782501e-03
1.726780903884355922e+01 5.355735716847941606e-03
1.743578244387577669e+01 5.248421317809168381e-03
1.760538981791556523e+01 5.143129185241347191e-03
1.777664705547142532e+01 5.039863344245402478e-03
1.794957020566648254e+01 4.938578701558496084e-03
1.812417547374237614e+01 4.839206083130851571e-03
1.830047922257800863e+01 4.741746000367588580e-03
1.847849797422290763e+01 4.646155109143763375e-03
1.865824841144566193e+01 4.552449607521708366e-03
1.883974737929719367e+01 4.460276658252957348e-03
1.902301188668945642e+01 4.370213060459908309e-03
1.920805910798935301e+01 4.281731746175749219e-03
1.939490638462828542e+01 4.194943386577166568e-03
1.958357122672716955e+01 4.109858272894407680e-03
1.977407131473744428e+01 4.026373016666415401e-03
1.996642450109793288e+01 3.944525542544954216e-03
2.016064881190793656e+01 3.864136663610956337e-03
2.035676244861640072e+01 3.785481067675468356e-03
2.055478378972772546e+01 3.708269439823418719e-03
2.075473139252405730e+01 3.632544511842490404e-03
2.095662399480432825e+01 3.558276768926861826e-03
2.116048051664034446e+01 3.485455487461964173e-03
2.136632006214970403e+01 3.413870597499697127e-03
2.157416192128621546e+01 3.344019063197745372e-03
2.178402557164756459e+01 3.275329114411427815e-03
2.199593068030074861e+01 3.207931764092966220e-03
2.220989710562497521e+01 3.141969972117000711e-03
2.242594489917278011e+01 3.077220301032794914e-03
2.264409430754907504e+01 3.013733259312880840e-03
2.286436577430861306e+01 2.951440004961296184e-03
2.308677994187169702e+01 2.890461697898835062e-03
2.331135765345874944e+01 2.830606944552650772e-03
2.353811995504354471e+01 2.771949051428762405e-03
2.376708809732560823e+01 2.714419660970053029e-03
2.399828353772154799e+01 2.658018683879919113e-03
2.423172794237600769e+01 2.602734436495080309e-03
2.446744318819203201e+01 2.548526393617835551e-03
2.470545136488123816e+01 2.495386911124082476e-03
2.494577477703398571e+01 2.443289782247560962e-03
2.518843594620949489e+01 2.392208155196014728e-03
2.543345761304651020e+01 2.342153801759374633e-03
2.568086273939435316e+01 2.293071393924450609e-03
2.593067451046487548e+01 2.244960507484992668e-03
2.618291633700505372e+01 2.197800347491532698e-03
2.643761185749101372e+01 2.151577167544054155e-03
2.669478494034320804e+01 2.106257317319453534e-03
2.695445968616333587e+01 2.061846850843478563e-03
2.721666042999271795e+01 2.018288564107990381e-03
2.748141174359293259e+01 1.975642418319639455e-03
2.774873843774846804e+01 1.933821030421483973e-03
2.801866556459195223e+01 1.892836185825070563e-03
2.829121841995168651e+01 1.852779296649503284e-03
2.856642254572233952e+01 1.813292074524006960e-03
2.884430373225852051e+01 1.774705913836105865e-03
2.912488802079168337e+01 1.736890475392624837e-03
2.940820170587063842e+01 1.699824946279192327e-03
2.969427133782552986e+01 1.663516009355385039e-03
2.998312372525609959e+01 1.627926509311562785e-03
3.027478593754393543e+01 1.593056834431714293e-03
3.056928530738937155e+01 1.558877954085231138e-03
3.086664943337274636e+01 1.525394651665605171e-03
3.116690618254088463e+01 1.492578535653122599e-03
3.147008369301855879e+01 1.460422346412172667e-03
3.177621037664554038e+01 1.428934983062661200e-03
3.208531492163897525e+01 1.398063234063039303e-03
3.239742629528198847e+01 1.367821614116316578e-03
3.271257374663825601e+01 1.338192839003436371e-03
3.303078680929315425e+01 1.309164526683398314e-03
3.335209530412127066e+01 1.280720716954129477e-03
3.367652934208116022e+01 1.252860078754667239e-03
3.400411932703705986e+01 1.225568276160640810e-03
3.433489595860830690e+01 1.198829752160566467e-03
3.466889023504609213e+01 1.172630492856005600e-03
3.500613345613854221e+01 1.146975674074203304e-03
3.534665722614391115e+01 1.121839428324403415e-03
3.569049345675229290e+01 1.097219068335099704e-03
3.603767437007633134e+01 1.073097461966109100e-03
3.638823250167062184e+01 1.049477264013627415e-03
3.674220070358090595e+01 1.026320401223069145e-03
3.709961214742267543e+01 1.003676697412521400e-03
3.746050032748993175e+01 9.814817337794557936e-04
3.782489906389385936e+01 9.597470518263258353e-04
3.819284250573236505e+01 9.384611011455753398e-04
3.856436513429023449e+01 9.175983886744017376e-04
3.893950176627063087e+01 8.971839219887917018e-04
3.931828755705770106e+01 8.771840446995608212e-04
3.970075800401124155e+01 8.575946327347371521e-04
4.008694894979318946e+01 8.384211343292732920e-04
4.047689658572676308e+01 8.196457174500086131e-04
4.087063745518780422e+01 8.012632145487961306e-04
4.126820845702955864e+01 7.832527836531596316e-04
4.166964684904057492e+01 7.656215893954459355e-04
4.207499025143619065e+01 7.483611071598636781e-04
4.248427665038425260e+01 7.314625358619937729e-04
4.289754440156466586e+01 7.149179788691629447e-04
4.331483223376402947e+01 6.987111171198001581e-04
4.373617925250492533e+01 6.828562859534240484e-04
4.416162494371084790e+01 6.673315480975418107e-04
4.459120917740628443e+01 6.521291319251767190e-04
4.502497221145327444e+01 6.372462560510025074e-04
4.546295469532399380e+01 6.226837768425383911e-04
4.590519767391037220e+01 6.084264615715444594e-04
4.635174259137027519e+01 5.944647774086801338e-04
4.680263129501155817e+01 5.808020509152556814e-04
4.725790603921362276e+01 5.674297129228191320e-04
4.771760948938745628e+01 5.543415784514758166e-04
4.818178472597362827e+01 5.415321288878508638e-04
4.865047524847972937e+01 5.290135105745182639e-04
4.912372497955678341e+01 5.167178028319687443e-04
4.960157826911540724e+01 5.047086112028144680e-04
5.008407989848212338e+01 4.929572362250865059e-04
5.057127508459573306e+01 4.814532970119346999e-04
5.106320948424492911e+01 4.701941181676997511e-04
5.155992919834686461e+01 4.591800348834227611e-04
5.206148077626762216e+01 4.484043913552579995e-04
5.256791122018424289e+01 4.378600451244448561e-04
5.307926798948964375e+01 4.275396445609401584e-04
5.359559900524011766e+01 4.174419443514899137e-04
5.411695265464637572e+01 4.075626155679186718e-04
5.464337779560780461e+01 3.978996778763342276e-04
5.517492376129128928e+01 3.884329544670038839e-04
5.571164036475430237e+01 3.791882719366678205e-04
5.625357790361330501e+01 3.701346219055542800e-04
5.680078716475694733e+01 3.612787242025613426e-04
5.735331942910571712e+01 3.526189653491471000e-04
5.791122647641758192e+01 3.441472124993231476e-04
5.847456059014062646e+01 3.358557081073096340e-04
5.904337456231242243e+01 3.277496376231080221e-04
5.961772169850755887e+01 3.198164742352130590e-04
6.019765582283304184e+01 3.120576399962769732e-04
6.078323128297230227e+01 3.044715994208252647e-04
6.137450295527852973e+01 2.970510020720245172e-04
6.197152624991698389e+01 2.897916589782602694e-04
6.257435711605789663e+01 2.826939623739587750e-04
6.318305204711957401e+01 2.757508887174516888e-04
6.379766808606282069e+01 2.689617105013378468e-04
6.441826283073628190e+01 2.623226646853582403e-04
6.504489443927437264e+01 2.558315318809638978e-04
6.567762163554736787e+01 2.494824833516529538e-04
6.631650371466487570e+01 2.432704012425204580e-04
6.696160054853221766e+01 2.372056703065025677e-04
6.761297259146149941e+01 2.312689856721748436e-04
6.827068088583682481e+01 2.254646422431797349e-04
6.893478706783510290e+01 2.197791911424774132e-04
6.960535337320180815e+01 2.142441687006139885e-04
7.028244264308352740e+01 2.088195284569452034e-04
7.096611832991698066e+01 2.035192821686865425e-04
7.165644450337531168e+01 1.983337929748348299e-04
7.235348585637258623e+01 1.932661534637978922e-04
7.305730771112592947e+01 1.883129842356258844e-04
7.376797602527737752e+01 1.834697680055811565e-04
7.448555739807494547e+01 1.787351858591116997e-04
7.521011907661404905e+01 1.741118949678695487e-04
7.594172896213913759e+01 1.695857541510435447e-04
7.668045561640717267e+01 1.651644938559037419e-04
7.742636826811269657e+01 1.608420114061252738e-04
7.817953681937576960e+01 1.566183460955017012e-04
7.894003185229233566e+01 1.524928999257563677e-04
7.970792463554894880e+01 1.484577829176156446e-04
8.048328713110151966e+01 1.445156648712051645e-04
8.126619200091946027e+01 1.406625553863231426e-04
8.205671261379453085e+01 1.368978557631962819e-04
8.285492305221690401e+01 1.332153994015307331e-04
8.366089811931756515e+01 1.296184987254218998e-04
8.447471334587828551e+01 1.261104211923305761e-04
8.529644499741024788e+01 1.226691931137813957e-04
8.612617008130067120e+01 1.193151570200241178e-04
8.696396635402970787e+01 1.160349044600506447e-04
8.780991232845718741e+01 1.128309298642476147e-04
8.866408728118061333e+01 1.096988793649285906e-04
8.952657125996400111e+01 1.066392442516500945e-04
9.039744509123974581e+01 1.036492245907001870e-04
9.127679038768296493e+01 1.007275099979451334e-04
9.216468955586012157e+01 9.787393957570116705e-05
9.306122580395103228e+01 9.508356545618591412e-05
9.396648314954700254e+01 9.236240828706136698e-05
9.488054642752423717e+01 8.969889486182523210e-05
9.580350129799435877e+01 8.709509233053399811e-05
9.673543425433136633e+01 8.455229492182273485e-05
9.767643263127766318e+01 8.206844243225745728e-05
9.862658461312820180e+01 7.964189384047528741e-05
9.958597924199507645e+01 7.726953308492241844e-05
1.005547064261513555e+02 7.495104766067355213e-05
1.015328569484565975e+02 7.268596433284616029e-05
1.025205224748657002e+02 7.047291572530169719e-05
1.035177955630176285e+02 6.831054459690401933e-05
1.045247696709102172e+02 6.619679827564698847e-05
1.055415391656582784e+02 6.413108827298217175e-05
1.065681993323370733e+02 6.211243953790255244e-05
1.076048463829117878e+02 6.014024154859433520e-05
1.086515774652539505e+02 5.821044423734681204e-05
1.097084906722451905e+02 5.632612607647756171e-05
1.107756850509708642e+02 5.448062163324559785e-05
1.118532606120007102e+02 5.267916545156586767e-05
1.129413183387621018e+02 5.091663403399418269e-05
1.140399601970033103e+02 4.919309981175924842e-05
1.151492891443491402e+02 4.750765816548033183e-05
1.162694091399494027e+02 4.585828787602426140e-05
1.174004251542213098e+02 4.424488863658564743e-05
1.185424431786863977e+02 4.266650779251313764e-05
1.196955702359042846e+02 4.112179280318192418e-05
1.208599143895007444e+02 3.960896992665467612e-05
1.220355847542956980e+02 3.812704201840249306e-05
1.232226915065284345e+02 3.667624157435687857e-05
1.244213458941827213e+02 3.525426385609636007e-05
1.256316602474121424e+02 3.386092011926690888e-05
1.268537479890670454e+02 3.249382652904263166e-05
1.280877236453237629e+02 3.115275204016290710e-05
1.293337028564169486e+02 2.983631675694531620e-05
1.305918023874777987e+02 2.854334730980594628e-05
1.318621401394748602e+02 2.727207390371301968e-05
1.331448351602640230e+02 2.602153251227590659e-05
1.344400076557447221e+02 2.478995933296240317e-05
1.357477790011246839e+02 2.357613900633302766e-05
1.370682717522946348e+02 2.237792934195198890e-05
1.384016096573132870e+02 2.119340249729394953e-05
1.397479176680040780e+02 2.002038694390175335e-05
1.411073219516657957e+02 1.885646313404859185e-05
1.424799499028946457e+02 1.769847353308273274e-05
1.438659301555238414e+02 1.654295634190368396e-05
1.452653925946781328e+02 1.538548231512708609e-05
1.466784683689457722e+02 1.422042655275003329e-05
1.481052899026690000e+02 1.304062146494420887e-05
1.495459909083537866e+02 1.183613068281023548e-05
1.510007063992007659e+02 1.059271310980868887e-05
1.524695727017573006e+02 9.288454372999233928e-06
1.539527274686944622e+02 7.886218638486700090e-06
1.554503096917050300e+02 6.312781343523948872e-06
1.569624597145302403e+02 4.376282157770746935e-06
1.584893192461114211e+02 0.000000000000000000e+00
