1.000000000000000021e-02 1.844169379954783361e+00
1.009727545900835841e-02 1.844005681812590725e+00
1.019549716950923779e-02 1.844009230573317115e+00
1.029467433620748044e-02 1.844013151015116758e+00
1.039481625334708927e-02 1.844121852022795549e+00
1.049593230558227772e-02 1.844038265224300810e+00
1.059803196885688789e-02 1.844039537124100514e+00
1.070112481129246833e-02 1.844041986975382796e+00
1.080522049408488318e-02 1.844044508407786997e+00
1.091032877240974419e-02 1.844098842837783359e+00
1.101645949633656314e-02 1.844093920663009367e+00
1.112362261175187626e-02 1.844088889936890574e+00
1.123182816129126085e-02 1.844083748974030268e+00
1.134108628528052165e-02 1.844078498012164946e+00
1.145140722268592030e-02 1.844073123945088266e+00
1.156280131207376022e-02 1.844067669313067759e+00
1.167527899257919492e-02 1.844062098964674101e+00
1.178885080488457221e-02 1.844056328509752429e+00
1.190352739220719262e-02 1.844049179659809079e+00
1.201931950129673729e-02 1.844043140167511696e+00
1.213623798344241195e-02 1.844036975024207159e+00
1.225429379548980714e-02 1.844032330687168875e+00
1.237349800086776086e-02 1.844026063594360165e+00
1.249386177062509519e-02 1.844019643381777485e+00
1.261539638447754796e-02 1.844013154333386195e+00
1.273811323186478488e-02 1.844007718448742006e+00
1.286202381301779218e-02 1.843999939297412238e+00
1.298713974003655978e-02 1.843993156039286374e+00
1.311347273797833224e-02 1.843986263022131533e+00
1.324103464595636874e-02 1.843981703900923419e+00
1.336983741824946531e-02 1.843974516277770093e+00
1.349989312542219239e-02 1.843967184638590329e+00
1.363121395545611320e-02 1.843957352467461952e+00
1.376381221489191876e-02 1.843949728547855438e+00
1.389770032998276401e-02 1.843942011718928464e+00
1.403289084785873213e-02 1.843934143776314150e+00
1.416939643770268736e-02 1.843928340969061441e+00
1.430722989193757184e-02 1.843920117980679452e+00
1.444640412742520530e-02 1.843911749185685123e+00
1.458693218667675602e-02 1.843903221158409655e+00
1.472882723907502529e-02 1.843894592604848892e+00
1.487210258210860774e-02 1.843885806817256556e+00
1.501677164261799868e-02 1.843876862706433917e+00
1.516284797805393485e-02 1.843867746502105165e+00
1.531034527774784160e-02 1.843858397868551435e+00
1.545927736419477720e-02 1.843848846052148716e+00
1.560965819434872483e-02 1.843839052790490207e+00
1.576150186093060873e-02 1.843829026522657122e+00
1.591482259374891323e-02 1.843818763209815970e+00
1.606963476103326349e-02 1.843808332117107707e+00
1.622595287078087284e-02 1.843797793141811248e+00
1.638379157211618947e-02 1.843787026113533845e+00
1.654316565666366645e-02 1.843776055474244835e+00
1.670409005993399310e-02 1.843764896224766803e+00
1.686657986272368723e-02 1.843753437728212763e+00
1.703065029252844378e-02 1.843741896084240217e+00
1.719631672497009753e-02 1.843730182016271479e+00
1.736359468523754335e-02 1.843718358768257737e+00
1.753249984954170088e-02 1.843706263375111787e+00
1.770304804658450262e-02 1.843693902209940116e+00
1.787525525904235316e-02 1.843681268361721637e+00
1.804913762506383731e-02 1.843668347653284689e+00
1.822471143978214581e-02 1.843655172716113233e+00
1.840199315684210371e-02 1.843641723276855826e+00
1.858099938994215231e-02 1.843632771388504343e+00
1.876174691439120440e-02 1.843618819187109681e+00
1.894425266868081034e-02 1.843604505515991532e+00
1.912853375607242307e-02 1.843589962868209531e+00
1.931460744620030340e-02 1.843574947650167939e+00
1.950249117668984011e-02 1.843559781221535632e+00
1.969220255479172538e-02 1.843544289100972788e+00
1.988375935903200636e-02 1.843528800913498467e+00
2.007717954087816226e-02 1.843512805703757529e+00
2.027248122642137662e-02 1.843496481403482878e+00
2.046968271807520987e-02 1.843479919138677703e+00
2.066880249629082095e-02 1.843462771362198049e+00
2.086985922128879734e-02 1.843445595154191263e+00
2.107287173480786382e-02 1.843427408032748405e+00
2.127785906187062287e-02 1.843408762384096233e+00
2.148484041256648255e-02 1.843397821396590475e+00
2.169383518385184506e-02 1.843369628700650242e+00
2.190486296136792688e-02 1.843351810410135849e+00
2.211794352127614133e-02 1.843331994554454401e+00
2.233309683211144592e-02 1.843311838825062221e+00
2.255034305665360936e-02 1.843291894828012367e+00
2.276970255381680075e-02 1.843271287045183060e+00
2.299119588055741764e-02 1.843248912525884631e+00
2.321484379380064564e-02 1.843227312391074069e+00
2.344066725238556220e-02 1.843205271693049374e+00
2.366868741902936057e-02 1.843182636135226815e+00
2.389892566231050300e-02 1.843159757434428725e+00
2.413140355867127856e-02 1.843136568381239959e+00
2.436614289443983158e-02 1.843112990859332667e+00
2.460316566787181664e-02 1.843088998811430734e+00
2.484249409121190577e-02 1.843065225987353895e+00
2.508415059277539771e-02 1.843040462360970855e+00
2.532815781905008515e-02 1.843017143654373857e+00
2.557453863681850847e-02 1.842991083734802693e+00
2.582331613530085626e-02 1.842964528714061023e+00
2.607451362831877603e-02 1.842937492736642424e+00
2.632815465648021339e-02 1.842910145151321677e+00
2.658426298938541474e-02 1.842881920112847460e+00
2.684286262785454819e-02 1.842853660612117306e+00
2.710397780617682106e-02 1.842825018349472987e+00
2.736763299438163891e-02 1.842795784497614830e+00
2.763385290053169824e-02 1.842767008202067958e+00
2.790266247303856487e-02 1.842735280208971815e+00
2.817408690300057458e-02 1.842703912194967986e+00
2.844815162656363222e-02 1.842672025324905150e+00
2.872488232730495070e-02 1.842639447536147390e+00
2.900430493863991738e-02 1.842606013190514869e+00
2.928644564625237229e-02 1.842571806310101312e+00
2.957133089054861039e-02 1.842536765389088949e+00
2.985898736913520854e-02 1.842501275687335793e+00
3.014944203932094433e-02 1.842465070968936969e+00
3.044272212064302874e-02 1.842429672817604613e+00
3.073885509741795460e-02 1.842392125138720305e+00
3.103786872131722788e-02 1.842354004532249290e+00
3.133979101396793671e-02 1.842315107797610318e+00
3.164465026957891114e-02 1.842275120439170522e+00
3.195247505759213347e-02 1.842234299140907750e+00
3.226329422536015901e-02 1.842192482586852087e+00
3.257713690084949876e-02 1.842150097105849760e+00
3.289403249537032475e-02 1.842106951111420532e+00
3.321401070633261954e-02 1.842062912176513301e+00
3.353710152002930406e-02 1.842017895638039304e+00
3.386333521444636480e-02 1.841971958919832231e+00
3.419274236210027851e-02 1.841925377225955840e+00
3.452535383290306070e-02 1.841877991114681423e+00
3.486120079705520153e-02 1.841829810583928806e+00
3.520031472796678745e-02 1.841782854723621243e+00
3.554272740520694751e-02 1.841733274826258704e+00
3.588847091748199186e-02 1.841682160666570534e+00
3.623757766564258964e-02 1.841629565789628220e+00
3.659008036572020811e-02 1.841575851570405264e+00
3.694601205199302130e-02 1.841521776464278393e+00
3.730540608008161424e-02 1.841466756513288949e+00
3.766829613007490613e-02 1.841410298582148330e+00
3.803471620968648659e-02 1.841351898237861384e+00
3.840470065744145539e-02 1.841294228127971166e+00
3.877828414589457040e-02 1.841234329715156992e+00
3.915550168487941241e-02 1.841173359494527428e+00
3.953638862478930927e-02 1.841111189323543895e+00
3.992098065989020672e-02 1.841047970131781009e+00
4.030931383166566628e-02 1.840983674223824806e+00
4.070142453219438572e-02 1.840918371272586729e+00
4.109734950756069316e-02 1.840850937906285179e+00
4.149712586129815362e-02 1.840783298031501758e+00
4.190079105786669034e-02 1.840714636800098836e+00
4.230838292616342228e-02 1.840643287720247434e+00
4.271993966306778662e-02 1.840571328506192650e+00
4.313549983702118923e-02 1.840496962440502315e+00
4.355510239164130798e-02 1.840421833852571964e+00
4.397878664937160398e-02 1.840345099340164658e+00
4.440659231516640160e-02 1.840268877102235745e+00
4.483855948021186338e-02 1.840186705921256438e+00
4.527472862568297785e-02 1.840104890604435051e+00
4.571514062653719151e-02 1.840022354153116213e+00
4.615983675534499064e-02 1.839939655413847408e+00
4.660885868615767536e-02 1.839852656167745737e+00
4.706224849841281199e-02 1.839765164176030199e+00
4.752004868087766204e-02 1.839675773118997881e+00
4.798230213563085128e-02 1.839584480632792562e+00
4.844905218208294534e-02 1.839491237596088569e+00
4.892034256103611894e-02 1.839396739200667152e+00
4.939621743878321036e-02 1.839300060596226638e+00
4.987672141124663283e-02 1.839201407672552024e+00
5.036189950815770505e-02 1.839100912029737689e+00
5.085179719727656034e-02 1.838998616975904943e+00
5.134646038865306461e-02 1.838894194503897239e+00
5.184593543892913187e-02 1.838786349064540415e+00
5.235026915568305461e-02 1.838678119138623446e+00
5.285950880181603667e-02 1.838567897312989308e+00
5.337370209998133774e-02 1.838455665720764465e+00
5.389289723705643909e-02 1.838340752956346247e+00
5.441714286865893119e-02 1.838223507538777834e+00
5.494648812370611646e-02 1.838103566041200621e+00
5.548098260901916656e-02 1.837980981996910623e+00
5.602067641397187603e-02 1.837856183309563018e+00
5.656562011518465050e-02 1.837728859933281500e+00
5.711586478126431943e-02 1.837599415478357034e+00
5.767146197758996756e-02 1.837467912526830949e+00
5.823246377114527778e-02 1.837333805846222967e+00
5.879892273539785025e-02 1.837197271511028074e+00
5.937089195522609469e-02 1.837057902552531541e+00
5.994842503189409116e-02 1.836916410274398670e+00
6.053157608807464840e-02 1.836774900076399986e+00
6.112039977292132997e-02 1.836628464655855497e+00
6.171495126718981594e-02 1.836476437303583120e+00
6.231528628840921763e-02 1.836323910527016601e+00
6.292146109610344262e-02 1.836167595380505002e+00
6.353353249706343575e-02 1.836010265100586514e+00
6.415155785067082339e-02 1.835848467330875255e+00
6.477559507427335661e-02 1.835681272360392358e+00
6.540570264861225724e-02 1.835509221204195907e+00
6.604193962330305590e-02 1.835336323533385494e+00
6.668436562236895737e-02 1.835166147580593377e+00
6.733304084982863480e-02 1.834986542170398360e+00
6.798802609533814711e-02 1.834803404247990155e+00
6.864938273988777095e-02 1.834616526685874494e+00
6.931717276155408003e-02 1.834425583872062449e+00
6.999145874130821565e-02 1.834230840373273663e+00
7.067230386888070925e-02 1.834033635853556499e+00
7.135977194868306506e-02 1.833836762415701260e+00
7.205392740578704658e-02 1.833629623527091246e+00
7.275483529196229149e-02 1.833421338454066074e+00
7.346256129177256011e-02 1.833209473285376756e+00
7.417717172873124210e-02 1.832992940102279533e+00
7.489873357151664857e-02 1.832774667241554800e+00
7.562731444024800576e-02 1.832549991384626153e+00
7.636298261282241373e-02 1.832321053405220779e+00
7.710580703131336699e-02 1.832087509182194429e+00
7.785585730843146146e-02 1.831845884636166488e+00
7.861320373404813433e-02 1.831605266839755330e+00
7.937791728178281159e-02 1.831357769203814767e+00
8.015006961565404597e-02 1.831105253847758574e+00
8.092973309679550586e-02 1.830847044590904416e+00
8.171698079023696770e-02 1.830584226093989075e+00
8.251188647175167201e-02 1.830316480234970289e+00
8.331452463477014014e-02 1.830043743835831460e+00
8.412497049736118726e-02 1.829765938070438525e+00
8.494330000928071445e-02 1.829481768974448475e+00
8.576958985908941790e-02 1.829193526836027761e+00
8.660391748133952627e-02 1.828898970740825192e+00
8.744636106383144036e-02 1.828600869661202832e+00
8.829699955494091368e-02 1.828294384870693623e+00
8.915591267101763417e-02 1.827984478014215375e+00
9.002318090385581784e-02 1.827667527851891682e+00
9.089888552823731371e-02 1.827341053125561388e+00
9.178310860954806694e-02 1.827013124015026024e+00
9.267593301146882789e-02 1.826678162616351520e+00
9.357744240374062106e-02 1.826335877168363098e+00
9.448772127000577836e-02 1.825987060931953287e+00
9.540685491572513388e-02 1.825631254520108548e+00
9.633492947617222635e-02 1.825268460213727240e+00
9.727203192450542546e-02 1.824897182331215673e+00
9.821825007991856482e-02 1.824518970446965316e+00
9.917367261587073379e-02 1.824135491067421011e+00
1.001383890683960748e-01 1.823741962532344996e+00
1.011124898444945991e-01 1.823345480313141698e+00
1.020960662306047012e-01 1.822938593041349309e+00
1.030892104011576216e-01 1.822527766715744235e+00
1.040920154272158005e-01 1.822105895906299011e+00
1.051045752851944987e-01 1.821676251076707498e+00
1.061269848656690717e-01 1.821237296176176246e+00
1.071593399822671072e-01 1.820790546556276590e+00
1.082017373806478805e-01 1.820332832036855253e+00
1.092542747475682557e-01 1.819868457060384692e+00
1.103170507200377515e-01 1.819396263846596584e+00
1.113901648945616746e-01 1.818914827314445981e+00
1.124737178364751955e-01 1.818424465347986185e+00
1.135678110893671017e-01 1.817924506275916618e+00
1.146725471845963656e-01 1.817414467970312142e+00
1.157880296509002094e-01 1.816894721887595709e+00
1.169143630240966764e-01 1.816364540559886276e+00
1.180516528568804902e-01 1.815824453686150752e+00
1.192000057287153220e-01 1.815274446932145569e+00
1.203595292558212876e-01 1.814715337247267080e+00
1.215303321012602134e-01 1.814144017049585056e+00
1.227125239851190319e-01 1.813560193570791013e+00
1.239062156947916271e-01 1.812967727919398531e+00
1.251115190953615564e-01 1.812364197011924194e+00
1.263285471400849291e-01 1.811750066791416369e+00
1.275574138809759950e-01 1.811123288766903983e+00
1.287982344794950385e-01 1.810483967306135922e+00
1.300511252173409127e-01 1.809833661671163219e+00
1.313162035073478784e-01 1.809167531800765394e+00
1.325935879044890797e-01 1.808492468481682991e+00
1.338833981169864351e-01 1.807805952440477926e+00
1.351857550175293021e-01 1.807105060220042914e+00
1.365007806546013891e-01 1.806389618932007002e+00
1.378285982639189389e-01 1.805662586334298769e+00
1.391693322799789911e-01 1.804919939803188988e+00
1.405231083477211373e-01 1.804162919613545579e+00
1.418900533343016301e-01 1.803396129397648595e+00
1.432702953409830948e-01 1.802607668040367983e+00
1.446639637151387880e-01 1.801808232134687549e+00
1.460711890623745679e-01 1.800993380960604240e+00
1.474921032587684921e-01 1.800163322592358561e+00
1.489268394632288772e-01 1.799318305768483395e+00
1.503755321299738434e-01 1.798459191870198426e+00
1.518383170211306810e-01 1.797582986226341273e+00
1.533153312194593942e-01 1.796689354684312123e+00
1.548067131411984265e-01 1.795781835723411435e+00
1.563126025490369497e-01 1.794854463144467172e+00
1.578331405652117214e-01 1.793908792227211890e+00
1.593684696847328941e-01 1.792947122343644839e+00
1.609187337887370006e-01 1.791968150777071056e+00
1.624840781579713067e-01 1.790971011844527672e+00
1.640646494864078653e-01 1.789957388953949735e+00
1.656605958949914359e-01 1.788923017220972467e+00
1.672720669455196874e-01 1.787868707791351985e+00
1.688992136546599021e-01 1.786794424691813932e+00
1.705421885081006561e-01 1.785700672934948940e+00
1.722011454748421100e-01 1.784589244397490448e+00
1.738762400216251336e-01 1.783456138590642226e+00
1.755676291275001522e-01 1.782301855322642847e+00
1.772754712985387948e-01 1.781124661538719511e+00
1.789999265826875408e-01 1.779927240109195008e+00
1.807411565847668600e-01 1.778705951404067509e+00
1.824993244816152382e-01 1.777465196918630808e+00
1.842745950373816666e-01 1.776204772547112176e+00
1.860671346189656239e-01 1.774916957636907711e+00
1.878771112116086051e-01 1.773604208507282065e+00
1.897046944346358344e-01 1.772271964291083135e+00
1.915500555573527997e-01 1.770910553085916828e+00
1.934133675150944698e-01 1.769530216797740696e+00
1.952948049254327745e-01 1.768121961905241069e+00
1.971945441045395986e-01 1.766687904719888458e+00
1.991127630837108697e-01 1.765231474063323036e+00
2.010496416260497965e-01 1.763745713991208941e+00
2.030053612433137811e-01 1.762231488297906878e+00
2.049801052129238688e-01 1.760690221525444077e+00
2.069740585951406198e-01 1.759121423122497196e+00
2.089874082504071251e-01 1.757527102136512198e+00
2.110203428568595552e-01 1.755903312895029211e+00
2.130730529280097374e-01 1.754248800154620813e+00
2.151457308305980698e-01 1.752566737820986154e+00
2.172385708026215445e-01 1.750854838389194201e+00
2.193517689715359098e-01 1.749113377246818146e+00
2.214855233726360506e-01 1.747340482302806697e+00
2.236400339676138660e-01 1.745535859228535047e+00
2.258155026632983065e-01 1.743698454929903052e+00
2.280121333305757114e-01 1.741827450903881580e+00
2.302301318234963867e-01 1.739929499431563276e+00
2.324697059985647851e-01 1.737996725503055950e+00
2.347310657342196183e-01 1.736026210103099432e+00
2.370144229505012079e-01 1.734020863279516433e+00
2.393199916289123208e-01 1.731982369030647284e+00
2.416479878324700736e-01 1.729910302891201956e+00
2.439986297259550130e-01 1.727801617775233556e+00
2.463721375963552895e-01 1.725654955300943039e+00
2.487687338735107279e-01 1.723471954670520168e+00
2.511886431509580686e-01 1.721250652146363969e+00
2.536320922069775774e-01 1.718991802754351150e+00
2.560993100258459609e-01 1.716695061316126258e+00
2.585905278192945911e-01 1.714360392485928752e+00
2.611059790481781162e-01 1.711984042757218383e+00
2.636458994443517945e-01 1.709568885480292177e+00
2.662105270327638773e-01 1.707109955775269583e+00
2.688001021537606006e-01 1.704612012984228597e+00
2.714148674856106669e-01 1.702070106092254509e+00
2.740550680672460548e-01 1.699485856182653132e+00
2.767209513212268712e-01 1.696859832114791411e+00
2.794127670769268601e-01 1.694188275874554561e+00
2.821307675939472293e-01 1.691475075656838856e+00
2.848752075857552413e-01 1.688714364147184233e+00
2.876463442435557849e-01 1.685907076824271655e+00
2.904444372603925406e-01 1.683055014789787363e+00
2.932697488554852905e-01 1.680157403131943727e+00
2.961225437988035947e-01 1.677211263182767365e+00
2.990030894358785551e-01 1.674217306910611436e+00
3.019116557128577738e-01 1.671175250363210019e+00
3.048485152018017286e-01 1.668081071807632432e+00
3.078139431262288950e-01 1.664941068504748767e+00
3.108082173869063936e-01 1.661748449320487264e+00
3.138316185878944342e-01 1.658504208087103526e+00
3.168844300628416155e-01 1.655211472484819035e+00
3.199669379015380732e-01 1.651862395613423740e+00
3.230794309767249795e-01 1.648463130713666791e+00
3.262222009711669979e-01 1.645010359001498834e+00
3.293955424049855307e-01 1.641500427371662463e+00
3.325997526632606949e-01 1.637941498992291578e+00
3.358351320238990301e-01 1.634318505672947230e+00
3.391019836857747105e-01 1.630649035895168186e+00
3.424006137971423724e-01 1.626920195584840467e+00
3.457313314843284413e-01 1.623130195049517832e+00
3.490944488806992929e-01 1.619286988388000559e+00
3.524902811559130766e-01 1.615383559434390159e+00
3.559191465454557002e-01 1.611421041912569185e+00
3.593813663804627523e-01 1.607399887542070527e+00
3.628772651178337472e-01 1.603321995343284678e+00
3.664071703706370808e-01 1.599180669451457648e+00
3.699714129388128048e-01 1.594973758870172675e+00
3.735703268401719401e-01 1.590708333221074522e+00
3.772042493416999376e-01 1.586383109475747011e+00
3.808735209911614517e-01 1.581996580574910771e+00
3.845784856490158665e-01 1.577539046867657113e+00
3.883194905206404091e-01 1.573023058856655387e+00
3.920968861888690649e-01 1.568444806200545161e+00
3.959110266468458539e-01 1.563797644942246157e+00
3.997622693312000708e-01 1.559083565632088275e+00
4.036509751555413805e-01 1.554309235330891603e+00
4.075775085442840395e-01 1.549465268193567224e+00
4.115422374667966343e-01 1.544556196031688478e+00
4.155455334718875515e-01 1.539577604196028071e+00
4.195877717226225712e-01 1.534533732593509558e+00
4.236693310314835759e-01 1.529421209982591678e+00
4.277905938958687093e-01 1.524242214655515903e+00
4.319519465339363706e-01 1.518990742775243818e+00
4.361537789208005944e-01 1.513674359321049323e+00
4.403964848250754294e-01 1.508284305944290971e+00
4.446804618457780300e-01 1.502826281151392607e+00
4.490061114495874639e-01 1.497300873844545910e+00
4.533738390084691150e-01 1.491698643653966538e+00
4.577840538376618529e-01 1.486035762186946663e+00
4.622371692340384031e-01 1.480291386181423752e+00
4.667336025148346446e-01 1.474479353895159717e+00
4.712737750567601580e-01 1.468600845884038941e+00
4.758581123354846953e-01 1.462647302363884849e+00
4.804870439655131720e-01 1.456622037719904617e+00
4.851610037404442966e-01 1.450523601733074486e+00
4.898804296736250508e-01 1.444356086441759279e+00
4.946457640391963562e-01 1.438113758616687887e+00
4.994574534135413635e-01 1.431803159746275034e+00
5.043159487171361421e-01 1.425417834160076058e+00
5.092217052568053237e-01 1.418960718739363136e+00
5.141751827683928022e-01 1.412431893600728294e+00
5.191768454598426619e-01 1.405831161414354824e+00
5.242271620547044320e-01 1.399158098495919100e+00
5.293266058360561743e-01 1.392414416840883185e+00
5.344756546908600026e-01 1.385600502182710025e+00
5.396747911547442600e-01 1.378709605083904943e+00
5.449245024572260121e-01 1.371754376341081771e+00
5.502252805673685243e-01 1.364725488137147558e+00
5.555776222398878250e-01 1.357620400710606745e+00
5.609820290617031358e-01 1.350455459349298559e+00
5.664390074989449353e-01 1.343214249968658347e+00
5.719490689444144405e-01 1.335902781616463697e+00
5.775127297655114900e-01 1.328525984274383731e+00
5.831305113526221717e-01 1.321079859603910833e+00
5.888029401679826247e-01 1.313561331817807654e+00
5.945305477950136863e-01 1.305978944502395267e+00
6.003138709881384871e-01 1.298327515643221686e+00
6.061534517230839914e-01 1.290612126769827395e+00
6.120498372476699256e-01 1.282829109570511550e+00
6.180035801330957534e-01 1.274981703692745327e+00
6.240152383257209223e-01 1.267068333035329619e+00
6.300853751993553686e-01 1.259094937848397766e+00
6.362145596080520660e-01 1.251053079760373832e+00
6.424033659394193796e-01 1.242937512777563702e+00
6.486523741684461219e-01 1.234792947449538714e+00
6.549621699118558515e-01 1.226570560180936464e+00
6.613333444829840868e-01 1.218288288759367788e+00
6.677664949471955325e-01 1.209948096261400208e+00
6.742622241778342129e-01 1.201552104387597186e+00
6.808211409127237213e-01 1.193099669268165020e+00
6.874438598112112553e-01 1.184589347829225758e+00
6.941310015117725385e-01 1.176029285643621192e+00
7.008831926901714082e-01 1.167413570763216502e+00
7.077010661181889484e-01 1.158749006579371299e+00
7.145852607229240538e-01 1.150030762682874075e+00
7.215364216466665370e-01 1.141264443972643372e+00
7.285552003073593186e-01 1.132451891814052258e+00
7.356422544596413760e-01 1.123594819316592330e+00
7.427982482564918776e-01 1.114687563396349113e+00
7.500238523114668432e-01 1.105709510123604966e+00
7.573197437615483141e-01 1.096755351689154168e+00
7.646866063305975958e-01 1.087724897361268983e+00
7.721251303934327792e-01 1.078657979567458236e+00
7.796360130405233235e-01 1.069549411261269345e+00
7.872199581433195759e-01 1.060409592968443615e+00
7.948776764202123424e-01 1.051236181747011056e+00
8.026098855031396084e-01 1.042029196266134772e+00
8.104173100048355227e-01 1.032789050952865217e+00
8.183006815867394090e-01 1.023523190080624978e+00
8.262607390275591435e-01 1.014219006018946656e+00
8.342982282925082149e-01 1.004910554813797097e+00
8.424139026032094746e-01 9.955667658571155654e-01
8.506085225082840040e-01 9.862009863383890407e-01
8.588828559546254349e-01 9.768184437605221815e-01
8.672376783593644944e-01 9.674136491767552082e-01
8.756737726825394308e-01 9.579963734395833264e-01
8.841919295004664336e-01 9.485614952259637800e-01
8.927929470798307010e-01 9.391155721737941553e-01
9.014776314524917122e-01 9.296576278945417604e-01
9.102467964910225806e-01 9.201960208677917308e-01
9.191012639849772681e-01 9.107175842163790502e-01
9.280418637179072006e-01 9.012455970835575592e-01
9.370694335451198453e-01 8.917684191730061993e-01
9.461848194722002336e-01 8.822855694884769173e-01
9.553888757342895444e-01 8.728094193072755136e-01
9.646824648761427312e-01 8.633324632364839379e-01
9.740664578329562007e-01 8.538631091315685984e-01
9.835417340119908536e-01 8.443994510642480744e-01
9.931091813749796104e-01 8.349439744820725817e-01
1.002769696521346621e+00 8.255027756705977104e-01
1.012524184772224167e+00 8.160692900978961939e-01
1.022373560255302127e+00 8.066549905996081016e-01
1.032318745990486564e+00 7.972590831969652569e-01
1.042360673976402197e+00 7.878570004283111938e-01
1.052500285277732761e+00 7.785182410495471439e-01
1.062738530113414459e+00 7.691819440006155695e-01
1.073076367945679621e+00 7.598675453306152905e-01
1.083514767569973225e+00 7.505867463785153015e-01
1.094054707205742494e+00 7.413276094488069345e-01
1.104697174588111785e+00 7.320984926424708439e-01
1.115443167060441221e+00 7.229049164453112963e-01
1.126293691667795249e+00 7.137430996980066444e-01
1.137249765251314271e+00 7.046163878905810085e-01
1.148312414543511073e+00 6.955282519741325942e-01
1.159482676264482759e+00 6.864795110530487188e-01
1.170761597219069250e+00 6.774683713191611556e-01
1.182150234394952371e+00 6.685018845723825764e-01
1.193649655061713055e+00 6.595783960476747643e-01
1.205260936870842681e+00 6.507039520417736700e-01
1.216985167956738056e+00 6.418726632320030934e-01
1.228823447038673411e+00 6.330891337914061889e-01
1.240776883523764251e+00 6.243568990033134813e-01
1.252846597610937529e+00 6.156807015760483726e-01
1.265033720395903893e+00 6.070530781934934117e-01
1.277339393977160009e+00 5.984803687490699575e-01
1.289764771563017165e+00 5.899641744263320886e-01
1.302311017579677488e+00 5.815033765002962651e-01
1.314979307780347773e+00 5.731042051160929462e-01
1.327770829355430449e+00 5.647630439399549118e-01
1.340686781043774811e+00 5.564837091480774323e-01
1.353728373245021821e+00 5.482653901076203207e-01
1.366896828133026487e+00 5.401082879310196150e-01
1.380193379770397355e+00 5.320191876253917984e-01
1.393619274224142002e+00 5.239941009566698726e-01
1.407175769682446731e+00 5.160357265454891262e-01
1.420864136572576708e+00 5.081420582651265949e-01
1.434685657679937831e+00 5.003178775399407252e-01
1.448641628268290127e+00 4.925637739560043138e-01
1.462733356201129986e+00 4.848795699763023270e-01
1.476962162064259898e+00 4.772652912307267514e-01
1.491329379289537682e+00 4.695935979708106833e-01
1.505836354279841416e+00 4.622517559408314547e-01
1.520484446535244283e+00 4.548522306683439043e-01
1.535275028780422657e+00 4.475287693528436361e-01
1.550209487093291205e+00 4.402773822061260556e-01
1.565289221034902312e+00 4.331023284225172798e-01
1.580515643780601165e+00 4.259991325992866784e-01
1.595890182252465817e+00 4.189741085345336513e-01
1.611414277253019778e+00 4.120221157406625534e-01
1.627089383600260675e+00 4.051498603236148299e-01
1.642916970263993193e+00 3.983513880924847705e-01
1.658898520503498064e+00 3.916308582509027136e-01
1.675035532006524441e+00 3.849859210634886675e-01
1.691329517029648732e+00 3.784197353867874702e-01
1.707782002539993016e+00 3.719301179477529362e-01
1.724394530358320354e+00 3.655177168487620532e-01
1.741168657303530987e+00 3.591840785364859845e-01
1.758105955338547632e+00 3.529264128651770638e-01
1.775208011717636092e+00 3.467472162881986564e-01
1.792476429135148930e+00 3.406476152944385993e-01
1.809912825875727105e+00 3.346240644587345492e-01
1.827518835965944666e+00 3.286758383850149068e-01
1.845296109327445366e+00 3.228092771207934919e-01
1.863246311931559873e+00 3.170174145326510873e-01
1.881371125955437096e+00 3.113045504697041777e-01
1.899672249939675650e+00 3.056669498337407087e-01
1.918151398947507635e+00 3.001055088931620096e-01
1.936810304725519849e+00 2.946231748509849369e-01
1.955650715865949074e+00 2.892143178985976948e-01
1.974674397970537454e+00 2.838838998949425596e-01
1.993883133816001019e+00 2.786277926409639893e-01
2.013278723521096492e+00 2.734455333253905107e-01
2.032862984715323673e+00 2.683412396740569861e-01
2.052637752709252084e+00 2.633100114071838527e-01
2.072604880666519822e+00 2.583516668684864848e-01
2.092766239777499759e+00 2.534679403643676499e-01
2.113123719434652603e+00 2.486573557910111698e-01
2.133679227409597701e+00 2.439199123364413913e-01
2.154434690031884259e+00 2.392539445194737935e-01
2.175392052369522489e+00 2.346591505320676785e-01
2.196553278411258248e+00 2.301355245692893736e-01
2.217920351250634692e+00 2.256833236524404540e-01
2.239495273271823184e+00 2.212969233448008610e-01
2.261280066337279404e+00 2.169868903001966332e-01
2.283276771977218012e+00 2.127433590899180937e-01
2.305487451580938707e+00 2.085672689764998256e-01
2.327914186589993051e+00 2.044571116852899328e-01
2.350559078693253756e+00 2.004150201395635822e-01
2.373424250023866033e+00 1.963947722500821724e-01
2.396511843358130278e+00 1.925294002016729455e-01
2.419824022316292567e+00 1.886863685783795874e-01
2.443362971565319341e+00 1.849041449224463063e-01
2.467130897023623426e+00 1.811892527012319842e-01
2.491130026067788439e+00 1.775358440902951862e-01
2.515362607741312928e+00 1.739444680055752257e-01
2.539830912965362675e+00 1.704137860405858795e-01
2.564537234751594674e+00 1.669440095123519430e-01
2.589483888417040802e+00 1.635355522561679764e-01
2.614673211801092023e+00 1.601869502987736116e-01
2.640107565484572927e+00 1.568963308179858185e-01
2.665789333010967876e+00 1.536633054759809214e-01
2.691720921109787668e+00 1.504872636027732580e-01
2.717904759922122881e+00 1.473687459011085998e-01
2.744343303228365283e+00 1.443066005051867884e-01
2.771039028678170535e+00 1.412990806326591131e-01
2.797994438022641805e+00 1.383453720083313299e-01
2.825212057348790218e+00 1.354431277741703632e-01
2.852694437316245057e+00 1.325989073218136194e-01
2.880444153396297668e+00 1.298049901178024435e-01
2.908463806113254169e+00 1.270623570796674540e-01
2.936756021288137397e+00 1.243703465062998975e-01
2.965323450284773621e+00 1.217283668135658581e-01
2.994168770258243573e+00 1.191356913990417599e-01
3.023294684405779531e+00 1.165921284596241614e-01
3.052703922220086241e+00 1.140963856796109455e-01
3.082399239745143404e+00 1.116481309313920450e-01
3.112383419834465759e+00 1.092456586969963034e-01
3.142659272411905569e+00 1.068895804851574677e-01
3.173229634734976212e+00 1.045784846712283361e-01
3.204097371660752813e+00 1.023119046524857689e-01
3.235265375914330388e+00 1.000893729526304010e-01
3.266736568359921655e+00 9.790974150105470619e-02
3.298513898274578082e+00 9.577229862007979877e-02
3.330600343624588788e+00 9.367689264196943366e-02
3.362998911344535991e+00 9.162338235878550452e-02
3.395712637619100693e+00 8.960466459991743571e-02
3.428744588167585317e+00 8.763443457242785228e-02
3.462097858531227423e+00 8.569913905487623607e-02
3.495775574363275240e+00 8.380251489857157288e-02
3.529780891721914671e+00 8.194362271004056175e-02
3.564116997366032269e+00 8.012242692985382941e-02
3.598787109053855460e+00 7.833674633246082153e-02
3.633794475844513094e+00 7.658801076437815603e-02
3.669142378402494131e+00 7.487415769567522250e-02
3.704834129305105694e+00 7.319525274642732504e-02
3.740873073352900313e+00 7.154925159577635307e-02
3.777262587883141176e+00 6.993896546278194348e-02
3.814006083086284082e+00 6.836084016591142953e-02
3.851107002325572903e+00 6.681446320513538539e-02
3.888568822459721019e+00 6.530082161845378319e-02
3.926395054168756449e+00 6.381759097320158225e-02
3.964589242282997805e+00 6.236536895249136098e-02
4.003154966115265445e+00 6.094335320670424272e-02
4.042095839796306045e+00 5.955102134583722950e-02
4.081415512613501662e+00 5.818718127392211170e-02
4.121117669352832635e+00 5.685232910645915405e-02
4.161206030644208020e+00 5.554539294280407685e-02
4.201684353310133346e+00 5.426618702579211195e-02
4.242556430717777438e+00 5.301397917268523691e-02
4.283826093134470270e+00 5.178776408425957850e-02
4.325497208086633627e+00 5.058672781562287973e-02
4.367573680722233398e+00 4.941363057777666684e-02
4.410059454176736615e+00 4.826417520028417757e-02
4.452958509942654963e+00 4.713921580898719488e-02
4.496274868242640110e+00 4.603877195539626821e-02
4.540012588406244554e+00 4.496136212614468275e-02
4.584175769250333765e+00 4.390726645406971274e-02
4.628768549463215365e+00 4.287632839638184923e-02
4.673795107992464004e+00 4.186759834417298765e-02
4.719259664436561863e+00 4.088027861214617309e-02
4.765166479440326341e+00 3.991474536131781048e-02
4.811519855094205766e+00 3.897019482905784288e-02
4.858324135337417360e+00 3.804623914228509596e-02
4.905583706365050922e+00 3.714272200556702902e-02
4.953302997039108924e+00 3.625857950785610351e-02
5.001486479303548727e+00 3.539396264752685262e-02
5.050138668603383785e+00 3.454854259244628106e-02
5.099264124307808288e+00 3.372171377391391250e-02
5.148867450137498025e+00 3.291318004791320834e-02
5.198953294596024399e+00 3.212265893510415915e-02
5.249526351405507718e+00 3.134949919362416820e-02
5.300591359946452030e+00 3.059774989528933273e-02
5.352153105701904501e+00 2.985472574606591947e-02
5.404216420705915347e+00 2.912433821576803847e-02
5.456786183996381823e+00 2.842640286412345327e-02
5.509867322072253160e+00 2.772697275476729284e-02
5.563464809355226137e+00 2.706057749509883231e-02
5.617583668655908191e+00 2.640098363011643412e-02
5.672228971644543094e+00 2.575624732305492604e-02
5.727405839326266346e+00 2.512601469410889049e-02
5.783119442521027054e+00 2.451092312984963148e-02
5.839375002348160315e+00 2.390816549916807005e-02
5.896177790715694478e+00 2.332001251293018898e-02
5.953533130814370189e+00 2.274580263519023274e-02
6.011446397616513337e+00 2.217629624832593779e-02
6.069923018379741464e+00 2.163500975316372255e-02
6.128968473155564034e+00 2.109855894809776686e-02
6.188588295302960063e+00 2.057083968662692594e-02
6.248788072006894012e+00 2.006305313866638129e-02
6.309573444801936049e+00 1.956297093873114734e-02
6.370950110100935149e+00 1.907460813370666711e-02
6.432923819728876502e+00 1.859767342277790850e-02
6.495500381461869033e+00 1.813143886550798098e-02
6.558685659571435345e+00 1.767624942705817159e-02
6.622485575374063238e+00 1.723168646274473442e-02
6.686906107786136921e+00 1.679745048385077391e-02
6.751953293884205287e+00 1.637347637703499836e-02
6.817633229470763112e+00 1.595936323439179488e-02
6.883952069645496330e+00 1.555499855829396358e-02
6.950916029382126382e+00 1.516013608662780503e-02
7.018531384110795912e+00 1.477464369898834340e-02
7.086804470306189430e+00 1.439813475840225759e-02
7.155741686081340980e+00 1.403060798571308804e-02
7.225349491787214085e+00 1.367175979250257085e-02
7.295634410618154320e+00 1.332142502232856046e-02
7.366603029223159460e+00 1.297947247124367487e-02
7.438261998323163482e+00 1.264545321863023465e-02
7.510618033334286459e+00 1.231980821393507085e-02
7.583677914997190683e+00 1.200136919758626290e-02
7.657448490012479958e+00 1.169124890280300900e-02
7.731936671682362316e+00 1.138808569667814144e-02
7.807149440558499798e+00 1.109266313791765907e-02
7.883093845096216690e+00 1.080385810854330754e-02
7.959777002314985417e+00 1.052251732764370590e-02
8.037206098465421888e+00 1.024774608969717359e-02
8.115388389702712146e+00 9.979625330393667934e-03
8.194331202766655053e+00 9.717585713740312450e-03
8.274041935668218883e+00 9.462912266677499934e-03
8.354528058382872047e+00 9.213744988340894643e-03
8.435797113550611570e+00 8.970543957739419982e-03
8.517856717182803905e+00 8.733804641981018219e-03
8.600714559375941093e+00 8.502609048673217748e-03
8.684378405032257220e+00 8.276922424837128076e-03
8.768856094587436090e+00 8.057100972618167628e-03
8.854155544745349715e+00 7.842525505933129956e-03
8.940284749219998162e+00 7.633390366325278585e-03
9.027251779484577909e+00 7.429132940325758848e-03
9.115064785527916769e+00 7.230314357202369951e-03
9.203731996618220279e+00 7.036175594062663192e-03
9.293261722074316111e+00 6.846953323115582274e-03
9.383662352044273902e+00 6.662400621030279031e-03
9.474942358291729150e+00 6.482491501386447065e-03
9.567110294989774388e+00 6.307428118878432612e-03
9.660174799522645017e+00 6.136024680244342965e-03
9.754144593295098531e+00 5.968654782859391349e-03
9.849028482549766039e+00 5.806763184993396845e-03
9.944835359192397917e+00 5.648358698820583022e-03
1.004157420162519543e+01 5.493917384867272671e-03
1.013925407558815373e+01 5.343388018935177342e-03
1.023788413500867378e+01 5.196678605237751991e-03
1.033747362285940774e+01 5.053620810819369966e-03
1.043803187202444072e+01 4.914344680954843905e-03
1.053956830617394580e+01 4.778458025219350230e-03
1.064209244064724658e+01 4.646234869443083455e-03
1.074561388334458023e+01 4.517293158229926039e-03
1.085014233562746178e+01 4.391675585125992196e-03
1.095568759322787855e+01 4.269265605196834006e-03
1.106225954716621906e+01 4.150018793136763841e-03
1.116986818467823817e+01 4.034110560716069535e-03
1.127852359015096795e+01 3.920664457726113876e-03
1.138823594606782130e+01 3.810501157087407744e-03
1.149901553396274245e+01 3.703045340077441763e-03
1.161087273538378994e+01 3.598451848562236009e-03
1.172381803286598512e+01 3.495746428725423748e-03
1.183786201091373513e+01 3.397402001554556718e-03
1.195301535699265827e+01 3.300790713783834616e-03
1.206928886253119870e+01 3.206806680594920245e-03
1.218669342393191712e+01 3.115117119248283703e-03
1.230524004359261525e+01 3.025454466873160695e-03
1.242493983093746479e+01 2.939072000260149146e-03
1.254580400345803248e+01 2.854531201149038393e-03
1.266784388776455827e+01 2.772225805285026719e-03
1.279107092064739781e+01 2.692096791196566322e-03
1.291549665014884063e+01 2.614125232670949477e-03
1.304113273664525430e+01 2.538190434959174645e-03
1.316799095393986185e+01 2.464341105678294775e-03
1.329608319036608854e+01 2.392261102743421970e-03
1.342542144990170527e+01 2.322409106410569263e-03
1.355601785329368880e+01 2.254300603086047128e-03
1.368788463919415221e+01 2.188024370299559464e-03
1.382103416530724438e+01 2.123557940229912466e-03
1.395547890954729020e+01 2.060814612032747621e-03
1.409123147120805619e+01 1.999788135862403532e-03
1.422830457214353395e+01 1.940420219394513399e-03
1.436671105796013137e+01 1.882638492506372770e-03
1.450646389922046886e+01 1.826459308963684610e-03
1.464757619265895272e+01 1.772035386028253130e-03
1.479006116240903168e+01 1.718661289999765104e-03
1.493393216124253264e+01 1.666968208067008727e-03
1.507920267182097263e+01 1.616577770036706175e-03
1.522588630795911513e+01 1.567810760041716839e-03
1.537399681590069456e+01 1.520282737358281825e-03
1.552354807560667105e+01 1.474069812617922765e-03
1.567455410205595001e+01 1.429143024171893777e-03
1.582702904655883280e+01 1.385461413675213383e-03
1.598098719808309376e+01 1.343006839972157689e-03
1.613644298459311699e+01 1.301693881900274630e-03
1.629341097440194730e+01 1.261608660544334074e-03
1.645190587753662470e+01 1.222622498255141171e-03
1.661194254711659113e+01 1.184743944853311297e-03
1.677353598074571295e+01 1.147916028893419902e-03
1.693670132191772026e+01 1.112144504963327469e-03
1.710145386143542012e+01 1.077383539933410381e-03
1.726780903884355922e+01 1.043610364837411954e-03
1.743578244387577669e+01 1.010802012560206228e-03
1.760538981791556523e+01 9.789320780085335096e-04
1.777664705547142532e+01 9.479666499698633690e-04
1.794957020566648254e+01 9.179052262829845389e-04
1.812417547374237614e+01 8.887019562275535068e-04
1.830047922257800863e+01 8.603354519754702291e-04
1.847849797422290763e+01 8.328044766279780022e-04
1.865824841144566193e+01 8.060661746197139016e-04
1.883974737929719367e+01 7.801144533193787173e-04
1.902301188668945642e+01 7.549023001126681188e-04
1.920805910798935301e+01 7.304350120044977466e-04
1.939490638462828542e+01 7.066881869789091563e-04
1.958357122672716955e+01 6.836388496958696300e-04
1.977407131473744428e+01 6.612666846868305416e-04
1.996642450109793288e+01 6.395613041710092057e-04
2.016064881190793656e+01 6.184977834526111332e-04
2.035676244861640072e+01 5.980584779098425041e-04
2.055478378972772546e+01 5.782294447995467868e-04
2.075473139252405730e+01 5.589937552402203308e-04
2.095662399480432825e+01 5.403357470493082336e-04
2.116048051664034446e+01 5.222404126384590879e-04
2.136632006214970403e+01 5.046864835158023331e-04
2.157416192128621546e+01 4.876584443730419159e-04
2.178402557164756459e+01 4.711583388511450640e-04
2.199593068030074861e+01 4.551563155309355986e-04
2.220989710562497521e+01 4.396433758839266102e-04
2.242594489917278011e+01 4.246029131481095340e-04
2.264409430754907504e+01 4.100248855834556241e-04
2.286436577430861306e+01 3.958954404391058172e-04
2.308677994187169702e+01 3.822038055628480487e-04
2.331135765345874944e+01 3.689382259295053801e-04
2.353811995504354471e+01 3.560801037549060806e-04
2.376708809732560823e+01 3.436254448922880121e-04
2.399828353772154799e+01 3.315591423674827537e-04
2.423172794237600769e+01 3.198731576719034521e-04
2.446744318819203201e+01 3.085525335449457152e-04
2.470545136488123816e+01 2.975924557583151000e-04
2.494577477703398571e+01 2.869818735950599616e-04
2.518843594620949489e+01 2.766886668630623609e-04
2.543345761304651020e+01 2.667520074234878600e-04
2.568086273939435316e+01 2.571235766880890987e-04
2.593067451046487548e+01 2.478005365048315607e-04
2.618291633700505372e+01 2.387807656237438071e-04
2.643761185749101372e+01 2.300524365596235874e-04
2.669478494034320804e+01 2.215955798346373848e-04
2.695445968616333587e+01 2.134367224908130880e-04
2.721666042999271795e+01 2.055333453403763435e-04
2.748141174359293259e+01 1.978972684322697858e-04
2.774873843774846804e+01 1.904981120018240932e-04
2.801866556459195223e+01 1.833515205168731476e-04
2.829121841995168651e+01 1.764405773766724716e-04
2.856642254572233952e+01 1.697614482141870549e-04
2.884430373225852051e+01 1.633057728725843003e-04
2.912488802079168337e+01 1.570625256599370142e-04
2.940820170587063842e+01 1.510311977721917826e-04
2.969427133782552986e+01 1.452070107403723577e-04
2.998312372525609959e+01 1.395801730904486736e-04
3.027478593754393543e+01 1.341462944008286931e-04
3.056928530738937155e+01 1.288906872245541401e-04
3.086664943337274636e+01 1.238170475342174719e-04
3.116690618254088463e+01 1.189273002741612299e-04
3.147008369301855879e+01 1.142036497917883330e-04
3.177621037664554038e+01 1.096417793557656899e-04
3.208531492163897525e+01 1.052434973960531732e-04
3.239742629528198847e+01 1.009973204227063078e-04
3.271257374663825601e+01 9.689990903137551828e-05
3.303078680929315425e+01 9.294837470144273034e-05
3.335209530412127066e+01 8.914064958084334225e-05
3.367652934208116022e+01 8.546435299260225066e-05
3.400411932703705986e+01 8.192669872308281189e-05
3.433489595860830690e+01 7.851463611076628900e-05
3.466889023504609213e+01 7.521672406347907497e-05
3.500613345613854221e+01 7.205484205231502647e-05
3.534665722614391115e+01 6.899197665155681869e-05
3.569049345675229290e+01 6.604944906934883601e-05
3.603767437007633134e+01 6.321534184008142563e-05
3.638823250167062184e+01 6.048681142952862038e-05
3.674220070358090595e+01 5.786267970331769383e-05
3.709961214742267543e+01 5.533500514110525182e-05
3.746050032748993175e+01 5.290231699223171499e-05
3.782489906389385936e+01 5.056307180434467996e-05
3.819284250573236505e+01 4.831669949336821960e-05
3.856436513429023449e+01 4.615114809366277282e-05
3.893950176627063087e+01 4.406715103730557713e-05
3.931828755705770106e+01 4.206865792123654519e-05
3.970075800401124155e+01 4.014579955947772491e-05
4.008694894979318946e+01 3.830200292454403002e-05
4.047689658572676308e+01 3.652651588400884010e-05
4.087063745518780422e+01 3.482475211272780099e-05
4.126820845702955864e+01 3.318749710025179617e-05
4.166964684904057492e+01 3.161821713472986165e-05
4.207499025143619065e+01 3.011165833218404172e-05
4.248427665038425260e+01 2.866844264542696584e-05
4.289754440156466586e+01 2.728524731196000456e-05
4.331483223376402947e+01 2.595630469013479667e-05
4.373617925250492533e+01 2.468233170760434522e-05
4.416162494371084790e+01 2.346343928391318197e-05
4.459120917740628443e+01 2.229331764433430921e-05
4.502497221145327444e+01 2.117494749759463930e-05
4.546295469532399380e+01 2.010290643596743783e-05
4.590519767391037220e+01 1.907829024133066346e-05
4.635174259137027519e+01 1.809597936251944585e-05
4.680263129501155817e+01 1.715799906227664866e-05
4.725790603921362276e+01 1.625912469521482810e-05
4.771760948938745628e+01 1.540404347240346589e-05
4.818178472597362827e+01 1.458213215773323511e-05
4.865047524847972937e+01 1.379894898656243555e-05
4.912372497955678341e+01 1.305212393847427000e-05
4.960157826911540724e+01 1.233763675739202344e-05
5.008407989848212338e+01 1.165596232077983315e-05
5.057127508459573306e+01 1.100899014640408851e-05
5.106320948424492911e+01 1.038835222899214267e-05
5.155992919834686461e+01 9.799080262473883269e-06
5.206148077626762216e+01 9.242979619761068559e-06
5.256791122018424289e+01 8.706384306302204217e-06
5.307926798948964375e+01 8.196962722138385405e-06
5.359559900524011766e+01 7.711503379262580493e-06
5.411695265464637572e+01 7.250953516705100775e-06
5.464337779560780461e+01 6.813684538348846398e-06
5.517492376129128928e+01 6.398388986012810609e-06
5.571164036475430237e+01 6.004378558645041841e-06
5.625357790361330501e+01 5.630581448855690864e-06
5.680078716475694733e+01 5.276020276660353066e-06
5.735331942910571712e+01 4.940323575797600549e-06
5.791122647641758192e+01 4.621483766660342132e-06
5.847456059014062646e+01 4.319659250261918365e-06
5.904337456231242243e+01 4.034753677078250907e-06
5.961772169850755887e+01 3.765082856160025514e-06
6.019765582283304184e+01 3.510661494652754490e-06
6.078323128297230227e+01 3.269557556214347813e-06
6.137450295527852973e+01 3.042683840506758146e-06
6.197152624991698389e+01 2.828482848678723412e-06
6.257435711605789663e+01 2.626802359824535511e-06
6.318305204711957401e+01 2.436988484253086105e-06
6.379766808606282069e+01 2.258152508656506359e-06
6.441826283073628190e+01 2.090235605812455157e-06
6.504489443927437264e+01 1.932633569050062233e-06
6.567762163554736787e+01 1.784506536729462038e-06
6.631650371466487570e+01 1.645814222224638968e-06
6.696160054853221766e+01 1.516488006614556406e-06
6.761297259146149941e+01 1.394625252487786234e-06
6.827068088583682481e+01 1.281107379020448100e-06
6.893478706783510290e+01 1.174961784131326152e-06
6.960535337320180815e+01 1.076118499403369198e-06
7.028244264308352740e+01 9.839918280046834824e-07
7.096611832991698066e+01 8.978744177965926258e-07
7.165644450337531168e+01 8.182228056157540831e-07
7.235348585637258623e+01 7.444367836450810668e-07
7.305730771112592947e+01 6.759900947532231256e-07
7.376797602527737752e+01 6.124882574132867815e-07
7.448555739807494547e+01 5.538508756932152554e-07
7.521011907661404905e+01 4.997926489758070231e-07
7.594172896213913759e+01 4.500366326015398071e-07
7.668045561640717267e+01 4.041513323225505602e-07
7.742636826811269657e+01 3.621598564054809870e-07
7.817953681937576960e+01 3.235698144101509739e-07
7.894003185229233566e+01 2.883198543571234141e-07
7.970792463554894880e+01 2.561825368167116520e-07
8.048328713110151966e+01 2.269162848944200100e-07
8.126619200091946027e+01 2.003483001126036515e-07
8.205671261379453085e+01 1.762628726123864578e-07
8.285492305221690401e+01 1.545270985583173759e-07
8.366089811931756515e+01 1.339598654353834612e-07
8.447471334587828551e+01 1.164877803206795269e-07
8.529644499741024788e+01 1.008400552813614448e-07
8.612617008130067120e+01 8.662061240299600259e-08
8.696396635402970787e+01 7.424972337964384049e-08
8.780991232845718741e+01 6.302977747409314276e-08
8.866408728118061333e+01 5.341213766089369451e-08
8.952657125996400111e+01 4.470725448553341309e-08
9.039744509123974581e+01 3.737680239356705045e-08
9.127679038768296493e+01 3.075962240316286492e-08
9.216468955586012157e+01 2.531304367537644000e-08
9.306122580395103228e+01 2.063889626347286427e-08
9.396648314954700254e+01 1.665821022293835053e-08
9.488054642752423717e+01 1.329267407246102393e-08
9.580350129799435877e+01 1.047853546021700145e-08
9.673543425433136633e+01 8.146661142551725405e-09
9.767643263127766318e+01 6.233283346781383615e-09
9.862658461312820180e+01 4.682189739843877538e-09
9.958597924199507645e+01 3.445756538777087697e-09
1.005547064261513555e+02 2.475324455235695378e-09
1.015328569484565975e+02 1.728844016733970531e-09
1.025205224748657002e+02 1.166724423601843332e-09
1.035177955630176285e+02 7.564319351198629988e-10
1.045247696709102172e+02 4.658909724068660503e-10
1.055415391656582784e+02 2.692318032393669383e-10
1.065681993323370733e+02 1.430083127302195227e-10
1.076048463829117878e+02 6.769266220906319151e-11
1.086515774652539505e+02 2.714477804476672539e-11
1.097084906722451905e+02 8.371161295135870218e-12
1.107756850509708642e+02 1.590003137767467603e-12
1.118532606120007102e+02 0.000000000000000000e+00
