1.000000000000000021e-02 1.713796520417504965e+00
1.009727545900835841e-02 1.713792130274050196e+00
1.019549716950923779e-02 1.713787752946709597e+00
1.029467433620748044e-02 1.713783300139966714e+00
1.039481625334708927e-02 1.713778729407185342e+00
1.049593230558227772e-02 1.713774074857423946e+00
1.059803196885688789e-02 1.713769095517954755e+00
1.070112481129246833e-02 1.713764262399969374e+00
1.080522049408488318e-02 1.713759314385185029e+00
1.091032877240974419e-02 1.713754282423443964e+00
1.101645949633656314e-02 1.713749155952683179e+00
1.112362261175187626e-02 1.713743962084057326e+00
1.123182816129126085e-02 1.713738933046776269e+00
1.134108628528052165e-02 1.713733601916017646e+00
1.145140722268592030e-02 1.713728029849422629e+00
1.156280131207376022e-02 1.713722526026755677e+00
1.167527899257919492e-02 1.713717055004664758e+00
1.178885080488457221e-02 1.713711296169557530e+00
1.190352739220719262e-02 1.713705500408611471e+00
1.201931950129673729e-02 1.713703418594283212e+00
1.213623798344241195e-02 1.713693578076227908e+00
1.225429379548980714e-02 1.713687548440511632e+00
1.237349800086776086e-02 1.713681385215106268e+00
1.249386177062509519e-02 1.713675065651149465e+00
1.261539638447754796e-02 1.713668594849468096e+00
1.273811323186478488e-02 1.713662000666990259e+00
1.286202381301779218e-02 1.713655326118998401e+00
1.298713974003655978e-02 1.713648587517330180e+00
1.311347273797833224e-02 1.713641702861255833e+00
1.324103464595636874e-02 1.713634653367136496e+00
1.336983741824946531e-02 1.713627469332437148e+00
1.349989312542219239e-02 1.713620437122011397e+00
1.363121395545611320e-02 1.713612669012912093e+00
1.376381221489191876e-02 1.713604575328230295e+00
1.389770032998276401e-02 1.713596923226441193e+00
1.403289084785873213e-02 1.713588715012582808e+00
1.416939643770268736e-02 1.713580582689124832e+00
1.430722989193757184e-02 1.713572039046284079e+00
1.444640412742520530e-02 1.713563326417004706e+00
1.458693218667675602e-02 1.713554454991927489e+00
1.472882723907502529e-02 1.713546686655427642e+00
1.487210258210860774e-02 1.713536345752717516e+00
1.501677164261799868e-02 1.713527008421876552e+00
1.516284797805393485e-02 1.713517462234719346e+00
1.531034527774784160e-02 1.713507646261998918e+00
1.545927736419477720e-02 1.713497788699827273e+00
1.560965819434872483e-02 1.713487570529907300e+00
1.576150186093060873e-02 1.713477221856137822e+00
1.591482259374891323e-02 1.713466677246015202e+00
1.606963476103326349e-02 1.713456048717359792e+00
1.622595287078087284e-02 1.713445862405872155e+00
1.638379157211618947e-02 1.713434796981550878e+00
1.654316565666366645e-02 1.713423505241073785e+00
1.670409005993399310e-02 1.713411924192689506e+00
1.686657986272368723e-02 1.713400454819026697e+00
1.703065029252844378e-02 1.713387984233368577e+00
1.719631672497009753e-02 1.713374668421572489e+00
1.736359468523754335e-02 1.713362096404783319e+00
1.753249984954170088e-02 1.713349262069761680e+00
1.770304804658450262e-02 1.713336247047623662e+00
1.787525525904235316e-02 1.713323001725700401e+00
1.804913762506383731e-02 1.713309683498987823e+00
1.822471143978214581e-02 1.713296503772932633e+00
1.840199315684210371e-02 1.713282585387852608e+00
1.858099938994215231e-02 1.713268434746187951e+00
1.876174691439120440e-02 1.713253960021952071e+00
1.894425266868081034e-02 1.713239196681837218e+00
1.912853375607242307e-02 1.713224051342893572e+00
1.931460744620030340e-02 1.713208823760640431e+00
1.950249117668984011e-02 1.713193134321251865e+00
1.969220255479172538e-02 1.713177101937986002e+00
1.988375935903200636e-02 1.713160802766211965e+00
2.007717954087816226e-02 1.713144163427566369e+00
2.027248122642137662e-02 1.713126963916629997e+00
2.046968271807520987e-02 1.713109525200439576e+00
2.066880249629082095e-02 1.713091817723249921e+00
2.086985922128879734e-02 1.713073782635458064e+00
2.107287173480786382e-02 1.713055624732653826e+00
2.127785906187062287e-02 1.713036884626545797e+00
2.148484041256648255e-02 1.713015037181497613e+00
2.169383518385184506e-02 1.712998381808118253e+00
2.190486296136792688e-02 1.712977613235813656e+00
2.211794352127614133e-02 1.712957304405084757e+00
2.233309683211144592e-02 1.712936571839562827e+00
2.255034305665360936e-02 1.712915439193426481e+00
2.276970255381680075e-02 1.712893931868910702e+00
2.299119588055741764e-02 1.712871983270386700e+00
2.321484379380064564e-02 1.712849390475340572e+00
2.344066725238556220e-02 1.712825668258178391e+00
2.366868741902936057e-02 1.712802700058629890e+00
2.389892566231050300e-02 1.712779263603640745e+00
2.413140355867127856e-02 1.712755091721555489e+00
2.436614289443983158e-02 1.712730502966641533e+00
2.460316566787181664e-02 1.712705480095980004e+00
2.484249409121190577e-02 1.712679902788152964e+00
2.508415059277539771e-02 1.712655644361344098e+00
2.532815781905008515e-02 1.712629290161863826e+00
2.557453863681850847e-02 1.712602601772977629e+00
2.582331613530085626e-02 1.712575096943711905e+00
2.607451362831877603e-02 1.712547163915802528e+00
2.632815465648021339e-02 1.712518738073978142e+00
2.658426298938541474e-02 1.712489562418905598e+00
2.684286262785454819e-02 1.712459725610559147e+00
2.710397780617682106e-02 1.712429131623556255e+00
2.736763299438163891e-02 1.712397879893237995e+00
2.763385290053169824e-02 1.712366058505435218e+00
2.790266247303856487e-02 1.712333623419735495e+00
2.817408690300057458e-02 1.712300640597790968e+00
2.844815162656363222e-02 1.712266877764896611e+00
2.872488232730495070e-02 1.712232583590098667e+00
2.900430493863991738e-02 1.712197508593859441e+00
2.928644564625237229e-02 1.712161676596960946e+00
2.957133089054861039e-02 1.712125043887180675e+00
2.985898736913520854e-02 1.712087596899595221e+00
3.014944203932094433e-02 1.712049422406441535e+00
3.044272212064302874e-02 1.712010547638101343e+00
3.073885509741795460e-02 1.711970800300886442e+00
3.103786872131722788e-02 1.711930453631559379e+00
3.133979101396793671e-02 1.711889386327976048e+00
3.164465026957891114e-02 1.711847426936702554e+00
3.195247505759213347e-02 1.711805296845659630e+00
3.226329422536015901e-02 1.711764863472034159e+00
3.257713690084949876e-02 1.711720960519141688e+00
3.289403249537032475e-02 1.711676117780776885e+00
3.321401070633261954e-02 1.711627859928837259e+00
3.353710152002930406e-02 1.711582420705423990e+00
3.386333521444636480e-02 1.711535016039892998e+00
3.419274236210027851e-02 1.711486894842366935e+00
3.452535383290306070e-02 1.711436897786810407e+00
3.486120079705520153e-02 1.711386351835346042e+00
3.520031472796678745e-02 1.711334897897810459e+00
3.554272740520694751e-02 1.711282371161899629e+00
3.588847091748199186e-02 1.711228710274485199e+00
3.623757766564258964e-02 1.711172610197780664e+00
3.659008036572020811e-02 1.711118243319759591e+00
3.694601205199302130e-02 1.711061523397673811e+00
3.730540608008161424e-02 1.711003760120617390e+00
3.766829613007490613e-02 1.710945164007032115e+00
3.803471620968648659e-02 1.710886537538958363e+00
3.840470065744145539e-02 1.710825369655562644e+00
3.877828414589457040e-02 1.710761829745980345e+00
3.915550168487941241e-02 1.710698464824145892e+00
3.953638862478930927e-02 1.710634010957345241e+00
3.992098065989020672e-02 1.710568548043802650e+00
4.030931383166566628e-02 1.710502512053951429e+00
4.070142453219438572e-02 1.710432119460567169e+00
4.109734950756069316e-02 1.710361809325979143e+00
4.149712586129815362e-02 1.710290083802391337e+00
4.190079105786669034e-02 1.710216653650650676e+00
4.230838292616342228e-02 1.710142232849198640e+00
4.271993966306778662e-02 1.710066321598948003e+00
4.313549983702118923e-02 1.709989463848672342e+00
4.355510239164130798e-02 1.709911355169974945e+00
4.397878664937160398e-02 1.709831270877078424e+00
4.440659231516640160e-02 1.709749700721722609e+00
4.483855948021186338e-02 1.709666542856182581e+00
4.527472862568297785e-02 1.709581460536451658e+00
4.571514062653719151e-02 1.709494833796289193e+00
4.615983675534499064e-02 1.709406087116417172e+00
4.660885868615767536e-02 1.709315666248117704e+00
4.706224849841281199e-02 1.709223961283640847e+00
4.752004868087766204e-02 1.709130603848188601e+00
4.798230213563085128e-02 1.709035595651940520e+00
4.844905218208294534e-02 1.708937982830888824e+00
4.892034256103611894e-02 1.708838861207838011e+00
4.939621743878321036e-02 1.708737639034031197e+00
4.987672141124663283e-02 1.708634317992318241e+00
5.036189950815770505e-02 1.708528613562777743e+00
5.085179719727656034e-02 1.708420080866363655e+00
5.134646038865306461e-02 1.708310451568167965e+00
5.184593543892913187e-02 1.708201035562245895e+00
5.235026915568305461e-02 1.708087422649945175e+00
5.285950880181603667e-02 1.707971690425659217e+00
5.337370209998133774e-02 1.707855065003450745e+00
5.389289723705643909e-02 1.707731896459445897e+00
5.441714286865893119e-02 1.707612252966466349e+00
5.494648812370611646e-02 1.707487864576758385e+00
5.548098260901916656e-02 1.707359366520633470e+00
5.602067641397187603e-02 1.707231558181379505e+00
5.656562011518465050e-02 1.707098578169732761e+00
5.711586478126431943e-02 1.706964538499406769e+00
5.767146197758996756e-02 1.706826907582124075e+00
5.823246377114527778e-02 1.706686751561593329e+00
5.879892273539785025e-02 1.706542653328175119e+00
5.937089195522609469e-02 1.706397678398186013e+00
5.994842503189409116e-02 1.706248372097179722e+00
6.053157608807464840e-02 1.706096514804773978e+00
6.112039977292132997e-02 1.705943763701706528e+00
6.171495126718981594e-02 1.705783721139816800e+00
6.231528628840921763e-02 1.705624323008217313e+00
6.292146109610344262e-02 1.705460433291334343e+00
6.353353249706343575e-02 1.705294015260732543e+00
6.415155785067082339e-02 1.705122243587423592e+00
6.477559507427335661e-02 1.704949333942289869e+00
6.540570264861225724e-02 1.704774444208266404e+00
6.604193962330305590e-02 1.704593131852636390e+00
6.668436562236895737e-02 1.704408158375606552e+00
6.733304084982863480e-02 1.704224225861604713e+00
6.798802609533814711e-02 1.704033650790995225e+00
6.864938273988777095e-02 1.703839643246515489e+00
6.931717276155408003e-02 1.703641735221899989e+00
6.999145874130821565e-02 1.703440449251228284e+00
7.067230386888070925e-02 1.703234436992094647e+00
7.135977194868306506e-02 1.703024726970241653e+00
7.205392740578704658e-02 1.702810495091186427e+00
7.275483529196229149e-02 1.702592539482393752e+00
7.346256129177256011e-02 1.702371848995595016e+00
7.417717172873124210e-02 1.702144541185330429e+00
7.489873357151664857e-02 1.701913659895609054e+00
7.562731444024800576e-02 1.701678260846933188e+00
7.636298261282241373e-02 1.701437863278523199e+00
7.710580703131336699e-02 1.701192195158220066e+00
7.785585730843146146e-02 1.700944677438409380e+00
7.861320373404813433e-02 1.700688880167860573e+00
7.937791728178281159e-02 1.700429344280091737e+00
8.015006961565404597e-02 1.700169518272098168e+00
8.092973309679550586e-02 1.699895561304268110e+00
8.171698079023696770e-02 1.699621378299319030e+00
8.251188647175167201e-02 1.699341878826183594e+00
8.331452463477014014e-02 1.699057645033585473e+00
8.412497049736118726e-02 1.698768453266130463e+00
8.494330000928071445e-02 1.698492126587231921e+00
8.576958985908941790e-02 1.698169845988302118e+00
8.660391748133952627e-02 1.697862615793613861e+00
8.744636106383144036e-02 1.697549406941673666e+00
8.829699955494091368e-02 1.697230673929247313e+00
8.915591267101763417e-02 1.696905549139644087e+00
9.002318090385581784e-02 1.696573709278049069e+00
9.089888552823731371e-02 1.696235934931788814e+00
9.178310860954806694e-02 1.695890122561369173e+00
9.267593301146882789e-02 1.695538101766571604e+00
9.357744240374062106e-02 1.695181457706621764e+00
9.448772127000577836e-02 1.694815184528762897e+00
9.540685491572513388e-02 1.694442803488054539e+00
9.633492947617222635e-02 1.694064599207210975e+00
9.727203192450542546e-02 1.693676205953520419e+00
9.821825007991856482e-02 1.693284604060215637e+00
9.917367261587073379e-02 1.692883244212331606e+00
1.001383890683960748e-01 1.692476019742207516e+00
1.011124898444945991e-01 1.692058620529951041e+00
1.020960662306047012e-01 1.691634108374196366e+00
1.030892104011576216e-01 1.691200575999506794e+00
1.040920154272158005e-01 1.690761465376518613e+00
1.051045752851944987e-01 1.690310989076619475e+00
1.061269848656690717e-01 1.689852786709597821e+00
1.071593399822671072e-01 1.689385955140547013e+00
1.082017373806478805e-01 1.688909575176641642e+00
1.092542747475682557e-01 1.688424008499044282e+00
1.103170507200377515e-01 1.687930967405750105e+00
1.113901648945616746e-01 1.687424138921248540e+00
1.124737178364751955e-01 1.686911354019139164e+00
1.135678110893671017e-01 1.686389658549690473e+00
1.146725471845963656e-01 1.685858358113193178e+00
1.157880296509002094e-01 1.685315778302017620e+00
1.169143630240966764e-01 1.684762572539847403e+00
1.180516528568804902e-01 1.684198961509606240e+00
1.192000057287153220e-01 1.683624424770859163e+00
1.203595292558212876e-01 1.683039321994824533e+00
1.215303321012602134e-01 1.682442798089640812e+00
1.227125239851190319e-01 1.681835032284334064e+00
1.239062156947916271e-01 1.681216305790824483e+00
1.251115190953615564e-01 1.680584121084874649e+00
1.263285471400849291e-01 1.679940837854172031e+00
1.275574138809759950e-01 1.679285539096084579e+00
1.287982344794950385e-01 1.678618738552909884e+00
1.300511252173409127e-01 1.677937309175440816e+00
1.313162035073478784e-01 1.677249537347366592e+00
1.325935879044890797e-01 1.676543454692568602e+00
1.338833981169864351e-01 1.675824280157418356e+00
1.351857550175293021e-01 1.675091077312761856e+00
1.365007806546013891e-01 1.674345568879263668e+00
1.378285982639189389e-01 1.673585823527575123e+00
1.391693322799789911e-01 1.672810395946671136e+00
1.405231083477211373e-01 1.672022039142378791e+00
1.418900533343016301e-01 1.671216658586948789e+00
1.432702953409830948e-01 1.670398024099066570e+00
1.446639637151387880e-01 1.669563693666519466e+00
1.460711890623745679e-01 1.668714521420410213e+00
1.474921032587684921e-01 1.667849471235988146e+00
1.489268394632288772e-01 1.666967727117205200e+00
1.503755321299738434e-01 1.666070786874602305e+00
1.518383170211306810e-01 1.665156228570360941e+00
1.533153312194593942e-01 1.664220834541151328e+00
1.548067131411984265e-01 1.663275542667070672e+00
1.563126025490369497e-01 1.662307883695300026e+00
1.578331405652117214e-01 1.661321072287354816e+00
1.593684696847328941e-01 1.660318498489675720e+00
1.609187337887370006e-01 1.659297927614566071e+00
1.624840781579713067e-01 1.658300931608052364e+00
1.640646494864078653e-01 1.657200889756413442e+00
1.656605958949914359e-01 1.656121569487889467e+00
1.672720669455196874e-01 1.655022349970749040e+00
1.688992136546599021e-01 1.653904075647709915e+00
1.705421885081006561e-01 1.652764721656406088e+00
1.722011454748421100e-01 1.651604563480474130e+00
1.738762400216251336e-01 1.650421302935137113e+00
1.755676291275001522e-01 1.649217232748641626e+00
1.772754712985387948e-01 1.647992939962695136e+00
1.789999265826875408e-01 1.646745235283972875e+00
1.807411565847668600e-01 1.645474118361264670e+00
1.824993244816152382e-01 1.644180881710354702e+00
1.842745950373816666e-01 1.642866448444189054e+00
1.860671346189656239e-01 1.641525168120456790e+00
1.878771112116086051e-01 1.640158519324330433e+00
1.897046944346358344e-01 1.638765408361040787e+00
1.915500555573527997e-01 1.637351874366893112e+00
1.934133675150944698e-01 1.635913154305475681e+00
1.952948049254327745e-01 1.634446987230961712e+00
1.971945441045395986e-01 1.632953392619631572e+00
1.991127630837108697e-01 1.631434070340099352e+00
2.010496416260497965e-01 1.629887537954149979e+00
2.030053612433137811e-01 1.628312819368764375e+00
2.049801052129238688e-01 1.626710912876669912e+00
2.069740585951406198e-01 1.625078481363081417e+00
2.089874082504071251e-01 1.623418143152139059e+00
2.110203428568595552e-01 1.621728064661150048e+00
2.130730529280097374e-01 1.620008523282900237e+00
2.151457308305980698e-01 1.618259762386064837e+00
2.172385708026215445e-01 1.616477811786907415e+00
2.193517689715359098e-01 1.614664542076754694e+00
2.214855233726360506e-01 1.612818949048211659e+00
2.236400339676138660e-01 1.610944525526150084e+00
2.258155026632983065e-01 1.609036260414008934e+00
2.280121333305757114e-01 1.607092767526300037e+00
2.302301318234963867e-01 1.605114884792694152e+00
2.324697059985647851e-01 1.603104043141125423e+00
2.347310657342196183e-01 1.601059312587923333e+00
2.370144229505012079e-01 1.598977425658257845e+00
2.393199916289123208e-01 1.596859244974536018e+00
2.416479878324700736e-01 1.594705837559947215e+00
2.439986297259550130e-01 1.592514375725457842e+00
2.463721375963552895e-01 1.590288362817180001e+00
2.487687338735107279e-01 1.588019777196958859e+00
2.511886431509580686e-01 1.585714473729023410e+00
2.536320922069775774e-01 1.583370453863645277e+00
2.560993100258459609e-01 1.580984450222794546e+00
2.585905278192945911e-01 1.578562257470936592e+00
2.611059790481781162e-01 1.576097279552599817e+00
2.636458994443517945e-01 1.573589467055052316e+00
2.662105270327638773e-01 1.571041022458296021e+00
2.688001021537606006e-01 1.568449359044596036e+00
2.714148674856106669e-01 1.565816878809560997e+00
2.740550680672460548e-01 1.563138289216058130e+00
2.767209513212268712e-01 1.560415247550316797e+00
2.794127670769268601e-01 1.557648007085067121e+00
2.821307675939472293e-01 1.554833452482120126e+00
2.848752075857552413e-01 1.551973375481725759e+00
2.876463442435557849e-01 1.549077385395545292e+00
2.904444372603925406e-01 1.546115773937342119e+00
2.932697488554852905e-01 1.543115283718904829e+00
2.961225437988035947e-01 1.540065358034311327e+00
2.990030894358785551e-01 1.536967441827360448e+00
3.019116557128577738e-01 1.533811215874826273e+00
3.048485152018017286e-01 1.530629051990923362e+00
3.078139431262288950e-01 1.527371794125210958e+00
3.108082173869063936e-01 1.524070562823386821e+00
3.138316185878944342e-01 1.520713521665620904e+00
3.168844300628416155e-01 1.517310671308879311e+00
3.199669379015380732e-01 1.513852693683993111e+00
3.230794309767249795e-01 1.510341252752203101e+00
3.262222009711669979e-01 1.506844591802629418e+00
3.293955424049855307e-01 1.503152028458966782e+00
3.325997526632606949e-01 1.499473286920983028e+00
3.358351320238990301e-01 1.495738969849904620e+00
3.391019836857747105e-01 1.491950026536963625e+00
3.424006137971423724e-01 1.488102538924819251e+00
3.457313314843284413e-01 1.484195365818323342e+00
3.490944488806992929e-01 1.480232240300247470e+00
3.524902811559130766e-01 1.476214117098927803e+00
3.559191465454557002e-01 1.472128254041479067e+00
3.593813663804627523e-01 1.467982878429463067e+00
3.628772651178337472e-01 1.463780968291015006e+00
3.664071703706370808e-01 1.459518902209709923e+00
3.699714129388128048e-01 1.455193463737614934e+00
3.735703268401719401e-01 1.450805262359777359e+00
3.772042493416999376e-01 1.446352918924695308e+00
3.808735209911614517e-01 1.441839512360903353e+00
3.845784856490158665e-01 1.437263055025634895e+00
3.883194905206404091e-01 1.432620471178003063e+00
3.920968861888690649e-01 1.427913226584686335e+00
3.959110266468458539e-01 1.423143603562732284e+00
3.997622693312000708e-01 1.418306393921744624e+00
4.036509751555413805e-01 1.413403273378909253e+00
4.075775085442840395e-01 1.408434185225245772e+00
4.115422374667966343e-01 1.403400385300698439e+00
4.155455334718875515e-01 1.398298037807873317e+00
4.195877717226225712e-01 1.393126915783640785e+00
4.236693310314835759e-01 1.387891894933268810e+00
4.277905938958687093e-01 1.382585457677223628e+00
4.319519465339363706e-01 1.377214572670780068e+00
4.361537789208005944e-01 1.371769537344866396e+00
4.403964848250754294e-01 1.366257322903381644e+00
4.446804618457780300e-01 1.360678115517136355e+00
4.490061114495874639e-01 1.355027140047139866e+00
4.533738390084691150e-01 1.349310389155780499e+00
4.577840538376618529e-01 1.343519032513492917e+00
4.622371692340384031e-01 1.337663218693692757e+00
4.667336025148346446e-01 1.331732921269780823e+00
4.712737750567601580e-01 1.325734539331604900e+00
4.758581123354846953e-01 1.319666634512991044e+00
4.804870439655131720e-01 1.313525352739588259e+00
4.851610037404442966e-01 1.307316968145520564e+00
4.898804296736250508e-01 1.301037348793881776e+00
4.946457640391963562e-01 1.294689325586313666e+00
4.994574534135413635e-01 1.288267111084006045e+00
5.043159487171361421e-01 1.281779691934292753e+00
5.092217052568053237e-01 1.275217952368935315e+00
5.141751827683928022e-01 1.268586328981166966e+00
5.191768454598426619e-01 1.261890426005834787e+00
5.242271620547044320e-01 1.255120555242151159e+00
5.293266058360561743e-01 1.248283246606300079e+00
5.344756546908600026e-01 1.241376813075829144e+00
5.396747911547442600e-01 1.234401283427706719e+00
5.449245024572260121e-01 1.227356873166972617e+00
5.502252805673685243e-01 1.220247851322913579e+00
5.555776222398878250e-01 1.213068338183862727e+00
5.609820290617031358e-01 1.205822989952346269e+00
5.664390074989449353e-01 1.198513868312565123e+00
5.719490689444144405e-01 1.191136189648418497e+00
5.775127297655114900e-01 1.183688989635313549e+00
5.831305113526221717e-01 1.176170538088016304e+00
5.888029401679826247e-01 1.168609652783530350e+00
5.945305477950136863e-01 1.160978579771099861e+00
6.003138709881384871e-01 1.153261116824965793e+00
6.061534517230839914e-01 1.145519637969580007e+00
6.120498372476699256e-01 1.137698660732220590e+00
6.180035801330957534e-01 1.129815173633819558e+00
6.240152383257209223e-01 1.121880106281107015e+00
6.300853751993553686e-01 1.113881633685634087e+00
6.362145596080520660e-01 1.105824251053002971e+00
6.424033659394193796e-01 1.097710984222362907e+00
6.486523741684461219e-01 1.089543229696692483e+00
6.549621699118558515e-01 1.081322563696873296e+00
6.613333444829840868e-01 1.073048796371807612e+00
6.677664949471955325e-01 1.064719126156089102e+00
6.742622241778342129e-01 1.056340998573512158e+00
6.808211409127237213e-01 1.047863263611674922e+00
6.874438598112112553e-01 1.039273692621654588e+00
6.941310015117725385e-01 1.030914804311813926e+00
7.008831926901714082e-01 1.022345287073241460e+00
7.077010661181889484e-01 1.013731967974687231e+00
7.145852607229240538e-01 1.005076461706947422e+00
7.215364216466665370e-01 9.963797963120833989e-01
7.285552003073593186e-01 9.876415615853524343e-01
7.356422544596413760e-01 9.788671183411363774e-01
7.427982482564918776e-01 9.700542412250332536e-01
7.500238523114668432e-01 9.612071036097565857e-01
7.573197437615483141e-01 9.523106001651642227e-01
7.646866063305975958e-01 9.434120156931490309e-01
7.721251303934327792e-01 9.344686201505134626e-01
7.796360130405233235e-01 9.254967745737942009e-01
7.872199581433195759e-01 9.164983319284318863e-01
7.948776764202123424e-01 9.074743878454188950e-01
8.026098855031396084e-01 8.984276813714243692e-01
8.104173100048355227e-01 8.893583894620458175e-01
8.183006815867394090e-01 8.802721085658146150e-01
8.262607390275591435e-01 8.711657247883090038e-01
8.342982282925082149e-01 8.620429591571664441e-01
8.424139026032094746e-01 8.529104093597327241e-01
8.506085225082840040e-01 8.437660824491702849e-01
8.588828559546254349e-01 8.346031846277549571e-01
8.672376783593644944e-01 8.254405738333040476e-01
8.756737726825394308e-01 8.162675987885624762e-01
8.841919295004664336e-01 8.070940149370230410e-01
8.927929470798307010e-01 7.979133583914489458e-01
9.014776314524917122e-01 7.887344680128282048e-01
9.102467964910225806e-01 7.795617401484559172e-01
9.191012639849772681e-01 7.703865594284430296e-01
9.280418637179072006e-01 7.612227398528221833e-01
9.370694335451198453e-01 7.520639097280564789e-01
9.461848194722002336e-01 7.429114865081317687e-01
9.553888757342895444e-01 7.337778677627454504e-01
9.646824648761427312e-01 7.246539795471912404e-01
9.740664578329562007e-01 7.155476784923169298e-01
9.835417340119908536e-01 7.064586511367879629e-01
9.931091813749796104e-01 6.973876371485127068e-01
1.002769696521346621e+00 6.883423403434243415e-01
1.012524184772224167e+00 6.793190799734362129e-01
1.022373560255302127e+00 6.703192367889926340e-01
1.032318745990486564e+00 6.611938603054221542e-01
1.042360673976402197e+00 6.524103884950459564e-01
1.052500285277732761e+00 6.435003428571132167e-01
1.062738530113414459e+00 6.346254168071218116e-01
1.073076367945679621e+00 6.257859441489249663e-01
1.083514767569973225e+00 6.169804701629743038e-01
1.094054707205742494e+00 6.082167191252447758e-01
1.104697174588111785e+00 5.994933026905505669e-01
1.115443167060441221e+00 5.908145919646369260e-01
1.126293691667795249e+00 5.821726453478139884e-01
1.137249765251314271e+00 5.736888342194782497e-01
1.148312414543511073e+00 5.650220768656712966e-01
1.159482676264482759e+00 5.565496137898529039e-01
1.170761597219069250e+00 5.480962832414408847e-01
1.182150234394952371e+00 5.397146537849276671e-01
1.193649655061713055e+00 5.313762360673066620e-01
1.205260936870842681e+00 5.230942577961094075e-01
1.216985167956738056e+00 5.148721180386010010e-01
1.228823447038673411e+00 5.067055039011135742e-01
1.240776883523764251e+00 4.985994605009220204e-01
1.252846597610937529e+00 4.905519994879748991e-01
1.265033720395903893e+00 4.825792513931002059e-01
1.277339393977160009e+00 4.746509082085027531e-01
1.289764771563017165e+00 4.667964044672788804e-01
1.302311017579677488e+00 4.590111685604432723e-01
1.314979307780347773e+00 4.512180178796169616e-01
1.327770829355430449e+00 4.436309521289140134e-01
1.340686781043774811e+00 4.360364235108742381e-01
1.353728373245021821e+00 4.285342739314422222e-01
1.366896828133026487e+00 4.210961823898456413e-01
1.380193379770397355e+00 4.137207875963894721e-01
1.393619274224142002e+00 4.064226850250866052e-01
1.407175769682446731e+00 3.991993421606762626e-01
1.420864136572576708e+00 3.919759805898129779e-01
1.434685657679937831e+00 3.849761596849896050e-01
1.448641628268290127e+00 3.779932449566911212e-01
1.462733356201129986e+00 3.710562120396902475e-01
1.476962162064259898e+00 3.641718070732619106e-01
1.491329379289537682e+00 3.574197265309878024e-01
1.505836354279841416e+00 3.507580468439994159e-01
1.520484446535244283e+00 3.441472403394197355e-01
1.535275028780422657e+00 3.376236008568420655e-01
1.550209487093291205e+00 3.311671039197733868e-01
1.565289221034902312e+00 3.247943315112746254e-01
1.580515643780601165e+00 3.185040436114388585e-01
1.595890182252465817e+00 3.122915684637150857e-01
1.611414277253019778e+00 3.061624213952408025e-01
1.627089383600260675e+00 3.001123698344010382e-01
1.642916970263993193e+00 2.941436520191240134e-01
1.658898520503498064e+00 2.882538857416413469e-01
1.675035532006524441e+00 2.824467201058707966e-01
1.691329517029648732e+00 2.767157224627731504e-01
1.707782002539993016e+00 2.710746085234770897e-01
1.724394530358320354e+00 2.655088957595365118e-01
1.741168657303530987e+00 2.600245360808599027e-01
1.758105955338547632e+00 2.546216139867975015e-01
1.775208011717636092e+00 2.492967814877641297e-01
1.792476429135148930e+00 2.440541197494907888e-01
1.809912825875727105e+00 2.388870377556078783e-01
1.827518835965944666e+00 2.338050106399455208e-01
1.845296109327445366e+00 2.287999591743874461e-01
1.863246311931559873e+00 2.238744688407307837e-01
1.881371125955437096e+00 2.190214607990937923e-01
1.899672249939675650e+00 2.142551385141177323e-01
1.918151398947507635e+00 2.095644842248292616e-01
1.936810304725519849e+00 2.049497807121675452e-01
1.955650715865949074e+00 2.004120149414003182e-01
1.974674397970537454e+00 1.959517274794475294e-01
1.993883133816001019e+00 1.915636004525942127e-01
2.013278723521096492e+00 1.872497932071238713e-01
2.032862984715323673e+00 1.830163024555103712e-01
2.052637752709252084e+00 1.788546810961691991e-01
2.072604880666519822e+00 1.747658937977188132e-01
2.092766239777499759e+00 1.707489244461557198e-01
2.113123719434652603e+00 1.667644886848498598e-01
2.133679227409597701e+00 1.629347649132862619e-01
2.154434690031884259e+00 1.591290822830684348e-01
2.175392052369522489e+00 1.554005938973783418e-01
2.196553278411258248e+00 1.517377835979728251e-01
2.217920351250634692e+00 1.481457983648168109e-01
2.239495273271823184e+00 1.446208080892112113e-01
2.261280066337279404e+00 1.411624533114033964e-01
2.283276771977218012e+00 1.377509345940274577e-01
2.305487451580938707e+00 1.344446199072419634e-01
2.327914186589993051e+00 1.311836541227441588e-01
2.350559078693253756e+00 1.279576457280424129e-01
2.373424250023866033e+00 1.248498421117176654e-01
2.396511843358130278e+00 1.217819477688151242e-01
2.419824022316292567e+00 1.187734999735735458e-01
2.443362971565319341e+00 1.158254899806931970e-01
2.467130897023623426e+00 1.128677644537822850e-01
2.491130026067788439e+00 1.101089248963130207e-01
2.515362607741312928e+00 1.073350219254617793e-01
2.539830912965362675e+00 1.046265936384082468e-01
2.564537234751594674e+00 1.019712292007916993e-01
2.589483888417040802e+00 9.937193224008319947e-02
2.614673211801092023e+00 9.682770829158152126e-02
2.640107565484572927e+00 9.433787305431055870e-02
2.665789333010967876e+00 9.188424844329566576e-02
2.691720921109787668e+00 8.951873217728958942e-02
2.717904759922122881e+00 8.718735850240286189e-02
2.744343303228365283e+00 8.490815802997429829e-02
2.771039028678170535e+00 8.267716842738304095e-02
2.797994438022641805e+00 8.047988984150071523e-02
2.825212057348790218e+00 7.836566424518591478e-02
2.852694437316245057e+00 7.628151408875531725e-02
2.880444153396297668e+00 7.424482899446241402e-02
2.908463806113254169e+00 7.225444504687916769e-02
2.936756021288137397e+00 7.030946611797531109e-02
2.965323450284773621e+00 6.840911705623387018e-02
2.994168770258243573e+00 6.655285914062807062e-02
3.023294684405779531e+00 6.473963026156703826e-02
3.052703922220086241e+00 6.296878872947164751e-02
3.082399239745143404e+00 6.123991927854260248e-02
3.112383419834465759e+00 5.955115729512991396e-02
3.142659272411905569e+00 5.790276320189914616e-02
3.173229634734976212e+00 5.629149278885881014e-02
3.204097371660752813e+00 5.472386825346508415e-02
3.235265375914330388e+00 5.319068052480276781e-02
3.266736568359921655e+00 5.169500692431624328e-02
3.298513898274578082e+00 5.023602587874428926e-02
3.330600343624588788e+00 4.881263756986464059e-02
3.362998911344535991e+00 4.742437411510058709e-02
3.395712637619100693e+00 4.606908049531584226e-02
3.428744588167585317e+00 4.474972340425469042e-02
3.462097858531227423e+00 4.346217517218916443e-02
3.495775574363275240e+00 4.220245440841981915e-02
3.529780891721914671e+00 4.098316666214488202e-02
3.564116997366032269e+00 3.979047221653432553e-02
3.598787109053855460e+00 3.862499409701993652e-02
3.633794475844513094e+00 3.749526266919178674e-02
3.669142378402494131e+00 3.639152971314278673e-02
3.704834129305105694e+00 3.531504560330799014e-02
3.740873073352900313e+00 3.426762335285927358e-02
3.777262587883141176e+00 3.324859842313852842e-02
3.814006083086284082e+00 3.225409188695903956e-02
3.851107002325572903e+00 3.128669584809783827e-02
3.888568822459721019e+00 3.034452665323928919e-02
3.926395054168756449e+00 2.942821850570594144e-02
3.964589242282997805e+00 2.853568950845183222e-02
4.003154966115265445e+00 2.766648297547860333e-02
4.042095839796306045e+00 2.682275685480838695e-02
4.081415512613501662e+00 2.599790852434197622e-02
4.121117669352832635e+00 2.519720333252676789e-02
4.161206030644208020e+00 2.441774738953800955e-02
4.201684353310133346e+00 2.366048867123825630e-02
4.242556430717777438e+00 2.292348895185386190e-02
4.283826093134470270e+00 2.220602877138641920e-02
4.325497208086633627e+00 2.150975263189969233e-02
4.367573680722233398e+00 2.083203271142599136e-02
4.410059454176736615e+00 2.017325166751906054e-02
4.452958509942654963e+00 1.953278951234500849e-02
4.496274868242640110e+00 1.891011311407264986e-02
4.540012588406244554e+00 1.830491427765685783e-02
4.584175769250333765e+00 1.771710829451199343e-02
4.628768549463215365e+00 1.714579356290293899e-02
4.673795107992464004e+00 1.659044850414248887e-02
4.719259664436561863e+00 1.605261262058021304e-02
4.765166479440326341e+00 1.552909195831230459e-02
4.811519855094205766e+00 1.502068642874470304e-02
4.858324135337417360e+00 1.452702418061149921e-02
4.905583706365050922e+00 1.404820418174376924e-02
4.953302997039108924e+00 1.358235038216157146e-02
5.001486479303548727e+00 1.313077406488303081e-02
5.050138668603383785e+00 1.269220463162573295e-02
5.099264124307808288e+00 1.226651000167828555e-02
5.148867450137498025e+00 1.185386173402659844e-02
5.198953294596024399e+00 1.145346479528568107e-02
5.249526351405507718e+00 1.106494162764617463e-02
5.300591359946452030e+00 1.068803070135992440e-02
5.352153105701904501e+00 1.032222114775198200e-02
5.404216420705915347e+00 9.968044808891738870e-03
5.456786183996381823e+00 9.624350728004335900e-03
5.509867322072253160e+00 9.291127192340519966e-03
5.563464809355226137e+00 8.968137303034263638e-03
5.617583668655908191e+00 8.655035248536384340e-03
5.672228971644543094e+00 8.351494948607237137e-03
5.727405839326266346e+00 8.057614142248488431e-03
5.783119442521027054e+00 7.772752735511136331e-03
5.839375002348160315e+00 7.496788855632095447e-03
5.896177790715694478e+00 7.229517800133831995e-03
5.953533130814370189e+00 6.970607915082704248e-03
6.011446397616513337e+00 6.719582825856849906e-03
6.069923018379741464e+00 6.477182137440494480e-03
6.128968473155564034e+00 6.242191845961368897e-03
6.188588295302960063e+00 6.014457152019476831e-03
6.248788072006894012e+00 5.794699046400664938e-03
6.309573444801936049e+00 5.581559985627687799e-03
6.370950110100935149e+00 5.375389409921509445e-03
6.432923819728876502e+00 5.176059478395424185e-03
6.495500381461869033e+00 4.983343289868024002e-03
6.558685659571435345e+00 4.796481869940040152e-03
6.622485575374063238e+00 4.616070170296987345e-03
6.686906107786136921e+00 4.441622555701358298e-03
6.751953293884205287e+00 4.272961654271246155e-03
6.817633229470763112e+00 4.109879286039846633e-03
6.883952069645496330e+00 3.952354019903098203e-03
6.950916029382126382e+00 3.800122724149500308e-03
7.018531384110795912e+00 3.653154586056216180e-03
7.086804470306189430e+00 3.511001939464351938e-03
7.155741686081340980e+00 3.373783733830652051e-03
7.225349491787214085e+00 3.241230922482076730e-03
7.295634410618154320e+00 3.113508317833054654e-03
7.366603029223159460e+00 2.989503947813646270e-03
7.438261998323163482e+00 2.870458536587383678e-03
7.510618033334286459e+00 2.755156215105981996e-03
7.583677914997190683e+00 2.644475610586475775e-03
7.657448490012479958e+00 2.537272070193183869e-03
7.731936671682362316e+00 2.434068527871707886e-03
7.807149440558499798e+00 2.334136484553922270e-03
7.883093845096216690e+00 2.238104398273388536e-03
7.959777002314985417e+00 2.145680750088298835e-03
8.037206098465421888e+00 2.056165366957188583e-03
8.115388389702712146e+00 1.970264731299465211e-03
8.194331202766655053e+00 1.887378647975534009e-03
8.274041935668218883e+00 1.807290174085288961e-03
8.354528058382872047e+00 1.730342953550375327e-03
8.435797113550611570e+00 1.656231957849032274e-03
8.517856717182803905e+00 1.584909400748081868e-03
8.600714559375941093e+00 1.516241203069392451e-03
8.684378405032257220e+00 1.450140000666547699e-03
8.768856094587436090e+00 1.386565571957182981e-03
8.854155544745349715e+00 1.325357097737540381e-03
8.940284749219998162e+00 1.266515273936757568e-03
9.027251779484577909e+00 1.209940373077133700e-03
9.115064785527916769e+00 1.155545198969686873e-03
9.203731996618220279e+00 1.103261951804592736e-03
9.293261722074316111e+00 1.053034418757257821e-03
9.383662352044273902e+00 1.004747232946691295e-03
9.474942358291729150e+00 9.583916717182940038e-04
9.567110294989774388e+00 9.138617452372864566e-04
9.660174799522645017e+00 8.711283544947232742e-04
9.754144593295098531e+00 8.301038558010235841e-04
9.849028482549766039e+00 7.907153662577072082e-04
9.944835359192397917e+00 7.529806309379946574e-04
1.004157420162519543e+01 7.167663617628760317e-04
1.013925407558815373e+01 6.820459718008086000e-04
1.023788413500867378e+01 6.487634874775748085e-04
1.033747362285940774e+01 6.168712011148135606e-04
1.043803187202444072e+01 5.863205839488104055e-04
1.053956830617394580e+01 5.570631305886484044e-04
1.064209244064724658e+01 5.290446700038460223e-04
1.074561388334458023e+01 5.022361873722303418e-04
1.085014233562746178e+01 4.765792161228778732e-04
1.095568759322787855e+01 4.520419683782783129e-04
1.106225954716621906e+01 4.285747512634531194e-04
1.116986818467823817e+01 4.061373874590367967e-04
1.127852359015096795e+01 3.847081947278558462e-04
1.138823594606782130e+01 3.642332365069697099e-04
1.149901553396274245e+01 3.446784892167440557e-04
1.161087273538378994e+01 3.260213947202606150e-04
1.172381803286598512e+01 3.082083368885412886e-04
1.183786201091373513e+01 2.912177410406424508e-04
1.195301535699265827e+01 2.750220444503769022e-04
1.206928886253119870e+01 2.595843198617523600e-04
1.218669342393191712e+01 2.448778779922401705e-04
1.230524004359261525e+01 2.308713979735735897e-04
1.242493983093746479e+01 2.175367469925644558e-04
1.254580400345803248e+01 2.048485493321658163e-04
1.266784388776455827e+01 1.927838969829818690e-04
1.279107092064739781e+01 1.813123491146543013e-04
1.291549665014884063e+01 1.704142249073301713e-04
1.304113273664525430e+01 1.600660264684412577e-04
1.316799095393986185e+01 1.502394050552693645e-04
1.329608319036608854e+01 1.409175810372069069e-04
1.342542144990170527e+01 1.320772228780571858e-04
1.355601785329368880e+01 1.236993231773620783e-04
1.368788463919415221e+01 1.157665156427234687e-04
1.382103416530724438e+01 1.082518523005106351e-04
1.395547890954729020e+01 1.011511595518998032e-04
1.409123147120805619e+01 9.442561451201690625e-05
1.422830457214353395e+01 8.807580135916412531e-05
1.436671105796013137e+01 8.207961393977370530e-05
1.450646389922046886e+01 7.642167969603341684e-05
1.464757619265895272e+01 7.108522894050912986e-05
1.479006116240903168e+01 6.605747637676966382e-05
1.493393216124253264e+01 6.132228974866044211e-05
1.507920267182097263e+01 5.686687285724800810e-05
1.522588630795911513e+01 5.267765948400952706e-05
1.537399681590069456e+01 4.874107207358083395e-05
1.552354807560667105e+01 4.504830502678969445e-05
1.567455410205595001e+01 4.158362557063018707e-05
1.582702904655883280e+01 3.833792267843240571e-05
1.598098719808309376e+01 3.529931454093510908e-05
1.613644298459311699e+01 3.246095268578021045e-05
1.629341097440194730e+01 2.980497098280234864e-05
1.645190587753662470e+01 2.732959274306347969e-05
1.661194254711659113e+01 2.501905513621567384e-05
1.677353598074571295e+01 2.286946922669408434e-05
1.693670132191772026e+01 2.086979466550012392e-05
1.710145386143542012e+01 1.901250174871071873e-05
1.726780903884355922e+01 1.728912039522550702e-05
1.743578244387577669e+01 1.569388954550073314e-05
1.760538981791556523e+01 1.421706346051331109e-05
1.777664705547142532e+01 1.285291702860709111e-05
1.794957020566648254e+01 1.159571017719531369e-05
1.812417547374237614e+01 1.043903492994077524e-05
1.830047922257800863e+01 9.372758937583193072e-06
1.847849797422290763e+01 8.397347870303163527e-06
1.865824841144566193e+01 7.501279041350718401e-06
1.883974737929719367e+01 6.683056978169888570e-06
1.902301188668945642e+01 5.937800065969094474e-06
1.920805910798935301e+01 5.258472189378691857e-06
1.939490638462828542e+01 4.642378617464480313e-06
1.958357122672716955e+01 4.084013803339847808e-06
1.977407131473744428e+01 3.580259978813215718e-06
1.996642450109793288e+01 3.126103349945493109e-06
2.016064881190793656e+01 2.718465983118454014e-06
2.035676244861640072e+01 2.353512853159586442e-06
2.055478378972772546e+01 2.027629255648700397e-06
2.075473139252405730e+01 1.738157701617912566e-06
2.095662399480432825e+01 1.481717497645347397e-06
2.116048051664034446e+01 1.256098423006190992e-06
2.136632006214970403e+01 1.057707256289895238e-06
2.157416192128621546e+01 8.845449080683678617e-07
2.178402557164756459e+01 7.341901547665333328e-07
2.199593068030074861e+01 6.045165115838274767e-07
2.220989710562497521e+01 4.930856824099578421e-07
2.242594489917278011e+01 3.982238400510188408e-07
2.264409430754907504e+01 3.180051014659479970e-07
2.286436577430861306e+01 2.509378314291719166e-07
2.308677994187169702e+01 1.953086667171435135e-07
2.331135765345874944e+01 1.495473275849002357e-07
2.353811995504354471e+01 1.117674890323132593e-07
2.376708809732560823e+01 8.217077307410729521e-08
2.399828353772154799e+01 5.892952723774002324e-08
2.423172794237600769e+01 4.103631429249563576e-08
2.446744318819203201e+01 2.757349097371335073e-08
2.470545136488123816e+01 1.795256144738686897e-08
2.494577477703398571e+01 1.111670740415023041e-08
2.518843594620949489e+01 6.469246083337370280e-09
2.543345761304651020e+01 3.468772429106520939e-09
2.568086273939435316e+01 1.663830947562744094e-09
2.593067451046487548e+01 6.805298525433462708e-10
2.618291633700505372e+01 2.167695826750364255e-10
2.643761185749101372e+01 4.375426594875189392e-11
2.669478494034320804e+01 0.000000000000000000e+00
