1.000000000000000021e-02 1.455050415909174832e+00
1.009727545900835841e-02 1.455045697103177993e+00
1.019549716950923779e-02 1.455040943466527903e+00
1.029467433620748044e-02 1.455036407415418287e+00
1.039481625334708927e-02 1.455031407752215289e+00
1.049593230558227772e-02 1.455026240694457629e+00
1.059803196885688789e-02 1.455020995976300746e+00
1.070112481129246833e-02 1.455015088602399365e+00
1.080522049408488318e-02 1.455009515631969563e+00
1.091032877240974419e-02 1.455003825022978647e+00
1.101645949633656314e-02 1.454998939389310131e+00
1.112362261175187626e-02 1.454993142406423523e+00
1.123182816129126085e-02 1.454986154443502322e+00
1.134108628528052165e-02 1.454979619116372414e+00
1.145140722268592030e-02 1.454973368745624107e+00
1.156280131207376022e-02 1.454967451229131958e+00
1.167527899257919492e-02 1.454961037415885894e+00
1.178885080488457221e-02 1.454954473020908523e+00
1.190352739220719262e-02 1.454947748287431786e+00
1.201931950129673729e-02 1.454942414598325851e+00
1.213623798344241195e-02 1.454936279028887336e+00
1.225429379548980714e-02 1.454928635413730742e+00
1.237349800086776086e-02 1.454921854924733360e+00
1.249386177062509519e-02 1.454914146865141422e+00
1.261539638447754796e-02 1.454906684210865109e+00
1.273811323186478488e-02 1.454899049496165997e+00
1.286202381301779218e-02 1.454891288707524710e+00
1.298713974003655978e-02 1.454883198443065240e+00
1.311347273797833224e-02 1.454875106838985355e+00
1.324103464595636874e-02 1.454867011585442294e+00
1.336983741824946531e-02 1.454858600029521165e+00
1.349989312542219239e-02 1.454850178023844975e+00
1.363121395545611320e-02 1.454841458650528496e+00
1.376381221489191876e-02 1.454831933803776955e+00
1.389770032998276401e-02 1.454822897993171216e+00
1.403289084785873213e-02 1.454813786397548103e+00
1.416939643770268736e-02 1.454804494856379193e+00
1.430722989193757184e-02 1.454795573528421926e+00
1.444640412742520530e-02 1.454786572583710580e+00
1.458693218667675602e-02 1.454776711394384581e+00
1.472882723907502529e-02 1.454765577864036041e+00
1.487210258210860774e-02 1.454755238557533970e+00
1.501677164261799868e-02 1.454745844340691541e+00
1.516284797805393485e-02 1.454734693707038451e+00
1.531034527774784160e-02 1.454723805309466433e+00
1.545927736419477720e-02 1.454712604026284772e+00
1.560965819434872483e-02 1.454701155399539259e+00
1.576150186093060873e-02 1.454689840620005281e+00
1.591482259374891323e-02 1.454677797765899561e+00
1.606963476103326349e-02 1.454664537251066259e+00
1.622595287078087284e-02 1.454651788874460783e+00
1.638379157211618947e-02 1.454639071209288259e+00
1.654316565666366645e-02 1.454627698703345517e+00
1.670409005993399310e-02 1.454612839559033421e+00
1.686657986272368723e-02 1.454599771044444267e+00
1.703065029252844378e-02 1.454585641018265596e+00
1.719631672497009753e-02 1.454572168809149524e+00
1.736359468523754335e-02 1.454557955547971737e+00
1.753249984954170088e-02 1.454543430065967868e+00
1.770304804658450262e-02 1.454528604414571546e+00
1.787525525904235316e-02 1.454512935044726785e+00
1.804913762506383731e-02 1.454498160686924280e+00
1.822471143978214581e-02 1.454482483219546651e+00
1.840199315684210371e-02 1.454465784707838383e+00
1.858099938994215231e-02 1.454449544704764063e+00
1.876174691439120440e-02 1.454433831436629410e+00
1.894425266868081034e-02 1.454416889173387961e+00
1.912853375607242307e-02 1.454398472228365158e+00
1.931460744620030340e-02 1.454380726765285514e+00
1.950249117668984011e-02 1.454362730442539053e+00
1.969220255479172538e-02 1.454343088063616563e+00
1.988375935903200636e-02 1.454324554049718499e+00
2.007717954087816226e-02 1.454307494536268619e+00
2.027248122642137662e-02 1.454288312483088097e+00
2.046968271807520987e-02 1.454268500983426193e+00
2.066880249629082095e-02 1.454246590890451829e+00
2.086985922128879734e-02 1.454226293764974809e+00
2.107287173480786382e-02 1.454205693281686473e+00
2.127785906187062287e-02 1.454185933408160603e+00
2.148484041256648255e-02 1.454164045913808767e+00
2.169383518385184506e-02 1.454143487794678391e+00
2.190486296136792688e-02 1.454119075800948790e+00
2.211794352127614133e-02 1.454095970330895993e+00
2.233309683211144592e-02 1.454072819841428554e+00
2.255034305665360936e-02 1.454049069219479629e+00
2.276970255381680075e-02 1.454024329982242181e+00
2.299119588055741764e-02 1.453999339524649548e+00
2.321484379380064564e-02 1.453973810725696092e+00
2.344066725238556220e-02 1.453947779089182157e+00
2.366868741902936057e-02 1.453922331153860270e+00
2.389892566231050300e-02 1.453895441509696740e+00
2.413140355867127856e-02 1.453868260821745917e+00
2.436614289443983158e-02 1.453840215349648801e+00
2.460316566787181664e-02 1.453811662799173954e+00
2.484249409121190577e-02 1.453781972093417085e+00
2.508415059277539771e-02 1.453752314070247298e+00
2.532815781905008515e-02 1.453721665485666836e+00
2.557453863681850847e-02 1.453690841032547976e+00
2.582331613530085626e-02 1.453659436868352195e+00
2.607451362831877603e-02 1.453627452247880036e+00
2.632815465648021339e-02 1.453594807520766530e+00
2.658426298938541474e-02 1.453562008532507166e+00
2.684286262785454819e-02 1.453527612084107190e+00
2.710397780617682106e-02 1.453492822744449464e+00
2.736763299438163891e-02 1.453457319394820813e+00
2.763385290053169824e-02 1.453421114922501367e+00
2.790266247303856487e-02 1.453384107330319974e+00
2.817408690300057458e-02 1.453346890034139749e+00
2.844815162656363222e-02 1.453308555647988776e+00
2.872488232730495070e-02 1.453269563885634774e+00
2.900430493863991738e-02 1.453231373261853143e+00
2.928644564625237229e-02 1.453190683625256607e+00
2.957133089054861039e-02 1.453149137604768715e+00
2.985898736913520854e-02 1.453107085199783599e+00
3.014944203932094433e-02 1.453063773188139951e+00
3.044272212064302874e-02 1.453019599014446772e+00
3.073885509741795460e-02 1.452988408488828709e+00
3.103786872131722788e-02 1.452929897236174384e+00
3.133979101396793671e-02 1.452890240640513086e+00
3.164465026957891114e-02 1.452843945874792153e+00
3.195247505759213347e-02 1.452788004824342671e+00
3.226329422536015901e-02 1.452739030162703227e+00
3.257713690084949876e-02 1.452688634945608959e+00
3.289403249537032475e-02 1.452637804976700808e+00
3.321401070633261954e-02 1.452585924948253782e+00
3.353710152002930406e-02 1.452533109747212503e+00
3.386333521444636480e-02 1.452479050951763107e+00
3.419274236210027851e-02 1.452423907881824183e+00
3.452535383290306070e-02 1.452366955217485600e+00
3.486120079705520153e-02 1.452310573984852970e+00
3.520031472796678745e-02 1.452252572565695843e+00
3.554272740520694751e-02 1.452193037132167186e+00
3.588847091748199186e-02 1.452132095423519731e+00
3.623757766564258964e-02 1.452069438063296358e+00
3.659008036572020811e-02 1.452000059115840624e+00
3.694601205199302130e-02 1.451941931953545595e+00
3.730540608008161424e-02 1.451877223518988735e+00
3.766829613007490613e-02 1.451812100074732825e+00
3.803471620968648659e-02 1.451742378428334979e+00
3.840470065744145539e-02 1.451673218266536614e+00
3.877828414589457040e-02 1.451602870190087158e+00
3.915550168487941241e-02 1.451530739918938107e+00
3.953638862478930927e-02 1.451456443880050351e+00
3.992098065989020672e-02 1.451381122392219281e+00
4.030931383166566628e-02 1.451304856061971904e+00
4.070142453219438572e-02 1.451226195688951615e+00
4.109734950756069316e-02 1.451147207609857270e+00
4.149712586129815362e-02 1.451066447774128632e+00
4.190079105786669034e-02 1.450983481471138647e+00
4.230838292616342228e-02 1.450898812833783191e+00
4.271993966306778662e-02 1.450813646869902440e+00
4.313549983702118923e-02 1.450724730514709293e+00
4.355510239164130798e-02 1.450635210477646764e+00
4.397878664937160398e-02 1.450543891817432263e+00
4.440659231516640160e-02 1.450451771416485292e+00
4.483855948021186338e-02 1.450356840239175771e+00
4.527472862568297785e-02 1.450260231249026477e+00
4.571514062653719151e-02 1.450162328425896652e+00
4.615983675534499064e-02 1.450060927082301276e+00
4.660885868615767536e-02 1.449959055522625384e+00
4.706224849841281199e-02 1.449855179288723761e+00
4.752004868087766204e-02 1.449749255412704718e+00
4.798230213563085128e-02 1.449640670607622805e+00
4.844905218208294534e-02 1.449531709264498147e+00
4.892034256103611894e-02 1.449418971851905713e+00
4.939621743878321036e-02 1.449304151353220993e+00
4.987672141124663283e-02 1.449187433900185562e+00
5.036189950815770505e-02 1.449068012626856472e+00
5.085179719727656034e-02 1.448946893965510130e+00
5.134646038865306461e-02 1.448822442587988313e+00
5.184593543892913187e-02 1.448696040277405839e+00
5.235026915568305461e-02 1.448567128376233804e+00
5.285950880181603667e-02 1.448435534883916187e+00
5.337370209998133774e-02 1.448301639479230962e+00
5.389289723705643909e-02 1.448165179607410868e+00
5.441714286865893119e-02 1.448026450592762915e+00
5.494648812370611646e-02 1.447884698813951543e+00
5.548098260901916656e-02 1.447740026664709356e+00
5.602067641397187603e-02 1.447592283658257539e+00
5.656562011518465050e-02 1.447442202970955272e+00
5.711586478126431943e-02 1.447288366504155377e+00
5.767146197758996756e-02 1.447132655723519123e+00
5.823246377114527778e-02 1.446973151454670869e+00
5.879892273539785025e-02 1.446810590587660483e+00
5.937089195522609469e-02 1.446645619184003362e+00
5.994842503189409116e-02 1.446477542716861686e+00
6.053157608807464840e-02 1.446320394879135884e+00
6.112039977292132997e-02 1.446129973321254480e+00
6.171495126718981594e-02 1.445951290316984439e+00
6.231528628840921763e-02 1.445768792502813760e+00
6.292146109610344262e-02 1.445585524676449740e+00
6.353353249706343575e-02 1.445396880868006440e+00
6.415155785067082339e-02 1.445204125471716505e+00
6.477559507427335661e-02 1.445007679513982790e+00
6.540570264861225724e-02 1.444807073767500505e+00
6.604193962330305590e-02 1.444602924458240345e+00
6.668436562236895737e-02 1.444395229828282279e+00
6.733304084982863480e-02 1.444182276755677119e+00
6.798802609533814711e-02 1.443966467262497000e+00
6.864938273988777095e-02 1.443746091389253694e+00
6.931717276155408003e-02 1.443520336640070845e+00
6.999145874130821565e-02 1.443289964754487675e+00
7.067230386888070925e-02 1.443057001724413091e+00
7.135977194868306506e-02 1.442818812196689171e+00
7.205392740578704658e-02 1.442577368735903143e+00
7.275483529196229149e-02 1.442331075493184178e+00
7.346256129177256011e-02 1.442079364366264604e+00
7.417717172873124210e-02 1.441820769908959798e+00
7.489873357151664857e-02 1.441559689561976221e+00
7.562731444024800576e-02 1.441293347206606734e+00
7.636298261282241373e-02 1.441021842656915242e+00
7.710580703131336699e-02 1.440745953572643234e+00
7.785585730843146146e-02 1.440463662811248380e+00
7.861320373404813433e-02 1.440175365446434208e+00
7.937791728178281159e-02 1.439882064179364152e+00
8.015006961565404597e-02 1.439581506356422125e+00
8.092973309679550586e-02 1.439275959249125325e+00
8.171698079023696770e-02 1.438965288207544324e+00
8.251188647175167201e-02 1.438648562315526513e+00
8.331452463477014014e-02 1.438324942276062002e+00
8.412497049736118726e-02 1.437995818654068225e+00
8.494330000928071445e-02 1.437660487804185871e+00
8.576958985908941790e-02 1.437319666757323589e+00
8.660391748133952627e-02 1.436972527245800491e+00
8.744636106383144036e-02 1.436617711171572331e+00
8.829699955494091368e-02 1.436256377675940499e+00
8.915591267101763417e-02 1.435887420430478123e+00
9.002318090385581784e-02 1.435511692413647289e+00
9.089888552823731371e-02 1.435128727258814019e+00
9.178310860954806694e-02 1.434738830032620927e+00
9.267593301146882789e-02 1.434341274366424557e+00
9.357744240374062106e-02 1.433935384846595440e+00
9.448772127000577836e-02 1.433522588073199655e+00
9.540685491572513388e-02 1.433100948333528413e+00
9.633492947617222635e-02 1.432676657144468901e+00
9.727203192450542546e-02 1.432240061243443163e+00
9.821825007991856482e-02 1.431789304301552157e+00
9.917367261587073379e-02 1.431334946247087014e+00
1.001383890683960748e-01 1.430873641250581585e+00
1.011124898444945991e-01 1.430402577812411646e+00
1.020960662306047012e-01 1.429922503582350846e+00
1.030892104011576216e-01 1.429433068384696304e+00
1.040920154272158005e-01 1.428935213127253689e+00
1.051045752851944987e-01 1.428426082817032094e+00
1.061269848656690717e-01 1.427907857539429948e+00
1.071593399822671072e-01 1.427379234813567210e+00
1.082017373806478805e-01 1.426839837074386663e+00
1.092542747475682557e-01 1.426293232670487354e+00
1.103170507200377515e-01 1.425735612204062752e+00
1.113901648945616746e-01 1.425167508776598702e+00
1.124737178364751955e-01 1.424589130947974569e+00
1.135678110893671017e-01 1.423998571429860638e+00
1.146725471845963656e-01 1.423394950444254015e+00
1.157880296509002094e-01 1.422782092588131375e+00
1.169143630240966764e-01 1.422157768552358315e+00
1.180516528568804902e-01 1.421521180879800728e+00
1.192000057287153220e-01 1.420871215863669601e+00
1.203595292558212876e-01 1.420227515536244267e+00
1.215303321012602134e-01 1.419539051316635714e+00
1.227125239851190319e-01 1.418876813651654523e+00
1.239062156947916271e-01 1.418197275226605436e+00
1.251115190953615564e-01 1.417473526338334455e+00
1.263285471400849291e-01 1.416719417133556647e+00
1.275574138809759950e-01 1.415980078931939889e+00
1.287982344794950385e-01 1.415226507006318135e+00
1.300511252173409127e-01 1.414463636609704755e+00
1.313162035073478784e-01 1.413680343924083038e+00
1.325935879044890797e-01 1.412884775959692307e+00
1.338833981169864351e-01 1.412090825295229779e+00
1.351857550175293021e-01 1.411253854777238415e+00
1.365007806546013891e-01 1.410415713870446952e+00
1.378285982639189389e-01 1.409559023283807999e+00
1.391693322799789911e-01 1.408681056010923083e+00
1.405231083477211373e-01 1.407793928182047960e+00
1.418900533343016301e-01 1.406888512522560086e+00
1.432702953409830948e-01 1.405965491129687051e+00
1.446639637151387880e-01 1.405026472818460492e+00
1.460711890623745679e-01 1.404072187894963575e+00
1.474921032587684921e-01 1.403097115202559531e+00
1.489268394632288772e-01 1.402116812669314427e+00
1.503755321299738434e-01 1.401097574761102305e+00
1.518383170211306810e-01 1.400069174136658878e+00
1.533153312194593942e-01 1.399022053355943429e+00
1.548067131411984265e-01 1.397955817054430616e+00
1.563126025490369497e-01 1.396869703110048100e+00
1.578331405652117214e-01 1.395761718704348286e+00
1.593684696847328941e-01 1.394637574137008951e+00
1.609187337887370006e-01 1.393491228781601032e+00
1.624840781579713067e-01 1.392325109751554768e+00
1.640646494864078653e-01 1.391135876922662273e+00
1.656605958949914359e-01 1.389924930379488055e+00
1.672720669455196874e-01 1.388691822664069875e+00
1.688992136546599021e-01 1.387436236129198974e+00
1.705421885081006561e-01 1.386159742523677352e+00
1.722011454748421100e-01 1.384859509607187622e+00
1.738762400216251336e-01 1.383535274514709590e+00
1.755676291275001522e-01 1.382188118658059128e+00
1.772754712985387948e-01 1.380815930702947059e+00
1.789999265826875408e-01 1.379419377075635778e+00
1.807411565847668600e-01 1.377997897589343879e+00
1.824993244816152382e-01 1.376550770878927521e+00
1.842745950373816666e-01 1.375086725880800165e+00
1.860671346189656239e-01 1.373579046400864145e+00
1.878771112116086051e-01 1.372053148156638924e+00
1.897046944346358344e-01 1.370500279618714012e+00
1.915500555573527997e-01 1.368920198136149846e+00
1.934133675150944698e-01 1.367311297050314955e+00
1.952948049254327745e-01 1.365671884280316606e+00
1.971945441045395986e-01 1.364007566221518086e+00
1.991127630837108697e-01 1.362312606835494933e+00
2.010496416260497965e-01 1.360588029653563291e+00
2.030053612433137811e-01 1.358832079182357822e+00
2.049801052129238688e-01 1.357047097694849658e+00
2.069740585951406198e-01 1.355231641642816509e+00
2.089874082504071251e-01 1.353382292647907770e+00
2.110203428568595552e-01 1.351501267818762786e+00
2.130730529280097374e-01 1.349589406777702560e+00
2.151457308305980698e-01 1.347643088996314686e+00
2.172385708026215445e-01 1.345662665217281839e+00
2.193517689715359098e-01 1.343649049949103835e+00
2.214855233726360506e-01 1.341600209418795098e+00
2.236400339676138660e-01 1.339516048939172199e+00
2.258155026632983065e-01 1.337398544881770901e+00
2.280121333305757114e-01 1.335243845992877709e+00
2.302301318234963867e-01 1.333051569768741729e+00
2.324697059985647851e-01 1.330823262619826419e+00
2.347310657342196183e-01 1.328560222028296378e+00
2.370144229505012079e-01 1.326254257309262385e+00
2.393199916289123208e-01 1.323912931418570027e+00
2.416479878324700736e-01 1.321528761907918570e+00
2.439986297259550130e-01 1.319106951514342096e+00
2.463721375963552895e-01 1.316644055465806318e+00
2.487687338735107279e-01 1.314142334090058206e+00
2.511886431509580686e-01 1.311598613492004572e+00
2.536320922069775774e-01 1.309013151120998808e+00
2.560993100258459609e-01 1.306389529021852791e+00
2.585905278192945911e-01 1.303714893193485880e+00
2.611059790481781162e-01 1.301000163058680714e+00
2.636458994443517945e-01 1.298242172751658652e+00
2.662105270327638773e-01 1.295437411401828331e+00
2.688001021537606006e-01 1.292590471534781349e+00
2.714148674856106669e-01 1.289698440655688172e+00
2.740550680672460548e-01 1.286758852185599711e+00
2.767209513212268712e-01 1.283771698720653553e+00
2.794127670769268601e-01 1.280734422252382654e+00
2.821307675939472293e-01 1.277655879670579475e+00
2.848752075857552413e-01 1.274524724566210132e+00
2.876463442435557849e-01 1.271345392605263580e+00
2.904444372603925406e-01 1.268115738929584735e+00
2.932697488554852905e-01 1.264838257099748953e+00
2.961225437988035947e-01 1.261512330916989555e+00
2.990030894358785551e-01 1.258130868423149362e+00
3.019116557128577738e-01 1.254698466542283564e+00
3.048485152018017286e-01 1.251214816006939623e+00
3.078139431262288950e-01 1.247679364283174719e+00
3.108082173869063936e-01 1.244090576520750613e+00
3.138316185878944342e-01 1.240446051476174594e+00
3.168844300628416155e-01 1.236748372884829639e+00
3.199669379015380732e-01 1.232996379599488268e+00
3.230794309767249795e-01 1.229192904224309268e+00
3.262222009711669979e-01 1.225328864956451769e+00
3.293955424049855307e-01 1.221409771731937655e+00
3.325997526632606949e-01 1.217435840014755577e+00
3.358351320238990301e-01 1.213403220192680099e+00
3.391019836857747105e-01 1.209312670813148527e+00
3.424006137971423724e-01 1.205165193234818188e+00
3.457313314843284413e-01 1.200960501744094966e+00
3.490944488806992929e-01 1.196692917157315517e+00
3.524902811559130766e-01 1.192372564803046320e+00
3.559191465454557002e-01 1.187988528898884066e+00
3.593813663804627523e-01 1.183545313814108324e+00
3.628772651178337472e-01 1.179041754229091632e+00
3.664071703706370808e-01 1.174475133399610405e+00
3.699714129388128048e-01 1.169852679353351022e+00
3.735703268401719401e-01 1.165189944594791527e+00
3.772042493416999376e-01 1.160417224347507270e+00
3.808735209911614517e-01 1.155607783297735836e+00
3.845784856490158665e-01 1.150735109059471739e+00
3.883194905206404091e-01 1.145798998934600244e+00
3.920968861888690649e-01 1.140803120116688163e+00
3.959110266468458539e-01 1.135743781767274641e+00
3.997622693312000708e-01 1.130618059627142458e+00
4.036509751555413805e-01 1.125442055230049254e+00
4.075775085442840395e-01 1.120182541498913498e+00
4.115422374667966343e-01 1.114868287400480273e+00
4.155455334718875515e-01 1.109491750772215735e+00
4.195877717226225712e-01 1.104048321500704422e+00
4.236693310314835759e-01 1.098547855105365345e+00
4.277905938958687093e-01 1.092970284136386860e+00
4.319519465339363706e-01 1.087341579226779320e+00
4.361537789208005944e-01 1.081645085687672925e+00
4.403964848250754294e-01 1.075885557519098867e+00
4.446804618457780300e-01 1.070059462279590257e+00
4.490061114495874639e-01 1.064171242081598967e+00
4.533738390084691150e-01 1.058219911104256505e+00
4.577840538376618529e-01 1.052204418710923628e+00
4.622371692340384031e-01 1.046122556146123372e+00
4.667336025148346446e-01 1.039985236957809756e+00
4.712737750567601580e-01 1.033781224813004718e+00
4.758581123354846953e-01 1.027514618824244552e+00
4.804870439655131720e-01 1.021187514624321668e+00
4.851610037404442966e-01 1.014796528242509321e+00
4.898804296736250508e-01 1.008345038966770302e+00
4.946457640391963562e-01 1.001829877698395377e+00
4.994574534135413635e-01 9.952539880175481635e-01
5.043159487171361421e-01 9.886223695888639584e-01
5.092217052568053237e-01 9.819308690128961681e-01
5.141751827683928022e-01 9.751778730544933271e-01
5.191768454598426619e-01 9.683672367165850892e-01
5.242271620547044320e-01 9.614984485672782855e-01
5.293266058360561743e-01 9.545743726393368656e-01
5.344756546908600026e-01 9.475932477519014574e-01
5.396747911547442600e-01 9.405534053354893675e-01
5.449245024572260121e-01 9.334632073074300429e-01
5.502252805673685243e-01 9.263166567638712046e-01
5.555776222398878250e-01 9.191167560786860369e-01
5.609820290617031358e-01 9.118382938471014665e-01
5.664390074989449353e-01 9.045316080939377335e-01
5.719490689444144405e-01 8.972067381343420411e-01
5.775127297655114900e-01 8.898056772940454717e-01
5.831305113526221717e-01 8.823533860175369892e-01
5.888029401679826247e-01 8.748574739334601391e-01
5.945305477950136863e-01 8.673120102868759895e-01
6.003138709881384871e-01 8.597000778502582596e-01
6.061534517230839914e-01 8.520887745052212470e-01
6.120498372476699256e-01 8.444163253158672999e-01
6.180035801330957534e-01 8.366990509312782764e-01
6.240152383257209223e-01 8.289443117884154333e-01
6.300853751993553686e-01 8.211478864310096659e-01
6.362145596080520660e-01 8.133173349951638986e-01
6.424033659394193796e-01 8.054512935631251702e-01
6.486523741684461219e-01 7.975479536814941151e-01
6.549621699118558515e-01 7.896146582469580899e-01
6.613333444829840868e-01 7.816503734599821174e-01
6.677664949471955325e-01 7.736582242079359517e-01
6.742622241778342129e-01 7.656336017719657105e-01
6.808211409127237213e-01 7.575876058479954489e-01
6.874438598112112553e-01 7.495132220801975498e-01
6.941310015117725385e-01 7.414168395333757822e-01
7.008831926901714082e-01 7.332998732131688069e-01
7.077010661181889484e-01 7.251643547231145792e-01
7.145852607229240538e-01 7.170083850545480031e-01
7.215364216466665370e-01 7.088395796655377890e-01
7.285552003073593186e-01 7.006540830444411005e-01
7.356422544596413760e-01 6.924588529057355002e-01
7.427982482564918776e-01 6.842533184403806201e-01
7.500238523114668432e-01 6.760059519066325961e-01
7.573197437615483141e-01 6.678145833734809855e-01
7.646866063305975958e-01 6.595639126744760050e-01
7.721251303934327792e-01 6.513578176630734351e-01
7.796360130405233235e-01 6.431289164988411855e-01
7.872199581433195759e-01 6.348964574361100066e-01
7.948776764202123424e-01 6.266729877833180362e-01
8.026098855031396084e-01 6.184534557447758374e-01
8.104173100048355227e-01 6.102428163849425991e-01
8.183006815867394090e-01 6.020469090685905966e-01
8.262607390275591435e-01 5.938413336008260268e-01
8.342982282925082149e-01 5.856603154697016533e-01
8.424139026032094746e-01 5.774970334920397352e-01
8.506085225082840040e-01 5.693488496024504686e-01
8.588828559546254349e-01 5.612195838567782813e-01
8.672376783593644944e-01 5.531095110925557945e-01
8.756737726825394308e-01 5.450245630881800363e-01
8.841919295004664336e-01 5.369652317872347647e-01
8.927929470798307010e-01 5.289318568098957396e-01
9.014776314524917122e-01 5.209118546707142139e-01
9.102467964910225806e-01 5.129507292293254972e-01
9.191012639849772681e-01 5.050099031977701713e-01
9.280418637179072006e-01 4.971035306155159872e-01
9.370694335451198453e-01 4.892334986519401574e-01
9.461848194722002336e-01 4.813997445324805224e-01
9.553888757342895444e-01 4.736044585138443619e-01
9.646824648761427312e-01 4.658463622594585796e-01
9.740664578329562007e-01 4.581500920448284275e-01
9.835417340119908536e-01 4.504885437371287105e-01
9.931091813749796104e-01 4.428725458086520961e-01
1.002769696521346621e+00 4.353070165624814969e-01
1.012524184772224167e+00 4.277513259901319365e-01
1.022373560255302127e+00 4.203287247437718088e-01
1.032318745990486564e+00 4.129204558723854057e-01
1.042360673976402197e+00 4.055645593456924103e-01
1.052500285277732761e+00 3.982649889392503306e-01
1.062738530113414459e+00 3.909820498112718812e-01
1.073076367945679621e+00 3.838292051041610198e-01
1.083514767569973225e+00 3.767153026751914324e-01
1.094054707205742494e+00 3.696703763419177391e-01
1.104697174588111785e+00 3.626730217710272819e-01
1.115443167060441221e+00 3.557257862669575554e-01
1.126293691667795249e+00 3.488805747489464038e-01
1.137249765251314271e+00 3.420847239788100125e-01
1.148312414543511073e+00 3.353562258228509063e-01
1.159482676264482759e+00 3.286979209607824859e-01
1.170761597219069250e+00 3.221117087906854581e-01
1.182150234394952371e+00 3.155933033957230571e-01
1.193649655061713055e+00 3.090763902562965182e-01
1.205260936870842681e+00 3.027697481096951471e-01
1.216985167956738056e+00 2.964839333879298322e-01
1.228823447038673411e+00 2.902590694166232166e-01
1.240776883523764251e+00 2.841091544497846288e-01
1.252846597610937529e+00 2.780384788781187222e-01
1.265033720395903893e+00 2.720417993758125208e-01
1.277339393977160009e+00 2.661282535853118358e-01
1.289764771563017165e+00 2.602840110957477804e-01
1.302311017579677488e+00 2.545259434082025596e-01
1.314979307780347773e+00 2.488451456174080589e-01
1.327770829355430449e+00 2.432426794782706625e-01
1.340686781043774811e+00 2.377125964539648084e-01
1.353728373245021821e+00 2.322854136774079592e-01
1.366896828133026487e+00 2.269125054130458063e-01
1.380193379770397355e+00 2.216291305121450561e-01
1.393619274224142002e+00 2.164256459352831841e-01
1.407175769682446731e+00 2.112991626009383950e-01
1.420864136572576708e+00 2.062652855457374479e-01
1.434685657679937831e+00 2.012994537493978942e-01
1.448641628268290127e+00 1.964152719608785735e-01
1.462733356201129986e+00 1.916184323404564738e-01
1.476962162064259898e+00 1.868945315387714468e-01
1.491329379289537682e+00 1.822590516059656718e-01
1.505836354279841416e+00 1.776971371470142669e-01
1.520484446535244283e+00 1.732163041214146715e-01
1.535275028780422657e+00 1.688149451250771926e-01
1.550209487093291205e+00 1.644928415515626019e-01
1.565289221034902312e+00 1.602442966519914413e-01
1.580515643780601165e+00 1.560792716998708751e-01
1.595890182252465817e+00 1.520020835438747331e-01
1.611414277253019778e+00 1.479861990926116533e-01
1.627089383600260675e+00 1.440379569927723313e-01
1.642916970263993193e+00 1.401963854725882808e-01
1.658898520503498064e+00 1.364115712155992421e-01
1.675035532006524441e+00 1.327077297806481815e-01
1.691329517029648732e+00 1.290663989939804246e-01
1.707782002539993016e+00 1.255231981609075120e-01
1.724394530358320354e+00 1.220384385355033491e-01
1.741168657303530987e+00 1.186255164564774950e-01
1.758105955338547632e+00 1.152871795367469837e-01
1.775208011717636092e+00 1.120160761293540752e-01
1.792476429135148930e+00 1.088246380853035711e-01
1.809912825875727105e+00 1.056971916351721608e-01
1.827518835965944666e+00 1.026387782430942530e-01
1.845296109327445366e+00 9.964864169681150741e-02
1.863246311931559873e+00 9.672536675548520924e-02
1.881371125955437096e+00 9.386921146241700153e-02
1.899672249939675650e+00 9.107880688302866234e-02
1.918151398947507635e+00 8.835090279351483222e-02
1.936810304725519849e+00 8.569053129295245430e-02
1.955650715865949074e+00 8.309121120110650460e-02
1.974674397970537454e+00 8.055423462112989985e-02
1.993883133816001019e+00 7.807841419752048484e-02
2.013278723521096492e+00 7.566289899226483207e-02
2.032862984715323673e+00 7.330698579330242881e-02
2.052637752709252084e+00 7.100067427654825625e-02
2.072604880666519822e+00 6.875925196148698071e-02
2.092766239777499759e+00 6.658571825406503497e-02
2.113123719434652603e+00 6.445803675786915266e-02
2.133679227409597701e+00 6.238484455990717104e-02
2.154434690031884259e+00 6.036431581266071822e-02
2.175392052369522489e+00 5.839753567701617271e-02
2.196553278411258248e+00 5.648442734796501469e-02
2.217920351250634692e+00 5.462084702103723460e-02
2.239495273271823184e+00 5.280731388551680727e-02
2.261280066337279404e+00 5.104272136712740410e-02
2.283276771977218012e+00 4.932435341182760113e-02
2.305487451580938707e+00 4.765586494229710063e-02
2.327914186589993051e+00 4.603443717637081822e-02
2.350559078693253756e+00 4.445520732178010609e-02
2.373424250023866033e+00 4.292390255747930566e-02
2.396511843358130278e+00 4.143445217663426633e-02
2.419824022316292567e+00 3.998759006827642959e-02
2.443362971565319341e+00 3.858243658781414925e-02
2.467130897023623426e+00 3.722026918629058045e-02
2.491130026067788439e+00 3.589394267232948188e-02
2.515362607741312928e+00 3.460875078017974782e-02
2.539830912965362675e+00 3.336191414973826291e-02
2.564537234751594674e+00 3.215128824220308407e-02
2.589483888417040802e+00 3.097981591881300567e-02
2.614673211801092023e+00 2.984197609573407267e-02
2.640107565484572927e+00 2.873927149228157688e-02
2.665789333010967876e+00 2.767050353323920187e-02
2.691720921109787668e+00 2.663312640177704915e-02
2.717904759922122881e+00 2.563222197959550558e-02
2.744343303228365283e+00 2.465946937620792229e-02
2.771039028678170535e+00 2.372229833809433308e-02
2.797994438022641805e+00 2.280877034872732037e-02
2.825212057348790218e+00 2.192952167850252196e-02
2.852694437316245057e+00 2.107529992014378975e-02
2.880444153396297668e+00 2.025329766638824316e-02
2.908463806113254169e+00 1.945537263624061777e-02
2.936756021288137397e+00 1.868481440982875524e-02
2.965323450284773621e+00 1.793927776747884090e-02
2.994168770258243573e+00 1.721852408317195784e-02
3.023294684405779531e+00 1.652416788818359891e-02
3.052703922220086241e+00 1.585072698242020323e-02
3.082399239745143404e+00 1.520272544040065545e-02
3.112383419834465759e+00 1.457662662692852697e-02
3.142659272411905569e+00 1.397044974777483968e-02
3.173229634734976212e+00 1.338678794125257310e-02
3.204097371660752813e+00 1.282432323552340492e-02
3.235265375914330388e+00 1.228148982634609358e-02
3.266736568359921655e+00 1.175738630118005647e-02
3.298513898274578082e+00 1.125294925555554194e-02
3.330600343624588788e+00 1.076666036401841345e-02
3.362998911344535991e+00 1.029816028121951534e-02
3.395712637619100693e+00 9.846820073722733699e-03
3.428744588167585317e+00 9.412152849921201145e-03
3.462097858531227423e+00 8.993975626884738103e-03
3.495775574363275240e+00 8.592211035801067612e-03
3.529780891721914671e+00 8.204172189067816118e-03
3.564116997366032269e+00 7.831581205417470146e-03
3.598787109053855460e+00 7.473380838898412495e-03
3.633794475844513094e+00 7.129036522302688132e-03
3.669142378402494131e+00 6.798059023859354122e-03
3.704834129305105694e+00 6.480081238826438175e-03
3.740873073352900313e+00 6.174728037523159914e-03
3.777262587883141176e+00 5.881542316676753417e-03
3.814006083086284082e+00 5.599616369452607365e-03
3.851107002325572903e+00 5.330286862948633610e-03
3.888568822459721019e+00 5.070909420189633268e-03
3.926395054168756449e+00 4.822464595496418066e-03
3.964589242282997805e+00 4.584362483416021435e-03
4.003154966115265445e+00 4.356134335598351413e-03
4.042095839796306045e+00 4.137462792145473953e-03
4.081415512613501662e+00 3.928079646381723439e-03
4.121117669352832635e+00 3.727664839272453942e-03
4.161206030644208020e+00 3.536024229599439746e-03
4.201684353310133346e+00 3.352252015488301623e-03
4.242556430717777438e+00 3.176795355752100140e-03
4.283826093134470270e+00 3.008941225810371489e-03
4.325497208086633627e+00 2.848692752378034331e-03
4.367573680722233398e+00 2.695549284956147863e-03
4.410059454176736615e+00 2.549057398669396079e-03
4.452958509942654963e+00 2.409820794800187922e-03
4.496274868242640110e+00 2.276676724379097117e-03
4.540012588406244554e+00 2.149546703290435446e-03
4.584175769250333765e+00 2.028734010153581020e-03
4.628768549463215365e+00 1.913259829644969314e-03
4.673795107992464004e+00 1.803422129624642888e-03
4.719259664436561863e+00 1.699667973931736449e-03
4.765166479440326341e+00 1.599619020399734026e-03
4.811519855094205766e+00 1.504863648617996499e-03
4.858324135337417360e+00 1.414725256453946978e-03
4.905583706365050922e+00 1.329252732203901411e-03
4.953302997039108924e+00 1.248098093231494359e-03
5.001486479303548727e+00 1.171044007724031041e-03
5.050138668603383785e+00 1.097945454569345183e-03
5.099264124307808288e+00 1.028645987443597282e-03
5.148867450137498025e+00 9.629653214446767372e-04
5.198953294596024399e+00 9.008040219454416155e-04
5.249526351405507718e+00 8.419412808229792588e-04
5.300591359946452030e+00 7.862875171092412662e-04
5.352153105701904501e+00 7.336751863705902234e-04
5.404216420705915347e+00 6.839660685459905427e-04
5.456786183996381823e+00 6.370417154300235746e-04
5.509867322072253160e+00 5.927817073073675305e-04
5.563464809355226137e+00 5.510582410957100144e-04
5.617583668655908191e+00 5.117514639895158219e-04
5.672228971644543094e+00 4.747589778371279841e-04
5.727405839326266346e+00 4.399672284532051220e-04
5.783119442521027054e+00 4.072700258143492429e-04
5.839375002348160315e+00 3.765695932005319276e-04
5.896177790715694478e+00 3.477708325837919074e-04
5.953533130814370189e+00 3.207785649689622086e-04
6.011446397616513337e+00 2.955032282567556391e-04
6.069923018379741464e+00 2.718563489209640692e-04
6.128968473155564034e+00 2.497577317655404433e-04
6.188588295302960063e+00 2.291273795406385317e-04
6.248788072006894012e+00 2.098886053167335934e-04
6.309573444801936049e+00 1.919681024903468732e-04
6.370950110100935149e+00 1.752942872636136320e-04
6.432923819728876502e+00 1.598000705533320380e-04
6.495500381461869033e+00 1.454193797276368786e-04
6.558685659571435345e+00 1.320871042282868875e-04
6.622485575374063238e+00 1.197551826883628179e-04
6.686906107786136921e+00 1.083536131511642927e-04
6.751953293884205287e+00 9.783692253762984179e-05
6.817633229470763112e+00 8.813763064469782660e-05
6.883952069645496330e+00 7.922500946228492008e-05
6.950916029382126382e+00 7.103906296531575012e-05
7.018531384110795912e+00 6.353741859116873768e-05
7.086804470306189430e+00 5.668167087560823498e-05
7.155741686081340980e+00 5.041309607051909367e-05
7.225349491787214085e+00 4.470843117735584987e-05
7.295634410618154320e+00 3.952238937863538547e-05
7.366603029223159460e+00 3.482278404636963043e-05
7.438261998323163482e+00 3.057052324910651921e-05
7.510618033334286459e+00 2.673959584501680919e-05
7.583677914997190683e+00 2.329470353845199780e-05
7.657448490012479958e+00 2.020749502353377594e-05
7.731936671682362316e+00 1.744765623374941642e-05
7.807149440558499798e+00 1.498979969762116070e-05
7.883093845096216690e+00 1.281155316215872932e-05
7.959777002314985417e+00 1.088597560993221860e-05
8.037206098465421888e+00 9.196010314276603331e-06
8.115388389702712146e+00 7.714418201754465429e-06
8.194331202766655053e+00 6.425133635459478786e-06
8.274041935668218883e+00 5.309332258793785970e-06
8.354528058382872047e+00 4.350456750274699690e-06
8.435797113550611570e+00 3.529671554744834822e-06
8.517856717182803905e+00 2.833926352965667079e-06
8.600714559375941093e+00 2.248230776603334969e-06
8.684378405032257220e+00 1.761208230581341123e-06
8.768856094587436090e+00 1.359633099718146903e-06
8.854155544745349715e+00 1.031404826198460370e-06
8.940284749219998162e+00 7.677578687223359689e-07
9.027251779484577909e+00 5.591464375912623159e-07
9.115064785527916769e+00 3.967564999135932392e-07
9.203731996618220279e+00 2.731586143270962718e-07
9.293261722074316111e+00 1.813611287456545844e-07
9.383662352044273902e+00 1.142636505505895716e-07
9.474942358291729150e+00 6.812060597838860795e-08
9.567110294989774388e+00 3.784388724368270839e-08
9.660174799522645017e+00 1.907150959975966383e-08
9.754144593295098531e+00 8.471828935080567399e-09
9.849028482549766039e+00 3.085734175538418417e-09
9.944835359192397917e+00 8.090218518853611661e-10
1.004157420162519543e+01 1.105247579315526042e-10
1.013925407558815373e+01 0.000000000000000000e+00
