1.000000000000000021e-02 1.830174922327467701e+00
1.009727545900835841e-02 1.830170881816520989e+00
1.019549716950923779e-02 1.830166759337046312e+00
1.029467433620748044e-02 1.830161182596031111e+00
1.039481625334708927e-02 1.830156860564965848e+00
1.049593230558227772e-02 1.830152475284711144e+00
1.059803196885688789e-02 1.830149100572376009e+00
1.070112481129246833e-02 1.830143524131746080e+00
1.080522049408488318e-02 1.830138886019635036e+00
1.091032877240974419e-02 1.830135363224748346e+00
1.101645949633656314e-02 1.830130507393502137e+00
1.112362261175187626e-02 1.830125534179812830e+00
1.123182816129126085e-02 1.830120506320638274e+00
1.134108628528052165e-02 1.830115396492898450e+00
1.145140722268592030e-02 1.830110205820102198e+00
1.156280131207376022e-02 1.830104889532146117e+00
1.167527899257919492e-02 1.830099473706891633e+00
1.178885080488457221e-02 1.830093966502739145e+00
1.190352739220719262e-02 1.830088325022298346e+00
1.201931950129673729e-02 1.830082469138858192e+00
1.213623798344241195e-02 1.830076533161161034e+00
1.225429379548980714e-02 1.830070459163484653e+00
1.237349800086776086e-02 1.830064242339068503e+00
1.249386177062509519e-02 1.830057924100535693e+00
1.261539638447754796e-02 1.830051523098806365e+00
1.273811323186478488e-02 1.830044984116948159e+00
1.286202381301779218e-02 1.830038191638771794e+00
1.298713974003655978e-02 1.830031411978261469e+00
1.311347273797833224e-02 1.830024505052191941e+00
1.324103464595636874e-02 1.830017587704072746e+00
1.336983741824946531e-02 1.830010421057364667e+00
1.349989312542219239e-02 1.830003267367251496e+00
1.363121395545611320e-02 1.829995938525026178e+00
1.376381221489191876e-02 1.829988488978348649e+00
1.389770032998276401e-02 1.829980806542208072e+00
1.403289084785873213e-02 1.829972978859630617e+00
1.416939643770268736e-02 1.829965026189705801e+00
1.430722989193757184e-02 1.829956909573448698e+00
1.444640412742520530e-02 1.829948625316066835e+00
1.458693218667675602e-02 1.829940224709665886e+00
1.472882723907502529e-02 1.829934918863151294e+00
1.487210258210860774e-02 1.829926094241190793e+00
1.501677164261799868e-02 1.829917093872633682e+00
1.516284797805393485e-02 1.829907676278573536e+00
1.531034527774784160e-02 1.829898287156086045e+00
1.545927736419477720e-02 1.829889086559748579e+00
1.560965819434872483e-02 1.829879398809767244e+00
1.576150186093060873e-02 1.829869649602742454e+00
1.591482259374891323e-02 1.829859686259265095e+00
1.606963476103326349e-02 1.829849520618209935e+00
1.622595287078087284e-02 1.829839219322550559e+00
1.638379157211618947e-02 1.829828559687617373e+00
1.654316565666366645e-02 1.829816088536196261e+00
1.670409005993399310e-02 1.829819090000160742e+00
1.686657986272368723e-02 1.829792451364606443e+00
1.703065029252844378e-02 1.829780741074322981e+00
1.719631672497009753e-02 1.829769584328205356e+00
1.736359468523754335e-02 1.829757372404446691e+00
1.753249984954170088e-02 1.829744933531634254e+00
1.770304804658450262e-02 1.829732060538075133e+00
1.787525525904235316e-02 1.829719315467930540e+00
1.804913762506383731e-02 1.829706187896191771e+00
1.822471143978214581e-02 1.829692843549517445e+00
1.840199315684210371e-02 1.829679245839039403e+00
1.858099938994215231e-02 1.829665394050349558e+00
1.876174691439120440e-02 1.829651044535264948e+00
1.894425266868081034e-02 1.829636834447773586e+00
1.912853375607242307e-02 1.829622543293921488e+00
1.931460744620030340e-02 1.829607716516149507e+00
1.950249117668984011e-02 1.829592723526482390e+00
1.969220255479172538e-02 1.829577880270391477e+00
1.988375935903200636e-02 1.829562893375932919e+00
2.007717954087816226e-02 1.829546811319189281e+00
2.027248122642137662e-02 1.829530187778315664e+00
2.046968271807520987e-02 1.829513976090482830e+00
2.066880249629082095e-02 1.829496810608476132e+00
2.086985922128879734e-02 1.829479654563292534e+00
2.107287173480786382e-02 1.829462393725254321e+00
2.127785906187062287e-02 1.829444631864814541e+00
2.148484041256648255e-02 1.829426489899372843e+00
2.169383518385184506e-02 1.829407872367929233e+00
2.190486296136792688e-02 1.829388904933152649e+00
2.211794352127614133e-02 1.829370104649711504e+00
2.233309683211144592e-02 1.829350502207728324e+00
2.255034305665360936e-02 1.829330214507416175e+00
2.276970255381680075e-02 1.829309386502390389e+00
2.299119588055741764e-02 1.829288091473435518e+00
2.321484379380064564e-02 1.829266579496201306e+00
2.344066725238556220e-02 1.829245022731045056e+00
2.366868741902936057e-02 1.829223255462401276e+00
2.389892566231050300e-02 1.829200492103115083e+00
2.413140355867127856e-02 1.829177477014605868e+00
2.436614289443983158e-02 1.829154000441676864e+00
2.460316566787181664e-02 1.829129723955927656e+00
2.484249409121190577e-02 1.829105019275021116e+00
2.508415059277539771e-02 1.829079649316135203e+00
2.532815781905008515e-02 1.829054054566894294e+00
2.557453863681850847e-02 1.829027791796955293e+00
2.582331613530085626e-02 1.829001202983884466e+00
2.607451362831877603e-02 1.828973846583214158e+00
2.632815465648021339e-02 1.828945921661284668e+00
2.658426298938541474e-02 1.828917539724880470e+00
2.684286262785454819e-02 1.828885832477223250e+00
2.710397780617682106e-02 1.828856397932716815e+00
2.736763299438163891e-02 1.828830802830897717e+00
2.763385290053169824e-02 1.828799836139925361e+00
2.790266247303856487e-02 1.828768366473030316e+00
2.817408690300057458e-02 1.828736913040169609e+00
2.844815162656363222e-02 1.828704836474581041e+00
2.872488232730495070e-02 1.828672202372191968e+00
2.900430493863991738e-02 1.828638797048866449e+00
2.928644564625237229e-02 1.828604018462373304e+00
2.957133089054861039e-02 1.828569801902215186e+00
2.985898736913520854e-02 1.828534249812598489e+00
3.014944203932094433e-02 1.828497881106225798e+00
3.044272212064302874e-02 1.828460732030968039e+00
3.073885509741795460e-02 1.828423023200520969e+00
3.103786872131722788e-02 1.828384546420163792e+00
3.133979101396793671e-02 1.828345361238707278e+00
3.164465026957891114e-02 1.828304590454744583e+00
3.195247505759213347e-02 1.828264010346098090e+00
3.226329422536015901e-02 1.828223347437706314e+00
3.257713690084949876e-02 1.828181015582480695e+00
3.289403249537032475e-02 1.828137889873227229e+00
3.321401070633261954e-02 1.828094636057679523e+00
3.353710152002930406e-02 1.828082439803581316e+00
3.386333521444636480e-02 1.828004070407150294e+00
3.419274236210027851e-02 1.827957504465082872e+00
3.452535383290306070e-02 1.827912542741959134e+00
3.486120079705520153e-02 1.827861438484542189e+00
3.520031472796678745e-02 1.827812143698103631e+00
3.554272740520694751e-02 1.827761733884002870e+00
3.588847091748199186e-02 1.827710458138148253e+00
3.623757766564258964e-02 1.827658417191982299e+00
3.659008036572020811e-02 1.827605123062406856e+00
3.694601205199302130e-02 1.827550693280572069e+00
3.730540608008161424e-02 1.827494982626225006e+00
3.766829613007490613e-02 1.827438256424053442e+00
3.803471620968648659e-02 1.827380932442846939e+00
3.840470065744145539e-02 1.827321925933449887e+00
3.877828414589457040e-02 1.827261933723431264e+00
3.915550168487941241e-02 1.827200855652833411e+00
3.953638862478930927e-02 1.827138746870968999e+00
3.992098065989020672e-02 1.827075455749507693e+00
4.030931383166566628e-02 1.827010311682701893e+00
4.070142453219438572e-02 1.826944078882146050e+00
4.109734950756069316e-02 1.826876632717384652e+00
4.149712586129815362e-02 1.826808243100835005e+00
4.190079105786669034e-02 1.826738076933328792e+00
4.230838292616342228e-02 1.826666618834781319e+00
4.271993966306778662e-02 1.826593202103185209e+00
4.313549983702118923e-02 1.826518334483928419e+00
4.355510239164130798e-02 1.826442162711162442e+00
4.397878664937160398e-02 1.826364581745981042e+00
4.440659231516640160e-02 1.826285810953073074e+00
4.483855948021186338e-02 1.826206040144989107e+00
4.527472862568297785e-02 1.826124636832475501e+00
4.571514062653719151e-02 1.826041777515509335e+00
4.615983675534499064e-02 1.825957218034808482e+00
4.660885868615767536e-02 1.825871439665210483e+00
4.706224849841281199e-02 1.825784025394126209e+00
4.752004868087766204e-02 1.825695810682817388e+00
4.798230213563085128e-02 1.825604826704015915e+00
4.844905218208294534e-02 1.825511892894314370e+00
4.892034256103611894e-02 1.825416930510020075e+00
4.939621743878321036e-02 1.825321253833272150e+00
4.987672141124663283e-02 1.825222798727629714e+00
5.036189950815770505e-02 1.825118087245268361e+00
5.085179719727656034e-02 1.825014724495109375e+00
5.134646038865306461e-02 1.824911898140073596e+00
5.184593543892913187e-02 1.824806925328227081e+00
5.235026915568305461e-02 1.824697574186354254e+00
5.285950880181603667e-02 1.824585549376878779e+00
5.337370209998133774e-02 1.824472180507710650e+00
5.389289723705643909e-02 1.824355620128051969e+00
5.441714286865893119e-02 1.824237030369664225e+00
5.494648812370611646e-02 1.824116916699129787e+00
5.548098260901916656e-02 1.823996743413972110e+00
5.602067641397187603e-02 1.823870786377028264e+00
5.656562011518465050e-02 1.823741862594655982e+00
5.711586478126431943e-02 1.823612740598997695e+00
5.767146197758996756e-02 1.823483488186855794e+00
5.823246377114527778e-02 1.823349511251365795e+00
5.879892273539785025e-02 1.823212565504173099e+00
5.937089195522609469e-02 1.823073041846222209e+00
5.994842503189409116e-02 1.822930691885932930e+00
6.053157608807464840e-02 1.822785118793875281e+00
6.112039977292132997e-02 1.822636417777468321e+00
6.171495126718981594e-02 1.822484922368648785e+00
6.231528628840921763e-02 1.822332150298177522e+00
6.292146109610344262e-02 1.822173065014837334e+00
6.353353249706343575e-02 1.822013722555005488e+00
6.415155785067082339e-02 1.821850078916452675e+00
6.477559507427335661e-02 1.821683351555946517e+00
6.540570264861225724e-02 1.821513994339479581e+00
6.604193962330305590e-02 1.821339554563961016e+00
6.668436562236895737e-02 1.821164562895240202e+00
6.733304084982863480e-02 1.820983987027477102e+00
6.798802609533814711e-02 1.820802223170981504e+00
6.864938273988777095e-02 1.820616832148173936e+00
6.931717276155408003e-02 1.820427195645698326e+00
6.999145874130821565e-02 1.820233767993322926e+00
7.067230386888070925e-02 1.820035026348346907e+00
7.135977194868306506e-02 1.819834098736562211e+00
7.205392740578704658e-02 1.819629147333901908e+00
7.275483529196229149e-02 1.819419130358477688e+00
7.346256129177256011e-02 1.819206191014518526e+00
7.417717172873124210e-02 1.818988694844128506e+00
7.489873357151664857e-02 1.818767063696565600e+00
7.562731444024800576e-02 1.818537829667884909e+00
7.636298261282241373e-02 1.818308717612008518e+00
7.710580703131336699e-02 1.818074210757124831e+00
7.785585730843146146e-02 1.817835159594681560e+00
7.861320373404813433e-02 1.817591885417216391e+00
7.937791728178281159e-02 1.817343543941736916e+00
8.015006961565404597e-02 1.817090662970199277e+00
8.092973309679550586e-02 1.816833048149686380e+00
8.171698079023696770e-02 1.816569686831752239e+00
8.251188647175167201e-02 1.816301249011770924e+00
8.331452463477014014e-02 1.816026729704996567e+00
8.412497049736118726e-02 1.815747126028668390e+00
8.494330000928071445e-02 1.815463701225884519e+00
8.576958985908941790e-02 1.815173014920060002e+00
8.660391748133952627e-02 1.814877832302694838e+00
8.744636106383144036e-02 1.814576985749255078e+00
8.829699955494091368e-02 1.814269963457494583e+00
8.915591267101763417e-02 1.813958026296678794e+00
9.002318090385581784e-02 1.813639371208885409e+00
9.089888552823731371e-02 1.813314042708871199e+00
9.178310860954806694e-02 1.812982173358546945e+00
9.267593301146882789e-02 1.812644163190430868e+00
9.357744240374062106e-02 1.812299426195791874e+00
9.448772127000577836e-02 1.811948512108815690e+00
9.540685491572513388e-02 1.811591683281711163e+00
9.633492947617222635e-02 1.811228184407538633e+00
9.727203192450542546e-02 1.810857424780259572e+00
9.821825007991856482e-02 1.810479796119467188e+00
9.917367261587073379e-02 1.810094837035691961e+00
1.001383890683960748e-01 1.809702203291839506e+00
1.011124898444945991e-01 1.809302472080172031e+00
1.020960662306047012e-01 1.808892151083467681e+00
1.030892104011576216e-01 1.808477151923257420e+00
1.040920154272158005e-01 1.808055298603699068e+00
1.051045752851944987e-01 1.807622952216323631e+00
1.061269848656690717e-01 1.807182615934964431e+00
1.071593399822671072e-01 1.806733915035970028e+00
1.082017373806478805e-01 1.806277600118059379e+00
1.092542747475682557e-01 1.805810713656088140e+00
1.103170507200377515e-01 1.805335199681327385e+00
1.113901648945616746e-01 1.804850599732695349e+00
1.124737178364751955e-01 1.804356966932683326e+00
1.135678110893671017e-01 1.803854200204862757e+00
1.146725471845963656e-01 1.803342017519944163e+00
1.157880296509002094e-01 1.802821442252467321e+00
1.169143630240966764e-01 1.802290680651057908e+00
1.180516528568804902e-01 1.801749002954973644e+00
1.192000057287153220e-01 1.801196945743053446e+00
1.203595292558212876e-01 1.800635280739164124e+00
1.215303321012602134e-01 1.800061534185413592e+00
1.227125239851190319e-01 1.799476249356825486e+00
1.239062156947916271e-01 1.798880956586033752e+00
1.251115190953615564e-01 1.798274630938766938e+00
1.263285471400849291e-01 1.797660080011951989e+00
1.275574138809759950e-01 1.797029309480889347e+00
1.287982344794950385e-01 1.796387984557537676e+00
1.300511252173409127e-01 1.795733790916390182e+00
1.313162035073478784e-01 1.795067452152677046e+00
1.325935879044890797e-01 1.794388541504175816e+00
1.338833981169864351e-01 1.793698579407664306e+00
1.351857550175293021e-01 1.792994506308945413e+00
1.365007806546013891e-01 1.792277077773091865e+00
1.378285982639189389e-01 1.791544527118872132e+00
1.391693322799789911e-01 1.790799049251518893e+00
1.405231083477211373e-01 1.790040209916119895e+00
1.418900533343016301e-01 1.789268427325825250e+00
1.432702953409830948e-01 1.788482092941129142e+00
1.446639637151387880e-01 1.787677499869271935e+00
1.460711890623745679e-01 1.786858247726086146e+00
1.474921032587684921e-01 1.786029327614456319e+00
1.489268394632288772e-01 1.785177786154513946e+00
1.503755321299738434e-01 1.784315782826922714e+00
1.518383170211306810e-01 1.783436373149459797e+00
1.533153312194593942e-01 1.782540565241027331e+00
1.548067131411984265e-01 1.781629290261882881e+00
1.563126025490369497e-01 1.780699048246868754e+00
1.578331405652117214e-01 1.779750152408082986e+00
1.593684696847328941e-01 1.778783660484990481e+00
1.609187337887370006e-01 1.777798788797490426e+00
1.624840781579713067e-01 1.776796996320339828e+00
1.640646494864078653e-01 1.775777935543401131e+00
1.656605958949914359e-01 1.774737252934960319e+00
1.672720669455196874e-01 1.773680303525447144e+00
1.688992136546599021e-01 1.772603334300330236e+00
1.705421885081006561e-01 1.771507128829262978e+00
1.722011454748421100e-01 1.770389261488024557e+00
1.738762400216251336e-01 1.769252689819671431e+00
1.755676291275001522e-01 1.768093287024615323e+00
1.772754712985387948e-01 1.766913794039523422e+00
1.789999265826875408e-01 1.765713768358033287e+00
1.807411565847668600e-01 1.764490638230902686e+00
1.824993244816152382e-01 1.763242758679185673e+00
1.842745950373816666e-01 1.761973244142169159e+00
1.860671346189656239e-01 1.760680697788861160e+00
1.878771112116086051e-01 1.759365862550655413e+00
1.897046944346358344e-01 1.758027284805996127e+00
1.915500555573527997e-01 1.756663303967029410e+00
1.934133675150944698e-01 1.755274055489273843e+00
1.952948049254327745e-01 1.753860341287866387e+00
1.971945441045395986e-01 1.752420913315617446e+00
1.991127630837108697e-01 1.750956685185310002e+00
2.010496416260497965e-01 1.749466590610798455e+00
2.030053612433137811e-01 1.747948523901710516e+00
2.049801052129238688e-01 1.746405161696855890e+00
2.069740585951406198e-01 1.744830925243025410e+00
2.089874082504071251e-01 1.743229091039607326e+00
2.110203428568595552e-01 1.741598950993092254e+00
2.130730529280097374e-01 1.739937046270700005e+00
2.151457308305980698e-01 1.738250847654253084e+00
2.172385708026215445e-01 1.736531617680849182e+00
2.193517689715359098e-01 1.734784221268762971e+00
2.214855233726360506e-01 1.733004463117839622e+00
2.236400339676138660e-01 1.731191890825443780e+00
2.258155026632983065e-01 1.729347957826526061e+00
2.280121333305757114e-01 1.727473062510451074e+00
2.302301318234963867e-01 1.725565699267270769e+00
2.324697059985647851e-01 1.723624754100087531e+00
2.347310657342196183e-01 1.721646741505271194e+00
2.370144229505012079e-01 1.719636261816492873e+00
2.393199916289123208e-01 1.717591940570679432e+00
2.416479878324700736e-01 1.715510947844958833e+00
2.439986297259550130e-01 1.713393412496018176e+00
2.463721375963552895e-01 1.711241015987438496e+00
2.487687338735107279e-01 1.709049216319357578e+00
2.511886431509580686e-01 1.706821784840937717e+00
2.536320922069775774e-01 1.704556700191680818e+00
2.560993100258459609e-01 1.702251113780723690e+00
2.585905278192945911e-01 1.699907517178670169e+00
2.611059790481781162e-01 1.697520838279939603e+00
2.636458994443517945e-01 1.695097407278224111e+00
2.662105270327638773e-01 1.692632630448709818e+00
2.688001021537606006e-01 1.690122915457651143e+00
2.714148674856106669e-01 1.687575277967447107e+00
2.740550680672460548e-01 1.684982061761171712e+00
2.767209513212268712e-01 1.682346689886481839e+00
2.794127670769268601e-01 1.679666345907773639e+00
2.821307675939472293e-01 1.676945605730268518e+00
2.848752075857552413e-01 1.674172863854112681e+00
2.876463442435557849e-01 1.671370600216841806e+00
2.904444372603925406e-01 1.668496013052411575e+00
2.932697488554852905e-01 1.665590537614032085e+00
2.961225437988035947e-01 1.662637900204831043e+00
2.990030894358785551e-01 1.659617999610077499e+00
3.019116557128577738e-01 1.656573973551942691e+00
3.048485152018017286e-01 1.653479332591990092e+00
3.078139431262288950e-01 1.650327517859024429e+00
3.108082173869063936e-01 1.647120628930222264e+00
3.138316185878944342e-01 1.643865877319049540e+00
3.168844300628416155e-01 1.640563238999716678e+00
3.199669379015380732e-01 1.637206041874943452e+00
3.230794309767249795e-01 1.633795584450068228e+00
3.262222009711669979e-01 1.630330680472265481e+00
3.293955424049855307e-01 1.626812544375404457e+00
3.325997526632606949e-01 1.623240605657092495e+00
3.358351320238990301e-01 1.619611047282563554e+00
3.391019836857747105e-01 1.615928294262575005e+00
3.424006137971423724e-01 1.612186262920498603e+00
3.457313314843284413e-01 1.608387864960491909e+00
3.490944488806992929e-01 1.604533112317226173e+00
3.524902811559130766e-01 1.600616529452709269e+00
3.559191465454557002e-01 1.596646601523791897e+00
3.593813663804627523e-01 1.592611071962687586e+00
3.628772651178337472e-01 1.588515516671714201e+00
3.664071703706370808e-01 1.584365696459348216e+00
3.699714129388128048e-01 1.580152058204534748e+00
3.735703268401719401e-01 1.575874822035718603e+00
3.772042493416999376e-01 1.571535711002454594e+00
3.808735209911614517e-01 1.567134358519152615e+00
3.845784856490158665e-01 1.562668883875931503e+00
3.883194905206404091e-01 1.558142239987672983e+00
3.920968861888690649e-01 1.553548146618793258e+00
3.959110266468458539e-01 1.548890638079342796e+00
3.997622693312000708e-01 1.544166828061559915e+00
4.036509751555413805e-01 1.539377778743242331e+00
4.075775085442840395e-01 1.534522640569661922e+00
4.115422374667966343e-01 1.529600870876857810e+00
4.155455334718875515e-01 1.524613454832636439e+00
4.195877717226225712e-01 1.519553479881321278e+00
4.236693310314835759e-01 1.514430946300758141e+00
4.277905938958687093e-01 1.509239095349267812e+00
4.319519465339363706e-01 1.503983408572189262e+00
4.361537789208005944e-01 1.498646541451264635e+00
4.403964848250754294e-01 1.493245404870514603e+00
4.446804618457780300e-01 1.487773667228541097e+00
4.490061114495874639e-01 1.482235785368246850e+00
4.533738390084691150e-01 1.476626958946234636e+00
4.577840538376618529e-01 1.470943537690761138e+00
4.622371692340384031e-01 1.465193112473481829e+00
4.667336025148346446e-01 1.459368906783305997e+00
4.712737750567601580e-01 1.453474628819305448e+00
4.758581123354846953e-01 1.447511478369800209e+00
4.804870439655131720e-01 1.441475433964090724e+00
4.851610037404442966e-01 1.435366364987357368e+00
4.898804296736250508e-01 1.429188120594214295e+00
4.946457640391963562e-01 1.422932498457496253e+00
4.994574534135413635e-01 1.416685118870533611e+00
5.043159487171361421e-01 1.410216263427374273e+00
5.092217052568053237e-01 1.403749058371707159e+00
5.141751827683928022e-01 1.397205421796780200e+00
5.191768454598426619e-01 1.390595473789277170e+00
5.242271620547044320e-01 1.383914284134593053e+00
5.293266058360561743e-01 1.377160766170089978e+00
5.344756546908600026e-01 1.370333522255128944e+00
5.396747911547442600e-01 1.363437840279162261e+00
5.449245024572260121e-01 1.356468552868767219e+00
5.502252805673685243e-01 1.349431545749904648e+00
5.555776222398878250e-01 1.342321528594445867e+00
5.609820290617031358e-01 1.335145676103783874e+00
5.664390074989449353e-01 1.327892877385705717e+00
5.719490689444144405e-01 1.320574340490874743e+00
5.775127297655114900e-01 1.313190055385296429e+00
5.831305113526221717e-01 1.305724346884756137e+00
5.888029401679826247e-01 1.298212230989669091e+00
5.945305477950136863e-01 1.290621046062832011e+00
6.003138709881384871e-01 1.282966270858280078e+00
6.061534517230839914e-01 1.275239436051294195e+00
6.120498372476699256e-01 1.267451031938446437e+00
6.180035801330957534e-01 1.259598217037111612e+00
6.240152383257209223e-01 1.251683024402275413e+00
6.300853751993553686e-01 1.243700246890445671e+00
6.362145596080520660e-01 1.235658186445481199e+00
6.424033659394193796e-01 1.227552614815244914e+00
6.486523741684461219e-01 1.219388972660725212e+00
6.549621699118558515e-01 1.211163240079050629e+00
6.613333444829840868e-01 1.202878489465719625e+00
6.677664949471955325e-01 1.194538724271236418e+00
6.742622241778342129e-01 1.186138835675104142e+00
6.808211409127237213e-01 1.177686263482290885e+00
6.874438598112112553e-01 1.169178037085113253e+00
6.941310015117725385e-01 1.160615721771568021e+00
7.008831926901714082e-01 1.151999556911277756e+00
7.077010661181889484e-01 1.143341417523624060e+00
7.145852607229240538e-01 1.134617415645337912e+00
7.215364216466665370e-01 1.125861356146230730e+00
7.285552003073593186e-01 1.117051815241117074e+00
7.356422544596413760e-01 1.108193870692000038e+00
7.427982482564918776e-01 1.099297307158735748e+00
7.500238523114668432e-01 1.090354543664479037e+00
7.573197437615483141e-01 1.081372538937894090e+00
7.646866063305975958e-01 1.072348670480332000e+00
7.721251303934327792e-01 1.063288480281753490e+00
7.796360130405233235e-01 1.054192252926104079e+00
7.872199581433195759e-01 1.045058101866947142e+00
7.948776764202123424e-01 1.035893595067179040e+00
8.026098855031396084e-01 1.026699073618609459e+00
8.104173100048355227e-01 1.017469109572202601e+00
8.183006815867394090e-01 1.008216158197705159e+00
8.262607390275591435e-01 9.989353981207281796e-01
8.342982282925082149e-01 9.896258932959768329e-01
8.424139026032094746e-01 9.803028466660782536e-01
8.506085225082840040e-01 9.709514520612299027e-01
8.588828559546254349e-01 9.615805463328314096e-01
8.672376783593644944e-01 9.521970268806917437e-01
8.756737726825394308e-01 9.427953556779761213e-01
8.841919295004664336e-01 9.333798067851676317e-01
8.927929470798307010e-01 9.239547973613968512e-01
9.014776314524917122e-01 9.145205898434878300e-01
9.102467964910225806e-01 9.050745158834636594e-01
9.191012639849772681e-01 8.956267594796711862e-01
9.280418637179072006e-01 8.861722838817583936e-01
9.370694335451198453e-01 8.767193463446404378e-01
9.461848194722002336e-01 8.672649259767941654e-01
9.553888757342895444e-01 8.578108856073994870e-01
9.646824648761427312e-01 8.483615761123132204e-01
9.740664578329562007e-01 8.389229140107224980e-01
9.835417340119908536e-01 8.294868730192358486e-01
9.931091813749796104e-01 8.200667018487396431e-01
1.002769696521346621e+00 8.106510811896672219e-01
1.012524184772224167e+00 8.012513086390998795e-01
1.022373560255302127e+00 7.918703203494046328e-01
1.032318745990486564e+00 7.825051507013591756e-01
1.042360673976402197e+00 7.731615687828512495e-01
1.052500285277732761e+00 7.638386658077125357e-01
1.062738530113414459e+00 7.545364077643278433e-01
1.073076367945679621e+00 7.452649832800309904e-01
1.083514767569973225e+00 7.360182370116293837e-01
1.094054707205742494e+00 7.268004930822121734e-01
1.104697174588111785e+00 7.176122259807107273e-01
1.115443167060441221e+00 7.084594627241717069e-01
1.126293691667795249e+00 6.993424681748936500e-01
1.137249765251314271e+00 6.902608832666157213e-01
1.148312414543511073e+00 6.811645718311620801e-01
1.159482676264482759e+00 6.722117667505554950e-01
1.170761597219069250e+00 6.632509265140267285e-01
1.182150234394952371e+00 6.543303465181550260e-01
1.193649655061713055e+00 6.454578996126238977e-01
1.205260936870842681e+00 6.366291404759059080e-01
1.216985167956738056e+00 6.278518082266760780e-01
1.228823447038673411e+00 6.191197033553188511e-01
1.240776883523764251e+00 6.104424832532728828e-01
1.252846597610937529e+00 6.018144369360709511e-01
1.265033720395903893e+00 5.932444627409887428e-01
1.277339393977160009e+00 5.847259302630849476e-01
1.289764771563017165e+00 5.762673052584520450e-01
1.302311017579677488e+00 5.678637966924248159e-01
1.314979307780347773e+00 5.595219001369297063e-01
1.327770829355430449e+00 5.512395984232751900e-01
1.340686781043774811e+00 5.430188068568507775e-01
1.353728373245021821e+00 5.348619285648857913e-01
1.366896828133026487e+00 5.267677921902095273e-01
1.380193379770397355e+00 5.187382272930165517e-01
1.393619274224142002e+00 5.107781257393397834e-01
1.407175769682446731e+00 5.028830991845711917e-01
1.420864136572576708e+00 4.950528575957507393e-01
1.434685657679937831e+00 4.872972160795118191e-01
1.448641628268290127e+00 4.796078050219165778e-01
1.462733356201129986e+00 4.719914373630691440e-01
1.476962162064259898e+00 4.644442407249699811e-01
1.491329379289537682e+00 4.569681200823085265e-01
1.505836354279841416e+00 4.495685643177000368e-01
1.520484446535244283e+00 4.422390910704850353e-01
1.535275028780422657e+00 4.349858298073811524e-01
1.550209487093291205e+00 4.278060336198332703e-01
1.565289221034902312e+00 4.207008400375889523e-01
1.580515643780601165e+00 4.136725689872346456e-01
1.595890182252465817e+00 4.067197720667485861e-01
1.611414277253019778e+00 3.998408795137873284e-01
1.627089383600260675e+00 3.930420319925360673e-01
1.642916970263993193e+00 3.863192132417090918e-01
1.658898520503498064e+00 3.796734870190835998e-01
1.675035532006524441e+00 3.731056253718815774e-01
1.691329517029648732e+00 3.666152674068285933e-01
1.707782002539993016e+00 3.602010336080336272e-01
1.724394530358320354e+00 3.538677536959463077e-01
1.741168657303530987e+00 3.476095815276824541e-01
1.758105955338547632e+00 3.414321332483419291e-01
1.775208011717636092e+00 3.353331236022681905e-01
1.792476429135148930e+00 3.293112626887814143e-01
1.809912825875727105e+00 3.233650130433589065e-01
1.827518835965944666e+00 3.174983875627501173e-01
1.845296109327445366e+00 3.117087509957755520e-01
1.863246311931559873e+00 3.059989795436769966e-01
1.881371125955437096e+00 3.003682643386030304e-01
1.899672249939675650e+00 2.948126185278959754e-01
1.918151398947507635e+00 2.893331731072170676e-01
1.936810304725519849e+00 2.839329553975838971e-01
1.955650715865949074e+00 2.786071143904735870e-01
1.974674397970537454e+00 2.733567909430399401e-01
1.993883133816001019e+00 2.681821987571075816e-01
2.013278723521096492e+00 2.630847626878264345e-01
2.032862984715323673e+00 2.580628951181397901e-01
2.052637752709252084e+00 2.531145136526650186e-01
2.072604880666519822e+00 2.482397551354366960e-01
2.092766239777499759e+00 2.434381506573621290e-01
2.113123719434652603e+00 2.387112991937726525e-01
2.133679227409597701e+00 2.340578228131103833e-01
2.154434690031884259e+00 2.294759096207180660e-01
2.175392052369522489e+00 2.249713676539922547e-01
2.196553278411258248e+00 2.205246337630582254e-01
2.217920351250634692e+00 2.161560865753496263e-01
2.239495273271823184e+00 2.118579071593315322e-01
2.261280066337279404e+00 2.076287608052512779e-01
2.283276771977218012e+00 2.034679137137735128e-01
2.305487451580938707e+00 1.993756056279265276e-01
2.327914186589993051e+00 1.953504362510857517e-01
2.350559078693253756e+00 1.913928712515672592e-01
2.373424250023866033e+00 1.875013001593904549e-01
2.396511843358130278e+00 1.836758045799612160e-01
2.419824022316292567e+00 1.799137518946458680e-01
2.443362971565319341e+00 1.762172654278116313e-01
2.467130897023623426e+00 1.725834944899433121e-01
2.491130026067788439e+00 1.690128432213303944e-01
2.515362607741312928e+00 1.655047951676226758e-01
2.539830912965362675e+00 1.620578544052320991e-01
2.564537234751594674e+00 1.586713698790030713e-01
2.589483888417040802e+00 1.553452251387483218e-01
2.614673211801092023e+00 1.520812279493254371e-01
2.640107565484572927e+00 1.488685219731865905e-01
2.665789333010967876e+00 1.457192834590553265e-01
2.691720921109787668e+00 1.426255786783844903e-01
2.717904759922122881e+00 1.395884349441235406e-01
2.744343303228365283e+00 1.366072817400882655e-01
2.771039028678170535e+00 1.336808280693705941e-01
2.797994438022641805e+00 1.308072737565355026e-01
2.825212057348790218e+00 1.279888126830109329e-01
2.852694437316245057e+00 1.252222551869298095e-01
2.880444153396297668e+00 1.225081268427597736e-01
2.908463806113254169e+00 1.198447063016874897e-01
2.936756021288137397e+00 1.172316549761310417e-01
2.965323450284773621e+00 1.146694573947771439e-01
2.994168770258243573e+00 1.121549059533154813e-01
3.023294684405779531e+00 1.096901810599440058e-01
3.052703922220086241e+00 1.072716930145160702e-01
3.082399239745143404e+00 1.049004196507650200e-01
3.112383419834465759e+00 1.025760236338391779e-01
3.142659272411905569e+00 1.002967518482426462e-01
3.173229634734976212e+00 9.806146441060936692e-02
3.204097371660752813e+00 9.587091017063163745e-02
3.235265375914330388e+00 9.372359531969176594e-02
3.266736568359921655e+00 9.161935603882999379e-02
3.298513898274578082e+00 8.955713396445555419e-02
3.330600343624588788e+00 8.753540287780359197e-02
3.362998911344535991e+00 8.555269930854836335e-02
3.395712637619100693e+00 8.361449162408896019e-02
3.428744588167585317e+00 8.171314011613875494e-02
3.462097858531227423e+00 7.985021890917542997e-02
3.495775574363275240e+00 7.802613812128890436e-02
3.529780891721914671e+00 7.623819181432675562e-02
3.564116997366032269e+00 7.448755736551210260e-02
3.598787109053855460e+00 7.277352976665309170e-02
3.633794475844513094e+00 7.109483089379270426e-02
3.669142378402494131e+00 6.945039961707794030e-02
3.704834129305105694e+00 6.784032377348113430e-02
3.740873073352900313e+00 6.626425513519991484e-02
3.777262587883141176e+00 6.472110985912860048e-02
3.814006083086284082e+00 6.321052460924929395e-02
3.851107002325572903e+00 6.173144477052466134e-02
3.888568822459721019e+00 6.028369986791445173e-02
3.926395054168756449e+00 5.886694772349362892e-02
3.964589242282997805e+00 5.748027743207349133e-02
4.003154966115265445e+00 5.612319467756662211e-02
4.042095839796306045e+00 5.479535792799292843e-02
4.081415512613501662e+00 5.349572888400169063e-02
4.121117669352832635e+00 5.221519748681134609e-02
4.161206030644208020e+00 5.098040028023660686e-02
4.201684353310133346e+00 4.975032807011443847e-02
4.242556430717777438e+00 4.857351653662478341e-02
4.283826093134470270e+00 4.739387263942020784e-02
4.325497208086633627e+00 4.626886279089627296e-02
4.367573680722233398e+00 4.515480379599245281e-02
4.410059454176736615e+00 4.406516834795698445e-02
4.452958509942654963e+00 4.299939510829002554e-02
4.496274868242640110e+00 4.195856344822201239e-02
4.540012588406244554e+00 4.093807479847430542e-02
4.584175769250333765e+00 3.994170452013152961e-02
4.628768549463215365e+00 3.896743143045913738e-02
4.673795107992464004e+00 3.801489368628209464e-02
4.719259664436561863e+00 3.708364282710528009e-02
4.765166479440326341e+00 3.617332970554796440e-02
4.811519855094205766e+00 3.527701994175472255e-02
4.858324135337417360e+00 3.441397858236464047e-02
4.905583706365050922e+00 3.356369668633516629e-02
4.953302997039108924e+00 3.273294883923214688e-02
5.001486479303548727e+00 3.192124364470342451e-02
5.050138668603383785e+00 3.112741190471282268e-02
5.099264124307808288e+00 3.035198147253429998e-02
5.148867450137498025e+00 2.959442630066131535e-02
5.198953294596024399e+00 2.885410366706297330e-02
5.249526351405507718e+00 2.813097445340493816e-02
5.300591359946452030e+00 2.742437814667275653e-02
5.352153105701904501e+00 2.673414326600178845e-02
5.404216420705915347e+00 2.605984436880914856e-02
5.456786183996381823e+00 2.540133493992325492e-02
5.509867322072253160e+00 2.475794025667282794e-02
5.563464809355226137e+00 2.412964102059871399e-02
5.617583668655908191e+00 2.351569986655563035e-02
5.672228971644543094e+00 2.291676020180882789e-02
5.727405839326266346e+00 2.233149686306082696e-02
5.783119442521027054e+00 2.175972175339144568e-02
5.839375002348160315e+00 2.120209706520021289e-02
5.896177790715694478e+00 2.065670116849476282e-02
5.953533130814370189e+00 2.012530347763851271e-02
6.011446397616513337e+00 1.960569958087533815e-02
6.069923018379741464e+00 1.909933804265633722e-02
6.128968473155564034e+00 1.860397592023152469e-02
6.188588295302960063e+00 1.812139529584932962e-02
6.248788072006894012e+00 1.764993378939883409e-02
6.309573444801936049e+00 1.718982718072721572e-02
6.370950110100935149e+00 1.673995256850817001e-02
6.432923819728876502e+00 1.630268882362081312e-02
6.495500381461869033e+00 1.587475748491713398e-02
6.558685659571435345e+00 1.545742306467527347e-02
6.622485575374063238e+00 1.505021002519339735e-02
6.686906107786136921e+00 1.465288451742499665e-02
6.751953293884205287e+00 1.426524951239812287e-02
6.817633229470763112e+00 1.388699493329962828e-02
6.883952069645496330e+00 1.351799850429073920e-02
6.950916029382126382e+00 1.315831824160979165e-02
7.018531384110795912e+00 1.280692191243245660e-02
7.086804470306189430e+00 1.246445172779159227e-02
7.155741686081340980e+00 1.213075910664206634e-02
7.225349491787214085e+00 1.180505561020680355e-02
7.295634410618154320e+00 1.148735623148925203e-02
7.366603029223159460e+00 1.117760110613868520e-02
7.438261998323163482e+00 1.087614179485748081e-02
7.510618033334286459e+00 1.058099263666498376e-02
7.583677914997190683e+00 1.029267091193133803e-02
7.657448490012479958e+00 1.001105506626812254e-02
7.731936671682362316e+00 9.740787287621564469e-03
7.807149440558499798e+00 9.474713495780899900e-03
7.883093845096216690e+00 9.215291963697368888e-03
7.959777002314985417e+00 8.962426085304068396e-03
8.037206098465421888e+00 8.715803456065792168e-03
8.115388389702712146e+00 8.475721855499536092e-03
8.194331202766655053e+00 8.241282844574860517e-03
8.274041935668218883e+00 8.013441482360234708e-03
8.354528058382872047e+00 7.791097075303805158e-03
8.435797113550611570e+00 7.574429445471304520e-03
8.517856717182803905e+00 7.363308926550191438e-03
8.600714559375941093e+00 7.157607495677374004e-03
8.684378405032257220e+00 6.957671834783112769e-03
8.768856094587436090e+00 6.761959838722656109e-03
8.854155544745349715e+00 6.571882772964283970e-03
8.940284749219998162e+00 6.386487183173401513e-03
9.027251779484577909e+00 6.206003057260686510e-03
9.115064785527916769e+00 6.028779359451182963e-03
9.203731996618220279e+00 5.859061562756500731e-03
9.293261722074316111e+00 5.692329042627976982e-03
9.383662352044273902e+00 5.530186142628890772e-03
9.474942358291729150e+00 5.371868361560013828e-03
9.567110294989774388e+00 5.217107319346012649e-03
9.660174799522645017e+00 5.067998150948231986e-03
9.754144593295098531e+00 4.922071239867265025e-03
9.849028482549766039e+00 4.779987447422495185e-03
9.944835359192397917e+00 4.641666428423938708e-03
1.004157420162519543e+01 4.507042869795681826e-03
1.013925407558815373e+01 4.375972243166719074e-03
1.023788413500867378e+01 4.248411820666240374e-03
1.033747362285940774e+01 4.124041406817326519e-03
1.043803187202444072e+01 4.003444966876460072e-03
1.053956830617394580e+01 3.885867778388474650e-03
1.064209244064724658e+01 3.771458603466766677e-03
1.074561388334458023e+01 3.660129879451296323e-03
1.085014233562746178e+01 3.551812929605273946e-03
1.095568759322787855e+01 3.446452252903648133e-03
1.106225954716621906e+01 3.343841333043013047e-03
1.116986818467823817e+01 3.244196196184166974e-03
1.127852359015096795e+01 3.147205744213955794e-03
1.138823594606782130e+01 3.053250764093926560e-03
1.149901553396274245e+01 2.961164704242049295e-03
1.161087273538378994e+01 2.871859583917512476e-03
1.172381803286598512e+01 2.784876934590312623e-03
1.183786201091373513e+01 2.700692951517821329e-03
1.195301535699265827e+01 2.618641077378495649e-03
1.206928886253119870e+01 2.538887182394646783e-03
1.218669342393191712e+01 2.461317804934289553e-03
1.230524004359261525e+01 2.385921465144182768e-03
1.242493983093746479e+01 2.312634147818552581e-03
1.254580400345803248e+01 2.241343316224437502e-03
1.266784388776455827e+01 2.172148776090899493e-03
1.279107092064739781e+01 2.104872424415028115e-03
1.291549665014884063e+01 2.039486429531351102e-03
1.304113273664525430e+01 1.975953497242249456e-03
1.316799095393986185e+01 1.914220883831636681e-03
1.329608319036608854e+01 1.854236651953031483e-03
1.342542144990170527e+01 1.795963069463824479e-03
1.355601785329368880e+01 1.739357421699361814e-03
1.368788463919415221e+01 1.684382938452272816e-03
1.382103416530724438e+01 1.630953480182130693e-03
1.395547890954729020e+01 1.578981413953106953e-03
1.409123147120805619e+01 1.528721454660281458e-03
1.422830457214353395e+01 1.479804757312211351e-03
1.436671105796013137e+01 1.432308096210193650e-03
1.450646389922046886e+01 1.386203081803131891e-03
1.464757619265895272e+01 1.341454335620536741e-03
1.479006116240903168e+01 1.297968915986973592e-03
1.493393216124253264e+01 1.255773470034374228e-03
1.507920267182097263e+01 1.214790710429715370e-03
1.522588630795911513e+01 1.175102315286048705e-03
1.537399681590069456e+01 1.136539758118907057e-03
1.552354807560667105e+01 1.099253846918719305e-03
1.567455410205595001e+01 1.062842252712465144e-03
1.582702904655883280e+01 1.027587632821778648e-03
1.598098719808309376e+01 9.934154632028353426e-04
1.613644298459311699e+01 9.602597620260363296e-04
1.629341097440194730e+01 9.281198377594499557e-04
1.645190587753662470e+01 8.969353132552791014e-04
1.661194254711659113e+01 8.667034593710166209e-04
1.677353598074571295e+01 8.373825668978640601e-04
1.693670132191772026e+01 8.089504102283571552e-04
1.710145386143542012e+01 7.813924380484088550e-04
1.726780903884355922e+01 7.546666145087173230e-04
1.743578244387577669e+01 7.287812078559856386e-04
1.760538981791556523e+01 7.036749242475548449e-04
1.777664705547142532e+01 6.793573587882312291e-04
1.794957020566648254e+01 6.557849206260494288e-04
1.812417547374237614e+01 6.329463269869484848e-04
1.830047922257800863e+01 6.108227886154668886e-04
1.847849797422290763e+01 5.893864976412550383e-04
1.865824841144566193e+01 5.686280433866453552e-04
1.883974737929719367e+01 5.485213519184778137e-04
1.902301188668945642e+01 5.290463160381163885e-04
1.920805910798935301e+01 5.101932156048883662e-04
1.939490638462828542e+01 4.919379996983583997e-04
1.958357122672716955e+01 4.742636218056633240e-04
1.977407131473744428e+01 4.571536830587897247e-04
1.996642450109793288e+01 4.405975596798265555e-04
2.016064881190793656e+01 4.245732817341754065e-04
2.035676244861640072e+01 4.090674768052987944e-04
2.055478378972772546e+01 3.940640211592080799e-04
2.075473139252405730e+01 3.795293186585108514e-04
2.095662399480432825e+01 3.655126605580993416e-04
2.116048051664034446e+01 3.519304780628144599e-04
2.136632006214970403e+01 3.388019214166984312e-04
2.157416192128621546e+01 3.261022699383098124e-04
2.178402557164756459e+01 3.138277143458793536e-04
2.199593068030074861e+01 3.019577932233187849e-04
2.220989710562497521e+01 2.904856104247223198e-04
2.242594489917278011e+01 2.794061970608938085e-04
2.264409430754907504e+01 2.686885015056880515e-04
2.286436577430861306e+01 2.583287939090104699e-04
2.308677994187169702e+01 2.483399413105169822e-04
2.331135765345874944e+01 2.386822508043957142e-04
2.353811995504354471e+01 2.293556939653619163e-04
2.376708809732560823e+01 2.203455655148497841e-04
2.399828353772154799e+01 2.116529724976018152e-04
2.423172794237600769e+01 2.032592492906404986e-04
2.446744318819203201e+01 1.951559201045764572e-04
2.470545136488123816e+01 1.873342856750149945e-04
2.494577477703398571e+01 1.797921225453499958e-04
2.518843594620949489e+01 1.725092294999922774e-04
2.543345761304651020e+01 1.654921489078634369e-04
2.568086273939435316e+01 1.587208464343956081e-04
2.593067451046487548e+01 1.521941782977283611e-04
2.618291633700505372e+01 1.458975984218859403e-04
2.643761185749101372e+01 1.398397671183557905e-04
2.669478494034320804e+01 1.339949742969886461e-04
2.695445968616333587e+01 1.283474227336731089e-04
2.721666042999271795e+01 1.229160845367059099e-04
2.748141174359293259e+01 1.176895766709231490e-04
2.774873843774846804e+01 1.126534161947549093e-04
2.801866556459195223e+01 1.078033085681076136e-04
2.829121841995168651e+01 1.031342697354780590e-04
2.856642254572233952e+01 9.864352652987262357e-05
2.884430373225852051e+01 9.432097019220572634e-05
2.912488802079168337e+01 9.015995314748340031e-05
2.940820170587063842e+01 8.615923471621976710e-05
2.969427133782552986e+01 8.231323113878970406e-05
2.998312372525609959e+01 7.861370517209160548e-05
3.027478593754393543e+01 7.505424109228027137e-05
3.056928530738937155e+01 7.163875518612756142e-05
3.086664943337274636e+01 6.835358815557116290e-05
3.116690618254088463e+01 6.520295886741686706e-05
3.147008369301855879e+01 6.217003452547217174e-05
3.177621037664554038e+01 5.926355025810731332e-05
3.208531492163897525e+01 5.646868366528990952e-05
3.239742629528198847e+01 5.379151277900234520e-05
3.271257374663825601e+01 5.122038941290782470e-05
3.303078680929315425e+01 4.875327181242999821e-05
3.335209530412127066e+01 4.639079273922242554e-05
3.367652934208116022e+01 4.412440482205059631e-05
3.400411932703705986e+01 4.195210472080556854e-05
3.433489595860830690e+01 3.987100883955246741e-05
3.466889023504609213e+01 3.787779598056575144e-05
3.500613345613854221e+01 3.596965138855460071e-05
3.534665722614391115e+01 3.414266771157498158e-05
3.569049345675229290e+01 3.239576545213612111e-05
3.603767437007633134e+01 3.072183306068604629e-05
3.638823250167062184e+01 2.912701423315784569e-05
3.674220070358090595e+01 2.759374725015676616e-05
3.709961214742267543e+01 2.613379567147447276e-05
3.746050032748993175e+01 2.473780394716642138e-05
3.782489906389385936e+01 2.340437925186768459e-05
3.819284250573236505e+01 2.213314530999198467e-05
3.856436513429023449e+01 2.091718215396434297e-05
3.893950176627063087e+01 1.975990121290334037e-05
3.931828755705770106e+01 1.865669628979021823e-05
3.970075800401124155e+01 1.760121968424714894e-05
4.008694894979318946e+01 1.661218123984122249e-05
4.047689658572676308e+01 1.565366227598596180e-05
4.087063745518780422e+01 1.474145419862093899e-05
4.126820845702955864e+01 1.387571025603785890e-05
4.166964684904057492e+01 1.305086052102834267e-05
4.207499025143619065e+01 1.226995977961795473e-05
4.248427665038425260e+01 1.152587076171729902e-05
4.289754440156466586e+01 1.082070626460668509e-05
4.331483223376402947e+01 1.015183380874780026e-05
4.373617925250492533e+01 9.517419639672702040e-06
4.416162494371084790e+01 8.915792539019333081e-06
4.459120917740628443e+01 8.346307622454120562e-06
4.502497221145327444e+01 7.805542219784793816e-06
4.546295469532399380e+01 7.293758916167297468e-06
4.590519767391037220e+01 6.810788378874000844e-06
4.635174259137027519e+01 6.353753913119326667e-06
4.680263129501155817e+01 5.922581649428810090e-06
4.725790603921362276e+01 5.514261443315628067e-06
4.771760948938745628e+01 5.130058414003687496e-06
4.818178472597362827e+01 4.767411544113254057e-06
4.865047524847972937e+01 4.426056060672251216e-06
4.912372497955678341e+01 4.104876420018485526e-06
4.960157826911540724e+01 3.802355287758757628e-06
5.008407989848212338e+01 3.518389758583199089e-06
5.057127508459573306e+01 3.251947397143784723e-06
5.106320948424492911e+01 3.001599607007553140e-06
5.155992919834686461e+01 2.767270307652677563e-06
5.206148077626762216e+01 2.548842583169787382e-06
5.256791122018424289e+01 2.343078294338900734e-06
5.307926798948964375e+01 2.151471261311357773e-06
5.359559900524011766e+01 1.972373304710945769e-06
5.411695265464637572e+01 1.805655075786643004e-06
5.464337779560780461e+01 1.650323069382112272e-06
5.517492376129128928e+01 1.505174126272425234e-06
5.571164036475430237e+01 1.370979482257919400e-06
5.625357790361330501e+01 1.246718093680803738e-06
5.680078716475694733e+01 1.131496635556473181e-06
5.735331942910571712e+01 1.024643627104173482e-06
5.791122647641758192e+01 9.260208136390554560e-07
5.847456059014062646e+01 8.351427576985017441e-07
5.904337456231242243e+01 7.515378610560594344e-07
5.961772169850755887e+01 6.744747565668123968e-07
6.019765582283304184e+01 6.039891840201089876e-07
6.078323128297230227e+01 5.392479992485877674e-07
6.137450295527852973e+01 4.801441191378262592e-07
6.197152624991698389e+01 4.262922374085807972e-07
6.257435711605789663e+01 3.772820115394636804e-07
6.318305204711957401e+01 3.328198741859946226e-07
6.379766808606282069e+01 2.925404423487639231e-07
6.441826283073628190e+01 2.562178702576816666e-07
6.504489443927437264e+01 2.234677186127943062e-07
6.567762163554736787e+01 1.941292911749171220e-07
6.631650371466487570e+01 1.678624862984725075e-07
6.696160054853221766e+01 1.454478100634052258e-07
6.761297259146149941e+01 1.227476972884271538e-07
6.827068088583682481e+01 1.044868152470400361e-07
6.893478706783510290e+01 8.814150388608924582e-08
6.960535337320180815e+01 7.408639763033567783e-08
7.028244264308352740e+01 6.157239687213450152e-08
7.096611832991698066e+01 5.098728560662397328e-08
7.165644450337531168e+01 4.162003111632862448e-08
7.235348585637258623e+01 3.385358943380871599e-08
7.305730771112592947e+01 2.702871739251925245e-08
7.376797602527737752e+01 2.150492683787517038e-08
7.448555739807494547e+01 1.689703613956425280e-08
7.521011907661404905e+01 1.308880994522846198e-08
7.594172896213913759e+01 9.973151359999196287e-09
7.668045561640717267e+01 7.455852548261996795e-09
7.742636826811269657e+01 5.456943336363622176e-09
7.817953681937576960e+01 3.895054969992845838e-09
7.894003185229233566e+01 2.699900096633699352e-09
7.970792463554894880e+01 1.805474716320395309e-09
8.048328713110151966e+01 1.157587944286272355e-09
8.126619200091946027e+01 7.030462044828767873e-10
8.205671261379453085e+01 3.990184828649347108e-10
8.285492305221690401e+01 2.068895411072246657e-10
8.366089811931756515e+01 9.465904548614925571e-11
8.447471334587828551e+01 3.606822329587074332e-11
8.529644499741024788e+01 1.021638779233183720e-11
8.612617008130067120e+01 1.642030504742304513e-12
8.696396635402970787e+01 0.000000000000000000e+00
