1.000000000000000021e-02 1.745015443545257172e+00
1.009727545900835841e-02 1.745011373492543205e+00
1.019549716950923779e-02 1.745007114917188629e+00
1.029467433620748044e-02 1.745002454322585494e+00
1.039481625334708927e-02 1.744998028316372851e+00
1.049593230558227772e-02 1.744993537194980071e+00
1.059803196885688789e-02 1.744990373421627439e+00
1.070112481129246833e-02 1.744984314746178988e+00
1.080522049408488318e-02 1.744981482637341097e+00
1.091032877240974419e-02 1.744976543724130691e+00
1.101645949633656314e-02 1.744971504597641054e+00
1.112362261175187626e-02 1.744966358012829843e+00
1.123182816129126085e-02 1.744961104083771364e+00
1.134108628528052165e-02 1.744955729226770780e+00
1.145140722268592030e-02 1.744950217685405258e+00
1.156280131207376022e-02 1.744944604782932007e+00
1.167527899257919492e-02 1.744938848765544170e+00
1.178885080488457221e-02 1.744932952385322533e+00
1.190352739220719262e-02 1.744926947997007982e+00
1.201931950129673729e-02 1.744920832523337628e+00
1.213623798344241195e-02 1.744914602583133467e+00
1.225429379548980714e-02 1.744908230398423576e+00
1.237349800086776086e-02 1.744901747576204309e+00
1.249386177062509519e-02 1.744895139195639100e+00
1.261539638447754796e-02 1.744888393600429133e+00
1.273811323186478488e-02 1.744881627188320961e+00
1.286202381301779218e-02 1.744874733700287672e+00
1.298713974003655978e-02 1.744867667730363614e+00
1.311347273797833224e-02 1.744860455218247619e+00
1.324103464595636874e-02 1.744852944558284102e+00
1.336983741824946531e-02 1.744845445851908261e+00
1.349989312542219239e-02 1.744837765753414649e+00
1.363121395545611320e-02 1.744829980218455923e+00
1.376381221489191876e-02 1.744822048203042320e+00
1.389770032998276401e-02 1.744814004519166240e+00
1.403289084785873213e-02 1.744805911863299031e+00
1.416939643770268736e-02 1.744802406191616750e+00
1.430722989193757184e-02 1.744793977723571476e+00
1.444640412742520530e-02 1.744785360326250423e+00
1.458693218667675602e-02 1.744776557709617260e+00
1.472882723907502529e-02 1.744766527273369672e+00
1.487210258210860774e-02 1.744757476801341189e+00
1.501677164261799868e-02 1.744748259660723111e+00
1.516284797805393485e-02 1.744735804030118631e+00
1.531034527774784160e-02 1.744726384888295900e+00
1.545927736419477720e-02 1.744719507295077632e+00
1.560965819434872483e-02 1.744709472484196944e+00
1.576150186093060873e-02 1.744700031695734843e+00
1.591482259374891323e-02 1.744688737168290871e+00
1.606963476103326349e-02 1.744678032537253065e+00
1.622595287078087284e-02 1.744667146573920524e+00
1.638379157211618947e-02 1.744656041283852765e+00
1.654316565666366645e-02 1.744644420062473111e+00
1.670409005993399310e-02 1.744633556777647421e+00
1.686657986272368723e-02 1.744621884059764483e+00
1.703065029252844378e-02 1.744609811033991820e+00
1.719631672497009753e-02 1.744598012925173913e+00
1.736359468523754335e-02 1.744585742104306281e+00
1.753249984954170088e-02 1.744573143844999619e+00
1.770304804658450262e-02 1.744560268799830283e+00
1.787525525904235316e-02 1.744546992531955443e+00
1.804913762506383731e-02 1.744533754890215782e+00
1.822471143978214581e-02 1.744520173311481903e+00
1.840199315684210371e-02 1.744508113594982923e+00
1.858099938994215231e-02 1.744492315423770590e+00
1.876174691439120440e-02 1.744477967585756462e+00
1.894425266868081034e-02 1.744463290537672906e+00
1.912853375607242307e-02 1.744448229002987460e+00
1.931460744620030340e-02 1.744432889273781928e+00
1.950249117668984011e-02 1.744417534977019457e+00
1.969220255479172538e-02 1.744401377204413794e+00
1.988375935903200636e-02 1.744385170650544881e+00
2.007717954087816226e-02 1.744368573834345737e+00
2.027248122642137662e-02 1.744351619072999959e+00
2.046968271807520987e-02 1.744335363363620939e+00
2.066880249629082095e-02 1.744317912770517953e+00
2.086985922128879734e-02 1.744300182196823590e+00
2.107287173480786382e-02 1.744280846564151721e+00
2.127785906187062287e-02 1.744263189110471401e+00
2.148484041256648255e-02 1.744243162986549356e+00
2.169383518385184506e-02 1.744223810662464347e+00
2.190486296136792688e-02 1.744204023671188653e+00
2.211794352127614133e-02 1.744184206614797450e+00
2.233309683211144592e-02 1.744163799462371101e+00
2.255034305665360936e-02 1.744142963538271252e+00
2.276970255381680075e-02 1.744122110819753546e+00
2.299119588055741764e-02 1.744100483217882136e+00
2.321484379380064564e-02 1.744078393234519186e+00
2.344066725238556220e-02 1.744055978464030376e+00
2.366868741902936057e-02 1.744033111473349607e+00
2.389892566231050300e-02 1.744009859773768767e+00
2.413140355867127856e-02 1.743986005031688213e+00
2.436614289443983158e-02 1.743961814037881419e+00
2.460316566787181664e-02 1.743937044230872369e+00
2.484249409121190577e-02 1.743911841555088715e+00
2.508415059277539771e-02 1.743886036275447582e+00
2.532815781905008515e-02 1.743859669170264137e+00
2.557453863681850847e-02 1.743832962392043662e+00
2.582331613530085626e-02 1.743805615358120065e+00
2.607451362831877603e-02 1.743777840526280931e+00
2.632815465648021339e-02 1.743746143555796158e+00
2.658426298938541474e-02 1.743717338988866494e+00
2.684286262785454819e-02 1.743691263293922544e+00
2.710397780617682106e-02 1.743661093670733298e+00
2.736763299438163891e-02 1.743629668093036544e+00
2.763385290053169824e-02 1.743598287683907344e+00
2.790266247303856487e-02 1.743566234821152472e+00
2.817408690300057458e-02 1.743533558300350839e+00
2.844815162656363222e-02 1.743500331251749857e+00
2.872488232730495070e-02 1.743466470238629773e+00
2.900430493863991738e-02 1.743431870417982310e+00
2.928644564625237229e-02 1.743396498509915515e+00
2.957133089054861039e-02 1.743361537857360144e+00
2.985898736913520854e-02 1.743324883478708953e+00
3.014944203932094433e-02 1.743286655006000441e+00
3.044272212064302874e-02 1.743248790004114701e+00
3.073885509741795460e-02 1.743210041604649652e+00
3.103786872131722788e-02 1.743170483057312037e+00
3.133979101396793671e-02 1.743130317492935344e+00
3.164465026957891114e-02 1.743091874660742002e+00
3.195247505759213347e-02 1.743050327309554559e+00
3.226329422536015901e-02 1.743007978553906989e+00
3.257713690084949876e-02 1.742964521194058314e+00
3.289403249537032475e-02 1.742920182933241469e+00
3.321401070633261954e-02 1.742875406988105391e+00
3.353710152002930406e-02 1.742829325077545732e+00
3.386333521444636480e-02 1.742782212355054705e+00
3.419274236210027851e-02 1.742734048861890095e+00
3.452535383290306070e-02 1.742685003323833248e+00
3.486120079705520153e-02 1.742635013849493930e+00
3.520031472796678745e-02 1.742584083541042883e+00
3.554272740520694751e-02 1.742532104524772585e+00
3.588847091748199186e-02 1.742479257220354683e+00
3.623757766564258964e-02 1.742425179803513746e+00
3.659008036572020811e-02 1.742369921796592669e+00
3.694601205199302130e-02 1.742313435438489266e+00
3.730540608008161424e-02 1.742255644086836863e+00
3.766829613007490613e-02 1.742196821131391182e+00
3.803471620968648659e-02 1.742137001860389667e+00
3.840470065744145539e-02 1.742075827338130933e+00
3.877828414589457040e-02 1.742013713143667708e+00
3.915550168487941241e-02 1.741950548378804919e+00
3.953638862478930927e-02 1.741886347875762242e+00
3.992098065989020672e-02 1.741821436572090986e+00
4.030931383166566628e-02 1.741755456352099829e+00
4.070142453219438572e-02 1.741688471202445188e+00
4.109734950756069316e-02 1.741621454386427459e+00
4.149712586129815362e-02 1.741549156575533441e+00
4.190079105786669034e-02 1.741478533995759914e+00
4.230838292616342228e-02 1.741405426006921164e+00
4.271993966306778662e-02 1.741330614076779471e+00
4.313549983702118923e-02 1.741254197273857107e+00
4.355510239164130798e-02 1.741175657548087008e+00
4.397878664937160398e-02 1.741095816218050540e+00
4.440659231516640160e-02 1.741014364140599291e+00
4.483855948021186338e-02 1.740932782170301563e+00
4.527472862568297785e-02 1.740846333388406331e+00
4.571514062653719151e-02 1.740762528775297469e+00
4.615983675534499064e-02 1.740675282767729426e+00
4.660885868615767536e-02 1.740586365021169479e+00
4.706224849841281199e-02 1.740497093452762600e+00
4.752004868087766204e-02 1.740403787389165124e+00
4.798230213563085128e-02 1.740309996139759896e+00
4.844905218208294534e-02 1.740214356310660682e+00
4.892034256103611894e-02 1.740116834713589133e+00
4.939621743878321036e-02 1.740017386225745977e+00
4.987672141124663283e-02 1.739916245658162275e+00
5.036189950815770505e-02 1.739812495440415274e+00
5.085179719727656034e-02 1.739706145527665671e+00
5.134646038865306461e-02 1.739598294388435606e+00
5.184593543892913187e-02 1.739487168079957291e+00
5.235026915568305461e-02 1.739373977737931565e+00
5.285950880181603667e-02 1.739258532906325927e+00
5.337370209998133774e-02 1.739143220602515916e+00
5.389289723705643909e-02 1.739024202281909570e+00
5.441714286865893119e-02 1.738904075600221644e+00
5.494648812370611646e-02 1.738781072287976848e+00
5.548098260901916656e-02 1.738655599102457483e+00
5.602067641397187603e-02 1.738527418379353318e+00
5.656562011518465050e-02 1.738396615153315228e+00
5.711586478126431943e-02 1.738263669987976989e+00
5.767146197758996756e-02 1.738127422746080120e+00
5.823246377114527778e-02 1.737988975791213031e+00
5.879892273539785025e-02 1.737847812986468288e+00
5.937089195522609469e-02 1.737704127512172292e+00
5.994842503189409116e-02 1.737557103765717370e+00
6.053157608807464840e-02 1.737406965184206786e+00
6.112039977292132997e-02 1.737252668534562172e+00
6.171495126718981594e-02 1.737098216436588460e+00
6.231528628840921763e-02 1.736938956472017237e+00
6.292146109610344262e-02 1.736777756507765336e+00
6.353353249706343575e-02 1.736612239809386393e+00
6.415155785067082339e-02 1.736443499160981618e+00
6.477559507427335661e-02 1.736272965652188693e+00
6.540570264861225724e-02 1.736099503021166113e+00
6.604193962330305590e-02 1.735921552138758095e+00
6.668436562236895737e-02 1.735741556936019059e+00
6.733304084982863480e-02 1.735557044293822404e+00
6.798802609533814711e-02 1.735368060781567134e+00
6.864938273988777095e-02 1.735175948969798654e+00
6.931717276155408003e-02 1.734981289116331871e+00
6.999145874130821565e-02 1.734782448775598507e+00
7.067230386888070925e-02 1.734578621379751828e+00
7.135977194868306506e-02 1.734371252388536400e+00
7.205392740578704658e-02 1.734160666684656738e+00
7.275483529196229149e-02 1.733944513831222611e+00
7.346256129177256011e-02 1.733724195195815110e+00
7.417717172873124210e-02 1.733501372999678658e+00
7.489873357151664857e-02 1.733273100752096729e+00
7.562731444024800576e-02 1.733039658849123921e+00
7.636298261282241373e-02 1.732802091564504599e+00
7.710580703131336699e-02 1.732560972624698881e+00
7.785585730843146146e-02 1.732314436340320007e+00
7.861320373404813433e-02 1.732063884390369735e+00
7.937791728178281159e-02 1.731807778716849544e+00
8.015006961565404597e-02 1.731544714998531243e+00
8.092973309679550586e-02 1.731279078442979458e+00
8.171698079023696770e-02 1.731009773421524400e+00
8.251188647175167201e-02 1.730731944868670658e+00
8.331452463477014014e-02 1.730452090514713381e+00
8.412497049736118726e-02 1.730165432179889828e+00
8.494330000928071445e-02 1.729873009354711222e+00
8.576958985908941790e-02 1.729574878262195581e+00
8.660391748133952627e-02 1.729271735086298944e+00
8.744636106383144036e-02 1.728962319107467671e+00
8.829699955494091368e-02 1.728646956035275739e+00
8.915591267101763417e-02 1.728324421034306502e+00
9.002318090385581784e-02 1.727996460335086137e+00
9.089888552823731371e-02 1.727660466191778266e+00
9.178310860954806694e-02 1.727325364440030375e+00
9.267593301146882789e-02 1.726975001664539322e+00
9.357744240374062106e-02 1.726621419565042004e+00
9.448772127000577836e-02 1.726261085529475547e+00
9.540685491572513388e-02 1.725893303881181007e+00
9.633492947617222635e-02 1.725517386616389093e+00
9.727203192450542546e-02 1.725137268251248024e+00
9.821825007991856482e-02 1.724748313497096674e+00
9.917367261587073379e-02 1.724348523682027734e+00
1.001383890683960748e-01 1.723947183288938367e+00
1.011124898444945991e-01 1.723532096936953417e+00
1.020960662306047012e-01 1.723113020251179295e+00
1.030892104011576216e-01 1.722684510655365653e+00
1.040920154272158005e-01 1.722250864544626170e+00
1.051045752851944987e-01 1.721806033953039217e+00
1.061269848656690717e-01 1.721354145128698887e+00
1.071593399822671072e-01 1.720891913698403108e+00
1.082017373806478805e-01 1.720422780706000188e+00
1.092542747475682557e-01 1.719942711306168270e+00
1.103170507200377515e-01 1.719454881703725624e+00
1.113901648945616746e-01 1.718957827299584018e+00
1.124737178364751955e-01 1.718451652356454584e+00
1.135678110893671017e-01 1.717934040136409157e+00
1.146725471845963656e-01 1.717406252571494818e+00
1.157880296509002094e-01 1.716871066432863691e+00
1.169143630240966764e-01 1.716325106400452549e+00
1.180516528568804902e-01 1.715765929415651092e+00
1.192000057287153220e-01 1.715204740008753781e+00
1.203595292558212876e-01 1.714620478722852503e+00
1.215303321012602134e-01 1.714028213337295270e+00
1.227125239851190319e-01 1.713428833370598481e+00
1.239062156947916271e-01 1.712818647776567893e+00
1.251115190953615564e-01 1.712195915970816884e+00
1.263285471400849291e-01 1.711560678978497618e+00
1.275574138809759950e-01 1.710914389297995220e+00
1.287982344794950385e-01 1.710253918447645294e+00
1.300511252173409127e-01 1.709582824810557788e+00
1.313162035073478784e-01 1.708897393925180586e+00
1.325935879044890797e-01 1.708199740622875051e+00
1.338833981169864351e-01 1.707489568290796011e+00
1.351857550175293021e-01 1.706764899230942101e+00
1.365007806546013891e-01 1.706026607603387202e+00
1.378285982639189389e-01 1.705274036033352925e+00
1.391693322799789911e-01 1.704506457559655130e+00
1.405231083477211373e-01 1.703726748255975698e+00
1.418900533343016301e-01 1.702934204863067347e+00
1.432702953409830948e-01 1.702125952432599343e+00
1.446639637151387880e-01 1.701301401313011885e+00
1.460711890623745679e-01 1.700461327679212653e+00
1.474921032587684921e-01 1.699605318834484624e+00
1.489268394632288772e-01 1.698734889255527847e+00
1.503755321299738434e-01 1.697846119368121354e+00
1.518383170211306810e-01 1.696941407992441420e+00
1.533153312194593942e-01 1.696019858373181366e+00
1.548067131411984265e-01 1.695082179491522290e+00
1.563126025490369497e-01 1.694124665462753754e+00
1.578331405652117214e-01 1.693150418849424188e+00
1.593684696847328941e-01 1.692158423534442013e+00
1.609187337887370006e-01 1.691148829402211895e+00
1.624840781579713067e-01 1.690121282196273222e+00
1.640646494864078653e-01 1.689076414034559770e+00
1.656605958949914359e-01 1.688007487246955263e+00
1.672720669455196874e-01 1.686921654497528733e+00
1.688992136546599021e-01 1.685815169856073048e+00
1.705421885081006561e-01 1.684688937596086955e+00
1.722011454748421100e-01 1.683540848503122245e+00
1.738762400216251336e-01 1.682373534331052634e+00
1.755676291275001522e-01 1.681180819155230655e+00
1.772754712985387948e-01 1.679968777140296909e+00
1.789999265826875408e-01 1.678733931807399271e+00
1.807411565847668600e-01 1.677477472494191435e+00
1.824993244816152382e-01 1.676198766678620222e+00
1.842745950373816666e-01 1.674896269077654765e+00
1.860671346189656239e-01 1.673570602348515735e+00
1.878771112116086051e-01 1.672220170429506547e+00
1.897046944346358344e-01 1.670853633120253035e+00
1.915500555573527997e-01 1.669440031797034596e+00
1.934133675150944698e-01 1.668020361678647756e+00
1.952948049254327745e-01 1.666568291164232107e+00
1.971945441045395986e-01 1.665089509689578584e+00
1.991127630837108697e-01 1.663586997717813265e+00
2.010496416260497965e-01 1.662058639895507506e+00
2.030053612433137811e-01 1.660501704030383108e+00
2.049801052129238688e-01 1.658916503564072720e+00
2.069740585951406198e-01 1.657302055325892365e+00
2.089874082504071251e-01 1.655658636254010441e+00
2.110203428568595552e-01 1.653987021709451666e+00
2.130730529280097374e-01 1.652288240630449989e+00
2.151457308305980698e-01 1.650554772664655001e+00
2.172385708026215445e-01 1.648788662776130565e+00
2.193517689715359098e-01 1.646995334674170364e+00
2.214855233726360506e-01 1.645173228021739931e+00
2.236400339676138660e-01 1.643316256321339264e+00
2.258155026632983065e-01 1.641423576025571540e+00
2.280121333305757114e-01 1.639500192219676133e+00
2.302301318234963867e-01 1.637547698818085706e+00
2.324697059985647851e-01 1.635557356578743127e+00
2.347310657342196183e-01 1.633529677100495459e+00
2.370144229505012079e-01 1.631468356444840451e+00
2.393199916289123208e-01 1.629372041510063429e+00
2.416479878324700736e-01 1.627241409866541311e+00
2.439986297259550130e-01 1.625071465642809576e+00
2.463721375963552895e-01 1.622866238061101418e+00
2.487687338735107279e-01 1.620622105019081660e+00
2.511886431509580686e-01 1.618339257619442639e+00
2.536320922069775774e-01 1.616017730503058303e+00
2.560993100258459609e-01 1.613657232706555034e+00
2.585905278192945911e-01 1.611255746512493703e+00
2.611059790481781162e-01 1.608813702816085378e+00
2.636458994443517945e-01 1.606331014076312069e+00
2.662105270327638773e-01 1.603806841743681266e+00
2.688001021537606006e-01 1.601240928271495889e+00
2.714148674856106669e-01 1.598632119154601350e+00
2.740550680672460548e-01 1.595976325265733076e+00
2.767209513212268712e-01 1.593278786867855290e+00
2.794127670769268601e-01 1.590538981965964105e+00
2.821307675939472293e-01 1.587752337655438772e+00
2.848752075857552413e-01 1.584918813349122990e+00
2.876463442435557849e-01 1.582039631538795899e+00
2.904444372603925406e-01 1.579113590878699069e+00
2.932697488554852905e-01 1.576140950379456340e+00
2.961225437988035947e-01 1.573118634793311044e+00
2.990030894358785551e-01 1.570046909807996549e+00
3.019116557128577738e-01 1.566926597066302884e+00
3.048485152018017286e-01 1.563758007568139874e+00
3.078139431262288950e-01 1.560538173461854417e+00
3.108082173869063936e-01 1.557263582834602866e+00
3.138316185878944342e-01 1.553940131449468076e+00
3.168844300628416155e-01 1.550564351259320128e+00
3.199669379015380732e-01 1.547132743052662240e+00
3.230794309767249795e-01 1.543652903869495052e+00
3.262222009711669979e-01 1.540116591936171453e+00
3.293955424049855307e-01 1.536522538070328237e+00
3.325997526632606949e-01 1.532877273187883693e+00
3.358351320238990301e-01 1.529172479934069573e+00
3.391019836857747105e-01 1.525412538757412895e+00
3.424006137971423724e-01 1.521598241299773946e+00
3.457313314843284413e-01 1.517721345937682820e+00
3.490944488806992929e-01 1.513788954392160768e+00
3.524902811559130766e-01 1.509798622450025496e+00
3.559191465454557002e-01 1.505746637889259887e+00
3.593813663804627523e-01 1.501604804546139871e+00
3.628772651178337472e-01 1.497464938178424187e+00
3.664071703706370808e-01 1.493233704659954864e+00
3.699714129388128048e-01 1.488939239440788764e+00
3.735703268401719401e-01 1.484584209914893371e+00
3.772042493416999376e-01 1.480294581950001520e+00
3.808735209911614517e-01 1.475691583352176428e+00
3.845784856490158665e-01 1.471139456769829268e+00
3.883194905206404091e-01 1.466530700668375875e+00
3.920968861888690649e-01 1.461851969554301078e+00
3.959110266468458539e-01 1.457114760463748881e+00
3.997622693312000708e-01 1.452312201349144294e+00
4.036509751555413805e-01 1.447442943631961798e+00
4.075775085442840395e-01 1.442506495748320905e+00
4.115422374667966343e-01 1.437503356062423743e+00
4.155455334718875515e-01 1.432431548424370593e+00
4.195877717226225712e-01 1.427293766312358825e+00
4.236693310314835759e-01 1.422089714212631417e+00
4.277905938958687093e-01 1.416814154148571481e+00
4.319519465339363706e-01 1.411470836982888111e+00
4.361537789208005944e-01 1.406061932554234284e+00
4.403964848250754294e-01 1.400578458937195014e+00
4.446804618457780300e-01 1.395033563716684633e+00
4.490061114495874639e-01 1.389412134042238955e+00
4.533738390084691150e-01 1.383724182603418118e+00
4.577840538376618529e-01 1.377968154767166276e+00
4.622371692340384031e-01 1.372139154505098269e+00
4.667336025148346446e-01 1.366267151497400301e+00
4.712737750567601580e-01 1.360267698899409572e+00
4.758581123354846953e-01 1.354228260475288437e+00
4.804870439655131720e-01 1.348117578178261278e+00
4.851610037404442966e-01 1.341934267317646645e+00
4.898804296736250508e-01 1.335681136418117365e+00
4.946457640391963562e-01 1.329359549436253563e+00
4.994574534135413635e-01 1.322964261740483538e+00
5.043159487171361421e-01 1.316499200075830878e+00
5.092217052568053237e-01 1.309963997688748494e+00
5.141751827683928022e-01 1.303358825242697527e+00
5.191768454598426619e-01 1.296642607461944152e+00
5.242271620547044320e-01 1.289934672983900521e+00
5.293266058360561743e-01 1.283121135852327344e+00
5.344756546908600026e-01 1.276233699825937817e+00
5.396747911547442600e-01 1.269282057724915758e+00
5.449245024572260121e-01 1.262253570272139136e+00
5.502252805673685243e-01 1.255159963792604527e+00
5.555776222398878250e-01 1.247999313120099263e+00
5.609820290617031358e-01 1.240769478696218897e+00
5.664390074989449353e-01 1.233474248407031348e+00
5.719490689444144405e-01 1.226107829138279426e+00
5.775127297655114900e-01 1.218679484775131439e+00
5.831305113526221717e-01 1.211181734286454814e+00
5.888029401679826247e-01 1.203571292848977459e+00
5.945305477950136863e-01 1.195996042841503959e+00
6.003138709881384871e-01 1.188301140509722131e+00
6.061534517230839914e-01 1.180551327940988715e+00
6.120498372476699256e-01 1.172735567850938354e+00
6.180035801330957534e-01 1.164859416110755719e+00
6.240152383257209223e-01 1.156918597277956984e+00
6.300853751993553686e-01 1.148923049191290957e+00
6.362145596080520660e-01 1.140864221716737292e+00
6.424033659394193796e-01 1.132747751477922060e+00
6.486523741684461219e-01 1.124577897433069795e+00
6.549621699118558515e-01 1.116348285526818085e+00
6.613333444829840868e-01 1.108065776492061616e+00
6.677664949471955325e-01 1.099719735178127378e+00
6.742622241778342129e-01 1.091340025901065713e+00
6.808211409127237213e-01 1.082896491499505176e+00
6.874438598112112553e-01 1.074406985163310013e+00
6.941310015117725385e-01 1.065864735972580357e+00
7.008831926901714082e-01 1.057275620833637797e+00
7.077010661181889484e-01 1.048643653567164380e+00
7.145852607229240538e-01 1.039965174017015936e+00
7.215364216466665370e-01 1.031237341247805306e+00
7.285552003073593186e-01 1.022454693401539938e+00
7.356422544596413760e-01 1.013667462992040358e+00
7.427982482564918776e-01 1.004825456817970197e+00
7.500238523114668432e-01 9.959198750745220652e-01
7.573197437615483141e-01 9.870227915348287473e-01
7.646866063305975958e-01 9.780703378506941936e-01
7.721251303934327792e-01 9.690845870057420708e-01
7.796360130405233235e-01 9.600696147898792887e-01
7.872199581433195759e-01 9.510249294581996082e-01
7.948776764202123424e-01 9.419508301740181500e-01
8.026098855031396084e-01 9.328504355415006000e-01
8.104173100048355227e-01 9.237276310349920028e-01
8.183006815867394090e-01 9.145828607929762377e-01
8.262607390275591435e-01 9.054207822159546781e-01
8.342982282925082149e-01 8.962345499588429965e-01
8.424139026032094746e-01 8.870187496033858920e-01
8.506085225082840040e-01 8.778183621735701214e-01
8.588828559546254349e-01 8.685840354481916270e-01
8.672376783593644944e-01 8.593531840488078943e-01
8.756737726825394308e-01 8.501048208860140232e-01
8.841919295004664336e-01 8.408511142087413681e-01
8.927929470798307010e-01 8.315844717056963820e-01
9.014776314524917122e-01 8.223288117413217746e-01
9.102467964910225806e-01 8.130658479523376059e-01
9.191012639849772681e-01 8.038041384918126475e-01
9.280418637179072006e-01 7.945426546121922007e-01
9.370694335451198453e-01 7.852888226034034913e-01
9.461848194722002336e-01 7.760394177473777244e-01
9.553888757342895444e-01 7.668026041294420114e-01
9.646824648761427312e-01 7.575746063642244676e-01
9.740664578329562007e-01 7.483577262947871400e-01
9.835417340119908536e-01 7.391595819039539217e-01
9.931091813749796104e-01 7.299773155996446272e-01
1.002769696521346621e+00 7.208123664428890409e-01
1.012524184772224167e+00 7.116694344268821304e-01
1.022373560255302127e+00 7.025508937498737838e-01
1.032318745990486564e+00 6.934549110364369717e-01
1.042360673976402197e+00 6.843851904920708051e-01
1.052500285277732761e+00 6.753480293573328463e-01
1.062738530113414459e+00 6.663412457801386468e-01
1.073076367945679621e+00 6.573591628575962131e-01
1.083514767569973225e+00 6.484197927694278496e-01
1.094054707205742494e+00 6.395120697397507215e-01
1.104697174588111785e+00 6.306459721092351201e-01
1.115443167060441221e+00 6.218144346076829310e-01
1.126293691667795249e+00 6.130264214752558782e-01
1.137249765251314271e+00 6.042855205646662231e-01
1.148312414543511073e+00 5.955842033438385474e-01
1.159482676264482759e+00 5.869342495597105192e-01
1.170761597219069250e+00 5.783293894050014483e-01
1.182150234394952371e+00 5.697716267836231419e-01
1.193649655061713055e+00 5.612719944498119062e-01
1.205260936870842681e+00 5.528225897584645443e-01
1.216985167956738056e+00 5.444260626868432373e-01
1.228823447038673411e+00 5.360862192997202236e-01
1.240776883523764251e+00 5.278025686358768231e-01
1.252846597610937529e+00 5.195800238605197130e-01
1.265033720395903893e+00 5.114176021138093775e-01
1.277339393977160009e+00 5.033136776701095938e-01
1.289764771563017165e+00 4.951585279920135974e-01
1.302311017579677488e+00 4.872996368227789366e-01
1.314979307780347773e+00 4.793881514026883117e-01
1.327770829355430449e+00 4.715440101708505138e-01
1.340686781043774811e+00 4.637675597744926326e-01
1.353728373245021821e+00 4.560567817907615340e-01
1.366896828133026487e+00 4.484170869499530254e-01
1.380193379770397355e+00 4.408478977179656200e-01
1.393619274224142002e+00 4.333517485442709982e-01
1.407175769682446731e+00 4.259250791939550584e-01
1.420864136572576708e+00 4.185699943797892009e-01
1.434685657679937831e+00 4.112900571978231890e-01
1.448641628268290127e+00 4.040872960276954418e-01
1.462733356201129986e+00 3.969570496042786889e-01
1.476962162064259898e+00 3.899020230178998903e-01
1.491329379289537682e+00 3.829337347295037608e-01
1.505836354279841416e+00 3.760209977186529939e-01
1.520484446535244283e+00 3.691992953185214699e-01
1.535275028780422657e+00 3.624534907302425779e-01
1.550209487093291205e+00 3.557860686901064273e-01
1.565289221034902312e+00 3.491953411142453279e-01
1.580515643780601165e+00 3.426928842717953949e-01
1.595890182252465817e+00 3.362560373607774711e-01
1.611414277253019778e+00 3.299056694364540521e-01
1.627089383600260675e+00 3.236262650485240422e-01
1.642916970263993193e+00 3.173787013612103247e-01
1.658898520503498064e+00 3.113311340159460872e-01
1.675035532006524441e+00 3.052988005841607011e-01
1.691329517029648732e+00 2.993509519862595503e-01
1.707782002539993016e+00 2.934846019270103690e-01
1.724394530358320354e+00 2.876670810545677859e-01
1.741168657303530987e+00 2.819801043428206699e-01
1.758105955338547632e+00 2.763511109053402026e-01
1.775208011717636092e+00 2.708001729780412647e-01
1.792476429135148930e+00 2.652775643509283077e-01
1.809912825875727105e+00 2.599435254799571937e-01
1.827518835965944666e+00 2.546381908421478379e-01
1.845296109327445366e+00 2.493665578304869179e-01
1.863246311931559873e+00 2.441995925596262274e-01
1.881371125955437096e+00 2.391735944237501077e-01
1.899672249939675650e+00 2.341769470159165423e-01
1.918151398947507635e+00 2.292650273640015612e-01
1.936810304725519849e+00 2.244198624640346418e-01
1.955650715865949074e+00 2.196557951671684605e-01
1.974674397970537454e+00 2.149644899994715141e-01
1.993883133816001019e+00 2.103579532199101876e-01
2.013278723521096492e+00 2.058239831894800032e-01
2.032862984715323673e+00 2.013641372278794084e-01
2.052637752709252084e+00 1.969791833135510484e-01
2.072604880666519822e+00 1.926669883343560541e-01
2.092766239777499759e+00 1.884296074738022186e-01
2.113123719434652603e+00 1.842603461058688608e-01
2.133679227409597701e+00 1.801721577564709131e-01
2.154434690031884259e+00 1.761507025139137372e-01
2.175392052369522489e+00 1.722007129746420395e-01
2.196553278411258248e+00 1.683180258620693148e-01
2.217920351250634692e+00 1.645107599453191349e-01
2.239495273271823184e+00 1.607702334586713078e-01
2.261280066337279404e+00 1.570967265933815027e-01
2.283276771977218012e+00 1.534906010502384288e-01
2.305487451580938707e+00 1.498954626881009722e-01
2.327914186589993051e+00 1.464803870029245947e-01
2.350559078693253756e+00 1.430698790743028248e-01
2.373424250023866033e+00 1.397289354387925009e-01
2.396511843358130278e+00 1.364506654353756787e-01
2.419824022316292567e+00 1.332350239131971092e-01
2.443362971565319341e+00 1.300815228759667763e-01
2.467130897023623426e+00 1.269905357524984402e-01
2.491130026067788439e+00 1.239574674497079115e-01
2.515362607741312928e+00 1.209834721210768238e-01
2.539830912965362675e+00 1.180733829474240049e-01
2.564537234751594674e+00 1.152196821625510598e-01
2.589483888417040802e+00 1.124231578803622650e-01
2.614673211801092023e+00 1.096829450694229019e-01
2.640107565484572927e+00 1.069669174636721926e-01
2.665789333010967876e+00 1.043715048722919370e-01
2.691720921109787668e+00 1.017965067416951308e-01
2.717904759922122881e+00 9.927445819419268569e-02
2.744343303228365283e+00 9.680676226936316131e-02
2.771039028678170535e+00 9.439149075264194333e-02
2.797994438022641805e+00 9.202668978870533201e-02
2.825212057348790218e+00 8.971180869111053391e-02
2.852694437316245057e+00 8.745064695850277015e-02
2.880444153396297668e+00 8.523015171290429515e-02
2.908463806113254169e+00 8.305390841267523694e-02
2.936756021288137397e+00 8.092056793440755014e-02
2.965323450284773621e+00 7.886586918567489723e-02
2.994168770258243573e+00 7.683617379622578736e-02
3.023294684405779531e+00 7.485238718230032007e-02
3.052703922220086241e+00 7.291228712883537910e-02
3.082399239745143404e+00 7.096785694897314589e-02
3.112383419834465759e+00 6.916122630653005754e-02
3.142659272411905569e+00 6.734639592141465625e-02
3.173229634734976212e+00 6.557765841203486157e-02
3.204097371660752813e+00 6.384678905616271438e-02
3.235265375914330388e+00 6.215558078296438277e-02
3.266736568359921655e+00 6.050318366500285344e-02
3.298513898274578082e+00 5.888903875519903991e-02
3.330600343624588788e+00 5.730068738101909420e-02
3.362998911344535991e+00 5.577264711212495674e-02
3.395712637619100693e+00 5.426970466327917658e-02
3.428744588167585317e+00 5.280130032842397791e-02
3.462097858531227423e+00 5.136710028597086392e-02
3.495775574363275240e+00 4.995632711000085047e-02
3.529780891721914671e+00 4.860183393871976565e-02
3.564116997366032269e+00 4.726824588789307890e-02
3.598787109053855460e+00 4.596705049181253749e-02
3.633794475844513094e+00 4.469688803773313318e-02
3.669142378402494131e+00 4.345841603678975151e-02
3.704834129305105694e+00 4.224965783898910338e-02
3.740873073352900313e+00 4.106800353796171560e-02
3.777262587883141176e+00 3.992058097475097156e-02
3.814006083086284082e+00 3.879888248625517483e-02
3.851107002325572903e+00 3.770527897128884975e-02
3.888568822459721019e+00 3.663843154128353097e-02
3.926395054168756449e+00 3.559844865587960538e-02
3.964589242282997805e+00 3.458317021614733255e-02
4.003154966115265445e+00 3.359631278049477615e-02
4.042095839796306045e+00 3.263307065751478581e-02
4.081415512613501662e+00 3.169411423797888899e-02
4.121117669352832635e+00 3.077928094742925225e-02
4.161206030644208020e+00 2.988780114457893072e-02
4.201684353310133346e+00 2.901932617768147524e-02
4.242556430717777438e+00 2.817224589575908697e-02
4.283826093134470270e+00 2.734892201614556873e-02
4.325497208086633627e+00 2.654611113490589272e-02
4.367573680722233398e+00 2.576737882539858332e-02
4.410059454176736615e+00 2.500283778062165757e-02
4.452958509942654963e+00 2.426147452425379478e-02
4.496274868242640110e+00 2.353782676152318606e-02
4.540012588406244554e+00 2.283696070710026366e-02
4.584175769250333765e+00 2.215292486305742159e-02
4.628768549463215365e+00 2.148639750066280024e-02
4.673795107992464004e+00 2.083921804370429676e-02
4.719259664436561863e+00 2.020869719805361980e-02
4.765166479440326341e+00 1.959528671203328298e-02
4.811519855094205766e+00 1.899778145032596927e-02
4.858324135337417360e+00 1.841760360060125737e-02
4.905583706365050922e+00 1.785265211546693473e-02
4.953302997039108924e+00 1.730339125538222014e-02
5.001486479303548727e+00 1.676891326845386318e-02
5.050138668603383785e+00 1.625068212116963923e-02
5.099264124307808288e+00 1.574409753011631399e-02
5.148867450137498025e+00 1.525287690217653688e-02
5.198953294596024399e+00 1.477534699121638151e-02
5.249526351405507718e+00 1.431115854011887067e-02
5.300591359946452030e+00 1.385999677746996110e-02
5.352153105701904501e+00 1.342097269996951614e-02
5.404216420705915347e+00 1.299546638608827659e-02
5.456786183996381823e+00 1.258143764398249667e-02
5.509867322072253160e+00 1.217908336662880744e-02
5.563464809355226137e+00 1.178850692807542275e-02
5.617583668655908191e+00 1.140880062728644520e-02
5.672228971644543094e+00 1.104031662345571208e-02
5.727405839326266346e+00 1.068201934604750408e-02
5.783119442521027054e+00 1.033428044873086447e-02
5.839375002348160315e+00 9.997161121246902343e-03
5.896177790715694478e+00 9.669464640184310955e-03
5.953533130814370189e+00 9.351346544802800059e-03
6.011446397616513337e+00 9.042577177008690251e-03
6.069923018379741464e+00 8.742919291938626089e-03
6.128968473155564034e+00 8.452421094052486178e-03
6.188588295302960063e+00 8.169920115558618884e-03
6.248788072006894012e+00 7.896210554490055294e-03
6.309573444801936049e+00 7.630509684891871244e-03
6.370950110100935149e+00 7.372736037230607012e-03
6.432923819728876502e+00 7.122965299527952120e-03
6.495500381461869033e+00 6.880717287876793320e-03
6.558685659571435345e+00 6.645743633126274461e-03
6.622485575374063238e+00 6.417917273318246921e-03
6.686906107786136921e+00 6.196966161239841724e-03
6.751953293884205287e+00 5.982942244099201563e-03
6.817633229470763112e+00 5.775428764656103178e-03
6.883952069645496330e+00 5.574296127493459652e-03
6.950916029382126382e+00 5.379437458135857310e-03
7.018531384110795912e+00 5.190600636307720131e-03
7.086804470306189430e+00 5.007594073950562448e-03
7.155741686081340980e+00 4.830472764568207941e-03
7.225349491787214085e+00 4.658843623086553025e-03
7.295634410618154320e+00 4.492709917178545030e-03
7.366603029223159460e+00 4.331701370364623820e-03
7.438261998323163482e+00 4.175856067959786595e-03
7.510618033334286459e+00 4.024798928191805104e-03
7.583677914997190683e+00 3.878978634291676414e-03
7.657448490012479958e+00 3.737654093921878931e-03
7.731936671682362316e+00 3.600892573751846449e-03
7.807149440558499798e+00 3.468638789935418309e-03
7.883093845096216690e+00 3.340561602708637477e-03
7.959777002314985417e+00 3.216720797989328431e-03
8.037206098465421888e+00 3.096923542169488248e-03
8.115388389702712146e+00 2.981260773735739441e-03
8.194331202766655053e+00 2.869082622614948543e-03
8.274041935668218883e+00 2.760790062247450629e-03
8.354528058382872047e+00 2.656123509271027944e-03
8.435797113550611570e+00 2.554924004993835290e-03
8.517856717182803905e+00 2.457102376511626201e-03
8.600714559375941093e+00 2.362674295904293627e-03
8.684378405032257220e+00 2.271370888997380037e-03
8.768856094587436090e+00 2.183313964558981392e-03
8.854155544745349715e+00 2.098061048430196508e-03
8.940284749219998162e+00 2.015335015535957980e-03
9.027251779484577909e+00 1.936401186608201685e-03
9.115064785527916769e+00 1.859906687413483920e-03
9.203731996618220279e+00 1.785635531499006742e-03
9.293261722074316111e+00 1.714349725537796720e-03
9.383662352044273902e+00 1.645444065484405905e-03
9.474942358291729150e+00 1.579046226784076943e-03
9.567110294989774388e+00 1.514880192510902968e-03
9.660174799522645017e+00 1.453033487429142030e-03
9.754144593295098531e+00 1.393387824054779763e-03
9.849028482549766039e+00 1.335856237390255956e-03
9.944835359192397917e+00 1.280576492947633083e-03
1.004157420162519543e+01 1.227020357068965865e-03
1.013925407558815373e+01 1.175645046839410507e-03
1.023788413500867378e+01 1.126073759102732717e-03
1.033747362285940774e+01 1.078188513467788360e-03
1.043803187202444072e+01 1.032183251704675434e-03
1.053956830617394580e+01 9.878849823467220504e-04
1.064209244064724658e+01 9.452382058186029837e-04
1.074561388334458023e+01 9.041999711707267989e-04
1.085014233562746178e+01 8.647010306855907333e-04
1.095568759322787855e+01 8.266962788464703562e-04
1.106225954716621906e+01 7.901459411386714624e-04
1.116986818467823817e+01 7.549910638193351202e-04
1.127852359015096795e+01 7.211903866574613910e-04
1.138823594606782130e+01 6.886975940335241355e-04
1.149901553396274245e+01 6.574671421996858495e-04
1.161087273538378994e+01 6.274809213197107653e-04
1.172381803286598512e+01 5.986403057084661384e-04
1.183786201091373513e+01 5.709572555513702961e-04
1.195301535699265827e+01 5.443729651093397745e-04
1.206928886253119870e+01 5.188605850481739718e-04
1.218669342393191712e+01 4.943714870569521297e-04
1.230524004359261525e+01 4.708724123195085062e-04
1.242493983093746479e+01 4.483386824795085649e-04
1.254580400345803248e+01 4.267261265077012264e-04
1.266784388776455827e+01 4.060020664028458209e-04
1.279107092064739781e+01 3.861482524073209049e-04
1.291549665014884063e+01 3.671206260233606140e-04
1.304113273664525430e+01 3.488897008438605527e-04
1.316799095393986185e+01 3.314426283379405319e-04
1.329608319036608854e+01 3.147314755708716431e-04
1.342542144990170527e+01 2.987331929283002624e-04
1.355601785329368880e+01 2.834340126290184336e-04
1.368788463919415221e+01 2.688043661711822258e-04
1.382103416530724438e+01 2.548076142085138715e-04
1.395547890954729020e+01 2.414343027298151262e-04
1.409123147120805619e+01 2.286594017161799680e-04
1.422830457214353395e+01 2.164542896659919151e-04
1.436671105796013137e+01 2.047990553798804524e-04
1.450646389922046886e+01 1.936787230002463671e-04
1.464757619265895272e+01 1.830651202643512085e-04
1.479006116240903168e+01 1.729421251860307975e-04
1.493393216124253264e+01 1.632914773762145460e-04
1.507920267182097263e+01 1.540961739277316156e-04
1.522588630795911513e+01 1.453352275617123023e-04
1.537399681590069456e+01 1.369946846677886200e-04
1.552354807560667105e+01 1.290543618287139918e-04
1.567455410205595001e+01 1.215003074153677781e-04
1.582702904655883280e+01 1.143198273297746766e-04
1.598098719808309376e+01 1.074896724080630676e-04
1.613644298459311699e+01 1.010030128498342830e-04
1.629341097440194730e+01 9.484636058038608544e-05
1.645190587753662470e+01 8.899835767566853322e-05
1.661194254711659113e+01 8.345368591051335297e-05
1.677353598074571295e+01 7.819607645281450572e-05
1.693670132191772026e+01 7.321268120540554993e-05
1.710145386143542012e+01 6.849733945653425731e-05
1.726780903884355922e+01 6.403046258742498475e-05
1.743578244387577669e+01 5.980894966049608201e-05
1.760538981791556523e+01 5.581415543045143926e-05
1.777664705547142532e+01 5.204231066976365805e-05
1.794957020566648254e+01 4.848078973000521675e-05
1.812417547374237614e+01 4.512211495386615458e-05
1.830047922257800863e+01 4.195391580002424427e-05
1.847849797422290763e+01 3.897052949959042199e-05
1.865824841144566193e+01 3.616074885645786816e-05
1.883974737929719367e+01 3.351843533153091466e-05
1.902301188668945642e+01 3.103419484181405745e-05
1.920805910798935301e+01 2.870061795810542198e-05
1.939490638462828542e+01 2.651262116493724214e-05
1.958357122672716955e+01 2.446051646218372531e-05
1.977407131473744428e+01 2.253961540664388684e-05
1.996642450109793288e+01 2.074117821321719385e-05
2.016064881190793656e+01 1.906075568606629481e-05
2.035676244861640072e+01 1.749049041161673541e-05
2.055478378972772546e+01 1.602666365771758259e-05
2.075473139252405730e+01 1.466135727103426041e-05
2.095662399480432825e+01 1.339264217394095269e-05
2.116048051664034446e+01 1.221155388963682396e-05
2.136632006214970403e+01 1.111552279258913790e-05
2.157416192128621546e+01 1.009967999022994540e-05
2.178402557164756459e+01 9.159668702843555790e-06
2.199593068030074861e+01 8.289926492274848630e-06
2.220989710562497521e+01 7.487178523901366076e-06
2.242594489917278011e+01 6.747844984983238941e-06
2.264409430754907504e+01 6.068142327756123750e-06
2.286436577430861306e+01 5.442043661591382771e-06
2.308677994187169702e+01 4.869792454812274415e-06
2.331135765345874944e+01 4.344546606084950998e-06
2.353811995504354471e+01 3.865382672511884151e-06
2.376708809732560823e+01 3.429128415418946912e-06
2.399828353772154799e+01 3.032396018830451566e-06
2.423172794237600769e+01 2.672761361047129733e-06
2.446744318819203201e+01 2.347219888688478849e-06
2.470545136488123816e+01 2.053907416277133242e-06
2.494577477703398571e+01 1.789654845629499204e-06
2.518843594620949489e+01 1.553147888685094511e-06
2.543345761304651020e+01 1.341595386020687285e-06
2.568086273939435316e+01 1.157420940861173387e-06
2.593067451046487548e+01 9.858085160098729378e-07
2.618291633700505372e+01 8.379672688755259921e-07
2.643761185749101372e+01 7.082054561557163608e-07
2.669478494034320804e+01 5.943577930359117330e-07
2.695445968616333587e+01 4.952433007190350319e-07
2.721666042999271795e+01 4.094253640637867677e-07
2.748141174359293259e+01 3.356422133801875493e-07
2.774873843774846804e+01 2.724517433573627282e-07
2.801866556459195223e+01 2.188599950644278116e-07
2.829121841995168651e+01 1.737298215081634609e-07
2.856642254572233952e+01 1.361775287172048444e-07
2.884430373225852051e+01 1.044282023482213380e-07
2.912488802079168337e+01 7.908179940753871094e-08
2.940820170587063842e+01 5.868625275645954328e-08
2.969427133782552986e+01 4.253537304237172452e-08
2.998312372525609959e+01 2.997292643077598541e-08
3.027478593754393543e+01 2.066153132696827617e-08
3.056928530738937155e+01 1.372519748832999421e-08
3.086664943337274636e+01 8.729052153313674806e-09
3.116690618254088463e+01 5.247811039152983986e-09
3.147008369301855879e+01 2.939593933686642362e-09
3.177621037664554038e+01 1.497483406794399235e-09
3.208531492163897525e+01 6.681838843104978103e-10
3.239742629528198847e+01 2.450362278550610850e-10
3.271257374663825601e+01 6.500054876298332049e-11
3.303078680929315425e+01 9.106767343883163821e-12
3.335209530412127066e+01 0.000000000000000000e+00
