1.000000000000000021e-02 1.953509390713418226e+00
1.009727545900835841e-02 1.953505451514286451e+00
1.019549716950923779e-02 1.953501425713754625e+00
1.029467433620748044e-02 1.953497383524448461e+00
1.039481625334708927e-02 1.953493439339313964e+00
1.049593230558227772e-02 1.953489423213168097e+00
1.059803196885688789e-02 1.953485300312763240e+00
1.070112481129246833e-02 1.953481086291334323e+00
1.080522049408488318e-02 1.953476802370613941e+00
1.091032877240974419e-02 1.953472430610291966e+00
1.101645949633656314e-02 1.953467959607155136e+00
1.112362261175187626e-02 1.953463374508318084e+00
1.123182816129126085e-02 1.953458675656065235e+00
1.134108628528052165e-02 1.953453864691417685e+00
1.145140722268592030e-02 1.953448940771023157e+00
1.156280131207376022e-02 1.953443410212504228e+00
1.167527899257919492e-02 1.953438210500531458e+00
1.178885080488457221e-02 1.953432970815932812e+00
1.190352739220719262e-02 1.953427626779320470e+00
1.201931950129673729e-02 1.953422185936720901e+00
1.213623798344241195e-02 1.953416653835509109e+00
1.225429379548980714e-02 1.953411789768299434e+00
1.237349800086776086e-02 1.953406080931221034e+00
1.249386177062509519e-02 1.953400279559162955e+00
1.261539638447754796e-02 1.953394320062647349e+00
1.273811323186478488e-02 1.953388343407363781e+00
1.286202381301779218e-02 1.953382264464198714e+00
1.298713974003655978e-02 1.953376051382103684e+00
1.311347273797833224e-02 1.953369700510926732e+00
1.324103464595636874e-02 1.953363265841648211e+00
1.336983741824946531e-02 1.953356780256626513e+00
1.349989312542219239e-02 1.953350160131146263e+00
1.363121395545611320e-02 1.953343408215681976e+00
1.376381221489191876e-02 1.953336511562286715e+00
1.389770032998276401e-02 1.953329443611526939e+00
1.403289084785873213e-02 1.953322210577009166e+00
1.416939643770268736e-02 1.953314837346709965e+00
1.430722989193757184e-02 1.953307286833218415e+00
1.444640412742520530e-02 1.953299533023705514e+00
1.458693218667675602e-02 1.953291566439292470e+00
1.472882723907502529e-02 1.953283416611773626e+00
1.487210258210860774e-02 1.953275084019383767e+00
1.501677164261799868e-02 1.953266527141736653e+00
1.516284797805393485e-02 1.953257789142077039e+00
1.531034527774784160e-02 1.953248870588104591e+00
1.545927736419477720e-02 1.953239741353486769e+00
1.560965819434872483e-02 1.953230389694712077e+00
1.576150186093060873e-02 1.953220826538402566e+00
1.591482259374891323e-02 1.953211025871267603e+00
1.606963476103326349e-02 1.953201056156123938e+00
1.622595287078087284e-02 1.953190907557281530e+00
1.638379157211618947e-02 1.953180527165893743e+00
1.654316565666366645e-02 1.953169937688790325e+00
1.670409005993399310e-02 1.953159126867856754e+00
1.686657986272368723e-02 1.953148081466075991e+00
1.703065029252844378e-02 1.953136790142796508e+00
1.719631672497009753e-02 1.953125240626600867e+00
1.736359468523754335e-02 1.953113416177630457e+00
1.753249984954170088e-02 1.953101428728352351e+00
1.770304804658450262e-02 1.953089146913977947e+00
1.787525525904235316e-02 1.953076715205836145e+00
1.804913762506383731e-02 1.953064038872597719e+00
1.822471143978214581e-02 1.953051069554084807e+00
1.840199315684210371e-02 1.953037805972378305e+00
1.858099938994215231e-02 1.953024289293439297e+00
1.876174691439120440e-02 1.953010498512584459e+00
1.894425266868081034e-02 1.952996340031658562e+00
1.912853375607242307e-02 1.952981905181968791e+00
1.931460744620030340e-02 1.952967309388712547e+00
1.950249117668984011e-02 1.952952387965613879e+00
1.969220255479172538e-02 1.952936863887973162e+00
1.988375935903200636e-02 1.952921272566454869e+00
2.007717954087816226e-02 1.952905480729819176e+00
2.027248122642137662e-02 1.952889356961204470e+00
2.046968271807520987e-02 1.952873170199244113e+00
2.066880249629082095e-02 1.952856282047461089e+00
2.086985922128879734e-02 1.952839252741340514e+00
2.107287173480786382e-02 1.952822013194243311e+00
2.127785906187062287e-02 1.952804462655172824e+00
2.148484041256648255e-02 1.952786537712705162e+00
2.169383518385184506e-02 1.952768307296427697e+00
2.190486296136792688e-02 1.952749622840175725e+00
2.211794352127614133e-02 1.952730509790561175e+00
2.233309683211144592e-02 1.952710943791587273e+00
2.255034305665360936e-02 1.952690911772401616e+00
2.276970255381680075e-02 1.952670530541522620e+00
2.299119588055741764e-02 1.952649942517195036e+00
2.321484379380064564e-02 1.952628885235728751e+00
2.344066725238556220e-02 1.952607388234972596e+00
2.366868741902936057e-02 1.952585485869475557e+00
2.389892566231050300e-02 1.952563269884407537e+00
2.413140355867127856e-02 1.952540675703788420e+00
2.436614289443983158e-02 1.952517620688028810e+00
2.460316566787181664e-02 1.952494236730549337e+00
2.484249409121190577e-02 1.952470390687629065e+00
2.508415059277539771e-02 1.952445998725015563e+00
2.532815781905008515e-02 1.952421054580450122e+00
2.557453863681850847e-02 1.952395651176600078e+00
2.582331613530085626e-02 1.952369716435547131e+00
2.607451362831877603e-02 1.952343180660305544e+00
2.632815465648021339e-02 1.952316061297927119e+00
2.658426298938541474e-02 1.952288489856881748e+00
2.684286262785454819e-02 1.952260475215984226e+00
2.710397780617682106e-02 1.952232159574144088e+00
2.736763299438163891e-02 1.952203298952993826e+00
2.763385290053169824e-02 1.952173780011769999e+00
2.790266247303856487e-02 1.952143818888448346e+00
2.817408690300057458e-02 1.952113459203178358e+00
2.844815162656363222e-02 1.952082624309458225e+00
2.872488232730495070e-02 1.952051129147512443e+00
2.900430493863991738e-02 1.952018900331210283e+00
2.928644564625237229e-02 1.951985908276307802e+00
2.957133089054861039e-02 1.951951645532501667e+00
2.985898736913520854e-02 1.951917158815229314e+00
3.014944203932094433e-02 1.951882051873417900e+00
3.044272212064302874e-02 1.951846107857564627e+00
3.073885509741795460e-02 1.951809818865341217e+00
3.103786872131722788e-02 1.951772108057334476e+00
3.133979101396793671e-02 1.951733572410272233e+00
3.164465026957891114e-02 1.951694287961076357e+00
3.195247505759213347e-02 1.951654278323825320e+00
3.226329422536015901e-02 1.951613718157437782e+00
3.257713690084949876e-02 1.951572446793350846e+00
3.289403249537032475e-02 1.951530347113167752e+00
3.321401070633261954e-02 1.951487662281626179e+00
3.353710152002930406e-02 1.951444272026972460e+00
3.386333521444636480e-02 1.951400323242822976e+00
3.419274236210027851e-02 1.951355557311713618e+00
3.452535383290306070e-02 1.951309887503697826e+00
3.486120079705520153e-02 1.951263368567714762e+00
3.520031472796678745e-02 1.951215946030120385e+00
3.554272740520694751e-02 1.951169944569594694e+00
3.588847091748199186e-02 1.951120503928075900e+00
3.623757766564258964e-02 1.951069873917401276e+00
3.659008036572020811e-02 1.951018349558505394e+00
3.694601205199302130e-02 1.950965893328738598e+00
3.730540608008161424e-02 1.950912352230291136e+00
3.766829613007490613e-02 1.950857550435719512e+00
3.803471620968648659e-02 1.950801511511452313e+00
3.840470065744145539e-02 1.950742893365653430e+00
3.877828414589457040e-02 1.950686503433371133e+00
3.915550168487941241e-02 1.950624972780347743e+00
3.953638862478930927e-02 1.950566792773211322e+00
3.992098065989020672e-02 1.950504840601832157e+00
4.030931383166566628e-02 1.950441688756148872e+00
4.070142453219438572e-02 1.950377342293377891e+00
4.109734950756069316e-02 1.950312070228690464e+00
4.149712586129815362e-02 1.950245253719208760e+00
4.190079105786669034e-02 1.950176975762865750e+00
4.230838292616342228e-02 1.950107441417781251e+00
4.271993966306778662e-02 1.950036507178158018e+00
4.313549983702118923e-02 1.949964139042853484e+00
4.355510239164130798e-02 1.949890414767198044e+00
4.397878664937160398e-02 1.949817252784657784e+00
4.440659231516640160e-02 1.949738450389603805e+00
4.483855948021186338e-02 1.949659878782385558e+00
4.527472862568297785e-02 1.949579714347023263e+00
4.571514062653719151e-02 1.949498206619820984e+00
4.615983675534499064e-02 1.949415893226918772e+00
4.660885868615767536e-02 1.949333562688339683e+00
4.706224849841281199e-02 1.949247535035303791e+00
4.752004868087766204e-02 1.949159997142238199e+00
4.798230213563085128e-02 1.949069118627376307e+00
4.844905218208294534e-02 1.948980260568293765e+00
4.892034256103611894e-02 1.948892181163468074e+00
4.939621743878321036e-02 1.948794770110428010e+00
4.987672141124663283e-02 1.948699632576849528e+00
5.036189950815770505e-02 1.948602404614279138e+00
5.085179719727656034e-02 1.948503219155598210e+00
5.134646038865306461e-02 1.948401731726164154e+00
5.184593543892913187e-02 1.948297997288636285e+00
5.235026915568305461e-02 1.948191951407962419e+00
5.285950880181603667e-02 1.948083602096515099e+00
5.337370209998133774e-02 1.947973026443515332e+00
5.389289723705643909e-02 1.947857191235697449e+00
5.441714286865893119e-02 1.947742213010909884e+00
5.494648812370611646e-02 1.947625266101735253e+00
5.548098260901916656e-02 1.947506683210004530e+00
5.602067641397187603e-02 1.947387768064257507e+00
5.656562011518465050e-02 1.947264320885467415e+00
5.711586478126431943e-02 1.947139143140596218e+00
5.767146197758996756e-02 1.947011771741451236e+00
5.823246377114527778e-02 1.946881701985322177e+00
5.879892273539785025e-02 1.946748886825370395e+00
5.937089195522609469e-02 1.946613437619630682e+00
5.994842503189409116e-02 1.946475150833663958e+00
6.053157608807464840e-02 1.946333949987276490e+00
6.112039977292132997e-02 1.946189561707471372e+00
6.171495126718981594e-02 1.946042641451407817e+00
6.231528628840921763e-02 1.945893011167824094e+00
6.292146109610344262e-02 1.945739915329714353e+00
6.353353249706343575e-02 1.945583725359140370e+00
6.415155785067082339e-02 1.945424559217122429e+00
6.477559507427335661e-02 1.945263538707734163e+00
6.540570264861225724e-02 1.945099815320218140e+00
6.604193962330305590e-02 1.944932396049708467e+00
6.668436562236895737e-02 1.944763929648060108e+00
6.733304084982863480e-02 1.944589620818104603e+00
6.798802609533814711e-02 1.944411442691429404e+00
6.864938273988777095e-02 1.944229846120890226e+00
6.931717276155408003e-02 1.944044587312602879e+00
6.999145874130821565e-02 1.943855700490855876e+00
7.067230386888070925e-02 1.943661107235524765e+00
7.135977194868306506e-02 1.943464846037791460e+00
7.205392740578704658e-02 1.943264198547247856e+00
7.275483529196229149e-02 1.943059953079175228e+00
7.346256129177256011e-02 1.942852491434664763e+00
7.417717172873124210e-02 1.942641483304275996e+00
7.489873357151664857e-02 1.942426581989523893e+00
7.562731444024800576e-02 1.942209489845080128e+00
7.636298261282241373e-02 1.941986699982012565e+00
7.710580703131336699e-02 1.941758466379288617e+00
7.785585730843146146e-02 1.941525856818329121e+00
7.861320373404813433e-02 1.941288222923091888e+00
7.937791728178281159e-02 1.941046414766214756e+00
8.015006961565404597e-02 1.940798526922328238e+00
8.092973309679550586e-02 1.940546775302308458e+00
8.171698079023696770e-02 1.940290506007363192e+00
8.251188647175167201e-02 1.940029307091187594e+00
8.331452463477014014e-02 1.939763455742570919e+00
8.412497049736118726e-02 1.939491998681479590e+00
8.494330000928071445e-02 1.939215723813865644e+00
8.576958985908941790e-02 1.938934455359961229e+00
8.660391748133952627e-02 1.938648444330695053e+00
8.744636106383144036e-02 1.938357475179103506e+00
8.829699955494091368e-02 1.938059947421955975e+00
8.915591267101763417e-02 1.937757468238044734e+00
9.002318090385581784e-02 1.937448433913125712e+00
9.089888552823731371e-02 1.937133427516562145e+00
9.178310860954806694e-02 1.936812185369328532e+00
9.267593301146882789e-02 1.936484751255179937e+00
9.357744240374062106e-02 1.936150586461733214e+00
9.448772127000577836e-02 1.935809554728789239e+00
9.540685491572513388e-02 1.935461231202160626e+00
9.633492947617222635e-02 1.935106072319012549e+00
9.727203192450542546e-02 1.934744178369310896e+00
9.821825007991856482e-02 1.934374976361832976e+00
9.917367261587073379e-02 1.933997998358594650e+00
1.001383890683960748e-01 1.933615630762179682e+00
1.011124898444945991e-01 1.933231209161768049e+00
1.020960662306047012e-01 1.932831419224057878e+00
1.030892104011576216e-01 1.932427502738187863e+00
1.040920154272158005e-01 1.932016521712174306e+00
1.051045752851944987e-01 1.931598679243165639e+00
1.061269848656690717e-01 1.931171567863072536e+00
1.071593399822671072e-01 1.930735987412033117e+00
1.082017373806478805e-01 1.930292239480223992e+00
1.092542747475682557e-01 1.929840131942975434e+00
1.103170507200377515e-01 1.929379842797702249e+00
1.113901648945616746e-01 1.928909649655478509e+00
1.124737178364751955e-01 1.928429650739777790e+00
1.135678110893671017e-01 1.927939273689450284e+00
1.146725471845963656e-01 1.927438625773236103e+00
1.157880296509002094e-01 1.926932438295797079e+00
1.169143630240966764e-01 1.926415623454403647e+00
1.180516528568804902e-01 1.925884987345029886e+00
1.192000057287153220e-01 1.925348228671744044e+00
1.203595292558212876e-01 1.924804408410401457e+00
1.215303321012602134e-01 1.924248168734723485e+00
1.227125239851190319e-01 1.923681524530166387e+00
1.239062156947916271e-01 1.923103122162832079e+00
1.251115190953615564e-01 1.922513536812471946e+00
1.263285471400849291e-01 1.921911455608569907e+00
1.275574138809759950e-01 1.921299730224298230e+00
1.287982344794950385e-01 1.920677550931407351e+00
1.300511252173409127e-01 1.920040710077331791e+00
1.313162035073478784e-01 1.919392586443819937e+00
1.325935879044890797e-01 1.918733186168538829e+00
1.338833981169864351e-01 1.918059869077200608e+00
1.351857550175293021e-01 1.917373737215495311e+00
1.365007806546013891e-01 1.916674799870138779e+00
1.378285982639189389e-01 1.915963563449017748e+00
1.391693322799789911e-01 1.915239204302772169e+00
1.405231083477211373e-01 1.914501574857624400e+00
1.418900533343016301e-01 1.913752182855310124e+00
1.432702953409830948e-01 1.912986932018446273e+00
1.446639637151387880e-01 1.912207458872632548e+00
1.460711890623745679e-01 1.911412421516994531e+00
1.474921032587684921e-01 1.910602610249331423e+00
1.489268394632288772e-01 1.909777536426212396e+00
1.503755321299738434e-01 1.908935432289568190e+00
1.518383170211306810e-01 1.908077280566370604e+00
1.533153312194593942e-01 1.907205327700370212e+00
1.548067131411984265e-01 1.906316619557130387e+00
1.563126025490369497e-01 1.905411372995581054e+00
1.578331405652117214e-01 1.904490720108153345e+00
1.593684696847328941e-01 1.903552872245906080e+00
1.609187337887370006e-01 1.902596780869503235e+00
1.624840781579713067e-01 1.901622264171384469e+00
1.640646494864078653e-01 1.900629410420810128e+00
1.656605958949914359e-01 1.899618169323264105e+00
1.672720669455196874e-01 1.898589669751340692e+00
1.688992136546599021e-01 1.897542564045098024e+00
1.705421885081006561e-01 1.896473332390971933e+00
1.722011454748421100e-01 1.895385438415136070e+00
1.738762400216251336e-01 1.894277124919353517e+00
1.755676291275001522e-01 1.893148170621987258e+00
1.772754712985387948e-01 1.891999380800694963e+00
1.789999265826875408e-01 1.890830701870566122e+00
1.807411565847668600e-01 1.889638986118056030e+00
1.824993244816152382e-01 1.888425009735013038e+00
1.842745950373816666e-01 1.887191409245629004e+00
1.860671346189656239e-01 1.885932973380375577e+00
1.878771112116086051e-01 1.884651414144290937e+00
1.897046944346358344e-01 1.883347927050641468e+00
1.915500555573527997e-01 1.882018088712416048e+00
1.934133675150944698e-01 1.880668912787051283e+00
1.952948049254327745e-01 1.879293778993142983e+00
1.971945441045395986e-01 1.877890821381763553e+00
1.991127630837108697e-01 1.876462928722726575e+00
2.010496416260497965e-01 1.875012791949336233e+00
2.030053612433137811e-01 1.873532204538116197e+00
2.049801052129238688e-01 1.872027025163515823e+00
2.069740585951406198e-01 1.870493356864599166e+00
2.089874082504071251e-01 1.868932090838566928e+00
2.110203428568595552e-01 1.867344583219824994e+00
2.130730529280097374e-01 1.865730834346527311e+00
2.151457308305980698e-01 1.864086890946529351e+00
2.172385708026215445e-01 1.862410192142341936e+00
2.193517689715359098e-01 1.860705389763806172e+00
2.214855233726360506e-01 1.858972269402605848e+00
2.236400339676138660e-01 1.857205146163480203e+00
2.258155026632983065e-01 1.855408481852955704e+00
2.280121333305757114e-01 1.853580666405830524e+00
2.302301318234963867e-01 1.851721638936497216e+00
2.324697059985647851e-01 1.849829823135940909e+00
2.347310657342196183e-01 1.847903337784838174e+00
2.370144229505012079e-01 1.845943228925143620e+00
2.393199916289123208e-01 1.843946448156160267e+00
2.416479878324700736e-01 1.841916794895183340e+00
2.439986297259550130e-01 1.839854803729489729e+00
2.463721375963552895e-01 1.837754931501156319e+00
2.487687338735107279e-01 1.835617410472479172e+00
2.511886431509580686e-01 1.833442273116067334e+00
2.536320922069775774e-01 1.831231059827676866e+00
2.560993100258459609e-01 1.828981254651286692e+00
2.585905278192945911e-01 1.826695795450457460e+00
2.611059790481781162e-01 1.824373712109017998e+00
2.636458994443517945e-01 1.822007887754121924e+00
2.662105270327638773e-01 1.819596493339421750e+00
2.688001021537606006e-01 1.817146960042352655e+00
2.714148674856106669e-01 1.814661035253319898e+00
2.740550680672460548e-01 1.812134058755193955e+00
2.767209513212268712e-01 1.809558954486747639e+00
2.794127670769268601e-01 1.806939754829947953e+00
2.821307675939472293e-01 1.804284845170268214e+00
2.848752075857552413e-01 1.801580652692681195e+00
2.876463442435557849e-01 1.798827255562633010e+00
2.904444372603925406e-01 1.796028756560673623e+00
2.932697488554852905e-01 1.793190114188393691e+00
2.961225437988035947e-01 1.790304648445410818e+00
2.990030894358785551e-01 1.787370782103447908e+00
3.019116557128577738e-01 1.784386272289220754e+00
3.048485152018017286e-01 1.781355977872391971e+00
3.078139431262288950e-01 1.778276042573791127e+00
3.108082173869063936e-01 1.775145016248009133e+00
3.138316185878944342e-01 1.771963915481613583e+00
3.168844300628416155e-01 1.768731674710108726e+00
3.199669379015380732e-01 1.765448871125258945e+00
3.230794309767249795e-01 1.762109409459176934e+00
3.262222009711669979e-01 1.758724310043498384e+00
3.293955424049855307e-01 1.755286364104973185e+00
3.325997526632606949e-01 1.751787902918167772e+00
3.358351320238990301e-01 1.748235391848216969e+00
3.391019836857747105e-01 1.744628238540440357e+00
3.424006137971423724e-01 1.740967825114517753e+00
3.457313314843284413e-01 1.737251829163351857e+00
3.490944488806992929e-01 1.733477339819744945e+00
3.524902811559130766e-01 1.729643155893938467e+00
3.559191465454557002e-01 1.725750471706304801e+00
3.593813663804627523e-01 1.721800274638314754e+00
3.628772651178337472e-01 1.717789304907611614e+00
3.664071703706370808e-01 1.713722169475920820e+00
3.699714129388128048e-01 1.709590466421874400e+00
3.735703268401719401e-01 1.705400859855682683e+00
3.772042493416999376e-01 1.701146969204337056e+00
3.808735209911614517e-01 1.696832538530660406e+00
3.845784856490158665e-01 1.692452680293296874e+00
3.883194905206404091e-01 1.688008916147385241e+00
3.920968861888690649e-01 1.683505798612433768e+00
3.959110266468458539e-01 1.678935514874668078e+00
3.997622693312000708e-01 1.674302336212183828e+00
4.036509751555413805e-01 1.669600549925998711e+00
4.075775085442840395e-01 1.664832750258460781e+00
4.115422374667966343e-01 1.660001848577186578e+00
4.155455334718875515e-01 1.655101211098461977e+00
4.195877717226225712e-01 1.650135979160156863e+00
4.236693310314835759e-01 1.645101839518370745e+00
4.277905938958687093e-01 1.639997124555288677e+00
4.319519465339363706e-01 1.634823336507914338e+00
4.361537789208005944e-01 1.629584728388012271e+00
4.403964848250754294e-01 1.624276474579189111e+00
4.446804618457780300e-01 1.618894456748234179e+00
4.490061114495874639e-01 1.613445364553251826e+00
4.533738390084691150e-01 1.607925494087618423e+00
4.577840538376618529e-01 1.602335505069416133e+00
4.622371692340384031e-01 1.596673068146774455e+00
4.667336025148346446e-01 1.590938379610019382e+00
4.712737750567601580e-01 1.585137852192873176e+00
4.758581123354846953e-01 1.579255965925087102e+00
4.804870439655131720e-01 1.573312237126630819e+00
4.851610037404442966e-01 1.567292461681093485e+00
4.898804296736250508e-01 1.561196795218718680e+00
4.946457640391963562e-01 1.555033835057470393e+00
4.994574534135413635e-01 1.548795213309284158e+00
5.043159487171361421e-01 1.542485612612038537e+00
5.092217052568053237e-01 1.536100896527526460e+00
5.141751827683928022e-01 1.529649985985159555e+00
5.191768454598426619e-01 1.523120771622097580e+00
5.242271620547044320e-01 1.516514310048031611e+00
5.293266058360561743e-01 1.509845181833660455e+00
5.344756546908600026e-01 1.503100407064985822e+00
5.396747911547442600e-01 1.496286655782156583e+00
5.449245024572260121e-01 1.489389275696050730e+00
5.502252805673685243e-01 1.482426380302073188e+00
5.555776222398878250e-01 1.475397380406031411e+00
5.609820290617031358e-01 1.468291544447105634e+00
5.664390074989449353e-01 1.461111937611678346e+00
5.719490689444144405e-01 1.453864491399896153e+00
5.775127297655114900e-01 1.446546845208069421e+00
5.831305113526221717e-01 1.439159327131139365e+00
5.888029401679826247e-01 1.431699413339186489e+00
5.945305477950136863e-01 1.424172139902678769e+00
6.003138709881384871e-01 1.416574810639375404e+00
6.061534517230839914e-01 1.408912457473167290e+00
6.120498372476699256e-01 1.401177923677805692e+00
6.180035801330957534e-01 1.393379632594677897e+00
6.240152383257209223e-01 1.385513226365581163e+00
6.300853751993553686e-01 1.377580004602794617e+00
6.362145596080520660e-01 1.369584600928471119e+00
6.424033659394193796e-01 1.361519352372345892e+00
6.486523741684461219e-01 1.353403301345690535e+00
6.549621699118558515e-01 1.345207371853756939e+00
6.613333444829840868e-01 1.336959724629289470e+00
6.677664949471955325e-01 1.328651373265530511e+00
6.742622241778342129e-01 1.320280646366128074e+00
6.808211409127237213e-01 1.311852680273111638e+00
6.874438598112112553e-01 1.303362212693712552e+00
6.941310015117725385e-01 1.294822025983025426e+00
7.008831926901714082e-01 1.286219474128705187e+00
7.077010661181889484e-01 1.277566368364852822e+00
7.145852607229240538e-01 1.268860509565319372e+00
7.215364216466665370e-01 1.260098335428126992e+00
7.285552003073593186e-01 1.251288407851119056e+00
7.356422544596413760e-01 1.242428015258113083e+00
7.427982482564918776e-01 1.233518101545205914e+00
7.500238523114668432e-01 1.224562750354491136e+00
7.573197437615483141e-01 1.215561743239311099e+00
7.646866063305975958e-01 1.206512843398061419e+00
7.721251303934327792e-01 1.197428829829785490e+00
7.796360130405233235e-01 1.188297756369149472e+00
7.872199581433195759e-01 1.179127298739930385e+00
7.948776764202123424e-01 1.169921683911546717e+00
8.026098855031396084e-01 1.160676866789780215e+00
8.104173100048355227e-01 1.151398814968554785e+00
8.183006815867394090e-01 1.142085809382438200e+00
8.262607390275591435e-01 1.132744444801837114e+00
8.342982282925082149e-01 1.123366785527298628e+00
8.424139026032094746e-01 1.113965337763458407e+00
8.506085225082840040e-01 1.104535881914970652e+00
8.588828559546254349e-01 1.095084771762300457e+00
8.672376783593644944e-01 1.085609246801498173e+00
8.756737726825394308e-01 1.076110100178786499e+00
8.841919295004664336e-01 1.066592408697424110e+00
8.927929470798307010e-01 1.057062105844505107e+00
9.014776314524917122e-01 1.047511514812446087e+00
9.102467964910225806e-01 1.037947477040790378e+00
9.191012639849772681e-01 1.028371851098009326e+00
9.280418637179072006e-01 1.018786435921006817e+00
9.370694335451198453e-01 1.009193325390565166e+00
9.461848194722002336e-01 9.995948198316182420e-01
9.553888757342895444e-01 9.899932126795960574e-01
9.646824648761427312e-01 9.803852085100724922e-01
9.740664578329562007e-01 9.707765539929530396e-01
9.835417340119908536e-01 9.611742977623118911e-01
9.931091813749796104e-01 9.515726480743965654e-01
1.002769696521346621e+00 9.419774780138181480e-01
1.012524184772224167e+00 9.323877278922981793e-01
1.022373560255302127e+00 9.228092202425801638e-01
1.032318745990486564e+00 9.132387704767033210e-01
1.042360673976402197e+00 9.036849587731394795e-01
1.052500285277732761e+00 8.941460951260677970e-01
1.062738530113414459e+00 8.846213716348774181e-01
1.073076367945679621e+00 8.751181384549487907e-01
1.083514767569973225e+00 8.656325358981615814e-01
1.094054707205742494e+00 8.561717414952095817e-01
1.104697174588111785e+00 8.467351179234541281e-01
1.115443167060441221e+00 8.373230523441812512e-01
1.126293691667795249e+00 8.279378291925700850e-01
1.137249765251314271e+00 8.185864267357715329e-01
1.148312414543511073e+00 8.092620964758502344e-01
1.159482676264482759e+00 7.999744035220837102e-01
1.170761597219069250e+00 7.907170313303973908e-01
1.182150234394952371e+00 7.815016494659922097e-01
1.193649655061713055e+00 7.723211331235787513e-01
1.205260936870842681e+00 7.631799746449349220e-01
1.216985167956738056e+00 7.540827470792885734e-01
1.228823447038673411e+00 7.450265080132142392e-01
1.240776883523764251e+00 7.360137567444634543e-01
1.252846597610937529e+00 7.270489811344557074e-01
1.265033720395903893e+00 7.181301164110058810e-01
1.277339393977160009e+00 7.092605787518578841e-01
1.289764771563017165e+00 7.004453272291962795e-01
1.302311017579677488e+00 6.916696279522446256e-01
1.314979307780347773e+00 6.829598144431536788e-01
1.327770829355430449e+00 6.742998309238305010e-01
1.340686781043774811e+00 6.656930473078450650e-01
1.353728373245021821e+00 6.571451393216062309e-01
1.366896828133026487e+00 6.486528081987561478e-01
1.380193379770397355e+00 6.402221376580533585e-01
1.393619274224142002e+00 6.318501392286159923e-01
1.407175769682446731e+00 6.235383454270019277e-01
1.420864136572576708e+00 6.152910355689943378e-01
1.434685657679937831e+00 6.071021624005495942e-01
1.448641628268290127e+00 5.989809192173676244e-01
1.462733356201129986e+00 5.909260166005021464e-01
1.476962162064259898e+00 5.829326969555480575e-01
1.491329379289537682e+00 5.750080353381381570e-01
1.505836354279841416e+00 5.671496555289192720e-01
1.520484446535244283e+00 5.593585055075813717e-01
1.535275028780422657e+00 5.516406333874817047e-01
1.550209487093291205e+00 5.439871944451841745e-01
1.565289221034902312e+00 5.364036999271009076e-01
1.580515643780601165e+00 5.288926558420129487e-01
1.595890182252465817e+00 5.214517390370360106e-01
1.611414277253019778e+00 5.140828737399474324e-01
1.627089383600260675e+00 5.067849862038297237e-01
1.642916970263993193e+00 4.995605807512871754e-01
1.658898520503498064e+00 4.924059911444017557e-01
1.675035532006524441e+00 4.853255747623888561e-01
1.691329517029648732e+00 4.783190920991829964e-01
1.707782002539993016e+00 4.713884713475144372e-01
1.724394530358320354e+00 4.645283469535916310e-01
1.741168657303530987e+00 4.577405974176083636e-01
1.758105955338547632e+00 4.510283532531556006e-01
1.775208011717636092e+00 4.443936149840882477e-01
1.792476429135148930e+00 4.378302970076756173e-01
1.809912825875727105e+00 4.313401558428936466e-01
1.827518835965944666e+00 4.249251443695083452e-01
1.845296109327445366e+00 4.185832063216396448e-01
1.863246311931559873e+00 4.123180395186621938e-01
1.881371125955437096e+00 4.061255173266426488e-01
1.899672249939675650e+00 4.000075503549297418e-01
1.918151398947507635e+00 3.939624410171726487e-01
1.936810304725519849e+00 3.879892484532154739e-01
1.955650715865949074e+00 3.820932935912716988e-01
1.974674397970537454e+00 3.762692145136211641e-01
1.993883133816001019e+00 3.705183038035239074e-01
2.013278723521096492e+00 3.648381859389059345e-01
2.032862984715323673e+00 3.592309855955884146e-01
2.052637752709252084e+00 3.536976704767124113e-01
2.072604880666519822e+00 3.482360071958320868e-01
2.092766239777499759e+00 3.428445243072124615e-01
2.113123719434652603e+00 3.375242572322162404e-01
2.133679227409597701e+00 3.322754991993808193e-01
2.154434690031884259e+00 3.270954363329542924e-01
2.175392052369522489e+00 3.219857707486375453e-01
2.196553278411258248e+00 3.169455003279322280e-01
2.217920351250634692e+00 3.119751818103560503e-01
2.239495273271823184e+00 3.070708590276546301e-01
2.261280066337279404e+00 3.022362065702334233e-01
2.283276771977218012e+00 2.974678596357984706e-01
2.305487451580938707e+00 2.927676459388724450e-01
2.327914186589993051e+00 2.881322999026491583e-01
2.350559078693253756e+00 2.835634378826950019e-01
2.373424250023866033e+00 2.790589789808406995e-01
2.396511843358130278e+00 2.746198891789475294e-01
2.419824022316292567e+00 2.702446187705813685e-01
2.443362971565319341e+00 2.659322355366929846e-01
2.467130897023623426e+00 2.616832918233416572e-01
2.491130026067788439e+00 2.574959335909504099e-01
2.515362607741312928e+00 2.533698821213946073e-01
2.539830912965362675e+00 2.493064057766454233e-01
2.564537234751594674e+00 2.453024460663958961e-01
2.589483888417040802e+00 2.413561908876377393e-01
2.614673211801092023e+00 2.374719271943806498e-01
2.640107565484572927e+00 2.336446419689900689e-01
2.665789333010967876e+00 2.298749760560041266e-01
2.691720921109787668e+00 2.261633780874428845e-01
2.717904759922122881e+00 2.225063135399135139e-01
2.744343303228365283e+00 2.189074933599741146e-01
2.771039028678170535e+00 2.153620268488880274e-01
2.797994438022641805e+00 2.118722812376984121e-01
2.825212057348790218e+00 2.084358832878784595e-01
2.852694437316245057e+00 2.050509338052717012e-01
2.880444153396297668e+00 2.017215772438302190e-01
2.908463806113254169e+00 1.984426564104855295e-01
2.936756021288137397e+00 1.952141614445062345e-01
2.965323450284773621e+00 1.920366604606492944e-01
2.994168770258243573e+00 1.889094557795877871e-01
3.023294684405779531e+00 1.858316233589731858e-01
3.052703922220086241e+00 1.828023697550083260e-01
3.082399239745143404e+00 1.798203863672505065e-01
3.112383419834465759e+00 1.768858001709653904e-01
3.142659272411905569e+00 1.739984091147167566e-01
3.173229634734976212e+00 1.711568798326858487e-01
3.204097371660752813e+00 1.683603102851644329e-01
3.235265375914330388e+00 1.656090257578276270e-01
3.266736568359921655e+00 1.629013089887567656e-01
3.298513898274578082e+00 1.602372253814466352e-01
3.330600343624588788e+00 1.576153758769507640e-01
3.362998911344535991e+00 1.550379019448816231e-01
3.395712637619100693e+00 1.525008512638518221e-01
3.428744588167585317e+00 1.500034979336504759e-01
3.462097858531227423e+00 1.475471127190531861e-01
3.495775574363275240e+00 1.451318917979774192e-01
3.529780891721914671e+00 1.427559593582628239e-01
3.564116997366032269e+00 1.404175768379892220e-01
3.598787109053855460e+00 1.381173223833618013e-01
3.633794475844513094e+00 1.358543607701403755e-01
3.669142378402494131e+00 1.336290898879582689e-01
3.704834129305105694e+00 1.314404727129725170e-01
3.740873073352900313e+00 1.292871544693402763e-01
3.777262587883141176e+00 1.271687214952144374e-01
3.814006083086284082e+00 1.250852140235312049e-01
3.851107002325572903e+00 1.230356917665026140e-01
3.888568822459721019e+00 1.210207408597461509e-01
3.926395054168756449e+00 1.190386168858355714e-01
3.964589242282997805e+00 1.170882737392544420e-01
4.003154966115265445e+00 1.151702160429547983e-01
4.042095839796306045e+00 1.132842649716562927e-01
4.081415512613501662e+00 1.114294645990534516e-01
4.121117669352832635e+00 1.096048747081888181e-01
4.161206030644208020e+00 1.078103247894292988e-01
4.201684353310133346e+00 1.060455918492891336e-01
4.242556430717777438e+00 1.043097755800679038e-01
4.283826093134470270e+00 1.026029263730372787e-01
4.325497208086633627e+00 1.009241243423002754e-01
4.367573680722233398e+00 9.927328827878829920e-02
4.410059454176736615e+00 9.764912025946993757e-02
4.452958509942654963e+00 9.605242755830274703e-02
4.496274868242640110e+00 9.448170208264691783e-02
4.540012588406244554e+00 9.293745622080326618e-02
4.584175769250333765e+00 9.141836857420583551e-02
4.628768549463215365e+00 8.992465106060811009e-02
4.673795107992464004e+00 8.845527056206202443e-02
4.719259664436561863e+00 8.701061599591392026e-02
4.765166479440326341e+00 8.558970285327226202e-02
4.811519855094205766e+00 8.419211545902356708e-02
4.858324135337417360e+00 8.281795594537390282e-02
4.905583706365050922e+00 8.146631788733381396e-02
4.953302997039108924e+00 8.013694413259107863e-02
5.001486479303548727e+00 7.883006325464693431e-02
5.050138668603383785e+00 7.754459965529551801e-02
5.099264124307808288e+00 7.627973125044558433e-02
5.148867450137498025e+00 7.503667988340642636e-02
5.198953294596024399e+00 7.381365602138133253e-02
5.249526351405507718e+00 7.261119099883123207e-02
5.300591359946452030e+00 7.142800330014804910e-02
5.352153105701904501e+00 7.026461233415988439e-02
5.404216420705915347e+00 6.912089737704131542e-02
5.456786183996381823e+00 6.799545640305465488e-02
5.509867322072253160e+00 6.688913052822233196e-02
5.563464809355226137e+00 6.580054438893634394e-02
5.617583668655908191e+00 6.472986190942348061e-02
5.672228971644543094e+00 6.367754763816070585e-02
5.727405839326266346e+00 6.264189014607798867e-02
5.783119442521027054e+00 6.162349665797475090e-02
5.839375002348160315e+00 6.062178545280810099e-02
5.896177790715694478e+00 5.963656021862939749e-02
5.953533130814370189e+00 5.866783775502449477e-02
6.011446397616513337e+00 5.771475736622272423e-02
6.069923018379741464e+00 5.677722347099978251e-02
6.128968473155564034e+00 5.585519954462921793e-02
6.188588295302960063e+00 5.494850436061407550e-02
6.248788072006894012e+00 5.405644361117881158e-02
6.309573444801936049e+00 5.317918187604475655e-02
6.370950110100935149e+00 5.231631362989212775e-02
6.432923819728876502e+00 5.146723365461203237e-02
6.495500381461869033e+00 5.063224502346330702e-02
6.558685659571435345e+00 4.981107494191014395e-02
6.622485575374063238e+00 4.900346796740208399e-02
6.686906107786136921e+00 4.820857930797802643e-02
6.751953293884205287e+00 4.742673661619346143e-02
6.817633229470763112e+00 4.665789862649649677e-02
6.883952069645496330e+00 4.590182762289220925e-02
6.950916029382126382e+00 4.515769036190980107e-02
7.018531384110795912e+00 4.442577274394275688e-02
7.086804470306189430e+00 4.370561712689214479e-02
7.155741686081340980e+00 4.299741725583422491e-02
7.225349491787214085e+00 4.230076507238127864e-02
7.295634410618154320e+00 4.161541516103266919e-02
7.366603029223159460e+00 4.094112213916486359e-02
7.438261998323163482e+00 4.027764774021114907e-02
7.510618033334286459e+00 3.962509891415131463e-02
7.583677914997190683e+00 3.898325638423005141e-02
7.657448490012479958e+00 3.834630821659498756e-02
7.731936671682362316e+00 3.773031419242141304e-02
7.807149440558499798e+00 3.711898280859010635e-02
7.883093845096216690e+00 3.651758729158879890e-02
7.959777002314985417e+00 3.592600508979940793e-02
8.037206098465421888e+00 3.534393037596060549e-02
8.115388389702712146e+00 3.477126366743922559e-02
8.194331202766655053e+00 3.420777685677581226e-02
8.274041935668218883e+00 3.365336914880339564e-02
8.354528058382872047e+00 3.310801155702856186e-02
8.435797113550611570e+00 3.257138289896747280e-02
8.517856717182803905e+00 3.204340225259719871e-02
8.600714559375941093e+00 3.152390768632223894e-02
8.684378405032257220e+00 3.101282398665208481e-02
8.768856094587436090e+00 3.050990675524870716e-02
8.854155544745349715e+00 3.001508599820624720e-02
8.940284749219998162e+00 2.952823261076388192e-02
9.027251779484577909e+00 2.904916860459699074e-02
9.115064785527916769e+00 2.857778779696395349e-02
9.203731996618220279e+00 2.811400634788051300e-02
9.293261722074316111e+00 2.765758342114130880e-02
9.383662352044273902e+00 2.720857129707555250e-02
9.474942358291729150e+00 2.676670060572822890e-02
9.567110294989774388e+00 2.633193850013912027e-02
9.660174799522645017e+00 2.590408241451653756e-02
9.754144593295098531e+00 2.548313533601926500e-02
9.849028482549766039e+00 2.506877164019441148e-02
9.944835359192397917e+00 2.466115773221262686e-02
1.004157420162519543e+01 2.426003948265271007e-02
1.013925407558815373e+01 2.386534266830397932e-02
1.023788413500867378e+01 2.347681474422031594e-02
1.033747362285940774e+01 2.309453920006404593e-02
1.043803187202444072e+01 2.271849731337029568e-02
1.053956830617394580e+01 2.234831105820276470e-02
1.064209244064724658e+01 2.198410885284591068e-02
1.074561388334458023e+01 2.162561152159501662e-02
1.085014233562746178e+01 2.127284993239165339e-02
1.095568759322787855e+01 2.092578295562613072e-02
1.106225954716621906e+01 2.058415185249673485e-02
1.116986818467823817e+01 2.024795481235651742e-02
1.127852359015096795e+01 1.991709335063664849e-02
1.138823594606782130e+01 1.959150257196852485e-02
1.149901553396274245e+01 1.927116038908905163e-02
1.161087273538378994e+01 1.895589502651993941e-02
1.172381803286598512e+01 1.864550412269365062e-02
1.183786201091373513e+01 1.834013988675932752e-02
1.195301535699265827e+01 1.803962635416024932e-02
1.206928886253119870e+01 1.774387816513291541e-02
1.218669342393191712e+01 1.745279022579141609e-02
1.230524004359261525e+01 1.716632940725902612e-02
1.242493983093746479e+01 1.688438909865317902e-02
1.254580400345803248e+01 1.660716452776055119e-02
1.266784388776455827e+01 1.633402273394531784e-02
1.279107092064739781e+01 1.606502360615728528e-02
1.291549665014884063e+01 1.580075837538592876e-02
1.304113273664525430e+01 1.554047348764989525e-02
1.316799095393986185e+01 1.528436818857239685e-02
1.329608319036608854e+01 1.503221362637799548e-02
1.342542144990170527e+01 1.478416180302167225e-02
1.355601785329368880e+01 1.453997938001506604e-02
1.368788463919415221e+01 1.429968733664187773e-02
1.382103416530724438e+01 1.406321561037621529e-02
1.395547890954729020e+01 1.383043823679769128e-02
1.409123147120805619e+01 1.360139624453558793e-02
1.422830457214353395e+01 1.337594250816572655e-02
1.436671105796013137e+01 1.315407467129842481e-02
1.450646389922046886e+01 1.293573081376608522e-02
1.464757619265895272e+01 1.272085983146570981e-02
1.479006116240903168e+01 1.250932191751782593e-02
1.493393216124253264e+01 1.230117649173467081e-02
1.507920267182097263e+01 1.209634454467253990e-02
1.522588630795911513e+01 1.189311200829354202e-02
1.537399681590069456e+01 1.169633981612752498e-02
1.552354807560667105e+01 1.150105787349590264e-02
1.567455410205595001e+01 1.130889566013140723e-02
1.582702904655883280e+01 1.111978794993613746e-02
1.598098719808309376e+01 1.093363358895148817e-02
1.613644298459311699e+01 1.075046839078641278e-02
1.629341097440194730e+01 1.057017804247992708e-02
1.645190587753662470e+01 1.039276644459187320e-02
1.661194254711659113e+01 1.021818337473861388e-02
1.677353598074571295e+01 1.004636386338273422e-02
1.693670132191772026e+01 9.877248712713598139e-03
1.710145386143542012e+01 9.710826597749654121e-03
1.726780903884355922e+01 9.547066003359626699e-03
1.743578244387577669e+01 9.385898577914027555e-03
1.760538981791556523e+01 9.227255189623603457e-03
1.777664705547142532e+01 9.071172451923365659e-03
1.794957020566648254e+01 8.917570197290874273e-03
1.812417547374237614e+01 8.766388386956966428e-03
1.830047922257800863e+01 8.617644910587717033e-03
1.847849797422290763e+01 8.471245860084264737e-03
1.865824841144566193e+01 8.327186981820859299e-03
1.883974737929719367e+01 8.185399548106254280e-03
1.902301188668945642e+01 8.045908852677254378e-03
1.920805910798935301e+01 7.908620445378621022e-03
1.939490638462828542e+01 7.773511188793517587e-03
1.958357122672716955e+01 7.640607393480095509e-03
1.977407131473744428e+01 7.509767867444891616e-03
1.996642450109793288e+01 7.381070251534789517e-03
2.016064881190793656e+01 7.254382892450773196e-03
2.035676244861640072e+01 7.129738117908126019e-03
2.055478378972772546e+01 7.007102209457739643e-03
2.075473139252405730e+01 6.886420809907120404e-03
2.095662399480432825e+01 6.767670535453517398e-03
2.116048051664034446e+01 6.650826154861131170e-03
2.136632006214970403e+01 6.535580712449269754e-03
2.157416192128621546e+01 6.422738581738448964e-03
2.178402557164756459e+01 6.311404612549655589e-03
2.199593068030074861e+01 6.201891034323990873e-03
2.220989710562497521e+01 6.094135141524338779e-03
2.242594489917278011e+01 5.988101073458334915e-03
2.264409430754907504e+01 5.883775744893940743e-03
2.286436577430861306e+01 5.781144436950174173e-03
2.308677994187169702e+01 5.680033386103656989e-03
2.331135765345874944e+01 5.580783882009084443e-03
2.353811995504354471e+01 5.483081392457699044e-03
2.376708809732560823e+01 5.386894926969052443e-03
2.399828353772154799e+01 5.292281398659558732e-03
2.423172794237600769e+01 5.199196251049904502e-03
2.446744318819203201e+01 5.107622343306937596e-03
2.470545136488123816e+01 5.017535648783029087e-03
2.494577477703398571e+01 4.928909875183300378e-03
2.518843594620949489e+01 4.841718476907033893e-03
2.543345761304651020e+01 4.755666879768733098e-03
2.568086273939435316e+01 4.671577110880107721e-03
2.593067451046487548e+01 4.588861359026839143e-03
2.618291633700505372e+01 4.506922038672177451e-03
2.643761185749101372e+01 4.426614513155222898e-03
2.669478494034320804e+01 4.347605353308393004e-03
2.695445968616333587e+01 4.269907730751706411e-03
2.721666042999271795e+01 4.193453186016317565e-03
2.748141174359293259e+01 4.118267443453318445e-03
2.774873843774846804e+01 4.044311240813361526e-03
2.801866556459195223e+01 3.971573887636216209e-03
2.829121841995168651e+01 3.900025251898869925e-03
2.856642254572233952e+01 3.829656762817105781e-03
2.884430373225852051e+01 3.760446941568212475e-03
2.912488802079168337e+01 3.692373328830989877e-03
2.940820170587063842e+01 3.625423618206277850e-03
2.969427133782552986e+01 3.559579389807653385e-03
2.998312372525609959e+01 3.494826769737619486e-03
3.027478593754393543e+01 3.431151901940449750e-03
3.056928530738937155e+01 3.368515729293567254e-03
3.086664943337274636e+01 3.306926338096451406e-03
3.116690618254088463e+01 3.246357281130398970e-03
3.147008369301855879e+01 3.186791155988853361e-03
3.177621037664554038e+01 3.128240941736939746e-03
3.208531492163897525e+01 3.070642615842482208e-03
3.239742629528198847e+01 3.014015010516020009e-03
3.271257374663825601e+01 2.958331918662750713e-03
3.303078680929315425e+01 2.903592146507484074e-03
3.335209530412127066e+01 2.849737527023708718e-03
3.367652934208116022e+01 2.796807905935804785e-03
3.400411932703705986e+01 2.744770134355658218e-03
3.433489595860830690e+01 2.693603842529473415e-03
3.466889023504609213e+01 2.643290994778354271e-03
3.500613345613854221e+01 2.593837448419602110e-03
3.534665722614391115e+01 2.545210360041634534e-03
3.569049345675229290e+01 2.497409110948379304e-03
3.603767437007633134e+01 2.450406412799469979e-03
3.638823250167062184e+01 2.404210819437754571e-03
3.674220070358090595e+01 2.358809768307152614e-03
3.709961214742267543e+01 2.314151199930598087e-03
3.746050032748993175e+01 2.270270872702374355e-03
3.782489906389385936e+01 2.227137630465319835e-03
3.819284250573236505e+01 2.184735430087081549e-03
3.856436513429023449e+01 2.143058602515067988e-03
3.893950176627063087e+01 2.102098910312547725e-03
3.931828755705770106e+01 2.061836242459933258e-03
3.970075800401124155e+01 2.022258384105263956e-03
4.008694894979318946e+01 1.983367144405997345e-03
4.047689658572676308e+01 1.945147038046908007e-03
4.087063745518780422e+01 1.907596874897366044e-03
4.126820845702955864e+01 1.870661944484220893e-03
4.166964684904057492e+01 1.834393609099460891e-03
4.207499025143619065e+01 1.798739599682510400e-03
4.248427665038425260e+01 1.763706904522823913e-03
4.289754440156466586e+01 1.729283329627767218e-03
4.331483223376402947e+01 1.695483722582933174e-03
4.373617925250492533e+01 1.662225143947572642e-03
4.416162494371084790e+01 1.629564486865342759e-03
4.459120917740628443e+01 1.597476849439359581e-03
4.502497221145327444e+01 1.565950634801775362e-03
4.546295469532399380e+01 1.534976760648800419e-03
4.590519767391037220e+01 1.504551136783156655e-03
4.635174259137027519e+01 1.474648219946794346e-03
4.680263129501155817e+01 1.445278457700081105e-03
4.725790603921362276e+01 1.416426973938732323e-03
4.771760948938745628e+01 1.388084897275017673e-03
4.818178472597362827e+01 1.360243175047940248e-03
4.865047524847972937e+01 1.332893569461006053e-03
4.912372497955678341e+01 1.306028503526808233e-03
4.960157826911540724e+01 1.279643056354305567e-03
5.008407989848212338e+01 1.253722482863241011e-03
5.057127508459573306e+01 1.228263663921414861e-03
5.106320948424492911e+01 1.203269360958790501e-03
5.155992919834686461e+01 1.178709958783782409e-03
5.206148077626762216e+01 1.154596179710928568e-03
5.256791122018424289e+01 1.130914874191094087e-03
5.307926798948964375e+01 1.107661392080031438e-03
5.359559900524011766e+01 1.084819940027328001e-03
5.411695265464637572e+01 1.062398870617277261e-03
5.464337779560780461e+01 1.040378063599830486e-03
5.517492376129128928e+01 1.018742307620943907e-03
5.571164036475430237e+01 9.975175276742559178e-04
5.625357790361330501e+01 9.766637771081586490e-04
5.680078716475694733e+01 9.561957964843793888e-04
5.735331942910571712e+01 9.361053400859414061e-04
5.791122647641758192e+01 9.163777473676039051e-04
5.847456059014062646e+01 8.970025511433975642e-04
5.904337456231242243e+01 8.779913615975199967e-04
5.961772169850755887e+01 8.593245613466208395e-04
6.019765582283304184e+01 8.409997831827198921e-04
6.078323128297230227e+01 8.230170197297384570e-04
6.137450295527852973e+01 8.053587506127401997e-04
6.197152624991698389e+01 7.880218886886075896e-04
6.257435711605789663e+01 7.710166071534896130e-04
6.318305204711957401e+01 7.543191317162340967e-04
6.379766808606282069e+01 7.379314333465442424e-04
6.441826283073628190e+01 7.218541336482230944e-04
6.504489443927437264e+01 7.060695741861903801e-04
6.567762163554736787e+01 6.905742027535403081e-04
6.631650371466487570e+01 6.753741723580705941e-04
6.696160054853221766e+01 6.604611690842484379e-04
6.761297259146149941e+01 6.458235722150551918e-04
6.827068088583682481e+01 6.314582612277248874e-04
6.893478706783510290e+01 6.173667569103184370e-04
6.960535337320180815e+01 6.035374186363216993e-04
7.028244264308352740e+01 5.899654501554517805e-04
7.096611832991698066e+01 5.766567803037807262e-04
7.165644450337531168e+01 5.635933849900703506e-04
7.235348585637258623e+01 5.507787817505326120e-04
7.305730771112592947e+01 5.382083897039676443e-04
7.376797602527737752e+01 5.258728853741350458e-04
7.448555739807494547e+01 5.137726410756735711e-04
7.521011907661404905e+01 5.019039294701982314e-04
7.594172896213913759e+01 4.902593842570893059e-04
7.668045561640717267e+01 4.788379296600889516e-04
7.742636826811269657e+01 4.676378655136247684e-04
7.817953681937576960e+01 4.566464923681060896e-04
7.894003185229233566e+01 4.458696838928443156e-04
7.970792463554894880e+01 4.352942986262415431e-04
8.048328713110151966e+01 4.249246533756631701e-04
8.126619200091946027e+01 4.147587070601339008e-04
8.205671261379453085e+01 4.047821183169543935e-04
8.285492305221690401e+01 3.949993000184675251e-04
8.366089811931756515e+01 3.854033117057765155e-04
8.447471334587828551e+01 3.759953734038909315e-04
8.529644499741024788e+01 3.667703483479469373e-04
8.612617008130067120e+01 3.577213304756727869e-04
8.696396635402970787e+01 3.488463481419922722e-04
8.780991232845718741e+01 3.401442328767595035e-04
8.866408728118061333e+01 3.316092853502908299e-04
8.952657125996400111e+01 3.232414822177369232e-04
9.039744509123974581e+01 3.150346425549952205e-04
9.127679038768296493e+01 3.069860239262299528e-04
9.216468955586012157e+01 2.990966591913117763e-04
9.306122580395103228e+01 2.913565238957146184e-04
9.396648314954700254e+01 2.837691905506230911e-04
9.488054642752423717e+01 2.763381523827016135e-04
9.580350129799435877e+01 2.690337143751439031e-04
9.673543425433136633e+01 2.618762793882697601e-04
9.767643263127766318e+01 2.548606566762026009e-04
9.862658461312820180e+01 2.479783821352117557e-04
9.958597924199507645e+01 2.412317554462632522e-04
1.005547064261513555e+02 2.346125191629218093e-04
1.015328569484565975e+02 2.281208807513679740e-04
1.025205224748657002e+02 2.217563213973940323e-04
1.035177955630176285e+02 2.155142236026194493e-04
1.045247696709102172e+02 2.093900055426434377e-04
1.055415391656582784e+02 2.033838750104943055e-04
1.065681993323370733e+02 1.974914939630757619e-04
1.076048463829117878e+02 1.917122107483546639e-04
1.086515774652539505e+02 1.860421380405024010e-04
1.097084906722451905e+02 1.804767863307337871e-04
1.107756850509708642e+02 1.750102340408324429e-04
1.118532606120007102e+02 1.696606315780970842e-04
1.129413183387621018e+02 1.644015953322130249e-04
1.140399601970033103e+02 1.592388771541859238e-04
1.151492891443491402e+02 1.541715794191345101e-04
1.162694091399494027e+02 1.491940649301131338e-04
1.174004251542213098e+02 1.443063518080708722e-04
1.185424431786863977e+02 1.395072608256723711e-04
1.196955702359042846e+02 1.347907949840309455e-04
1.208599143895007444e+02 1.301546715765586608e-04
1.220355847542956980e+02 1.255966041526617718e-04
1.232226915065284345e+02 1.211148533507876358e-04
1.244213458941827213e+02 1.167050789276092144e-04
1.256316602474121424e+02 1.123670462901667851e-04
1.268537479890670454e+02 1.080937897448864269e-04
1.280877236453237629e+02 1.038847549176659602e-04
1.293337028564169486e+02 9.973605205328093799e-05
1.305918023874777987e+02 9.564431982493156088e-05
1.318621401394748602e+02 9.160448546710981625e-05
1.331448351602640230e+02 8.761361179866166131e-05
1.344400076557447221e+02 8.366642288391635586e-05
1.357477790011246839e+02 7.975907017783592052e-05
1.370682717522946348e+02 7.588478863299237282e-05
1.384016096573132870e+02 7.203794267697940601e-05
1.397479176680040780e+02 6.821093825677930348e-05
1.411073219516657957e+02 6.439593349764261194e-05
1.424799499028946457e+02 6.058246798377392233e-05
1.438659301555238414e+02 5.675878076800999918e-05
1.452653925946781328e+02 5.290976184631408005e-05
1.466784683689457722e+02 4.901605749027135252e-05
1.481052899026690000e+02 4.505271189881055333e-05
1.495459909083537866e+02 4.098502944799693954e-05
1.510007063992007659e+02 3.676304800814863806e-05
1.524695727017573006e+02 3.230966944120496970e-05
1.539527274686944622e+02 2.749403954743001924e-05
1.554503096917050300e+02 2.205805313208144519e-05
1.569624597145302403e+02 1.532585047244596708e-05
1.584893192461114211e+02 0.000000000000000000e+00
