1.000000000000000021e-02 1.508106701392360138e+00
1.009727545900835841e-02 1.508102120890805642e+00
1.019549716950923779e-02 1.508097429767763620e+00
1.029467433620748044e-02 1.508092632402743716e+00
1.039481625334708927e-02 1.508085506661726027e+00
1.049593230558227772e-02 1.508080575881739271e+00
1.059803196885688789e-02 1.508075542102183420e+00
1.070112481129246833e-02 1.508070430509534043e+00
1.080522049408488318e-02 1.508065191770389335e+00
1.091032877240974419e-02 1.508059931711542179e+00
1.101645949633656314e-02 1.508054475245980797e+00
1.112362261175187626e-02 1.508048780934542643e+00
1.123182816129126085e-02 1.508043142644872381e+00
1.134108628528052165e-02 1.508037877633460200e+00
1.145140722268592030e-02 1.508031768384455296e+00
1.156280131207376022e-02 1.508025754258268680e+00
1.167527899257919492e-02 1.508019928338568461e+00
1.178885080488457221e-02 1.508013639980048337e+00
1.190352739220719262e-02 1.508007230096117590e+00
1.201931950129673729e-02 1.508000634186583033e+00
1.213623798344241195e-02 1.507993899014691497e+00
1.225429379548980714e-02 1.507987057386980245e+00
1.237349800086776086e-02 1.507979773455500050e+00
1.249386177062509519e-02 1.507972644036362109e+00
1.261539638447754796e-02 1.507965751412156497e+00
1.273811323186478488e-02 1.507958371695591548e+00
1.286202381301779218e-02 1.507950831115302925e+00
1.298713974003655978e-02 1.507941188524012821e+00
1.311347273797833224e-02 1.507933215675688610e+00
1.324103464595636874e-02 1.507925455143003024e+00
1.336983741824946531e-02 1.507917240739081510e+00
1.349989312542219239e-02 1.507908838466536228e+00
1.363121395545611320e-02 1.507902225350589154e+00
1.376381221489191876e-02 1.507894307399997080e+00
1.389770032998276401e-02 1.507885492825245421e+00
1.403289084785873213e-02 1.507875982983548635e+00
1.416939643770268736e-02 1.507867172214391260e+00
1.430722989193757184e-02 1.507857479795243316e+00
1.444640412742520530e-02 1.507847993707920997e+00
1.458693218667675602e-02 1.507838267256244702e+00
1.472882723907502529e-02 1.507828364414208311e+00
1.487210258210860774e-02 1.507818042961300176e+00
1.501677164261799868e-02 1.507807915732355175e+00
1.516284797805393485e-02 1.507797397193553435e+00
1.531034527774784160e-02 1.507786659292271514e+00
1.545927736419477720e-02 1.507775750216983068e+00
1.560965819434872483e-02 1.507764733419201475e+00
1.576150186093060873e-02 1.507753538562669027e+00
1.591482259374891323e-02 1.507741959998302184e+00
1.606963476103326349e-02 1.507730195807192919e+00
1.622595287078087284e-02 1.507718241435637152e+00
1.638379157211618947e-02 1.507706037254481712e+00
1.654316565666366645e-02 1.507693456096716123e+00
1.670409005993399310e-02 1.507680373223977632e+00
1.686657986272368723e-02 1.507667364597291337e+00
1.703065029252844378e-02 1.507654479494026090e+00
1.719631672497009753e-02 1.507640740931583068e+00
1.736359468523754335e-02 1.507628926093853128e+00
1.753249984954170088e-02 1.507615012125490317e+00
1.770304804658450262e-02 1.507600473578206701e+00
1.787525525904235316e-02 1.507584625720428617e+00
1.804913762506383731e-02 1.507571399863538275e+00
1.822471143978214581e-02 1.507554238162304605e+00
1.840199315684210371e-02 1.507539105555667280e+00
1.858099938994215231e-02 1.507522973893304030e+00
1.876174691439120440e-02 1.507506787205047161e+00
1.894425266868081034e-02 1.507490285136865671e+00
1.912853375607242307e-02 1.507473367227812000e+00
1.931460744620030340e-02 1.507456658159629814e+00
1.950249117668984011e-02 1.507438750287907414e+00
1.969220255479172538e-02 1.507421397893371928e+00
1.988375935903200636e-02 1.507402621034452439e+00
2.007717954087816226e-02 1.507384112027883249e+00
2.027248122642137662e-02 1.507365374125613000e+00
2.046968271807520987e-02 1.507345983171464621e+00
2.066880249629082095e-02 1.507326415813702525e+00
2.086985922128879734e-02 1.507306429655240310e+00
2.107287173480786382e-02 1.507286147245029850e+00
2.127785906187062287e-02 1.507266440971699373e+00
2.148484041256648255e-02 1.507245210457748730e+00
2.169383518385184506e-02 1.507222497589796317e+00
2.190486296136792688e-02 1.507200799773179778e+00
2.211794352127614133e-02 1.507176883906789611e+00
2.233309683211144592e-02 1.507155080619185572e+00
2.255034305665360936e-02 1.507130282950007283e+00
2.276970255381680075e-02 1.507106352300077834e+00
2.299119588055741764e-02 1.507084546073051534e+00
2.321484379380064564e-02 1.507060126286750457e+00
2.344066725238556220e-02 1.507034967188557673e+00
2.366868741902936057e-02 1.507007141333320810e+00
2.389892566231050300e-02 1.506981518481946170e+00
2.413140355867127856e-02 1.506955138744640266e+00
2.436614289443983158e-02 1.506929817249211156e+00
2.460316566787181664e-02 1.506901811280673797e+00
2.484249409121190577e-02 1.506873634445498933e+00
2.508415059277539771e-02 1.506845245001206646e+00
2.532815781905008515e-02 1.506815278716491235e+00
2.557453863681850847e-02 1.506785063529853419e+00
2.582331613530085626e-02 1.506755280459868507e+00
2.607451362831877603e-02 1.506723879200125182e+00
2.632815465648021339e-02 1.506691428737608973e+00
2.658426298938541474e-02 1.506658829760746610e+00
2.684286262785454819e-02 1.506625632730578923e+00
2.710397780617682106e-02 1.506592882104129227e+00
2.736763299438163891e-02 1.506560264185359932e+00
2.763385290053169824e-02 1.506523530180829296e+00
2.790266247303856487e-02 1.506489747143395119e+00
2.817408690300057458e-02 1.506453176066741007e+00
2.844815162656363222e-02 1.506415413326898545e+00
2.872488232730495070e-02 1.506377179812335765e+00
2.900430493863991738e-02 1.506338699233907397e+00
2.928644564625237229e-02 1.506299505675394279e+00
2.957133089054861039e-02 1.506259503077858497e+00
2.985898736913520854e-02 1.506218822284648207e+00
3.014944203932094433e-02 1.506177205825926846e+00
3.044272212064302874e-02 1.506134376960328369e+00
3.073885509741795460e-02 1.506091722279785827e+00
3.103786872131722788e-02 1.506047443476530523e+00
3.133979101396793671e-02 1.506002296943533825e+00
3.164465026957891114e-02 1.505956275810336420e+00
3.195247505759213347e-02 1.505909246262484569e+00
3.226329422536015901e-02 1.505861711901428146e+00
3.257713690084949876e-02 1.505814894908573010e+00
3.289403249537032475e-02 1.505765261255233689e+00
3.321401070633261954e-02 1.505714659906798536e+00
3.353710152002930406e-02 1.505662833467185324e+00
3.386333521444636480e-02 1.505609948857962399e+00
3.419274236210027851e-02 1.505556372678461097e+00
3.452535383290306070e-02 1.505509413926512163e+00
3.486120079705520153e-02 1.505456000919430659e+00
3.520031472796678745e-02 1.505395091326325874e+00
3.554272740520694751e-02 1.505330659036067775e+00
3.588847091748199186e-02 1.505271981112296098e+00
3.623757766564258964e-02 1.505211895034232805e+00
3.659008036572020811e-02 1.505150592191194292e+00
3.694601205199302130e-02 1.505088429766015867e+00
3.730540608008161424e-02 1.505024243961960329e+00
3.766829613007490613e-02 1.504959671093395679e+00
3.803471620968648659e-02 1.504893660835420421e+00
3.840470065744145539e-02 1.504826484811398801e+00
3.877828414589457040e-02 1.504757469559301120e+00
3.915550168487941241e-02 1.504687503016508110e+00
3.953638862478930927e-02 1.504615678409741752e+00
3.992098065989020672e-02 1.504542791250648825e+00
4.030931383166566628e-02 1.504469143848892854e+00
4.070142453219438572e-02 1.504393508003151636e+00
4.109734950756069316e-02 1.504314212007342055e+00
4.149712586129815362e-02 1.504237614430351089e+00
4.190079105786669034e-02 1.504151427871057267e+00
4.230838292616342228e-02 1.504075348511220600e+00
4.271993966306778662e-02 1.503992225413343764e+00
4.313549983702118923e-02 1.503906992720315916e+00
4.355510239164130798e-02 1.503820358423286763e+00
4.397878664937160398e-02 1.503732108748222274e+00
4.440659231516640160e-02 1.503642888747648287e+00
4.483855948021186338e-02 1.503551135470309053e+00
4.527472862568297785e-02 1.503456573049277933e+00
4.571514062653719151e-02 1.503361215133136142e+00
4.615983675534499064e-02 1.503264067853954833e+00
4.660885868615767536e-02 1.503164885334111744e+00
4.706224849841281199e-02 1.503063599520833016e+00
4.752004868087766204e-02 1.502960942469642847e+00
4.798230213563085128e-02 1.502855219000233333e+00
4.844905218208294534e-02 1.502747936677274243e+00
4.892034256103611894e-02 1.502639352339197210e+00
4.939621743878321036e-02 1.502526622299554138e+00
4.987672141124663283e-02 1.502412789587916686e+00
5.036189950815770505e-02 1.502296686517127444e+00
5.085179719727656034e-02 1.502179036746782881e+00
5.134646038865306461e-02 1.502060771157012642e+00
5.184593543892913187e-02 1.501937399254200889e+00
5.235026915568305461e-02 1.501812216997445715e+00
5.285950880181603667e-02 1.501683265263584532e+00
5.337370209998133774e-02 1.501553468525041124e+00
5.389289723705643909e-02 1.501421435051928155e+00
5.441714286865893119e-02 1.501286589432521801e+00
5.494648812370611646e-02 1.501149099133581633e+00
5.548098260901916656e-02 1.501007807078217127e+00
5.602067641397187603e-02 1.500865795920883983e+00
5.656562011518465050e-02 1.500718133665062348e+00
5.711586478126431943e-02 1.500572089665460629e+00
5.767146197758996756e-02 1.500420686672681247e+00
5.823246377114527778e-02 1.500266349852827696e+00
5.879892273539785025e-02 1.500108899573575849e+00
5.937089195522609469e-02 1.499948241886812417e+00
5.994842503189409116e-02 1.499785391266089229e+00
6.053157608807464840e-02 1.499617380197526550e+00
6.112039977292132997e-02 1.499447387913839691e+00
6.171495126718981594e-02 1.499273708248396453e+00
6.231528628840921763e-02 1.499097898660743278e+00
6.292146109610344262e-02 1.498917758345271745e+00
6.353353249706343575e-02 1.498734078168293182e+00
6.415155785067082339e-02 1.498546324707968447e+00
6.477559507427335661e-02 1.498355665972237905e+00
6.540570264861225724e-02 1.498160418476167210e+00
6.604193962330305590e-02 1.497962797644320831e+00
6.668436562236895737e-02 1.497760593222684955e+00
6.733304084982863480e-02 1.497553451679807690e+00
6.798802609533814711e-02 1.497344194463956280e+00
6.864938273988777095e-02 1.497130625851748498e+00
6.931717276155408003e-02 1.496912517689825250e+00
6.999145874130821565e-02 1.496689640515345365e+00
7.067230386888070925e-02 1.496463225714985024e+00
7.135977194868306506e-02 1.496231952230318019e+00
7.205392740578704658e-02 1.495998309887107691e+00
7.275483529196229149e-02 1.495758180173592855e+00
7.346256129177256011e-02 1.495513014322976897e+00
7.417717172873124210e-02 1.495264134484126428e+00
7.489873357151664857e-02 1.495009808861155864e+00
7.562731444024800576e-02 1.494750253049061506e+00
7.636298261282241373e-02 1.494487269270776020e+00
7.710580703131336699e-02 1.494217745709505163e+00
7.785585730843146146e-02 1.493942726525036901e+00
7.861320373404813433e-02 1.493663638853085729e+00
7.937791728178281159e-02 1.493376726210259520e+00
8.015006961565404597e-02 1.493085155225208460e+00
8.092973309679550586e-02 1.492790189284058711e+00
8.171698079023696770e-02 1.492487454399280322e+00
8.251188647175167201e-02 1.492180994448877529e+00
8.331452463477014014e-02 1.491867470803671436e+00
8.412497049736118726e-02 1.491549202581693212e+00
8.494330000928071445e-02 1.491221886046079526e+00
8.576958985908941790e-02 1.490892381947054757e+00
8.660391748133952627e-02 1.490552741802922743e+00
8.744636106383144036e-02 1.490208991282422124e+00
8.829699955494091368e-02 1.489858550444110419e+00
8.915591267101763417e-02 1.489500660914391261e+00
9.002318090385581784e-02 1.489135239101913033e+00
9.089888552823731371e-02 1.488763088779805788e+00
9.178310860954806694e-02 1.488383835784280018e+00
9.267593301146882789e-02 1.487995739467956380e+00
9.357744240374062106e-02 1.487602583890526686e+00
9.448772127000577836e-02 1.487200807010995884e+00
9.540685491572513388e-02 1.486791307655106698e+00
9.633492947617222635e-02 1.486374031832945031e+00
9.727203192450542546e-02 1.485949688167780502e+00
9.821825007991856482e-02 1.485517519267832709e+00
9.917367261587073379e-02 1.485076540696172342e+00
1.001383890683960748e-01 1.484628485495273598e+00
1.011124898444945991e-01 1.484170735880314451e+00
1.020960662306047012e-01 1.483703515661711991e+00
1.030892104011576216e-01 1.483227956996650665e+00
1.040920154272158005e-01 1.482743335116763816e+00
1.051045752851944987e-01 1.482249950518919723e+00
1.061269848656690717e-01 1.481746138223209330e+00
1.071593399822671072e-01 1.481233542583618279e+00
1.082017373806478805e-01 1.480710684461072901e+00
1.092542747475682557e-01 1.480176776761352286e+00
1.103170507200377515e-01 1.479655402343208470e+00
1.113901648945616746e-01 1.479090299335156455e+00
1.124737178364751955e-01 1.478518173323867479e+00
1.135678110893671017e-01 1.477945236609783164e+00
1.146725471845963656e-01 1.477360229317552065e+00
1.157880296509002094e-01 1.476764514334221623e+00
1.169143630240966764e-01 1.476157805141290025e+00
1.180516528568804902e-01 1.475539067838522289e+00
1.192000057287153220e-01 1.474909641223103307e+00
1.203595292558212876e-01 1.474266540736669517e+00
1.215303321012602134e-01 1.473611597718746724e+00
1.227125239851190319e-01 1.472944134681586359e+00
1.239062156947916271e-01 1.472264684191985307e+00
1.251115190953615564e-01 1.471572240461954895e+00
1.263285471400849291e-01 1.470868643549961163e+00
1.275574138809759950e-01 1.470151119991032651e+00
1.287982344794950385e-01 1.469420217441895771e+00
1.300511252173409127e-01 1.468674621198503338e+00
1.313162035073478784e-01 1.467914952461041755e+00
1.325935879044890797e-01 1.467141174325654385e+00
1.338833981169864351e-01 1.466353152661464376e+00
1.351857550175293021e-01 1.465550265119070605e+00
1.365007806546013891e-01 1.464730594741600500e+00
1.378285982639189389e-01 1.463914012607741677e+00
1.391693322799789911e-01 1.463051209006931641e+00
1.405231083477211373e-01 1.462210874513159897e+00
1.418900533343016301e-01 1.461383444764797979e+00
1.432702953409830948e-01 1.460443880023777341e+00
1.446639637151387880e-01 1.459497878409916627e+00
1.460711890623745679e-01 1.458566955309040569e+00
1.474921032587684921e-01 1.457619797307632581e+00
1.489268394632288772e-01 1.456653732556956182e+00
1.503755321299738434e-01 1.455671768359140028e+00
1.518383170211306810e-01 1.454671078870931389e+00
1.533153312194593942e-01 1.453669908413721013e+00
1.548067131411984265e-01 1.452622079198649718e+00
1.563126025490369497e-01 1.451559472150276031e+00
1.578331405652117214e-01 1.450480875896681621e+00
1.593684696847328941e-01 1.449384501223326405e+00
1.609187337887370006e-01 1.448268426381388974e+00
1.624840781579713067e-01 1.447101971309710855e+00
1.640646494864078653e-01 1.445972400618021458e+00
1.656605958949914359e-01 1.444793013767283085e+00
1.672720669455196874e-01 1.443595154551247539e+00
1.688992136546599021e-01 1.442371531698439791e+00
1.705421885081006561e-01 1.441128055934806751e+00
1.722011454748421100e-01 1.439876157937827417e+00
1.738762400216251336e-01 1.438572840881579218e+00
1.755676291275001522e-01 1.437259678099714666e+00
1.772754712985387948e-01 1.435922973019775339e+00
1.789999265826875408e-01 1.434562038696966191e+00
1.807411565847668600e-01 1.433176294995231359e+00
1.824993244816152382e-01 1.431765766936091477e+00
1.842745950373816666e-01 1.430330865003689444e+00
1.860671346189656239e-01 1.428870310412574840e+00
1.878771112116086051e-01 1.427383549564199550e+00
1.897046944346358344e-01 1.425868559675800729e+00
1.915500555573527997e-01 1.424326933878234280e+00
1.934133675150944698e-01 1.422758391607462869e+00
1.952948049254327745e-01 1.421162616149481916e+00
1.971945441045395986e-01 1.419538527787335580e+00
1.991127630837108697e-01 1.417885160328582694e+00
2.010496416260497965e-01 1.416203201520168875e+00
2.030053612433137811e-01 1.414496107507078770e+00
2.049801052129238688e-01 1.412749085407448701e+00
2.069740585951406198e-01 1.410976590069899839e+00
2.089874082504071251e-01 1.409172748243579854e+00
2.110203428568595552e-01 1.407347823980193979e+00
2.130730529280097374e-01 1.405471071548096473e+00
2.151457308305980698e-01 1.403572053715935519e+00
2.172385708026215445e-01 1.401639072195186797e+00
2.193517689715359098e-01 1.399673745678845949e+00
2.214855233726360506e-01 1.397673247115238215e+00
2.236400339676138660e-01 1.395636275324954934e+00
2.258155026632983065e-01 1.393568908953833008e+00
2.280121333305757114e-01 1.391464238948184162e+00
2.302301318234963867e-01 1.389323583795181394e+00
2.324697059985647851e-01 1.387145989941994451e+00
2.347310657342196183e-01 1.384932306594921503e+00
2.370144229505012079e-01 1.382682060358558340e+00
2.393199916289123208e-01 1.380390738724239785e+00
2.416479878324700736e-01 1.378062771769720474e+00
2.439986297259550130e-01 1.375695579814186997e+00
2.463721375963552895e-01 1.373289050157683322e+00
2.487687338735107279e-01 1.370840908107963108e+00
2.511886431509580686e-01 1.368352693711776480e+00
2.536320922069775774e-01 1.365825000885805274e+00
2.560993100258459609e-01 1.363251077942868816e+00
2.585905278192945911e-01 1.360639580906711554e+00
2.611059790481781162e-01 1.358013421066960325e+00
2.636458994443517945e-01 1.355282493728106941e+00
2.662105270327638773e-01 1.352538077737148736e+00
2.688001021537606006e-01 1.349755689795073321e+00
2.714148674856106669e-01 1.346917286891109233e+00
2.740550680672460548e-01 1.344038999983138138e+00
2.767209513212268712e-01 1.341111523568790931e+00
2.794127670769268601e-01 1.338138181719952247e+00
2.821307675939472293e-01 1.335117973467181418e+00
2.848752075857552413e-01 1.332050154866874614e+00
2.876463442435557849e-01 1.328936152344621924e+00
2.904444372603925406e-01 1.325769607267439865e+00
2.932697488554852905e-01 1.322554532422151263e+00
2.961225437988035947e-01 1.319289729260603838e+00
2.990030894358785551e-01 1.315974072274969986e+00
3.019116557128577738e-01 1.312606919889141022e+00
3.048485152018017286e-01 1.309186617549583653e+00
3.078139431262288950e-01 1.305716481522638750e+00
3.108082173869063936e-01 1.302194092577837248e+00
3.138316185878944342e-01 1.298616759825888645e+00
3.168844300628416155e-01 1.294983697851546767e+00
3.199669379015380732e-01 1.291295905675825528e+00
3.230794309767249795e-01 1.287557662780831391e+00
3.262222009711669979e-01 1.283759970817790474e+00
3.293955424049855307e-01 1.279906902120706791e+00
3.325997526632606949e-01 1.275997429555772777e+00
3.358351320238990301e-01 1.272031580200668532e+00
3.391019836857747105e-01 1.268010767957425067e+00
3.424006137971423724e-01 1.263927770955368901e+00
3.457313314843284413e-01 1.259817117749221893e+00
3.490944488806992929e-01 1.255587697111655521e+00
3.524902811559130766e-01 1.251330550225939087e+00
3.559191465454557002e-01 1.247012799959898333e+00
3.593813663804627523e-01 1.242632913993842347e+00
3.628772651178337472e-01 1.238193255758938349e+00
3.664071703706370808e-01 1.233692583080522542e+00
3.699714129388128048e-01 1.229135560399527094e+00
3.735703268401719401e-01 1.224510180933182646e+00
3.772042493416999376e-01 1.219824455208685210e+00
3.808735209911614517e-01 1.215076854931217865e+00
3.845784856490158665e-01 1.210266752163048354e+00
3.883194905206404091e-01 1.205391698468091244e+00
3.920968861888690649e-01 1.200453720467635765e+00
3.959110266468458539e-01 1.195454463813355739e+00
3.997622693312000708e-01 1.190388031749427089e+00
4.036509751555413805e-01 1.185258732696380379e+00
4.075775085442840395e-01 1.180066241887895995e+00
4.115422374667966343e-01 1.174806803570048519e+00
4.155455334718875515e-01 1.169484107454016986e+00
4.195877717226225712e-01 1.164094037326442566e+00
4.236693310314835759e-01 1.158642651019480940e+00
4.277905938958687093e-01 1.153123688107661415e+00
4.319519465339363706e-01 1.147538602746150938e+00
4.361537789208005944e-01 1.141890039759368980e+00
4.403964848250754294e-01 1.136174673087118947e+00
4.446804618457780300e-01 1.130392862292319389e+00
4.490061114495874639e-01 1.124547742772666226e+00
4.533738390084691150e-01 1.118638538687630080e+00
4.577840538376618529e-01 1.112659724142089912e+00
4.622371692340384031e-01 1.106624223779785865e+00
4.667336025148346446e-01 1.100512475118452071e+00
4.712737750567601580e-01 1.094340131352384837e+00
4.758581123354846953e-01 1.088104597259810014e+00
4.804870439655131720e-01 1.081801571044781918e+00
4.851610037404442966e-01 1.075437008341161294e+00
4.898804296736250508e-01 1.069008115208583076e+00
4.946457640391963562e-01 1.062513714125557174e+00
4.994574534135413635e-01 1.055957301055518993e+00
5.043159487171361421e-01 1.049339599315571858e+00
5.092217052568053237e-01 1.042656388464392014e+00
5.141751827683928022e-01 1.035912823286776030e+00
5.191768454598426619e-01 1.029111223466296021e+00
5.242271620547044320e-01 1.022240009150567230e+00
5.293266058360561743e-01 1.015315564830650219e+00
5.344756546908600026e-01 1.008327094415027103e+00
5.396747911547442600e-01 1.001281713466767753e+00
5.449245024572260121e-01 9.941769837364742290e-01
5.502252805673685243e-01 9.870065188478331919e-01
5.555776222398878250e-01 9.797963455520442011e-01
5.609820290617031358e-01 9.725207560271673657e-01
5.664390074989449353e-01 9.651754861647606765e-01
5.719490689444144405e-01 9.577944540599412360e-01
5.775127297655114900e-01 9.503631293281443737e-01
5.831305113526221717e-01 9.428638011518322148e-01
5.888029401679826247e-01 9.353289342580178856e-01
5.945305477950136863e-01 9.277347153913770850e-01
6.003138709881384871e-01 9.200910264590909104e-01
6.061534517230839914e-01 9.123993389673349386e-01
6.120498372476699256e-01 9.046611258936421152e-01
6.180035801330957534e-01 8.968735812720731726e-01
6.240152383257209223e-01 8.890456369456481989e-01
6.300853751993553686e-01 8.811729744321653568e-01
6.362145596080520660e-01 8.732537084247696813e-01
6.424033659394193796e-01 8.652673019280999744e-01
6.486523741684461219e-01 8.572622700245416949e-01
6.549621699118558515e-01 8.492641411309556077e-01
6.613333444829840868e-01 8.411943596249680244e-01
6.677664949471955325e-01 8.330860989341823952e-01
6.742622241778342129e-01 8.249478948024804303e-01
6.808211409127237213e-01 8.167735394176801611e-01
6.874438598112112553e-01 8.085430953897543294e-01
6.941310015117725385e-01 8.003367976331599021e-01
7.008831926901714082e-01 7.920801756003672534e-01
7.077010661181889484e-01 7.837938775950495929e-01
7.145852607229240538e-01 7.754863524470728686e-01
7.215364216466665370e-01 7.671526389527593137e-01
7.285552003073593186e-01 7.588021452242567078e-01
7.356422544596413760e-01 7.504329799886793051e-01
7.427982482564918776e-01 7.420436200183971875e-01
7.500238523114668432e-01 7.336420033435485655e-01
7.573197437615483141e-01 7.252275797980721750e-01
7.646866063305975958e-01 7.168035446514056108e-01
7.721251303934327792e-01 7.083647882370575077e-01
7.796360130405233235e-01 6.999252296009477181e-01
7.872199581433195759e-01 6.914755476606199158e-01
7.948776764202123424e-01 6.830228517463654558e-01
8.026098855031396084e-01 6.745698630101555349e-01
8.104173100048355227e-01 6.661180246379415637e-01
8.183006815867394090e-01 6.576594751516809945e-01
8.262607390275591435e-01 6.492205611090733353e-01
8.342982282925082149e-01 6.407796570983292916e-01
8.424139026032094746e-01 6.323494384860337547e-01
8.506085225082840040e-01 6.239291703989732207e-01
8.588828559546254349e-01 6.154872090517933270e-01
8.672376783593644944e-01 6.071247666627345163e-01
8.756737726825394308e-01 5.987447752339831730e-01
8.841919295004664336e-01 5.903869016442685469e-01
8.927929470798307010e-01 5.820491507209137882e-01
9.014776314524917122e-01 5.737371872978159759e-01
9.102467964910225806e-01 5.654388490933502931e-01
9.191012639849772681e-01 5.571307875015426569e-01
9.280418637179072006e-01 5.489381297663383785e-01
9.370694335451198453e-01 5.407815624971354929e-01
9.461848194722002336e-01 5.325535685609599224e-01
9.553888757342895444e-01 5.244116547790701466e-01
9.646824648761427312e-01 5.163087676521805891e-01
9.740664578329562007e-01 5.082246357768416267e-01
9.835417340119908536e-01 5.002146662410955624e-01
9.931091813749796104e-01 4.922258964827771477e-01
1.002769696521346621e+00 4.842834340381158564e-01
1.012524184772224167e+00 4.763868131039999398e-01
1.022373560255302127e+00 4.685359290789505859e-01
1.032318745990486564e+00 4.607317924622775784e-01
1.042360673976402197e+00 4.529782287243767080e-01
1.052500285277732761e+00 4.452783229481638294e-01
1.062738530113414459e+00 4.376314925062588235e-01
1.073076367945679621e+00 4.300396630406450593e-01
1.083514767569973225e+00 4.224962270091822680e-01
1.094054707205742494e+00 4.150211783186654735e-01
1.104697174588111785e+00 4.076003198660835269e-01
1.115443167060441221e+00 4.002474402928588582e-01
1.126293691667795249e+00 3.929505584466086443e-01
1.137249765251314271e+00 3.857182938461827248e-01
1.148312414543511073e+00 3.785506052408743605e-01
1.159482676264482759e+00 3.714078522231714086e-01
1.170761597219069250e+00 3.644151792584104932e-01
1.182150234394952371e+00 3.574503033895041759e-01
1.193649655061713055e+00 3.505529944121105190e-01
1.205260936870842681e+00 3.437251595760932865e-01
1.216985167956738056e+00 3.369284511489946121e-01
1.228823447038673411e+00 3.302880384081253728e-01
1.240776883523764251e+00 3.237040071848411027e-01
1.252846597610937529e+00 3.171564682465992102e-01
1.265033720395903893e+00 3.106837520287200616e-01
1.277339393977160009e+00 3.042803352550762508e-01
1.289764771563017165e+00 2.979909492287594053e-01
1.302311017579677488e+00 2.917607752283044587e-01
1.314979307780347773e+00 2.856071313605800244e-01
1.327770829355430449e+00 2.795324375114973670e-01
1.340686781043774811e+00 2.735363091295409110e-01
1.353728373245021821e+00 2.676197487795719532e-01
1.366896828133026487e+00 2.617812259943312903e-01
1.380193379770397355e+00 2.560190878760529309e-01
1.393619274224142002e+00 2.503514321212322313e-01
1.407175769682446731e+00 2.447559515060721280e-01
1.420864136572576708e+00 2.392355774159984350e-01
1.434685657679937831e+00 2.338018003409815804e-01
1.448641628268290127e+00 2.284486391477136003e-01
1.462733356201129986e+00 2.231770719395418379e-01
1.476962162064259898e+00 2.179816454430185679e-01
1.491329379289537682e+00 2.128745915925071008e-01
1.505836354279841416e+00 2.078471514759869521e-01
1.520484446535244283e+00 2.028992205119621306e-01
1.535275028780422657e+00 1.980273500111532914e-01
1.550209487093291205e+00 1.932548140288826155e-01
1.565289221034902312e+00 1.885434425133947767e-01
1.580515643780601165e+00 1.839188580571794740e-01
1.595890182252465817e+00 1.793739661562803178e-01
1.611414277253019778e+00 1.749055070126660227e-01
1.627089383600260675e+00 1.705143516606212606e-01
1.642916970263993193e+00 1.662175295384071827e-01
1.658898520503498064e+00 1.619869487494951521e-01
1.675035532006524441e+00 1.578404855202846790e-01
1.691329517029648732e+00 1.537654769879689964e-01
1.707782002539993016e+00 1.497744600926806668e-01
1.724394530358320354e+00 1.458566188745349379e-01
1.741168657303530987e+00 1.420134314696486488e-01
1.758105955338547632e+00 1.382466435798563875e-01
1.775208011717636092e+00 1.345548067517343127e-01
1.792476429135148930e+00 1.309324413081503491e-01
1.809912825875727105e+00 1.273883060076288209e-01
1.827518835965944666e+00 1.239258933427117154e-01
1.845296109327445366e+00 1.205208642798521468e-01
1.863246311931559873e+00 1.171773487770310235e-01
1.881371125955437096e+00 1.139346087167922988e-01
1.899672249939675650e+00 1.107428159557053843e-01
1.918151398947507635e+00 1.076269833426977823e-01
1.936810304725519849e+00 1.045653994235461876e-01
1.955650715865949074e+00 1.015936869982082824e-01
1.974674397970537454e+00 9.867561778584313381e-02
1.993883133816001019e+00 9.582213314201037946e-02
2.013278723521096492e+00 9.303575870555923222e-02
2.032862984715323673e+00 9.030986816504134318e-02
2.052637752709252084e+00 8.765499497129973505e-02
2.072604880666519822e+00 8.505728130236016316e-02
2.092766239777499759e+00 8.252087683353326319e-02
2.113123719434652603e+00 8.004492207032820605e-02
2.133679227409597701e+00 7.763049430088510283e-02
2.154434690031884259e+00 7.527008401672430349e-02
2.175392052369522489e+00 7.296999731558334590e-02
2.196553278411258248e+00 7.072449652308897272e-02
2.217920351250634692e+00 6.853242165551950982e-02
2.239495273271823184e+00 6.640608677863678311e-02
2.261280066337279404e+00 6.432518407556712947e-02
2.283276771977218012e+00 6.229693167617707944e-02
2.305487451580938707e+00 6.032391886221090405e-02
2.327914186589993051e+00 5.840099569674979396e-02
2.350559078693253756e+00 5.652777790627563914e-02
2.373424250023866033e+00 5.469554290109593375e-02
2.396511843358130278e+00 5.292843993713928358e-02
2.419824022316292567e+00 5.120043382021814693e-02
2.443362971565319341e+00 4.951876922844118678e-02
2.467130897023623426e+00 4.788177950903924063e-02
2.491130026067788439e+00 4.629029263285485557e-02
2.515362607741312928e+00 4.474395434994295206e-02
2.539830912965362675e+00 4.323941011618590013e-02
2.564537234751594674e+00 4.177691550678852561e-02
2.589483888417040802e+00 4.035546571833811824e-02
2.614673211801092023e+00 3.897274239659100081e-02
2.640107565484572927e+00 3.763128153778225182e-02
2.665789333010967876e+00 3.632966614708689479e-02
2.691720921109787668e+00 3.506287488148869536e-02
2.717904759922122881e+00 3.383582875898588638e-02
2.744343303228365283e+00 3.264347031036625435e-02
2.771039028678170535e+00 3.148633027731141676e-02
2.797994438022641805e+00 3.036361190670589308e-02
2.825212057348790218e+00 2.927465918011447690e-02
2.852694437316245057e+00 2.821849658799614399e-02
2.880444153396297668e+00 2.719445320276822967e-02
2.908463806113254169e+00 2.620183883452962756e-02
2.936756021288137397e+00 2.523888001103340856e-02
2.965323450284773621e+00 2.430786437675204470e-02
2.994168770258243573e+00 2.340436182837873913e-02
3.023294684405779531e+00 2.252891791109216252e-02
3.052703922220086241e+00 2.168206632128782951e-02
3.082399239745143404e+00 2.086196432615515170e-02
3.112383419834465759e+00 2.006794577564881971e-02
3.142659272411905569e+00 1.929846484607493709e-02
3.173229634734976212e+00 1.855774057462956927e-02
3.204097371660752813e+00 1.783613153505959545e-02
3.235265375914330388e+00 1.714213156085190107e-02
3.266736568359921655e+00 1.646828156625817358e-02
3.298513898274578082e+00 1.582037563482932563e-02
3.330600343624588788e+00 1.519180364395227890e-02
3.362998911344535991e+00 1.458516959745175673e-02
3.395712637619100693e+00 1.399859631573714160e-02
3.428744588167585317e+00 1.343189381475897066e-02
3.462097858531227423e+00 1.288616841007407879e-02
3.495775574363275240e+00 1.235728825757404468e-02
3.529780891721914671e+00 1.184867342827021323e-02
3.564116997366032269e+00 1.135745648848933073e-02
3.598787109053855460e+00 1.088213135916913342e-02
3.633794475844513094e+00 1.042469970789230288e-02
3.669142378402494131e+00 9.984125895946507900e-03
3.704834129305105694e+00 9.559281368846249752e-03
3.740873073352900313e+00 9.148974743267793489e-03
3.777262587883141176e+00 8.754405062673246626e-03
3.814006083086284082e+00 8.374200452994523883e-03
3.851107002325572903e+00 8.008063814418259554e-03
3.888568822459721019e+00 7.655486106035770850e-03
3.926395054168756449e+00 7.316201388055102416e-03
3.964589242282997805e+00 6.989667901005447957e-03
4.003154966115265445e+00 6.676185865292855008e-03
4.042095839796306045e+00 6.373703474471385452e-03
4.081415512613501662e+00 6.083051129742410301e-03
4.121117669352832635e+00 5.803866338659376123e-03
4.161206030644208020e+00 5.535577974274925352e-03
4.201684353310133346e+00 5.277788566162605784e-03
4.242556430717777438e+00 5.030203433832806069e-03
4.283826093134470270e+00 4.792522041335513586e-03
4.325497208086633627e+00 4.564377227668781067e-03
4.367573680722233398e+00 4.345055775075155544e-03
4.410059454176736615e+00 4.135560021307572824e-03
4.452958509942654963e+00 3.933930184714676259e-03
4.496274868242640110e+00 3.740804461702501669e-03
4.540012588406244554e+00 3.555769275688222108e-03
4.584175769250333765e+00 3.378444854169001133e-03
4.628768549463215365e+00 3.208591317957596670e-03
4.673795107992464004e+00 3.046001753986922380e-03
4.719259664436561863e+00 2.890373259595793113e-03
4.765166479440326341e+00 2.741458774538041345e-03
4.811519855094205766e+00 2.598971379620472043e-03
4.858324135337417360e+00 2.462816150576867431e-03
4.905583706365050922e+00 2.332582355540740223e-03
4.953302997039108924e+00 2.208251723109851995e-03
5.001486479303548727e+00 2.089487007458490971e-03
5.050138668603383785e+00 1.975879128216182726e-03
5.099264124307808288e+00 1.867912076376220887e-03
5.148867450137498025e+00 1.764685572998387015e-03
5.198953294596024399e+00 1.666165961939485149e-03
5.249526351405507718e+00 1.572469266827132171e-03
5.300591359946452030e+00 1.482995413625529417e-03
5.352153105701904501e+00 1.397860161170297495e-03
5.404216420705915347e+00 1.317460393265805453e-03
5.456786183996381823e+00 1.239939540117696894e-03
5.509867322072253160e+00 1.166421154124021873e-03
5.563464809355226137e+00 1.096699067696585341e-03
5.617583668655908191e+00 1.030464312726443298e-03
5.672228971644543094e+00 9.675886646712892735e-04
5.727405839326266346e+00 9.079013592814291723e-04
5.783119442521027054e+00 8.512786295743135978e-04
5.839375002348160315e+00 7.976041607375662038e-04
5.896177790715694478e+00 7.467350434319359976e-04
5.953533130814370189e+00 6.985758388000184831e-04
6.011446397616513337e+00 6.529912274961193917e-04
6.069923018379741464e+00 6.098741935946949038e-04
6.128968473155564034e+00 5.691154656282754404e-04
6.188588295302960063e+00 5.306160035290321316e-04
6.248788072006894012e+00 4.942677584555328109e-04
6.309573444801936049e+00 4.599804820356872691e-04
6.370950110100935149e+00 4.276579427545409528e-04
6.432923819728876502e+00 3.972100668959610472e-04
6.495500381461869033e+00 3.685460901064514664e-04
6.558685659571435345e+00 3.415870938824188416e-04
6.622485575374063238e+00 3.162516262231373967e-04
6.686906107786136921e+00 2.924591114009695170e-04
6.751953293884205287e+00 2.701423624346476317e-04
6.817633229470763112e+00 2.492186242493252442e-04
6.883952069645496330e+00 2.296257096841591069e-04
6.950916029382126382e+00 2.112930247417305941e-04
7.018531384110795912e+00 1.941587167206143289e-04
7.086804470306189430e+00 1.781611507729433152e-04
7.155741686081340980e+00 1.632394786673445580e-04
7.225349491787214085e+00 1.493386463557783335e-04
7.295634410618154320e+00 1.364022972464331283e-04
7.366603029223159460e+00 1.243796940391109413e-04
7.438261998323163482e+00 1.132189439403483432e-04
7.510618033334286459e+00 1.028697193397802405e-04
7.583677914997190683e+00 9.329492073129280836e-05
7.657448490012479958e+00 8.444269051942034565e-05
7.731936671682362316e+00 7.627105512590933258e-05
7.807149440558499798e+00 6.873591457284384751e-05
7.883093845096216690e+00 6.180868480709133855e-05
7.959777002314985417e+00 5.544441864960141539e-05
8.037206098465421888e+00 4.961090272235312801e-05
8.115388389702712146e+00 4.427856344440858058e-05
8.194331202766655053e+00 3.940076028793266312e-05
8.274041935668218883e+00 3.496041034265413340e-05
8.354528058382872047e+00 3.091999000113754634e-05
8.435797113550611570e+00 2.725958232140720050e-05
8.517856717182803905e+00 2.394634695128017258e-05
8.600714559375941093e+00 2.095907615989783652e-05
8.684378405032257220e+00 1.827162719315372755e-05
8.768856094587436090e+00 1.586609385561834576e-05
8.854155544745349715e+00 1.370766440557717038e-05
8.940284749219998162e+00 1.178580711470256815e-05
9.027251779484577909e+00 1.008091678015538036e-05
9.115064785527916769e+00 8.575749342668111168e-06
9.203731996618220279e+00 7.252134289841566796e-06
9.293261722074316111e+00 6.090978756747909147e-06
9.383662352044273902e+00 5.079451786232486449e-06
9.474942358291729150e+00 4.203196958281471616e-06
9.567110294989774388e+00 3.449369559764730744e-06
9.660174799522645017e+00 2.803303306786882428e-06
9.754144593295098531e+00 2.254933394631746407e-06
9.849028482549766039e+00 1.792701879451743786e-06
9.944835359192397917e+00 1.407654665310635850e-06
1.004157420162519543e+01 1.089559036174354712e-06
1.013925407558815373e+01 8.290328965035287174e-07
1.023788413500867378e+01 6.192558514824829753e-07
1.033747362285940774e+01 4.528053724415329537e-07
1.043803187202444072e+01 3.228151388341353024e-07
1.053956830617394580e+01 2.234959384581555337e-07
1.064209244064724658e+01 1.493887169083467149e-07
1.074561388334458023e+01 9.465889355177773267e-08
1.085014233562746178e+01 5.718867885907367945e-08
1.095568759322787855e+01 3.196956988505603059e-08
1.106225954716621906e+01 1.653788980919781848e-08
1.116986818467823817e+01 7.543329479386468151e-09
1.127852359015096795e+01 2.861449572266735260e-09
1.138823594606782130e+01 8.046322963373921587e-10
1.149901553396274245e+01 1.274718257148657838e-10
1.161087273538378994e+01 0.000000000000000000e+00
