1.000000000000000021e-02 1.815259713486138571e+00
1.009727545900835841e-02 1.815255637487285467e+00
1.019549716950923779e-02 1.815251484612437682e+00
1.029467433620748044e-02 1.815247240188952560e+00
1.039481625334708927e-02 1.815243026452442399e+00
1.049593230558227772e-02 1.815238614652069815e+00
1.059803196885688789e-02 1.815234123652630371e+00
1.070112481129246833e-02 1.815229639561874331e+00
1.080522049408488318e-02 1.815225048066556379e+00
1.091032877240974419e-02 1.815220370869540911e+00
1.101645949633656314e-02 1.815215582962906860e+00
1.112362261175187626e-02 1.815210679463709731e+00
1.123182816129126085e-02 1.815205702511381469e+00
1.134108628528052165e-02 1.815200629829951673e+00
1.145140722268592030e-02 1.815197393706291518e+00
1.156280131207376022e-02 1.815192076649263297e+00
1.167527899257919492e-02 1.815186194162920374e+00
1.178885080488457221e-02 1.815180748787477150e+00
1.190352739220719262e-02 1.815175197351134084e+00
1.201931950129673729e-02 1.815169556579269594e+00
1.213623798344241195e-02 1.815163798023080366e+00
1.225429379548980714e-02 1.815157837339777425e+00
1.237349800086776086e-02 1.815151764846156146e+00
1.249386177062509519e-02 1.815145844475938297e+00
1.261539638447754796e-02 1.815139642932205311e+00
1.273811323186478488e-02 1.815133348504553989e+00
1.286202381301779218e-02 1.815161005879906586e+00
1.298713974003655978e-02 1.815148873231946292e+00
1.311347273797833224e-02 1.815082110620175548e+00
1.324103464595636874e-02 1.815106845514193878e+00
1.336983741824946531e-02 1.815096725295159086e+00
1.349989312542219239e-02 1.815089379249584800e+00
1.363121395545611320e-02 1.815081879951170318e+00
1.376381221489191876e-02 1.815074829903724041e+00
1.389770032998276401e-02 1.815067020465375380e+00
1.403289084785873213e-02 1.815059067302643658e+00
1.416939643770268736e-02 1.815050966554728085e+00
1.430722989193757184e-02 1.815042748499214653e+00
1.444640412742520530e-02 1.815034388826578526e+00
1.458693218667675602e-02 1.815025863773958248e+00
1.472882723907502529e-02 1.815017177071291066e+00
1.487210258210860774e-02 1.815008345614433027e+00
1.501677164261799868e-02 1.814999378466348290e+00
1.516284797805393485e-02 1.814989957384235186e+00
1.531034527774784160e-02 1.814981111048813656e+00
1.545927736419477720e-02 1.814971734820270299e+00
1.560965819434872483e-02 1.814962235517758149e+00
1.576150186093060873e-02 1.814952353904033089e+00
1.591482259374891323e-02 1.814942299475290399e+00
1.606963476103326349e-02 1.814932072994610124e+00
1.622595287078087284e-02 1.814921626471799110e+00
1.638379157211618947e-02 1.814910910927232113e+00
1.654316565666366645e-02 1.814900140438775233e+00
1.670409005993399310e-02 1.814889141216991408e+00
1.686657986272368723e-02 1.814877902559780987e+00
1.703065029252844378e-02 1.814866400025677340e+00
1.719631672497009753e-02 1.814855930329498657e+00
1.736359468523754335e-02 1.814843929577758308e+00
1.753249984954170088e-02 1.814834031815316662e+00
1.770304804658450262e-02 1.814821347358349213e+00
1.787525525904235316e-02 1.814806004883660506e+00
1.804913762506383731e-02 1.814793001929546401e+00
1.822471143978214581e-02 1.814779786007358453e+00
1.840199315684210371e-02 1.814766300279341493e+00
1.858099938994215231e-02 1.814752997841184712e+00
1.876174691439120440e-02 1.814738863342034714e+00
1.894425266868081034e-02 1.814724648137065133e+00
1.912853375607242307e-02 1.814710203166034708e+00
1.931460744620030340e-02 1.814695573070196133e+00
1.950249117668984011e-02 1.814680184798812546e+00
1.969220255479172538e-02 1.814664610946343348e+00
1.988375935903200636e-02 1.814648982291630963e+00
2.007717954087816226e-02 1.814632601918174881e+00
2.027248122642137662e-02 1.814616104712048594e+00
2.046968271807520987e-02 1.814599180287137070e+00
2.066880249629082095e-02 1.814581976369898708e+00
2.086985922128879734e-02 1.814564659652049494e+00
2.107287173480786382e-02 1.814546758694647544e+00
2.127785906187062287e-02 1.814528494505584844e+00
2.148484041256648255e-02 1.814507140556692377e+00
2.169383518385184506e-02 1.814491152264342988e+00
2.190486296136792688e-02 1.814471993366195912e+00
2.211794352127614133e-02 1.814452538761056388e+00
2.233309683211144592e-02 1.814432605577610547e+00
2.255034305665360936e-02 1.814412460199207544e+00
2.276970255381680075e-02 1.814387412618788220e+00
2.299119588055741764e-02 1.814366216333020532e+00
2.321484379380064564e-02 1.814344730658186799e+00
2.344066725238556220e-02 1.814322796515505321e+00
2.366868741902936057e-02 1.814300614671735312e+00
2.389892566231050300e-02 1.814281919960654799e+00
2.413140355867127856e-02 1.814258486445784246e+00
2.436614289443983158e-02 1.814234511464738242e+00
2.460316566787181664e-02 1.814210211075130363e+00
2.484249409121190577e-02 1.814185552356463393e+00
2.508415059277539771e-02 1.814159367243156851e+00
2.532815781905008515e-02 1.814134206348964939e+00
2.557453863681850847e-02 1.814108551097959987e+00
2.582331613530085626e-02 1.814082419018872683e+00
2.607451362831877603e-02 1.814053427027157106e+00
2.632815465648021339e-02 1.814026484200292888e+00
2.658426298938541474e-02 1.814002924749108292e+00
2.684286262785454819e-02 1.813973961695257486e+00
2.710397780617682106e-02 1.813940636387991745e+00
2.736763299438163891e-02 1.813913117211368498e+00
2.763385290053169824e-02 1.813880322146962598e+00
2.790266247303856487e-02 1.813849093082740893e+00
2.817408690300057458e-02 1.813817206879686283e+00
2.844815162656363222e-02 1.813784684529336610e+00
2.872488232730495070e-02 1.813751930643975330e+00
2.900430493863991738e-02 1.813718187495093614e+00
2.928644564625237229e-02 1.813683690637300394e+00
2.957133089054861039e-02 1.813648336512514891e+00
2.985898736913520854e-02 1.813612447983468323e+00
3.014944203932094433e-02 1.813576621096751440e+00
3.044272212064302874e-02 1.813539070964843569e+00
3.073885509741795460e-02 1.813502711843907322e+00
3.103786872131722788e-02 1.813463425130393158e+00
3.133979101396793671e-02 1.813423817681643735e+00
3.164465026957891114e-02 1.813383563968748335e+00
3.195247505759213347e-02 1.813342445661093372e+00
3.226329422536015901e-02 1.813300452585343780e+00
3.257713690084949876e-02 1.813257675445067552e+00
3.289403249537032475e-02 1.813214430404579858e+00
3.321401070633261954e-02 1.813169959424297817e+00
3.353710152002930406e-02 1.813124156212730931e+00
3.386333521444636480e-02 1.813077685750322576e+00
3.419274236210027851e-02 1.813030200230336897e+00
3.452535383290306070e-02 1.812981925598301514e+00
3.486120079705520153e-02 1.812932905105431924e+00
3.520031472796678745e-02 1.812883140069877053e+00
3.554272740520694751e-02 1.812832867273455273e+00
3.588847091748199186e-02 1.812781540073172826e+00
3.623757766564258964e-02 1.812729335672983444e+00
3.659008036572020811e-02 1.812676017695122876e+00
3.694601205199302130e-02 1.812621963361421340e+00
3.730540608008161424e-02 1.812566834554426576e+00
3.766829613007490613e-02 1.812510525548702844e+00
3.803471620968648659e-02 1.812454897040244317e+00
3.840470065744145539e-02 1.812395093505420718e+00
3.877828414589457040e-02 1.812335506176681266e+00
3.915550168487941241e-02 1.812274643011150488e+00
3.953638862478930927e-02 1.812212380291259972e+00
3.992098065989020672e-02 1.812148629927491372e+00
4.030931383166566628e-02 1.812083552828761102e+00
4.070142453219438572e-02 1.812017066044560032e+00
4.109734950756069316e-02 1.811950620351475472e+00
4.149712586129815362e-02 1.811881425370051257e+00
4.190079105786669034e-02 1.811810929488936184e+00
4.230838292616342228e-02 1.811738127013119204e+00
4.271993966306778662e-02 1.811664729627860959e+00
4.313549983702118923e-02 1.811589476871975135e+00
4.355510239164130798e-02 1.811513574746514754e+00
4.397878664937160398e-02 1.811437136417245020e+00
4.440659231516640160e-02 1.811357849347804638e+00
4.483855948021186338e-02 1.811275674541130032e+00
4.527472862568297785e-02 1.811195625069488724e+00
4.571514062653719151e-02 1.811112483646237781e+00
4.615983675534499064e-02 1.811027538397159464e+00
4.660885868615767536e-02 1.810940832648518128e+00
4.706224849841281199e-02 1.810852478477430694e+00
4.752004868087766204e-02 1.810762304625168184e+00
4.798230213563085128e-02 1.810670018993506103e+00
4.844905218208294534e-02 1.810575849956058692e+00
4.892034256103611894e-02 1.810480063574191556e+00
4.939621743878321036e-02 1.810382458795775529e+00
4.987672141124663283e-02 1.810282907013342824e+00
5.036189950815770505e-02 1.810182130855310989e+00
5.085179719727656034e-02 1.810078038681769641e+00
5.134646038865306461e-02 1.809972384882706509e+00
5.184593543892913187e-02 1.809864948589437361e+00
5.235026915568305461e-02 1.809755601222700072e+00
5.285950880181603667e-02 1.809644683615902805e+00
5.337370209998133774e-02 1.809531127403122719e+00
5.389289723705643909e-02 1.809415094415264935e+00
5.441714286865893119e-02 1.809297928059247385e+00
5.494648812370611646e-02 1.809178481867439903e+00
5.548098260901916656e-02 1.809055867384644412e+00
5.602067641397187603e-02 1.808929525179359565e+00
5.656562011518465050e-02 1.808801948061024012e+00
5.711586478126431943e-02 1.808673201130475805e+00
5.767146197758996756e-02 1.808538576773847328e+00
5.823246377114527778e-02 1.808403684427280611e+00
5.879892273539785025e-02 1.808265980484169200e+00
5.937089195522609469e-02 1.808125659615050340e+00
5.994842503189409116e-02 1.807980458727481921e+00
6.053157608807464840e-02 1.807834896348715192e+00
6.112039977292132997e-02 1.807686284364278695e+00
6.171495126718981594e-02 1.807534813749329672e+00
6.231528628840921763e-02 1.807380671585190779e+00
6.292146109610344262e-02 1.807223325659602198e+00
6.353353249706343575e-02 1.807063054789506795e+00
6.415155785067082339e-02 1.806899845121177073e+00
6.477559507427335661e-02 1.806732673031608005e+00
6.540570264861225724e-02 1.806562443270228302e+00
6.604193962330305590e-02 1.806388442552528062e+00
6.668436562236895737e-02 1.806212878639933406e+00
6.733304084982863480e-02 1.806032346314510928e+00
6.798802609533814711e-02 1.805846639692900046e+00
6.864938273988777095e-02 1.805659200154436483e+00
6.931717276155408003e-02 1.805468023227443597e+00
6.999145874130821565e-02 1.805273543266240566e+00
7.067230386888070925e-02 1.805075348236917732e+00
7.135977194868306506e-02 1.804872748393528958e+00
7.205392740578704658e-02 1.804666053467336884e+00
7.275483529196229149e-02 1.804455163646918381e+00
7.346256129177256011e-02 1.804240077714112989e+00
7.417717172873124210e-02 1.804021047347104556e+00
7.489873357151664857e-02 1.803798031549652015e+00
7.562731444024800576e-02 1.803571539311382921e+00
7.636298261282241373e-02 1.803340763868069407e+00
7.710580703131336699e-02 1.803105209800285769e+00
7.785585730843146146e-02 1.802864907719930798e+00
7.861320373404813433e-02 1.802620637977991658e+00
7.937791728178281159e-02 1.802370706062272676e+00
8.015006961565404597e-02 1.802117416779784431e+00
8.092973309679550586e-02 1.801857147269296355e+00
8.171698079023696770e-02 1.801591019400809568e+00
8.251188647175167201e-02 1.801324010317083113e+00
8.331452463477014014e-02 1.801049054420232221e+00
8.412497049736118726e-02 1.800768369488572773e+00
8.494330000928071445e-02 1.800481784638763738e+00
8.576958985908941790e-02 1.800192040605493871e+00
8.660391748133952627e-02 1.799894910188843289e+00
8.744636106383144036e-02 1.799591607447853736e+00
8.829699955494091368e-02 1.799282420233574431e+00
8.915591267101763417e-02 1.798967727218732771e+00
9.002318090385581784e-02 1.798647206525177511e+00
9.089888552823731371e-02 1.798320878512232657e+00
9.178310860954806694e-02 1.797989109586855871e+00
9.267593301146882789e-02 1.797650484792311598e+00
9.357744240374062106e-02 1.797305937117369634e+00
9.448772127000577836e-02 1.796953157237516363e+00
9.540685491572513388e-02 1.796594811570497052e+00
9.633492947617222635e-02 1.796228788534291132e+00
9.727203192450542546e-02 1.795855051306763484e+00
9.821825007991856482e-02 1.795475601136050647e+00
9.917367261587073379e-02 1.795089145565490929e+00
1.001383890683960748e-01 1.794696598902977502e+00
1.011124898444945991e-01 1.794293093620324298e+00
1.020960662306047012e-01 1.793883296377082992e+00
1.030892104011576216e-01 1.793465061555742812e+00
1.040920154272158005e-01 1.793039139254939407e+00
1.051045752851944987e-01 1.792605415575104333e+00
1.061269848656690717e-01 1.792164284204648128e+00
1.071593399822671072e-01 1.791713871566587013e+00
1.082017373806478805e-01 1.791254740036591908e+00
1.092542747475682557e-01 1.790785631462973759e+00
1.103170507200377515e-01 1.790309035342861677e+00
1.113901648945616746e-01 1.789822565122044962e+00
1.124737178364751955e-01 1.789327186150174720e+00
1.135678110893671017e-01 1.788823713316432640e+00
1.146725471845963656e-01 1.788306840900740990e+00
1.157880296509002094e-01 1.787781717283440708e+00
1.169143630240966764e-01 1.787248502636291647e+00
1.180516528568804902e-01 1.786704607062555628e+00
1.192000057287153220e-01 1.786151385161109273e+00
1.203595292558212876e-01 1.785587273153072863e+00
1.215303321012602134e-01 1.785012559079280470e+00
1.227125239851190319e-01 1.784427135692390420e+00
1.239062156947916271e-01 1.783829618531900696e+00
1.251115190953615564e-01 1.783219415073694636e+00
1.263285471400849291e-01 1.782596432531982522e+00
1.275574138809759950e-01 1.781963358507186568e+00
1.287982344794950385e-01 1.781317695884017782e+00
1.300511252173409127e-01 1.780662896816604279e+00
1.313162035073478784e-01 1.779991710551032780e+00
1.325935879044890797e-01 1.779309786310452335e+00
1.338833981169864351e-01 1.778617227294492453e+00
1.351857550175293021e-01 1.777909749127750461e+00
1.365007806546013891e-01 1.777189256745768331e+00
1.378285982639189389e-01 1.776456273816780618e+00
1.391693322799789911e-01 1.775708898877675690e+00
1.405231083477211373e-01 1.774944138391928439e+00
1.418900533343016301e-01 1.774168624836275798e+00
1.432702953409830948e-01 1.773378591955736328e+00
1.446639637151387880e-01 1.772574309768066403e+00
1.460711890623745679e-01 1.771752222624085382e+00
1.474921032587684921e-01 1.770914096759192979e+00
1.489268394632288772e-01 1.770062237127202787e+00
1.503755321299738434e-01 1.769196093323682106e+00
1.518383170211306810e-01 1.768314036948024803e+00
1.533153312194593942e-01 1.767410668433234688e+00
1.548067131411984265e-01 1.766493444332219109e+00
1.563126025490369497e-01 1.765558983957215666e+00
1.578331405652117214e-01 1.764608200896018886e+00
1.593684696847328941e-01 1.763639838290145923e+00
1.609187337887370006e-01 1.762652847939766287e+00
1.624840781579713067e-01 1.761647703217861016e+00
1.640646494864078653e-01 1.760623769212908529e+00
1.656605958949914359e-01 1.759578907305441753e+00
1.672720669455196874e-01 1.758514817705019384e+00
1.688992136546599021e-01 1.757432873870611756e+00
1.705421885081006561e-01 1.756331648526125999e+00
1.722011454748421100e-01 1.755209275358182275e+00
1.738762400216251336e-01 1.754067434172944973e+00
1.755676291275001522e-01 1.752904382612114009e+00
1.772754712985387948e-01 1.751718456683054814e+00
1.789999265826875408e-01 1.750511393689369255e+00
1.807411565847668600e-01 1.749282766410811929e+00
1.824993244816152382e-01 1.748032269622023405e+00
1.842745950373816666e-01 1.746759303763013360e+00
1.860671346189656239e-01 1.745459301336163449e+00
1.878771112116086051e-01 1.744136192947969066e+00
1.897046944346358344e-01 1.742794246600534613e+00
1.915500555573527997e-01 1.741424695390433097e+00
1.934133675150944698e-01 1.740029039796459287e+00
1.952948049254327745e-01 1.738612882368322010e+00
1.971945441045395986e-01 1.737165637801980411e+00
1.991127630837108697e-01 1.735694756098696168e+00
2.010496416260497965e-01 1.734198961887271073e+00
2.030053612433137811e-01 1.732671838486297133e+00
2.049801052129238688e-01 1.731122552397306169e+00
2.069740585951406198e-01 1.729541787222616422e+00
2.089874082504071251e-01 1.727932307280934499e+00
2.110203428568595552e-01 1.726298187261507522e+00
2.130730529280097374e-01 1.724630519237771775e+00
2.151457308305980698e-01 1.722934324664860073e+00
2.172385708026215445e-01 1.721208904289181385e+00
2.193517689715359098e-01 1.719454700274134273e+00
2.214855233726360506e-01 1.717667551031665463e+00
2.236400339676138660e-01 1.715851597338719170e+00
2.258155026632983065e-01 1.713998163049326839e+00
2.280121333305757114e-01 1.712186683521251362e+00
2.302301318234963867e-01 1.710198537822175568e+00
2.324697059985647851e-01 1.708250466073589102e+00
2.347310657342196183e-01 1.706267661560236348e+00
2.370144229505012079e-01 1.704207310775236239e+00
2.393199916289123208e-01 1.702191960486899580e+00
2.416479878324700736e-01 1.700108691629281576e+00
2.439986297259550130e-01 1.697983374453587713e+00
2.463721375963552895e-01 1.695818238636450870e+00
2.487687338735107279e-01 1.693617327207109113e+00
2.511886431509580686e-01 1.691382042954347797e+00
2.536320922069775774e-01 1.689107770991359336e+00
2.560993100258459609e-01 1.686794237092649196e+00
2.585905278192945911e-01 1.684440148413455240e+00
2.611059790481781162e-01 1.682046798542870869e+00
2.636458994443517945e-01 1.679613183605463300e+00
2.662105270327638773e-01 1.677138413351097368e+00
2.688001021537606006e-01 1.674622135482351171e+00
2.714148674856106669e-01 1.672062188689354967e+00
2.740550680672460548e-01 1.669459372978887801e+00
2.767209513212268712e-01 1.666813500252531277e+00
2.794127670769268601e-01 1.664125057567574562e+00
2.821307675939472293e-01 1.661392066817338087e+00
2.848752075857552413e-01 1.658611190361629628e+00
2.876463442435557849e-01 1.655782795835054610e+00
2.904444372603925406e-01 1.652913906768718189e+00
2.932697488554852905e-01 1.649997083332966685e+00
2.961225437988035947e-01 1.647029586064497897e+00
2.990030894358785551e-01 1.644015107696479960e+00
3.019116557128577738e-01 1.640951545173217285e+00
3.048485152018017286e-01 1.637838743021180266e+00
3.078139431262288950e-01 1.634677645521580125e+00
3.108082173869063936e-01 1.631462537096729060e+00
3.138316185878944342e-01 1.628198658852433089e+00
3.168844300628416155e-01 1.624881309160500331e+00
3.199669379015380732e-01 1.621512193558604542e+00
3.230794309767249795e-01 1.618090711968700246e+00
3.262222009711669979e-01 1.614614809226042835e+00
3.293955424049855307e-01 1.611085091221745369e+00
3.325997526632606949e-01 1.607497646433957206e+00
3.358351320238990301e-01 1.603858962354857587e+00
3.391019836857747105e-01 1.600163268040065701e+00
3.424006137971423724e-01 1.596401206104600679e+00
3.457313314843284413e-01 1.592598542705999209e+00
3.490944488806992929e-01 1.588730169994539976e+00
3.524902811559130766e-01 1.584803172343797639e+00
3.559191465454557002e-01 1.580817785642444129e+00
3.593813663804627523e-01 1.576772730935795064e+00
3.628772651178337472e-01 1.572666009816015009e+00
3.664071703706370808e-01 1.568501194328491888e+00
3.699714129388128048e-01 1.564273114661018926e+00
3.735703268401719401e-01 1.559981418855075797e+00
3.772042493416999376e-01 1.555632966261954575e+00
3.808735209911614517e-01 1.551217784928417220e+00
3.845784856490158665e-01 1.546739004656476624e+00
3.883194905206404091e-01 1.542198914107885344e+00
3.920968861888690649e-01 1.537589843444317150e+00
3.959110266468458539e-01 1.533233956408206700e+00
3.997622693312000708e-01 1.528185661411329388e+00
4.036509751555413805e-01 1.523383821390233317e+00
4.075775085442840395e-01 1.518510231580890268e+00
4.115422374667966343e-01 1.513576760588355885e+00
4.155455334718875515e-01 1.508578003111909815e+00
4.195877717226225712e-01 1.503506889292263171e+00
4.236693310314835759e-01 1.498368300768186501e+00
4.277905938958687093e-01 1.493161859145161641e+00
4.319519465339363706e-01 1.487885672452205377e+00
4.361537789208005944e-01 1.482541549023256078e+00
4.403964848250754294e-01 1.477128905793320346e+00
4.446804618457780300e-01 1.471649037291459683e+00
4.490061114495874639e-01 1.466090103990538740e+00
4.533738390084691150e-01 1.460466911664984879e+00
4.577840538376618529e-01 1.454776527253425433e+00
4.622371692340384031e-01 1.449012672976268457e+00
4.667336025148346446e-01 1.443175283373562268e+00
4.712737750567601580e-01 1.437267691169347161e+00
4.758581123354846953e-01 1.431292808376692482e+00
4.804870439655131720e-01 1.425241475220406784e+00
4.851610037404442966e-01 1.419118827149740802e+00
4.898804296736250508e-01 1.412927096299302132e+00
4.946457640391963562e-01 1.406665042999615256e+00
4.994574534135413635e-01 1.400327423764819335e+00
5.043159487171361421e-01 1.393920579935309823e+00
5.092217052568053237e-01 1.387440520764708252e+00
5.141751827683928022e-01 1.380890947405918556e+00
5.191768454598426619e-01 1.374268337763555614e+00
5.242271620547044320e-01 1.367572933166089744e+00
5.293266058360561743e-01 1.360808396107997975e+00
5.344756546908600026e-01 1.353971284287130983e+00
5.396747911547442600e-01 1.347065061086147431e+00
5.449245024572260121e-01 1.340087360502011160e+00
5.502252805673685243e-01 1.333039256994020816e+00
5.555776222398878250e-01 1.325917640283643673e+00
5.609820290617031358e-01 1.318734996986023145e+00
5.664390074989449353e-01 1.311469218179418972e+00
5.719490689444144405e-01 1.304147942846609176e+00
5.775127297655114900e-01 1.296753057671043985e+00
5.831305113526221717e-01 1.289288010008807994e+00
5.888029401679826247e-01 1.281758971812405834e+00
5.945305477950136863e-01 1.274161196204635527e+00
6.003138709881384871e-01 1.266497469573674373e+00
6.061534517230839914e-01 1.258766773765911617e+00
6.120498372476699256e-01 1.250973682649396457e+00
6.180035801330957534e-01 1.243115255406896713e+00
6.240152383257209223e-01 1.235191039290579829e+00
6.300853751993553686e-01 1.227206697851498385e+00
6.362145596080520660e-01 1.219162056728235743e+00
6.424033659394193796e-01 1.211050400911743097e+00
6.486523741684461219e-01 1.202883797489016748e+00
6.549621699118558515e-01 1.194657185632917340e+00
6.613333444829840868e-01 1.186366906374525687e+00
6.677664949471955325e-01 1.178029681867993839e+00
6.742622241778342129e-01 1.169629285795225737e+00
6.808211409127237213e-01 1.161172447676984243e+00
6.874438598112112553e-01 1.152667180394825408e+00
6.941310015117725385e-01 1.144106006626550043e+00
7.008831926901714082e-01 1.135492812264240703e+00
7.077010661181889484e-01 1.126832459264830666e+00
7.145852607229240538e-01 1.118122521929606927e+00
7.215364216466665370e-01 1.109328500558411923e+00
7.285552003073593186e-01 1.100558616414864632e+00
7.356422544596413760e-01 1.091706893973015235e+00
7.427982482564918776e-01 1.082835096407807507e+00
7.500238523114668432e-01 1.073880788597692426e+00
7.573197437615483141e-01 1.064904754715574775e+00
7.646866063305975958e-01 1.055889820623061581e+00
7.721251303934327792e-01 1.046841648988531492e+00
7.796360130405233235e-01 1.037752254714495947e+00
7.872199581433195759e-01 1.028632559199586183e+00
7.948776764202123424e-01 1.019479644560395304e+00
8.026098855031396084e-01 1.010294641845251196e+00
8.104173100048355227e-01 1.001082132195287633e+00
8.183006815867394090e-01 9.918410032764524153e-01
8.262607390275591435e-01 9.825767996760740308e-01
8.342982282925082149e-01 9.732879824287689052e-01
8.424139026032094746e-01 9.639744466258400868e-01
8.506085225082840040e-01 9.546457481846282178e-01
8.588828559546254349e-01 9.452954987446076096e-01
8.672376783593644944e-01 9.359303947812729341e-01
8.756737726825394308e-01 9.265512118399646946e-01
8.841919295004664336e-01 9.171566189648218126e-01
8.927929470798307010e-01 9.077549878672293016e-01
9.014776314524917122e-01 8.983448359676174944e-01
9.102467964910225806e-01 8.889178495974923155e-01
9.191012639849772681e-01 8.795035101879532524e-01
9.280418637179072006e-01 8.700788200932879635e-01
9.370694335451198453e-01 8.606521343657919099e-01
9.461848194722002336e-01 8.512282271041416992e-01
9.553888757342895444e-01 8.418040546508246402e-01
9.646824648761427312e-01 8.323907647883453942e-01
9.740664578329562007e-01 8.229789356633463449e-01
9.835417340119908536e-01 8.135806119596712405e-01
9.931091813749796104e-01 8.041467359105010093e-01
1.002769696521346621e+00 7.948160318695757232e-01
1.012524184772224167e+00 7.854527750473820902e-01
1.022373560255302127e+00 7.761109416296857466e-01
1.032318745990486564e+00 7.667842526491414068e-01
1.042360673976402197e+00 7.574806873733751500e-01
1.052500285277732761e+00 7.481996088925483290e-01
1.062738530113414459e+00 7.389427323576943651e-01
1.073076367945679621e+00 7.297138938030915956e-01
1.083514767569973225e+00 7.205112571249528974e-01
1.094054707205742494e+00 7.113389000833023612e-01
1.104697174588111785e+00 7.022028429252202830e-01
1.115443167060441221e+00 6.930987112458866228e-01
1.126293691667795249e+00 6.840254835248675835e-01
1.137249765251314271e+00 6.749970135466929477e-01
1.148312414543511073e+00 6.660040285965209694e-01
1.159482676264482759e+00 6.570543715111584193e-01
1.170761597219069250e+00 6.481452680015183931e-01
1.182150234394952371e+00 6.392789904853013461e-01
1.193649655061713055e+00 6.304636249147903548e-01
1.205260936870842681e+00 6.216914439188994113e-01
1.216985167956738056e+00 6.129711054041513396e-01
1.228823447038673411e+00 6.043004167638329482e-01
1.240776883523764251e+00 5.955488588528291549e-01
1.252846597610937529e+00 5.871170018420760472e-01
1.265033720395903893e+00 5.786072300508529054e-01
1.277339393977160009e+00 5.701524784577819416e-01
1.289764771563017165e+00 5.617551373990594676e-01
1.302311017579677488e+00 5.534199827491057544e-01
1.314979307780347773e+00 5.451430943203329216e-01
1.327770829355430449e+00 5.369283851729076407e-01
1.340686781043774811e+00 5.287764720699372756e-01
1.353728373245021821e+00 5.206857560577271560e-01
1.366896828133026487e+00 5.126637838483590892e-01
1.380193379770397355e+00 5.047054538157988990e-01
1.393619274224142002e+00 4.968160267827353982e-01
1.407175769682446731e+00 4.889933824239803273e-01
1.420864136572576708e+00 4.812400992466971950e-01
1.434685657679937831e+00 4.735546678580676572e-01
1.448641628268290127e+00 4.659396734501020654e-01
1.462733356201129986e+00 4.583971688015369139e-01
1.476962162064259898e+00 4.509265933935021065e-01
1.491329379289537682e+00 4.435316897338157371e-01
1.505836354279841416e+00 4.362072301629529303e-01
1.520484446535244283e+00 4.289593142511851642e-01
1.535275028780422657e+00 4.217870519838297638e-01
1.550209487093291205e+00 4.146845697715241252e-01
1.565289221034902312e+00 4.076623784447547250e-01
1.580515643780601165e+00 4.007137612138215732e-01
1.595890182252465817e+00 3.938436657798459195e-01
1.611414277253019778e+00 3.870515185649654466e-01
1.627089383600260675e+00 3.803350335253653514e-01
1.642916970263993193e+00 3.736957579129481233e-01
1.658898520503498064e+00 3.671330863554667645e-01
1.675035532006524441e+00 3.606501120043749120e-01
1.691329517029648732e+00 3.542472232633778750e-01
1.707782002539993016e+00 3.479213569898596536e-01
1.724394530358320354e+00 3.416705641580115027e-01
1.741168657303530987e+00 3.354952830895835403e-01
1.758105955338547632e+00 3.294119689809470453e-01
1.775208011717636092e+00 3.234009752141475125e-01
1.792476429135148930e+00 3.174670284862334269e-01
1.809912825875727105e+00 3.116116051763285211e-01
1.827518835965944666e+00 3.058348420750102714e-01
1.845296109327445366e+00 3.001356673659244523e-01
1.863246311931559873e+00 2.945152566014007656e-01
1.881371125955437096e+00 2.889726587387480006e-01
1.899672249939675650e+00 2.835082994914873145e-01
1.918151398947507635e+00 2.781189529644389480e-01
1.936810304725519849e+00 2.728087184891914707e-01
1.955650715865949074e+00 2.675740184453812009e-01
1.974674397970537454e+00 2.624158888487991281e-01
1.993883133816001019e+00 2.573356356468303185e-01
2.013278723521096492e+00 2.523278978832673713e-01
2.032862984715323673e+00 2.473970824026911763e-01
2.052637752709252084e+00 2.425408905796439529e-01
2.072604880666519822e+00 2.377628481573578478e-01
2.092766239777499759e+00 2.330491185189290937e-01
2.113123719434652603e+00 2.284164118997262793e-01
2.133679227409597701e+00 2.238542024950128384e-01
2.154434690031884259e+00 2.193639745524643414e-01
2.175392052369522489e+00 2.149472508611671717e-01
2.196553278411258248e+00 2.106011703221975506e-01
2.217920351250634692e+00 2.063229755964507695e-01
2.239495273271823184e+00 2.021176926121922290e-01
2.261280066337279404e+00 1.979805529224567817e-01
2.283276771977218012e+00 1.939127975341482513e-01
2.305487451580938707e+00 1.899125461917656743e-01
2.327914186589993051e+00 1.859794668933386907e-01
2.350559078693253756e+00 1.821147379847233017e-01
2.373424250023866033e+00 1.783141411991607528e-01
2.396511843358130278e+00 1.745812161796123640e-01
2.419824022316292567e+00 1.709110486250803307e-01
2.443362971565319341e+00 1.673052672406073194e-01
2.467130897023623426e+00 1.637639711555448352e-01
2.491130026067788439e+00 1.602848023975415592e-01
2.515362607741312928e+00 1.568668498989071458e-01
2.539830912965362675e+00 1.535101545491090735e-01
2.564537234751594674e+00 1.502141771782048996e-01
2.589483888417040802e+00 1.469785648000852263e-01
2.614673211801092023e+00 1.438020083518656289e-01
2.640107565484572927e+00 1.406824141821202967e-01
2.665789333010967876e+00 1.376211621519968786e-01
2.691720921109787668e+00 1.346170784903525652e-01
2.717904759922122881e+00 1.316685066625798151e-01
2.744343303228365283e+00 1.287749053397222176e-01
2.771039028678170535e+00 1.259371254873568047e-01
2.797994438022641805e+00 1.231512494844312772e-01
2.825212057348790218e+00 1.204193931934869760e-01
2.852694437316245057e+00 1.177405327383140854e-01
2.880444153396297668e+00 1.151129510451325555e-01
2.908463806113254169e+00 1.125353732705923898e-01
2.936756021288137397e+00 1.100080410946843446e-01
2.965323450284773621e+00 1.075306218774120803e-01
2.994168770258243573e+00 1.051016020870162021e-01
3.023294684405779531e+00 1.027100189316449697e-01
3.052703922220086241e+00 1.003862439004747781e-01
3.082399239745143404e+00 9.809832860129397147e-02
3.112383419834465759e+00 9.585650051689741102e-02
3.142659272411905569e+00 9.365955495069654135e-02
3.173229634734976212e+00 9.150684115325863344e-02
3.204097371660752813e+00 8.939791974244930273e-02
3.235265375914330388e+00 8.733139184178133341e-02
3.266736568359921655e+00 8.529347879606186122e-02
3.298513898274578082e+00 8.332481954398872348e-02
3.330600343624588788e+00 8.136298016503730468e-02
3.362998911344535991e+00 7.948132769476638770e-02
3.395712637619100693e+00 7.759654548662754669e-02
3.428744588167585317e+00 7.579518528217440987e-02
3.462097858531227423e+00 7.401006756672981468e-02
3.495775574363275240e+00 7.226215455849026303e-02
3.529780891721914671e+00 7.055088533359132885e-02
3.564116997366032269e+00 6.887791898950718084e-02
3.598787109053855460e+00 6.723626590606662790e-02
3.633794475844513094e+00 6.563172789421793663e-02
3.669142378402494131e+00 6.406003592047404549e-02
3.704834129305105694e+00 6.250506378346863678e-02
3.740873073352900313e+00 6.102106821334153663e-02
3.777262587883141176e+00 5.954989410715839232e-02
3.814006083086284082e+00 5.810028002510075201e-02
3.851107002325572903e+00 5.670292203890291149e-02
3.888568822459721019e+00 5.532531749901520995e-02
3.926395054168756449e+00 5.397808684031119020e-02
3.964589242282997805e+00 5.266234359861556025e-02
4.003154966115265445e+00 5.136451300495080419e-02
4.042095839796306045e+00 5.011156231417050050e-02
4.081415512613501662e+00 4.887960311032656796e-02
4.121117669352832635e+00 4.767433498527636621e-02
4.161206030644208020e+00 4.649646018911112594e-02
4.201684353310133346e+00 4.534471819442072171e-02
4.242556430717777438e+00 4.421879052990409370e-02
4.283826093134470270e+00 4.311826622800073866e-02
4.325497208086633627e+00 4.203437040698078386e-02
4.367573680722233398e+00 4.099119242829672716e-02
4.410059454176736615e+00 3.996365100485472360e-02
4.452958509942654963e+00 3.896028185902412899e-02
4.496274868242640110e+00 3.797833195234397857e-02
4.540012588406244554e+00 3.701946742794547107e-02
4.584175769250333765e+00 3.608215746765457144e-02
4.628768549463215365e+00 3.516756264284959937e-02
4.673795107992464004e+00 3.427241005004185576e-02
4.719259664436561863e+00 3.339980789192217164e-02
4.765166479440326341e+00 3.254617600978238628e-02
4.811519855094205766e+00 3.171381041831481534e-02
4.858324135337417360e+00 3.089913153831020873e-02
4.905583706365050922e+00 3.010503915936843522e-02
4.953302997039108924e+00 2.932890353306426626e-02
5.001486479303548727e+00 2.857092945789974775e-02
5.050138668603383785e+00 2.782976847440665757e-02
5.099264124307808288e+00 2.710889503526943065e-02
5.148867450137498025e+00 2.640310482807742276e-02
5.198953294596024399e+00 2.571448314134824539e-02
5.249526351405507718e+00 2.504228701125401149e-02
5.300591359946452030e+00 2.438612455274902224e-02
5.352153105701904501e+00 2.374568983555998616e-02
5.404216420705915347e+00 2.312051595973416834e-02
5.456786183996381823e+00 2.251102566002645758e-02
5.509867322072253160e+00 2.191541838887232571e-02
5.563464809355226137e+00 2.133401858490990149e-02
5.617583668655908191e+00 2.076778542066169339e-02
5.672228971644543094e+00 2.021456416921405680e-02
5.727405839326266346e+00 1.967505517975308427e-02
5.783119442521027054e+00 1.914861871554662462e-02
5.839375002348160315e+00 1.863518428609980265e-02
5.896177790715694478e+00 1.813531218097970063e-02
5.953533130814370189e+00 1.764577390617115549e-02
6.011446397616513337e+00 1.716691790121780553e-02
6.069923018379741464e+00 1.670003369461842829e-02
6.128968473155564034e+00 1.625139606992453273e-02
6.188588295302960063e+00 1.580947771606943525e-02
6.248788072006894012e+00 1.537855977010997403e-02
6.309573444801936049e+00 1.495841171228428843e-02
6.370950110100935149e+00 1.454853209524554526e-02
6.432923819728876502e+00 1.414941421600585114e-02
6.495500381461869033e+00 1.375957853999782918e-02
6.558685659571435345e+00 1.338061883270137004e-02
6.622485575374063238e+00 1.301071458755420802e-02
6.686906107786136921e+00 1.265017184026239611e-02
6.751953293884205287e+00 1.229877785117961669e-02
6.817633229470763112e+00 1.195632796058759134e-02
6.883952069645496330e+00 1.162339994101516116e-02
6.950916029382126382e+00 1.129745470845957243e-02
7.018531384110795912e+00 1.098061280626597136e-02
7.086804470306189430e+00 1.067190925685848786e-02
7.155741686081340980e+00 1.037113213386342200e-02
7.225349491787214085e+00 1.007819502009066684e-02
7.295634410618154320e+00 9.791487211353077161e-03
7.366603029223159460e+00 9.514782722238926058e-03
7.438261998323163482e+00 9.244377868282745853e-03
7.510618033334286459e+00 8.980291718424735989e-03
7.583677914997190683e+00 8.723473156201188086e-03
7.657448490012479958e+00 8.473341481454994481e-03
7.731936671682362316e+00 8.229809795302732781e-03
7.807149440558499798e+00 7.992685524862616284e-03
7.883093845096216690e+00 7.761792970561505293e-03
7.959777002314985417e+00 7.537041758851004136e-03
8.037206098465421888e+00 7.318193225152297594e-03
8.115388389702712146e+00 7.105194911548672054e-03
8.194331202766655053e+00 6.897471813860331195e-03
8.274041935668218883e+00 6.696022780601952260e-03
8.354528058382872047e+00 6.499626015848593806e-03
8.435797113550611570e+00 6.308435748174925049e-03
8.517856717182803905e+00 6.122445055664181394e-03
8.600714559375941093e+00 5.941445294530168543e-03
8.684378405032257220e+00 5.765363208665576916e-03
8.768856094587436090e+00 5.593857879062353981e-03
8.854155544745349715e+00 5.427296649117573785e-03
8.940284749219998162e+00 5.265157505219527148e-03
9.027251779484577909e+00 5.108077142146213133e-03
9.115064785527916769e+00 4.954204436394080840e-03
9.203731996618220279e+00 4.804783289105113084e-03
9.293261722074316111e+00 4.659316511848297405e-03
9.383662352044273902e+00 4.518541723445696628e-03
9.474942358291729150e+00 4.381308717478967288e-03
9.567110294989774388e+00 4.247897019639318428e-03
9.660174799522645017e+00 4.118165856705692518e-03
9.754144593295098531e+00 3.992040629562604824e-03
9.849028482549766039e+00 3.869441678817728096e-03
9.944835359192397917e+00 3.750172540065777223e-03
1.004157420162519543e+01 3.634410002306452149e-03
1.013925407558815373e+01 3.521780782854921476e-03
1.023788413500867378e+01 3.412471047494486029e-03
1.033747362285940774e+01 3.306130517828908665e-03
1.043803187202444072e+01 3.202830429645983981e-03
1.053956830617394580e+01 3.102452295439350836e-03
1.064209244064724658e+01 3.004951676970083786e-03
1.074561388334458023e+01 2.910180340649244982e-03
1.085014233562746178e+01 2.818203039560273054e-03
1.095568759322787855e+01 2.728778256168225801e-03
1.106225954716621906e+01 2.641874088066718633e-03
1.116986818467823817e+01 2.557713394221710051e-03
1.127852359015096795e+01 2.475797993821832188e-03
1.138823594606782130e+01 2.396284005714181559e-03
1.149901553396274245e+01 2.319125153844855697e-03
1.161087273538378994e+01 2.244157195433579138e-03
1.172381803286598512e+01 2.171441003573834454e-03
1.183786201091373513e+01 2.100775182979798018e-03
1.195301535699265827e+01 2.032220544867418925e-03
1.206928886253119870e+01 1.965846958509935745e-03
1.218669342393191712e+01 1.901242062876358887e-03
1.230524004359261525e+01 1.838838086779182989e-03
1.242493983093746479e+01 1.778103294905570295e-03
1.254580400345803248e+01 1.718872540563011649e-03
1.266784388776455827e+01 1.661674156082536139e-03
1.279107092064739781e+01 1.606191574956602379e-03
1.291549665014884063e+01 1.552366215569778510e-03
1.304113273664525430e+01 1.500175459709257933e-03
1.316799095393986185e+01 1.449583453958863720e-03
1.329608319036608854e+01 1.400488631414432321e-03
1.342542144990170527e+01 1.352914823579072327e-03
1.355601785329368880e+01 1.306795295574662103e-03
1.368788463919415221e+01 1.262080519715399248e-03
1.382103416530724438e+01 1.218747130044531626e-03
1.395547890954729020e+01 1.176731196627299383e-03
1.409123147120805619e+01 1.136023795702492071e-03
1.422830457214353395e+01 1.096579961479868682e-03
1.436671105796013137e+01 1.058363362160230072e-03
1.450646389922046886e+01 1.021328212834677566e-03
1.464757619265895272e+01 9.854728949564939364e-04
1.479006116240903168e+01 9.507261874221988995e-04
1.493393216124253264e+01 9.170811840302403031e-04
1.507920267182097263e+01 8.844979913757749146e-04
1.522588630795911513e+01 8.529529387518410477e-04
1.537399681590069456e+01 8.224055747603068508e-04
1.552354807560667105e+01 7.928363436908596228e-04
1.567455410205595001e+01 7.642417415746380989e-04
1.582702904655883280e+01 7.365122533629023119e-04
1.598098719808309376e+01 7.097054418143265882e-04
1.613644298459311699e+01 6.837662854568866836e-04
1.629341097440194730e+01 6.586678754081342615e-04
1.645190587753662470e+01 6.343917390277242080e-04
1.661194254711659113e+01 6.109074024598586767e-04
1.677353598074571295e+01 5.881915768600501316e-04
1.693670132191772026e+01 5.662337917149607054e-04
1.710145386143542012e+01 5.449929071119083770e-04
1.726780903884355922e+01 5.244626270927230799e-04
1.743578244387577669e+01 5.046119624725789281e-04
1.760538981791556523e+01 4.854322675052120972e-04
1.777664705547142532e+01 4.668968658661340108e-04
1.794957020566648254e+01 4.489746691943217972e-04
1.812417547374237614e+01 4.316713925283588915e-04
1.830047922257800863e+01 4.149584719556164542e-04
1.847849797422290763e+01 3.988105805828785788e-04
1.865824841144566193e+01 3.832157547554872310e-04
1.883974737929719367e+01 3.681532007998188538e-04
1.902301188668945642e+01 3.536221480498827883e-04
1.920805910798935301e+01 3.395770698174946454e-04
1.939490638462828542e+01 3.260465704562034626e-04
1.958357122672716955e+01 3.129863052618815427e-04
1.977407131473744428e+01 3.003658011881005382e-04
1.996642450109793288e+01 2.882032579812563713e-04
2.016064881190793656e+01 2.764667963638371305e-04
2.035676244861640072e+01 2.651506671199922445e-04
2.055478378972772546e+01 2.542401618679700150e-04
2.075473139252405730e+01 2.437215515712134464e-04
2.095662399480432825e+01 2.336008035562539119e-04
2.116048051664034446e+01 2.238342343121677708e-04
2.136632006214970403e+01 2.143959870802091916e-04
2.157416192128621546e+01 2.053237485031967464e-04
2.178402557164756459e+01 1.965896497010518262e-04
2.199593068030074861e+01 1.881750756283009376e-04
2.220989710562497521e+01 1.800778612719624173e-04
2.242594489917278011e+01 1.722733662070777597e-04
2.264409430754907504e+01 1.647722517177236106e-04
2.286436577430861306e+01 1.575510308777721780e-04
2.308677994187169702e+01 1.506009402473453701e-04
2.331135765345874944e+01 1.439185243583353572e-04
2.353811995504354471e+01 1.374938054325365090e-04
2.376708809732560823e+01 1.313156545095753205e-04
2.399828353772154799e+01 1.253713260346250955e-04
2.423172794237600769e+01 1.196667659050684821e-04
2.446744318819203201e+01 1.141804450272677847e-04
2.470545136488123816e+01 1.089133117061701176e-04
2.494577477703398571e+01 1.038555692383926431e-04
2.518843594620949489e+01 9.900038599480787441e-05
2.543345761304651020e+01 9.433685334741466239e-05
2.568086273939435316e+01 8.986312226633192291e-05
2.593067451046487548e+01 8.556997425397920175e-05
2.618291633700505372e+01 8.145270190852962259e-05
2.643761185749101372e+01 7.750606315446164035e-05
2.669478494034320804e+01 7.372192858755837613e-05
2.695445968616333587e+01 7.009471660291648860e-05
2.721666042999271795e+01 6.662025191347056168e-05
2.748141174359293259e+01 6.329189938493237481e-05
2.774873843774846804e+01 6.010580266312922818e-05
2.801866556459195223e+01 5.705628178437852245e-05
2.829121841995168651e+01 5.413778174289409867e-05
2.856642254572233952e+01 5.134495874598221714e-05
2.884430373225852051e+01 4.867531117089286266e-05
2.912488802079168337e+01 4.612240852775034163e-05
2.940820170587063842e+01 4.368490697813515053e-05
2.969427133782552986e+01 4.135417520541865210e-05
2.998312372525609959e+01 3.912760550387209892e-05
3.027478593754393543e+01 3.700557716337647446e-05
3.056928530738937155e+01 3.497794521622718170e-05
3.086664943337274636e+01 3.304548876741150579e-05
3.116690618254088463e+01 3.120086464975992547e-05
3.147008369301855879e+01 2.943842760811840362e-05
3.177621037664554038e+01 2.776985244150578840e-05
3.208531492163897525e+01 2.618587729850185760e-05
3.239742629528198847e+01 2.466158391927284469e-05
3.271257374663825601e+01 2.321720657902345738e-05
3.303078680929315425e+01 2.184001987810947436e-05
3.335209530412127066e+01 2.053496413940781708e-05
3.367652934208116022e+01 1.929382760412470316e-05
3.400411932703705986e+01 1.811476852416522176e-05
3.433489595860830690e+01 1.699745760034845901e-05
3.466889023504609213e+01 1.593762104633040383e-05
3.500613345613854221e+01 1.493269474975754105e-05
3.534665722614391115e+01 1.398101365358953232e-05
3.569049345675229290e+01 1.307742682031763547e-05
3.603767437007633134e+01 1.222219060180450062e-05
3.638823250167062184e+01 1.141502254837528984e-05
3.674220070358090595e+01 1.065050433444973445e-05
3.709961214742267543e+01 9.930398980542929420e-06
3.746050032748993175e+01 9.247746879761211466e-06
3.782489906389385936e+01 8.605356170015391278e-06
3.819284250573236505e+01 7.998929321328861956e-06
3.856436513429023449e+01 7.428027223836106263e-06
3.893950176627063087e+01 6.890787868246974253e-06
3.931828755705770106e+01 6.384682091367588141e-06
3.970075800401124155e+01 5.909538763778603725e-06
4.008694894979318946e+01 5.463637201801597502e-06
4.047689658572676308e+01 5.044593367970470345e-06
4.087063745518780422e+01 4.652284847731627354e-06
4.126820845702955864e+01 4.286514865970822987e-06
4.166964684904057492e+01 3.941885090197806994e-06
4.207499025143619065e+01 3.620888957704749195e-06
4.248427665038425260e+01 3.320773365031016950e-06
4.289754440156466586e+01 3.041329478620889546e-06
4.331483223376402947e+01 2.780899005521482204e-06
4.373617925250492533e+01 2.537475215889210359e-06
4.416162494371084790e+01 2.312348237473959232e-06
4.459120917740628443e+01 2.103815919928412399e-06
4.502497221145327444e+01 1.910387404760516157e-06
4.546295469532399380e+01 1.730944106617411347e-06
4.590519767391037220e+01 1.565257067098053887e-06
4.635174259137027519e+01 1.412517276562405965e-06
4.680263129501155817e+01 1.271939859171895077e-06
4.725790603921362276e+01 1.142303642565703588e-06
4.771760948938745628e+01 1.023672065071389876e-06
4.818178472597362827e+01 9.146527396626995039e-07
4.865047524847972937e+01 8.150708309803835663e-07
4.912372497955678341e+01 7.242827960382145820e-07
4.960157826911540724e+01 6.416051641443513744e-07
5.008407989848212338e+01 5.665491042325523992e-07
5.057127508459573306e+01 4.985045978105351677e-07
5.106320948424492911e+01 4.370957763594101018e-07
5.155992919834686461e+01 3.816830444979845313e-07
5.206148077626762216e+01 3.319970277607710824e-07
5.256791122018424289e+01 2.874703377648812574e-07
5.307926798948964375e+01 2.477015640648181740e-07
5.359559900524011766e+01 2.123641034494762713e-07
5.411695265464637572e+01 1.810532839181959381e-07
5.464337779560780461e+01 1.534984145235003043e-07
5.517492376129128928e+01 1.283652094350948470e-07
5.571164036475430237e+01 1.073628450798626207e-07
5.625357790361330501e+01 8.886300530753176046e-08
5.680078716475694733e+01 7.315364262798549512e-08
5.735331942910571712e+01 5.943448738531366751e-08
5.791122647641758192e+01 4.800202531944794108e-08
5.847456059014062646e+01 3.811612493529944006e-08
5.904337456231242243e+01 2.982267453267906603e-08
5.961772169850755887e+01 2.320774206840256809e-08
6.019765582283304184e+01 1.777620870771612457e-08
6.078323128297230227e+01 1.336950546897368885e-08
6.137450295527852973e+01 9.853380115625585056e-09
6.197152624991698389e+01 7.090565478625251854e-09
6.257435711605789663e+01 4.962449445956834836e-09
6.318305204711957401e+01 3.357309094099602800e-09
6.379766808606282069e+01 2.183333495647625866e-09
6.441826283073628190e+01 1.349922688825122099e-09
6.504489443927437264e+01 7.839878845059995559e-10
6.567762163554736787e+01 4.192094839993148151e-10
6.631650371466487570e+01 2.002874471803725942e-10
6.696160054853221766e+01 8.143561930766786724e-11
6.761297259146149941e+01 2.568824234273522705e-11
6.827068088583682481e+01 5.091284172581062243e-12
6.893478706783510290e+01 0.000000000000000000e+00
