1.000000000000000021e-02 1.734928668746511526e+00
1.009727545900835841e-02 1.734924415089578398e+00
1.019549716950923779e-02 1.734920070462089070e+00
1.029467433620748044e-02 1.734915635557753966e+00
1.039481625334708927e-02 1.734911108576097760e+00
1.049593230558227772e-02 1.734906477137377001e+00
1.059803196885688789e-02 1.734901730117399676e+00
1.070112481129246833e-02 1.734896896060461380e+00
1.080522049408488318e-02 1.734891942998558312e+00
1.091032877240974419e-02 1.734886869911350660e+00
1.101645949633656314e-02 1.734881700974767682e+00
1.112362261175187626e-02 1.734876434337997653e+00
1.123182816129126085e-02 1.734871071466020709e+00
1.134108628528052165e-02 1.734865589725444135e+00
1.145140722268592030e-02 1.734860007266771031e+00
1.156280131207376022e-02 1.734854311698819984e+00
1.167527899257919492e-02 1.734848498532317818e+00
1.178885080488457221e-02 1.734842681732646774e+00
1.190352739220719262e-02 1.734836759030137898e+00
1.201931950129673729e-02 1.734830688406787669e+00
1.213623798344241195e-02 1.734824487985369590e+00
1.225429379548980714e-02 1.734817989984446918e+00
1.237349800086776086e-02 1.734811551197070312e+00
1.249386177062509519e-02 1.734804958221140669e+00
1.261539638447754796e-02 1.734798267267164906e+00
1.273811323186478488e-02 1.734791449350076009e+00
1.286202381301779218e-02 1.734784538396660025e+00
1.298713974003655978e-02 1.734777744019817769e+00
1.311347273797833224e-02 1.734770493783034162e+00
1.324103464595636874e-02 1.734763338279679434e+00
1.336983741824946531e-02 1.734756010262941350e+00
1.349989312542219239e-02 1.734752669297950467e+00
1.363121395545611320e-02 1.734743893734415066e+00
1.376381221489191876e-02 1.734736136391621608e+00
1.389770032998276401e-02 1.734728232231495859e+00
1.403289084785873213e-02 1.734721472693051769e+00
1.416939643770268736e-02 1.734709381406812856e+00
1.430722989193757184e-02 1.734703576213781240e+00
1.444640412742520530e-02 1.734694966905986790e+00
1.458693218667675602e-02 1.734686180148630186e+00
1.472882723907502529e-02 1.734677171271749252e+00
1.487210258210860774e-02 1.734667981430935368e+00
1.501677164261799868e-02 1.734658646284009675e+00
1.516284797805393485e-02 1.734648157394669932e+00
1.531034527774784160e-02 1.734639779505065205e+00
1.545927736419477720e-02 1.734629890901290716e+00
1.560965819434872483e-02 1.734619843695788033e+00
1.576150186093060873e-02 1.734609642569840293e+00
1.591482259374891323e-02 1.734599450402453780e+00
1.606963476103326349e-02 1.734588656968172327e+00
1.622595287078087284e-02 1.734578004664504070e+00
1.638379157211618947e-02 1.734566902307415281e+00
1.654316565666366645e-02 1.734555409070345888e+00
1.670409005993399310e-02 1.734544080887347350e+00
1.686657986272368723e-02 1.734532408018490290e+00
1.703065029252844378e-02 1.734522160149948089e+00
1.719631672497009753e-02 1.734508433960026297e+00
1.736359468523754335e-02 1.734496082652246418e+00
1.753249984954170088e-02 1.734483450267699789e+00
1.770304804658450262e-02 1.734470480498898404e+00
1.787525525904235316e-02 1.734457287405661630e+00
1.804913762506383731e-02 1.734443786447718239e+00
1.822471143978214581e-02 1.734430085288214629e+00
1.840199315684210371e-02 1.734416144691704131e+00
1.858099938994215231e-02 1.734402008125337957e+00
1.876174691439120440e-02 1.734387458456492448e+00
1.894425266868081034e-02 1.734373506877169513e+00
1.912853375607242307e-02 1.734358512358531890e+00
1.931460744620030340e-02 1.734343291084368799e+00
1.950249117668984011e-02 1.734326475134089440e+00
1.969220255479172538e-02 1.734311558789104479e+00
1.988375935903200636e-02 1.734294128883699271e+00
2.007717954087816226e-02 1.734277478183106957e+00
2.027248122642137662e-02 1.734260469959749473e+00
2.046968271807520987e-02 1.734243194710672897e+00
2.066880249629082095e-02 1.734225821999648032e+00
2.086985922128879734e-02 1.734207983160723998e+00
2.107287173480786382e-02 1.734190179524780273e+00
2.127785906187062287e-02 1.734171610571574762e+00
2.148484041256648255e-02 1.734152718141316329e+00
2.169383518385184506e-02 1.734133440126316872e+00
2.190486296136792688e-02 1.734113806898054833e+00
2.211794352127614133e-02 1.734093736063291313e+00
2.233309683211144592e-02 1.734073315531967863e+00
2.255034305665360936e-02 1.734052575568480359e+00
2.276970255381680075e-02 1.734031294774606158e+00
2.299119588055741764e-02 1.734009637827477857e+00
2.321484379380064564e-02 1.733987439452709722e+00
2.344066725238556220e-02 1.733964778345691737e+00
2.366868741902936057e-02 1.733941670525003031e+00
2.389892566231050300e-02 1.733918340975253658e+00
2.413140355867127856e-02 1.733894452746247206e+00
2.436614289443983158e-02 1.733869398724844357e+00
2.460316566787181664e-02 1.733841634384259978e+00
2.484249409121190577e-02 1.733815982125579636e+00
2.508415059277539771e-02 1.733794096029607434e+00
2.532815781905008515e-02 1.733766924530223630e+00
2.557453863681850847e-02 1.733739959576885203e+00
2.582331613530085626e-02 1.733712484078501204e+00
2.607451362831877603e-02 1.733684352642226312e+00
2.632815465648021339e-02 1.733655795423352686e+00
2.658426298938541474e-02 1.733626683282332159e+00
2.684286262785454819e-02 1.733596916913259234e+00
2.710397780617682106e-02 1.733566474366265320e+00
2.736763299438163891e-02 1.733536559383414222e+00
2.763385290053169824e-02 1.733503950457630616e+00
2.790266247303856487e-02 1.733471916777770350e+00
2.817408690300057458e-02 1.733439297590496420e+00
2.844815162656363222e-02 1.733406091246126213e+00
2.872488232730495070e-02 1.733372106553105807e+00
2.900430493863991738e-02 1.733339544735204907e+00
2.928644564625237229e-02 1.733304721005541005e+00
2.957133089054861039e-02 1.733269024305937211e+00
2.985898736913520854e-02 1.733232674649051175e+00
3.014944203932094433e-02 1.733195524040365365e+00
3.044272212064302874e-02 1.733157508369225441e+00
3.073885509741795460e-02 1.733118855933288849e+00
3.103786872131722788e-02 1.733079240721955072e+00
3.133979101396793671e-02 1.733038701646296031e+00
3.164465026957891114e-02 1.732997265982822777e+00
3.195247505759213347e-02 1.732955075025788272e+00
3.226329422536015901e-02 1.732912074241113043e+00
3.257713690084949876e-02 1.732868289973907183e+00
3.289403249537032475e-02 1.732823569867473879e+00
3.321401070633261954e-02 1.732778115064679936e+00
3.353710152002930406e-02 1.732731605762883431e+00
3.386333521444636480e-02 1.732684084798873814e+00
3.419274236210027851e-02 1.732635503563288326e+00
3.452535383290306070e-02 1.732585813705017630e+00
3.486120079705520153e-02 1.732535212203332176e+00
3.520031472796678745e-02 1.732483731012074868e+00
3.554272740520694751e-02 1.732431089361513354e+00
3.588847091748199186e-02 1.732377636464220716e+00
3.623757766564258964e-02 1.732323301499771206e+00
3.659008036572020811e-02 1.732267928641443966e+00
3.694601205199302130e-02 1.732212092275172699e+00
3.730540608008161424e-02 1.732155310247067925e+00
3.766829613007490613e-02 1.732100253210367979e+00
3.803471620968648659e-02 1.732040038002292892e+00
3.840470065744145539e-02 1.731977627102951445e+00
3.877828414589457040e-02 1.731917052781505317e+00
3.915550168487941241e-02 1.731854192120708236e+00
3.953638862478930927e-02 1.731789865342337809e+00
3.992098065989020672e-02 1.731724103380233970e+00
4.030931383166566628e-02 1.731656659479300364e+00
4.070142453219438572e-02 1.731588001272267308e+00
4.109734950756069316e-02 1.731519046792177274e+00
4.149712586129815362e-02 1.731447860174290643e+00
4.190079105786669034e-02 1.731373294875836466e+00
4.230838292616342228e-02 1.731301425278338746e+00
4.271993966306778662e-02 1.731226340107458128e+00
4.313549983702118923e-02 1.731149816139746944e+00
4.355510239164130798e-02 1.731074008790609131e+00
4.397878664937160398e-02 1.730992718376320072e+00
4.440659231516640160e-02 1.730911997781417355e+00
4.483855948021186338e-02 1.730829641584450851e+00
4.527472862568297785e-02 1.730745710494948852e+00
4.571514062653719151e-02 1.730660200281458616e+00
4.615983675534499064e-02 1.730573296713144194e+00
4.660885868615767536e-02 1.730484501150119758e+00
4.706224849841281199e-02 1.730392548843822986e+00
4.752004868087766204e-02 1.730299330890405329e+00
4.798230213563085128e-02 1.730204095717981838e+00
4.844905218208294534e-02 1.730106881179992451e+00
4.892034256103611894e-02 1.730007431390720107e+00
4.939621743878321036e-02 1.729907660750976683e+00
4.987672141124663283e-02 1.729805899265363767e+00
5.036189950815770505e-02 1.729702484331334222e+00
5.085179719727656034e-02 1.729596588569455751e+00
5.134646038865306461e-02 1.729488609254206777e+00
5.184593543892913187e-02 1.729378271064366812e+00
5.235026915568305461e-02 1.729265870172878694e+00
5.285950880181603667e-02 1.729151234581062013e+00
5.337370209998133774e-02 1.729033912225839353e+00
5.389289723705643909e-02 1.728914753524414483e+00
5.441714286865893119e-02 1.728793242390488150e+00
5.494648812370611646e-02 1.728669316536005196e+00
5.548098260901916656e-02 1.728543195633903906e+00
5.602067641397187603e-02 1.728413992880715178e+00
5.656562011518465050e-02 1.728281961736281458e+00
5.711586478126431943e-02 1.728148365070610870e+00
5.767146197758996756e-02 1.728011102482464256e+00
5.823246377114527778e-02 1.727872260051460884e+00
5.879892273539785025e-02 1.727729425939245722e+00
5.937089195522609469e-02 1.727584579338669935e+00
5.994842503189409116e-02 1.727437665742940220e+00
6.053157608807464840e-02 1.727288340810720690e+00
6.112039977292132997e-02 1.727135309065175539e+00
6.171495126718981594e-02 1.726977550147068330e+00
6.231528628840921763e-02 1.726821645709398556e+00
6.292146109610344262e-02 1.726658930613089060e+00
6.353353249706343575e-02 1.726494116927950850e+00
6.415155785067082339e-02 1.726326057101531974e+00
6.477559507427335661e-02 1.726154883942005780e+00
6.540570264861225724e-02 1.725979233842147131e+00
6.604193962330305590e-02 1.725801536794664859e+00
6.668436562236895737e-02 1.725619502560437724e+00
6.733304084982863480e-02 1.725434216324478243e+00
6.798802609533814711e-02 1.725243542147481879e+00
6.864938273988777095e-02 1.725052399655156110e+00
6.931717276155408003e-02 1.724855069942871966e+00
6.999145874130821565e-02 1.724653909568183430e+00
7.067230386888070925e-02 1.724449229329612976e+00
7.135977194868306506e-02 1.724241018473729792e+00
7.205392740578704658e-02 1.724029298043425307e+00
7.275483529196229149e-02 1.723812689183798819e+00
7.346256129177256011e-02 1.723592770096823878e+00
7.417717172873124210e-02 1.723365942444415211e+00
7.489873357151664857e-02 1.723137216949144568e+00
7.562731444024800576e-02 1.722905470053760935e+00
7.636298261282241373e-02 1.722665975332575705e+00
7.710580703131336699e-02 1.722425030468581086e+00
7.785585730843146146e-02 1.722178076836853755e+00
7.861320373404813433e-02 1.721926073159931958e+00
7.937791728178281159e-02 1.721669842632403080e+00
8.015006961565404597e-02 1.721408098921477725e+00
8.092973309679550586e-02 1.721141499373473271e+00
8.171698079023696770e-02 1.720869760406029458e+00
8.251188647175167201e-02 1.720591761114078189e+00
8.331452463477014014e-02 1.720309263763267982e+00
8.412497049736118726e-02 1.720021059569678767e+00
8.494330000928071445e-02 1.719731465256205905e+00
8.576958985908941790e-02 1.719429039966299921e+00
8.660391748133952627e-02 1.719124203701745346e+00
8.744636106383144036e-02 1.718813466864269168e+00
8.829699955494091368e-02 1.718496366492715977e+00
8.915591267101763417e-02 1.718172135365041653e+00
9.002318090385581784e-02 1.717844714956569430e+00
9.089888552823731371e-02 1.717507595459938585e+00
9.178310860954806694e-02 1.717165765902107788e+00
9.267593301146882789e-02 1.716818337342360445e+00
9.357744240374062106e-02 1.716460080148094480e+00
9.448772127000577836e-02 1.716098886155395187e+00
9.540685491572513388e-02 1.715730281385670519e+00
9.633492947617222635e-02 1.715355321221904150e+00
9.727203192450542546e-02 1.714971763045732400e+00
9.821825007991856482e-02 1.714607218827091106e+00
9.917367261587073379e-02 1.714183032933635831e+00
1.001383890683960748e-01 1.713778525390480922e+00
1.011124898444945991e-01 1.713364278712308897e+00
1.020960662306047012e-01 1.712943558139081501e+00
1.030892104011576216e-01 1.712514500176430587e+00
1.040920154272158005e-01 1.712077666821701039e+00
1.051045752851944987e-01 1.711632258019545327e+00
1.061269848656690717e-01 1.711175408990150970e+00
1.071593399822671072e-01 1.710713569298140557e+00
1.082017373806478805e-01 1.710242217482622396e+00
1.092542747475682557e-01 1.709759434189104477e+00
1.103170507200377515e-01 1.709275240961741549e+00
1.113901648945616746e-01 1.708770592184971404e+00
1.124737178364751955e-01 1.708258754378666255e+00
1.135678110893671017e-01 1.707742050785245436e+00
1.146725471845963656e-01 1.707214487562334737e+00
1.157880296509002094e-01 1.706676780346507716e+00
1.169143630240966764e-01 1.706128160827313112e+00
1.180516528568804902e-01 1.705569103112716478e+00
1.192000057287153220e-01 1.704999302894590452e+00
1.203595292558212876e-01 1.704419591650947696e+00
1.215303321012602134e-01 1.703827342549904644e+00
1.227125239851190319e-01 1.703224481672046098e+00
1.239062156947916271e-01 1.702610570350854502e+00
1.251115190953615564e-01 1.701984091832470680e+00
1.263285471400849291e-01 1.701345769061427982e+00
1.275574138809759950e-01 1.700694245509395186e+00
1.287982344794950385e-01 1.700031344094270258e+00
1.300511252173409127e-01 1.699357155460254676e+00
1.313162035073478784e-01 1.698671692725821858e+00
1.325935879044890797e-01 1.697972764525936595e+00
1.338833981169864351e-01 1.697259744778613300e+00
1.351857550175293021e-01 1.696533057372067610e+00
1.365007806546013891e-01 1.695792560388520887e+00
1.378285982639189389e-01 1.695038078751141652e+00
1.391693322799789911e-01 1.694270148049006108e+00
1.405231083477211373e-01 1.693487011820915100e+00
1.418900533343016301e-01 1.692689355191876688e+00
1.432702953409830948e-01 1.691877557731651160e+00
1.446639637151387880e-01 1.691048350185982763e+00
1.460711890623745679e-01 1.690204644247466303e+00
1.474921032587684921e-01 1.689345429607531424e+00
1.489268394632288772e-01 1.688471024817134403e+00
1.503755321299738434e-01 1.687580939638925415e+00
1.518383170211306810e-01 1.686675813115475764e+00
1.533153312194593942e-01 1.685749525933675219e+00
1.548067131411984265e-01 1.684808470576914186e+00
1.563126025490369497e-01 1.683873548002465359e+00
1.578331405652117214e-01 1.682872046150666323e+00
1.593684696847328941e-01 1.681877448756636140e+00
1.609187337887370006e-01 1.680865709380527484e+00
1.624840781579713067e-01 1.679830332066461596e+00
1.640646494864078653e-01 1.678778103445031533e+00
1.656605958949914359e-01 1.677707416890834358e+00
1.672720669455196874e-01 1.676616862818168796e+00
1.688992136546599021e-01 1.675507072312701240e+00
1.705421885081006561e-01 1.674376370902449063e+00
1.722011454748421100e-01 1.673225761614034690e+00
1.738762400216251336e-01 1.672052683834043041e+00
1.755676291275001522e-01 1.670860018708496098e+00
1.772754712985387948e-01 1.669641900996191586e+00
1.789999265826875408e-01 1.668403718046912010e+00
1.807411565847668600e-01 1.667141436816992783e+00
1.824993244816152382e-01 1.665856053791469948e+00
1.842745950373816666e-01 1.664564770443433872e+00
1.860671346189656239e-01 1.663220894191185240e+00
1.878771112116086051e-01 1.661866675013710326e+00
1.897046944346358344e-01 1.660487248045605435e+00
1.915500555573527997e-01 1.659082314537599023e+00
1.934133675150944698e-01 1.657651690626913421e+00
1.952948049254327745e-01 1.656196485621070691e+00
1.971945441045395986e-01 1.654715316081812659e+00
1.991127630837108697e-01 1.653206967166820585e+00
2.010496416260497965e-01 1.651668940572315059e+00
2.030053612433137811e-01 1.650105252412933599e+00
2.049801052129238688e-01 1.648516229191246962e+00
2.069740585951406198e-01 1.646896597378669780e+00
2.089874082504071251e-01 1.645246936760422996e+00
2.110203428568595552e-01 1.643569363025439101e+00
2.130730529280097374e-01 1.641865365918545816e+00
2.151457308305980698e-01 1.640127831925370705e+00
2.172385708026215445e-01 1.638357442104715123e+00
2.193517689715359098e-01 1.636554007056689297e+00
2.214855233726360506e-01 1.634725089052063263e+00
2.236400339676138660e-01 1.632863715433976459e+00
2.258155026632983065e-01 1.630966921299604078e+00
2.280121333305757114e-01 1.629038654465305047e+00
2.302301318234963867e-01 1.627075339441441448e+00
2.324697059985647851e-01 1.625078192244015174e+00
2.347310657342196183e-01 1.623046235039363738e+00
2.370144229505012079e-01 1.620979470658267640e+00
2.393199916289123208e-01 1.618876101419901570e+00
2.416479878324700736e-01 1.616736552800833060e+00
2.439986297259550130e-01 1.614560453913931770e+00
2.463721375963552895e-01 1.612347380809310060e+00
2.487687338735107279e-01 1.610097082676830826e+00
2.511886431509580686e-01 1.607807525580405850e+00
2.536320922069775774e-01 1.605477240285563933e+00
2.560993100258459609e-01 1.603107952597026875e+00
2.585905278192945911e-01 1.600701434143735780e+00
2.611059790481781162e-01 1.598254179909567307e+00
2.636458994443517945e-01 1.595762775997031202e+00
2.662105270327638773e-01 1.593229836088173368e+00
2.688001021537606006e-01 1.590655467315267746e+00
2.714148674856106669e-01 1.588039232505740417e+00
2.740550680672460548e-01 1.585377803187739021e+00
2.767209513212268712e-01 1.582671671399100921e+00
2.794127670769268601e-01 1.579921822655765862e+00
2.821307675939472293e-01 1.577128113297285195e+00
2.848752075857552413e-01 1.574287845123222729e+00
2.876463442435557849e-01 1.571397897711287683e+00
2.904444372603925406e-01 1.568463243318787725e+00
2.932697488554852905e-01 1.565480233681377786e+00
2.961225437988035947e-01 1.562448382802271052e+00
2.990030894358785551e-01 1.559371373700069174e+00
3.019116557128577738e-01 1.556242621299478435e+00
3.048485152018017286e-01 1.553061880927953498e+00
3.078139431262288950e-01 1.549833572375539870e+00
3.108082173869063936e-01 1.546551123505107483e+00
3.138316185878944342e-01 1.543218475342207352e+00
3.168844300628416155e-01 1.539834658901286568e+00
3.199669379015380732e-01 1.536393534441307551e+00
3.230794309767249795e-01 1.532901565821422896e+00
3.262222009711669979e-01 1.529356110084607145e+00
3.293955424049855307e-01 1.525753616445786554e+00
3.325997526632606949e-01 1.522106129202788649e+00
3.358351320238990301e-01 1.518384513565236738e+00
3.391019836857747105e-01 1.514616375216961908e+00
3.424006137971423724e-01 1.510789273722306758e+00
3.457313314843284413e-01 1.506905630215774172e+00
3.490944488806992929e-01 1.503028624977878813e+00
3.524902811559130766e-01 1.498969274399175156e+00
3.559191465454557002e-01 1.494901234598133843e+00
3.593813663804627523e-01 1.490780267142769455e+00
3.628772651178337472e-01 1.486594319321381974e+00
3.664071703706370808e-01 1.482353474653056891e+00
3.699714129388128048e-01 1.478051074068943871e+00
3.735703268401719401e-01 1.473685826493056350e+00
3.772042493416999376e-01 1.469256077529978999e+00
3.808735209911614517e-01 1.464764769336623473e+00
3.845784856490158665e-01 1.460207968625462538e+00
3.883194905206404091e-01 1.455588225344354614e+00
3.920968861888690649e-01 1.450905464300748848e+00
3.959110266468458539e-01 1.446154533760894312e+00
3.997622693312000708e-01 1.441338888201198598e+00
4.036509751555413805e-01 1.436460594610185826e+00
4.075775085442840395e-01 1.431519656131871709e+00
4.115422374667966343e-01 1.426501507904034405e+00
4.155455334718875515e-01 1.421418514402587707e+00
4.195877717226225712e-01 1.416271635426684661e+00
4.236693310314835759e-01 1.411058624794367722e+00
4.277905938958687093e-01 1.405775146043365398e+00
4.319519465339363706e-01 1.400444927893471192e+00
4.361537789208005944e-01 1.394999532568165224e+00
4.403964848250754294e-01 1.389510542235030011e+00
4.446804618457780300e-01 1.383951934616018731e+00
4.490061114495874639e-01 1.378321361124332789e+00
4.533738390084691150e-01 1.372622510206360502e+00
4.577840538376618529e-01 1.366856281892903091e+00
4.622371692340384031e-01 1.361016296543749338e+00
4.667336025148346446e-01 1.355107067543366739e+00
4.712737750567601580e-01 1.349127260245266413e+00
4.758581123354846953e-01 1.343079233294999897e+00
4.804870439655131720e-01 1.336959596839912834e+00
4.851610037404442966e-01 1.330766682234096665e+00
4.898804296736250508e-01 1.324507888465639160e+00
4.946457640391963562e-01 1.318174493878273346e+00
4.994574534135413635e-01 1.311775439319414982e+00
5.043159487171361421e-01 1.305298843328672742e+00
5.092217052568053237e-01 1.298754666479139175e+00
5.141751827683928022e-01 1.292141986734504311e+00
5.191768454598426619e-01 1.285457872006625424e+00
5.242271620547044320e-01 1.278705711650578891e+00
5.293266058360561743e-01 1.271879543361015497e+00
5.344756546908600026e-01 1.264989909932691559e+00
5.396747911547442600e-01 1.258025859800039337e+00
5.449245024572260121e-01 1.250995412354306113e+00
5.502252805673685243e-01 1.243897665786467099e+00
5.555776222398878250e-01 1.236726126477601717e+00
5.609820290617031358e-01 1.229494623213226667e+00
5.664390074989449353e-01 1.222192512885572624e+00
5.719490689444144405e-01 1.214825422141533551e+00
5.775127297655114900e-01 1.207388227378670686e+00
5.831305113526221717e-01 1.199890726613445757e+00
5.888029401679826247e-01 1.192323933231003608e+00
5.945305477950136863e-01 1.184693162896141017e+00
6.003138709881384871e-01 1.177003191788696723e+00
6.061534517230839914e-01 1.169246301166872559e+00
6.120498372476699256e-01 1.161429331512722651e+00
6.180035801330957534e-01 1.153552218368689486e+00
6.240152383257209223e-01 1.145612583147620489e+00
6.300853751993553686e-01 1.137611476238295838e+00
6.362145596080520660e-01 1.129556129076526583e+00
6.424033659394193796e-01 1.121439911860502070e+00
6.486523741684461219e-01 1.113268218885486993e+00
6.549621699118558515e-01 1.105043678032601839e+00
6.613333444829840868e-01 1.096763450601600631e+00
6.677664949471955325e-01 1.088424323999504173e+00
6.742622241778342129e-01 1.080021870519908278e+00
6.808211409127237213e-01 1.071599712355989498e+00
6.874438598112112553e-01 1.063116778688705910e+00
6.941310015117725385e-01 1.054526043534340651e+00
7.008831926901714082e-01 1.045996658171036930e+00
7.077010661181889484e-01 1.037367960012680390e+00
7.145852607229240538e-01 1.028693526781387035e+00
7.215364216466665370e-01 1.019981097205214349e+00
7.285552003073593186e-01 1.011225100764648444e+00
7.356422544596413760e-01 1.002427124111510803e+00
7.427982482564918776e-01 9.935906241966285801e-01
7.500238523114668432e-01 9.847186502642023553e-01
7.573197437615483141e-01 9.758129821486468680e-01
7.646866063305975958e-01 9.668740343697828088e-01
7.721251303934327792e-01 9.578989700364289872e-01
7.796360130405233235e-01 9.488811492933900693e-01
7.872199581433195759e-01 9.398640545900182053e-01
7.948776764202123424e-01 9.308005243291578301e-01
8.026098855031396084e-01 9.217245472548193375e-01
8.104173100048355227e-01 9.126177172036171736e-01
8.183006815867394090e-01 9.034904196099206031e-01
8.262607390275591435e-01 8.943433268159139971e-01
8.342982282925082149e-01 8.851789007247136132e-01
8.424139026032094746e-01 8.759978626683090353e-01
8.506085225082840040e-01 8.668055316403221466e-01
8.588828559546254349e-01 8.575976273828243013e-01
8.672376783593644944e-01 8.483821791098864473e-01
8.756737726825394308e-01 8.391562105403901350e-01
8.841919295004664336e-01 8.299232625366863569e-01
8.927929470798307010e-01 8.206930990075954613e-01
9.014776314524917122e-01 8.114559168032962067e-01
9.102467964910225806e-01 8.022195423854394658e-01
9.191012639849772681e-01 7.929851463566754965e-01
9.280418637179072006e-01 7.837493062726272885e-01
9.370694335451198453e-01 7.745281419811352874e-01
9.461848194722002336e-01 7.653126273791748257e-01
9.553888757342895444e-01 7.561046109420196393e-01
9.646824648761427312e-01 7.469080084392395458e-01
9.740664578329562007e-01 7.377293569571106158e-01
9.835417340119908536e-01 7.285665148759857823e-01
9.931091813749796104e-01 7.194134448551836591e-01
1.002769696521346621e+00 7.102887933070483051e-01
1.012524184772224167e+00 7.011814859151359602e-01
1.022373560255302127e+00 6.921014544728707474e-01
1.032318745990486564e+00 6.830420638381446974e-01
1.042360673976402197e+00 6.740128975087057439e-01
1.052500285277732761e+00 6.650170469006368990e-01
1.062738530113414459e+00 6.560469827089160377e-01
1.073076367945679621e+00 6.471152596801827972e-01
1.083514767569973225e+00 6.382156725148564469e-01
1.094054707205742494e+00 6.293500941641411162e-01
1.104697174588111785e+00 6.205302635098174369e-01
1.115443167060441221e+00 6.117483130649860046e-01
1.126293691667795249e+00 6.030071701954715646e-01
1.137249765251314271e+00 5.943109559582396839e-01
1.148312414543511073e+00 5.856591390631400440e-01
1.159482676264482759e+00 5.770573326815565673e-01
1.170761597219069250e+00 5.685047093237980409e-01
1.182150234394952371e+00 5.599996871072088211e-01
1.193649655061713055e+00 5.514256568751743082e-01
1.205260936870842681e+00 5.431529380315612832e-01
1.216985167956738056e+00 5.348100464731281312e-01
1.228823447038673411e+00 5.265252048240058880e-01
1.240776883523764251e+00 5.182988297027489866e-01
1.252846597610937529e+00 5.101292879791884394e-01
1.265033720395903893e+00 5.020223302781592345e-01
1.277339393977160009e+00 4.939783609404461151e-01
1.289764771563017165e+00 4.859982262597165037e-01
1.302311017579677488e+00 4.780807709334132238e-01
1.314979307780347773e+00 4.702277282139364356e-01
1.327770829355430449e+00 4.624428525240745769e-01
1.340686781043774811e+00 4.547288578225161526e-01
1.353728373245021821e+00 4.470702395760043912e-01
1.366896828133026487e+00 4.395027801303673654e-01
1.380193379770397355e+00 4.320098821539680722e-01
1.393619274224142002e+00 4.245589980587873846e-01
1.407175769682446731e+00 4.171987837919962638e-01
1.420864136572576708e+00 4.099097785680271833e-01
1.434685657679937831e+00 4.026951849894438440e-01
1.448641628268290127e+00 3.955533696800727639e-01
1.462733356201129986e+00 3.884990953836136018e-01
1.476962162064259898e+00 3.815024088512726785e-01
1.491329379289537682e+00 3.745915346401111901e-01
1.505836354279841416e+00 3.677489391619478409e-01
1.520484446535244283e+00 3.609343025631705504e-01
1.535275028780422657e+00 3.543221405041388494e-01
1.550209487093291205e+00 3.477214107701638857e-01
1.565289221034902312e+00 3.412041938672894514e-01
1.580515643780601165e+00 3.347676787363411677e-01
1.595890182252465817e+00 3.284022459479698508e-01
1.611414277253019778e+00 3.221204157453804173e-01
1.627089383600260675e+00 3.159200843483142007e-01
1.642916970263993193e+00 3.097974155317922418e-01
1.658898520503498064e+00 3.037008273990131069e-01
1.675035532006524441e+00 2.978138376154426115e-01
1.691329517029648732e+00 2.919266957987196598e-01
1.707782002539993016e+00 2.860846619318628270e-01
1.724394530358320354e+00 2.803636802829034269e-01
1.741168657303530987e+00 2.747643882862652043e-01
1.758105955338547632e+00 2.692054889692482855e-01
1.775208011717636092e+00 2.637340579343493419e-01
1.792476429135148930e+00 2.583311990573757266e-01
1.809912825875727105e+00 2.530122880253765083e-01
1.827518835965944666e+00 2.477741777791350741e-01
1.845296109327445366e+00 2.426137357112390369e-01
1.863246311931559873e+00 2.375344236719438562e-01
1.881371125955437096e+00 2.325325398256058440e-01
1.899672249939675650e+00 2.276092736027351682e-01
1.918151398947507635e+00 2.227623930940315633e-01
1.936810304725519849e+00 2.179943043068586495e-01
1.955650715865949074e+00 2.132983824218605273e-01
1.974674397970537454e+00 2.086884913257813501e-01
1.993883133816001019e+00 2.041492715165686700e-01
2.013278723521096492e+00 1.996861478760553754e-01
2.032862984715323673e+00 1.952982807565245837e-01
2.052637752709252084e+00 1.909841055214270000e-01
2.072604880666519822e+00 1.867449905640791719e-01
2.092766239777499759e+00 1.825809995420777099e-01
2.113123719434652603e+00 1.784831928751616781e-01
2.133679227409597701e+00 1.744616258111438001e-01
2.154434690031884259e+00 1.705116210274644217e-01
2.175392052369522489e+00 1.666281677248734328e-01
2.196553278411258248e+00 1.628203053633238973e-01
2.217920351250634692e+00 1.590805727492646815e-01
2.239495273271823184e+00 1.554090370134246224e-01
2.261280066337279404e+00 1.518052959411640424e-01
2.283276771977218012e+00 1.482698841658349198e-01
2.305487451580938707e+00 1.447978631085167500e-01
2.327914186589993051e+00 1.413906834740665808e-01
2.350559078693253756e+00 1.380536889947290291e-01
2.373424250023866033e+00 1.347788162532830292e-01
2.396511843358130278e+00 1.315669706467426370e-01
2.419824022316292567e+00 1.284170015470815496e-01
2.443362971565319341e+00 1.252945208138841748e-01
2.467130897023623426e+00 1.223050981029690093e-01
2.491130026067788439e+00 1.193358765149446915e-01
2.515362607741312928e+00 1.164319399633504670e-01
2.539830912965362675e+00 1.135834847238217232e-01
2.564537234751594674e+00 1.107947228565286379e-01
2.589483888417040802e+00 1.080622859265826241e-01
2.614673211801092023e+00 1.053856550152341143e-01
2.640107565484572927e+00 1.027692201676841943e-01
2.665789333010967876e+00 1.001982859749440957e-01
2.691720921109787668e+00 9.767723294555796798e-02
2.717904759922122881e+00 9.520356186533923681e-02
2.744343303228365283e+00 9.281955633069835510e-02
2.771039028678170535e+00 9.046331844367329345e-02
2.797994438022641805e+00 8.815881107792963856e-02
2.825212057348790218e+00 8.590370589977311400e-02
2.852694437316245057e+00 8.364285038037871933e-02
2.880444153396297668e+00 8.153964650572534389e-02
2.908463806113254169e+00 7.942633240139111706e-02
2.936756021288137397e+00 7.736551693470145041e-02
2.965323450284773621e+00 7.534765748156499465e-02
2.994168770258243573e+00 7.337492825338033653e-02
3.023294684405779531e+00 7.144640189341575076e-02
3.052703922220086241e+00 6.956145964142614047e-02
3.082399239745143404e+00 6.770588503388688673e-02
3.112383419834465759e+00 6.591945650606582940e-02
3.142659272411905569e+00 6.416164243865818406e-02
3.173229634734976212e+00 6.244331328470933973e-02
3.204097371660752813e+00 6.076412362132151135e-02
3.235265375914330388e+00 5.911185613237170122e-02
3.266736568359921655e+00 5.752436542944829034e-02
3.298513898274578082e+00 5.596080568688595325e-02
3.330600343624588788e+00 5.443448842321203102e-02
3.362998911344535991e+00 5.294390104490528937e-02
3.395712637619100693e+00 5.148983234748118892e-02
3.428744588167585317e+00 5.007004276097135054e-02
3.462097858531227423e+00 4.868152435648351317e-02
3.495775574363275240e+00 4.733256945801638665e-02
3.529780891721914671e+00 4.601334850420483319e-02
3.564116997366032269e+00 4.472663310867520947e-02
3.598787109053855460e+00 4.347090904194258337e-02
3.633794475844513094e+00 4.224631323443774761e-02
3.669142378402494131e+00 4.105035563803337284e-02
3.704834129305105694e+00 3.988740543875992500e-02
3.740873073352900313e+00 3.875090255595786681e-02
3.777262587883141176e+00 3.764456445716211214e-02
3.814006083086284082e+00 3.656531702397743805e-02
3.851107002325572903e+00 3.551324562952843517e-02
3.888568822459721019e+00 3.448796883458266765e-02
3.926395054168756449e+00 3.348758405685637457e-02
3.964589242282997805e+00 3.251497886448393576e-02
4.003154966115265445e+00 3.156627387188001149e-02
4.042095839796306045e+00 3.064568158889780999e-02
4.081415512613501662e+00 2.974166666423851829e-02
4.121117669352832635e+00 2.886474587979378711e-02
4.161206030644208020e+00 2.800849587966108487e-02
4.201684353310133346e+00 2.717900378045954440e-02
4.242556430717777438e+00 2.636917168541372605e-02
4.283826093134470270e+00 2.557984866805243160e-02
4.325497208086633627e+00 2.481321631082759882e-02
4.367573680722233398e+00 2.406611773064965334e-02
4.410059454176736615e+00 2.333909986844938736e-02
4.452958509942654963e+00 2.263072955831352956e-02
4.496274868242640110e+00 2.194203947887330905e-02
4.540012588406244554e+00 2.127263105052951825e-02
4.584175769250333765e+00 2.062097534446986555e-02
4.628768549463215365e+00 1.998670490928953006e-02
4.673795107992464004e+00 1.937152300996582491e-02
4.719259664436561863e+00 1.877011786575410318e-02
4.765166479440326341e+00 1.818677535166181650e-02
4.811519855094205766e+00 1.761956527970614389e-02
4.858324135337417360e+00 1.706808145664700724e-02
4.905583706365050922e+00 1.653196032336625224e-02
4.953302997039108924e+00 1.601010718311998357e-02
5.001486479303548727e+00 1.550430752478440706e-02
5.050138668603383785e+00 1.501201184152291083e-02
5.099264124307808288e+00 1.453350557793451833e-02
5.148867450137498025e+00 1.406891517709842401e-02
5.198953294596024399e+00 1.361717124333601189e-02
5.249526351405507718e+00 1.317869765440844373e-02
5.300591359946452030e+00 1.275226699686396112e-02
5.352153105701904501e+00 1.233833699452176365e-02
5.404216420705915347e+00 1.193697467425019858e-02
5.456786183996381823e+00 1.154676693334018116e-02
5.509867322072253160e+00 1.116790288459016366e-02
5.563464809355226137e+00 1.080011419420808319e-02
5.617583668655908191e+00 1.044312215777700240e-02
5.672228971644543094e+00 1.009698848364622321e-02
5.727405839326266346e+00 9.760338838672331582e-03
5.783119442521027054e+00 9.434117572936171273e-03
5.839375002348160315e+00 9.117392643466070562e-03
5.896177790715694478e+00 8.810074947163456377e-03
5.953533130814370189e+00 8.512261008248393421e-03
6.011446397616513337e+00 8.223378969020854815e-03
6.069923018379741464e+00 7.943132599403712746e-03
6.128968473155564034e+00 7.671360637928776108e-03
6.188588295302960063e+00 7.407766265670937163e-03
6.248788072006894012e+00 7.152411441687438372e-03
6.309573444801936049e+00 6.904825353985889931e-03
6.370950110100935149e+00 6.664797786246780438e-03
6.432923819728876502e+00 6.432232094831890137e-03
6.495500381461869033e+00 6.206828804212990644e-03
6.558685659571435345e+00 5.988362038220292928e-03
6.622485575374063238e+00 5.776898538160253269e-03
6.686906107786136921e+00 5.571971795203331350e-03
6.751953293884205287e+00 5.373588549388480344e-03
6.817633229470763112e+00 5.181304437212290968e-03
6.883952069645496330e+00 4.995169960045470030e-03
6.950916029382126382e+00 4.814739850407728783e-03
7.018531384110795912e+00 4.640547159479544229e-03
7.086804470306189430e+00 4.471711396474018288e-03
7.155741686081340980e+00 4.308313816664312811e-03
7.225349491787214085e+00 4.150286705098994375e-03
7.295634410618154320e+00 3.997239105329344726e-03
7.366603029223159460e+00 3.849216502813956192e-03
7.438261998323163482e+00 3.706058167396853679e-03
7.510618033334286459e+00 3.567825199804904122e-03
7.583677914997190683e+00 3.433736878299553045e-03
7.657448490012479958e+00 3.304285901961924541e-03
7.731936671682362316e+00 3.179117893611796506e-03
7.807149440558499798e+00 3.058166267002543522e-03
7.883093845096216690e+00 2.941207497628995238e-03
7.959777002314985417e+00 2.828303830540296153e-03
8.037206098465421888e+00 2.719127281713948178e-03
8.115388389702712146e+00 2.613806836800003190e-03
8.194331202766655053e+00 2.511855103794933056e-03
8.274041935668218883e+00 2.412916849087278545e-03
8.354528058382872047e+00 2.318509300001443674e-03
8.435797113550611570e+00 2.227009665661949453e-03
8.517856717182803905e+00 2.138167918309126937e-03
8.600714559375941093e+00 2.052892411925746289e-03
8.684378405032257220e+00 1.970446408381840327e-03
8.768856094587436090e+00 1.891022164201130572e-03
8.854155544745349715e+00 1.814249762260030253e-03
8.940284749219998162e+00 1.740302708640431486e-03
9.027251779484577909e+00 1.668794299184769543e-03
9.115064785527916769e+00 1.600042686852077255e-03
9.203731996618220279e+00 1.533950276159935485e-03
9.293261722074316111e+00 1.469800582787246252e-03
9.383662352044273902e+00 1.408316404954294875e-03
9.474942358291729150e+00 1.348990352434701213e-03
9.567110294989774388e+00 1.291677992980131470e-03
9.660174799522645017e+00 1.236614038298649654e-03
9.754144593295098531e+00 1.183594288139009666e-03
9.849028482549766039e+00 1.132542930097768605e-03
9.944835359192397917e+00 1.083426879475527307e-03
1.004157420162519543e+01 1.036135308224523689e-03
1.013925407558815373e+01 9.906431419834525916e-04
1.023788413500867378e+01 9.468780863045065744e-04
1.033747362285940774e+01 9.047925940704569644e-04
1.043803187202444072e+01 8.643262488066616933e-04
1.053956830617394580e+01 8.254204974530909757e-04
1.064209244064724658e+01 7.880255017496181225e-04
1.074561388334458023e+01 7.520994875074899942e-04
1.085014233562746178e+01 7.175833486784701475e-04
1.095568759322787855e+01 6.844367579382594274e-04
1.106225954716621906e+01 6.525984985926966452e-04
1.116986818467823817e+01 6.220468904266601533e-04
1.127852359015096795e+01 5.927181197140003223e-04
1.138823594606782130e+01 5.645722840958681968e-04
1.149901553396274245e+01 5.375852403722361506e-04
1.161087273538378994e+01 5.116990466185097333e-04
1.172381803286598512e+01 4.868812863831028224e-04
1.183786201091373513e+01 4.630936127757830567e-04
1.195301535699265827e+01 4.402999101343997102e-04
1.206928886253119870e+01 4.184760916799019881e-04
1.218669342393191712e+01 3.975562269569639373e-04
1.230524004359261525e+01 3.775369215005558595e-04
1.242493983093746479e+01 3.583747138179127728e-04
1.254580400345803248e+01 3.400402693806696300e-04
1.266784388776455827e+01 3.225148940636139239e-04
1.279107092064739781e+01 3.057450417645412146e-04
1.291549665014884063e+01 2.897157332618027444e-04
1.304113273664525430e+01 2.744069014192497785e-04
1.316799095393986185e+01 2.597802946341927315e-04
1.329608319036608854e+01 2.458118497652491286e-04
1.342542144990170527e+01 2.324838323962318475e-04
1.355601785329368880e+01 2.197622039691702223e-04
1.368788463919415221e+01 2.076282250136030039e-04
1.382103416530724438e+01 1.960607299156403162e-04
1.395547890954729020e+01 1.850346789328164516e-04
1.409123147120805619e+01 1.745334218484209318e-04
1.422830457214353395e+01 1.645336403908214719e-04
1.436671105796013137e+01 1.550129116850025015e-04
1.450646389922046886e+01 1.459548355520933947e-04
1.464757619265895272e+01 1.373533927997048966e-04
1.479006116240903168e+01 1.291525395207414502e-04
1.493393216124253264e+01 1.213736049968794627e-04
1.507920267182097263e+01 1.139890918660057243e-04
1.522588630795911513e+01 1.069744603430643502e-04
1.537399681590069456e+01 1.003227471534696335e-04
1.552354807560667105e+01 9.401629194683628319e-05
1.567455410205595001e+01 8.803581489237626749e-05
1.582702904655883280e+01 8.237767540294772253e-05
1.598098719808309376e+01 7.701722592475307894e-05
1.613644298459311699e+01 7.195060946064720626e-05
1.629341097440194730e+01 6.715568690576142758e-05
1.645190587753662470e+01 6.262784295911586223e-05
1.661194254711659113e+01 5.835202014104174073e-05
1.677353598074571295e+01 5.431928312035757487e-05
1.693670132191772026e+01 5.051473586810843660e-05
1.710145386143542012e+01 4.693169035777816113e-05
1.726780903884355922e+01 4.355670419364247907e-05
1.743578244387577669e+01 4.038243343460634914e-05
1.760538981791556523e+01 3.739763135242945105e-05
1.777664705547142532e+01 3.459343164999249538e-05
1.794957020566648254e+01 3.196396004833667188e-05
1.812417547374237614e+01 2.949699737013916520e-05
1.830047922257800863e+01 2.718671031571410164e-05
1.847849797422290763e+01 2.502495463463389879e-05
1.865824841144566193e+01 2.300390607137875988e-05
1.883974737929719367e+01 2.111496131550973069e-05
1.902301188668945642e+01 1.935369054632954589e-05
1.920805910798935301e+01 1.771060742248964129e-05
1.939490638462828542e+01 1.618341626628055029e-05
1.958357122672716955e+01 1.476134363928391362e-05
1.977407131473744428e+01 1.344139987147874707e-05
1.996642450109793288e+01 1.221768011985521139e-05
2.016064881190793656e+01 1.108499337827254140e-05
2.035676244861640072e+01 1.003667547866154222e-05
2.055478378972772546e+01 9.068810836489021155e-06
2.075473139252405730e+01 8.177111083343031081e-06
2.095662399480432825e+01 7.357049899835224345e-06
2.116048051664034446e+01 6.601396441186767508e-06
2.136632006214970403e+01 5.910461629321036531e-06
2.157416192128621546e+01 5.276029825210194670e-06
2.178402557164756459e+01 4.697011867153036030e-06
2.199593068030074861e+01 4.169600889864924834e-06
2.220989710562497521e+01 3.689739441983239910e-06
2.242594489917278011e+01 3.254524755377460373e-06
2.264409430754907504e+01 2.860351936958592581e-06
2.286436577430861306e+01 2.504989492796037908e-06
2.308677994187169702e+01 2.184880013503973865e-06
2.331135765345874944e+01 1.897735352099297433e-06
2.353811995504354471e+01 1.640914077607651656e-06
2.376708809732560823e+01 1.419425334348923484e-06
2.399828353772154799e+01 1.208493644872870391e-06
2.423172794237600769e+01 1.028576302194521323e-06
2.446744318819203201e+01 8.704876773785944506e-07
2.470545136488123816e+01 7.316493474874066639e-07
2.494577477703398571e+01 6.106381709558094473e-07
2.518843594620949489e+01 5.057282847825309501e-07
2.543345761304651020e+01 4.154038449764981168e-07
2.568086273939435316e+01 3.379298292703301127e-07
2.593067451046487548e+01 2.721125365307043709e-07
2.618291633700505372e+01 2.165827721103246332e-07
2.643761185749101372e+01 1.702780974790109148e-07
2.669478494034320804e+01 1.310290851972782008e-07
2.695445968616333587e+01 9.989462814000780568e-08
2.721666042999271795e+01 7.455106750960410657e-08
2.748141174359293259e+01 5.440290569740132167e-08
2.774873843774846804e+01 3.866431033256199060e-08
2.801866556459195223e+01 2.663077076021957915e-08
2.829121841995168651e+01 1.784521005715151599e-08
2.856642254572233952e+01 1.147108429123923023e-08
2.884430373225852051e+01 6.989999843305059866e-09
2.912488802079168337e+01 3.984594801717878428e-09
2.940820170587063842e+01 2.078363039842418520e-09
2.969427133782552986e+01 9.590883328148609336e-10
2.998312372525609959e+01 3.702596899086460034e-10
3.027478593754393543e+01 1.072366801809684602e-10
3.056928530738937155e+01 1.803120812896930694e-11
3.086664943337274636e+01 0.000000000000000000e+00
