1.000000000000000021e-02 1.919103742171275773e+00
1.009727545900835841e-02 1.919099870186428136e+00
1.019549716950923779e-02 1.919095912920609548e+00
1.029467433620748044e-02 1.919088468307606155e+00
1.039481625334708927e-02 1.919084457505283448e+00
1.049593230558227772e-02 1.919080374915522080e+00
1.059803196885688789e-02 1.919076184560051024e+00
1.070112481129246833e-02 1.919071902791432693e+00
1.080522049408488318e-02 1.919067548583312632e+00
1.091032877240974419e-02 1.919063106376263095e+00
1.101645949633656314e-02 1.919058563861085309e+00
1.112362261175187626e-02 1.919053906133677545e+00
1.123182816129126085e-02 1.919049136433604641e+00
1.134108628528052165e-02 1.919044251600991569e+00
1.145140722268592030e-02 1.919039253497818454e+00
1.156280131207376022e-02 1.919034136118001221e+00
1.167527899257919492e-02 1.919028904935726088e+00
1.178885080488457221e-02 1.919023633107175275e+00
1.190352739220719262e-02 1.919018256261249000e+00
1.201931950129673729e-02 1.919012781915544918e+00
1.213623798344241195e-02 1.919007215484272111e+00
1.225429379548980714e-02 1.919001554233580986e+00
1.237349800086776086e-02 1.918995763494568241e+00
1.249386177062509519e-02 1.918989883139974539e+00
1.261539638447754796e-02 1.918983837094772715e+00
1.273811323186478488e-02 1.918977777072788715e+00
1.286202381301779218e-02 1.918971613654352870e+00
1.298713974003655978e-02 1.918965314572980141e+00
1.311347273797833224e-02 1.918958876341996911e+00
1.324103464595636874e-02 1.918952345860620579e+00
1.336983741824946531e-02 1.918945744552480237e+00
1.349989312542219239e-02 1.918939002467047628e+00
1.363121395545611320e-02 1.918932130700480077e+00
1.376381221489191876e-02 1.918925115177041008e+00
1.389770032998276401e-02 1.918917927852995975e+00
1.403289084785873213e-02 1.918910577614717727e+00
1.416939643770268736e-02 1.918903092640517061e+00
1.430722989193757184e-02 1.918895423945368162e+00
1.444640412742520530e-02 1.918887556563771302e+00
1.458693218667675602e-02 1.918879473045896233e+00
1.472882723907502529e-02 1.918871204556706900e+00
1.487210258210860774e-02 1.918862733126733167e+00
1.501677164261799868e-02 1.918854053565246964e+00
1.516284797805393485e-02 1.918845192683942713e+00
1.531034527774784160e-02 1.918836151895036091e+00
1.545927736419477720e-02 1.918826899054633328e+00
1.560965819434872483e-02 1.918817421693838732e+00
1.576150186093060873e-02 1.918807728238288490e+00
1.591482259374891323e-02 1.918797818948333678e+00
1.606963476103326349e-02 1.918787718074450810e+00
1.622595287078087284e-02 1.918777440759096731e+00
1.638379157211618947e-02 1.918766926146802554e+00
1.654316565666366645e-02 1.918756205153758332e+00
1.670409005993399310e-02 1.918745263267368051e+00
1.686657986272368723e-02 1.918734095576889453e+00
1.703065029252844378e-02 1.918722688136527799e+00
1.719631672497009753e-02 1.918711029317996752e+00
1.736359468523754335e-02 1.918699131293994276e+00
1.753249984954170088e-02 1.918687028793637284e+00
1.770304804658450262e-02 1.918674668365512703e+00
1.787525525904235316e-02 1.918662167172583644e+00
1.804913762506383731e-02 1.918649420789412030e+00
1.822471143978214581e-02 1.918636376914503616e+00
1.840199315684210371e-02 1.918623042140027879e+00
1.858099938994215231e-02 1.918609489418316549e+00
1.876174691439120440e-02 1.918595638122897684e+00
1.894425266868081034e-02 1.918581418408327410e+00
1.912853375607242307e-02 1.918569699202667955e+00
1.931460744620030340e-02 1.918555005463953300e+00
1.950249117668984011e-02 1.918539962580172231e+00
1.969220255479172538e-02 1.918522001660723175e+00
1.988375935903200636e-02 1.918506336773780019e+00
2.007717954087816226e-02 1.918490487498555996e+00
2.027248122642137662e-02 1.918474305877903463e+00
2.046968271807520987e-02 1.918457784683816225e+00
2.066880249629082095e-02 1.918440886128491840e+00
2.086985922128879734e-02 1.918423842573944826e+00
2.107287173480786382e-02 1.918406594175120050e+00
2.127785906187062287e-02 1.918389042246856135e+00
2.148484041256648255e-02 1.918371131299644761e+00
2.169383518385184506e-02 1.918352911988483234e+00
2.190486296136792688e-02 1.918334237631315053e+00
2.211794352127614133e-02 1.918315134409977141e+00
2.233309683211144592e-02 1.918295575989330315e+00
2.255034305665360936e-02 1.918275551168714399e+00
2.276970255381680075e-02 1.918255158326918508e+00
2.299119588055741764e-02 1.918234522183170476e+00
2.321484379380064564e-02 1.918213419313291812e+00
2.344066725238556220e-02 1.918191804346377261e+00
2.366868741902936057e-02 1.918169891164292373e+00
2.389892566231050300e-02 1.918147578348484261e+00
2.413140355867127856e-02 1.918124914534555359e+00
2.436614289443983158e-02 1.918101776912057188e+00
2.460316566787181664e-02 1.918078346900578213e+00
2.484249409121190577e-02 1.918054481168339542e+00
2.508415059277539771e-02 1.918030117408331847e+00
2.532815781905008515e-02 1.918005166251042004e+00
2.557453863681850847e-02 1.917979734740091757e+00
2.582331613530085626e-02 1.917953736644029572e+00
2.607451362831877603e-02 1.917927183894402532e+00
2.632815465648021339e-02 1.917900079800513025e+00
2.658426298938541474e-02 1.917872507684269312e+00
2.684286262785454819e-02 1.917844446258800017e+00
2.710397780617682106e-02 1.917816027434024795e+00
2.736763299438163891e-02 1.917787008473344823e+00
2.763385290053169824e-02 1.917757333759146920e+00
2.790266247303856487e-02 1.917727199082800427e+00
2.817408690300057458e-02 1.917696693456410806e+00
2.844815162656363222e-02 1.917665674465770298e+00
2.872488232730495070e-02 1.917634034271374022e+00
2.900430493863991738e-02 1.917601653873237222e+00
2.928644564625237229e-02 1.917568522339491599e+00
2.957133089054861039e-02 1.917534629038774696e+00
2.985898736913520854e-02 1.917499705107158059e+00
3.014944203932094433e-02 1.917464443964404408e+00
3.044272212064302874e-02 1.917428605611293690e+00
3.073885509741795460e-02 1.917391610034229643e+00
3.103786872131722788e-02 1.917353742219342516e+00
3.133979101396793671e-02 1.917315052996228619e+00
3.164465026957891114e-02 1.917275813973423837e+00
3.195247505759213347e-02 1.917234161149103056e+00
3.226329422536015901e-02 1.917193277398744344e+00
3.257713690084949876e-02 1.917151463290703184e+00
3.289403249537032475e-02 1.917108859964274270e+00
3.321401070633261954e-02 1.917065683367940032e+00
3.353710152002930406e-02 1.917021648195149641e+00
3.386333521444636480e-02 1.916976781508726857e+00
3.419274236210027851e-02 1.916931216934687043e+00
3.452535383290306070e-02 1.916884778352726970e+00
3.486120079705520153e-02 1.916837434703863252e+00
3.520031472796678745e-02 1.916793072473211179e+00
3.554272740520694751e-02 1.916743949229133825e+00
3.588847091748199186e-02 1.916691176330319824e+00
3.623757766564258964e-02 1.916640294217395013e+00
3.659008036572020811e-02 1.916588528434707284e+00
3.694601205199302130e-02 1.916536173345475103e+00
3.730540608008161424e-02 1.916482619290974077e+00
3.766829613007490613e-02 1.916427809768709301e+00
3.803471620968648659e-02 1.916373770626750739e+00
3.840470065744145539e-02 1.916315065268296536e+00
3.877828414589457040e-02 1.916257131148205506e+00
3.915550168487941241e-02 1.916197909886902417e+00
3.953638862478930927e-02 1.916137408334775971e+00
3.992098065989020672e-02 1.916075358696137876e+00
4.030931383166566628e-02 1.916012445716118062e+00
4.070142453219438572e-02 1.915948664368739784e+00
4.109734950756069316e-02 1.915882988362960448e+00
4.149712586129815362e-02 1.915815745059774144e+00
4.190079105786669034e-02 1.915746106594706344e+00
4.230838292616342228e-02 1.915676323008389303e+00
4.271993966306778662e-02 1.915605143026832824e+00
4.313549983702118923e-02 1.915532960190064138e+00
4.355510239164130798e-02 1.915460349166510756e+00
4.397878664937160398e-02 1.915385109521590801e+00
4.440659231516640160e-02 1.915308125553592866e+00
4.483855948021186338e-02 1.915229401179955548e+00
4.527472862568297785e-02 1.915148936876076569e+00
4.571514062653719151e-02 1.915066684341450109e+00
4.615983675534499064e-02 1.914983421303088518e+00
4.660885868615767536e-02 1.914898363993146946e+00
4.706224849841281199e-02 1.914811798506199869e+00
4.752004868087766204e-02 1.914723592875873681e+00
4.798230213563085128e-02 1.914633846919703952e+00
4.844905218208294534e-02 1.914542713380853245e+00
4.892034256103611894e-02 1.914454195014907212e+00
4.939621743878321036e-02 1.914359273863102118e+00
4.987672141124663283e-02 1.914263558282075062e+00
5.036189950815770505e-02 1.914165060729991596e+00
5.085179719727656034e-02 1.914064631720757248e+00
5.134646038865306461e-02 1.913958580962908496e+00
5.184593543892913187e-02 1.913856225655551579e+00
5.235026915568305461e-02 1.913749609525890572e+00
5.285950880181603667e-02 1.913640572389002426e+00
5.337370209998133774e-02 1.913529308317745814e+00
5.389289723705643909e-02 1.913415869702216998e+00
5.441714286865893119e-02 1.913300558173933297e+00
5.494648812370611646e-02 1.913182745768135851e+00
5.548098260901916656e-02 1.913061651685101561e+00
5.602067641397187603e-02 1.912941275819049158e+00
5.656562011518465050e-02 1.912817335423734777e+00
5.711586478126431943e-02 1.912691391722327827e+00
5.767146197758996756e-02 1.912561577038902172e+00
5.823246377114527778e-02 1.912431040555836237e+00
5.879892273539785025e-02 1.912297707570454808e+00
5.937089195522609469e-02 1.912161663554663438e+00
5.994842503189409116e-02 1.912022420574970294e+00
6.053157608807464840e-02 1.911880569919327089e+00
6.112039977292132997e-02 1.911735498331435190e+00
6.171495126718981594e-02 1.911588263356376549e+00
6.231528628840921763e-02 1.911437942121367417e+00
6.292146109610344262e-02 1.911284141951086202e+00
6.353353249706343575e-02 1.911127235335875918e+00
6.415155785067082339e-02 1.910967334210050605e+00
6.477559507427335661e-02 1.910805440232101748e+00
6.540570264861225724e-02 1.910640721827113531e+00
6.604193962330305590e-02 1.910472247855474537e+00
6.668436562236895737e-02 1.910300087677957448e+00
6.733304084982863480e-02 1.910122499136079899e+00
6.798802609533814711e-02 1.909943466339191209e+00
6.864938273988777095e-02 1.909761114836752816e+00
6.931717276155408003e-02 1.909575206916113377e+00
6.999145874130821565e-02 1.909385920968217798e+00
7.067230386888070925e-02 1.909192491255354618e+00
7.135977194868306506e-02 1.908994348461694912e+00
7.205392740578704658e-02 1.908792284880251433e+00
7.275483529196229149e-02 1.908586682585869276e+00
7.346256129177256011e-02 1.908377864402657886e+00
7.417717172873124210e-02 1.908165518679614925e+00
7.489873357151664857e-02 1.907949266009075551e+00
7.562731444024800576e-02 1.907729800152192512e+00
7.636298261282241373e-02 1.907505628009628751e+00
7.710580703131336699e-02 1.907276010566032243e+00
7.785585730843146146e-02 1.907041952130086315e+00
7.861320373404813433e-02 1.906802839602451005e+00
7.937791728178281159e-02 1.906559522202400103e+00
8.015006961565404597e-02 1.906310121800005364e+00
8.092973309679550586e-02 1.906056802320460708e+00
8.171698079023696770e-02 1.905798913646754134e+00
8.251188647175167201e-02 1.905536098777286913e+00
8.331452463477014014e-02 1.905268588913892502e+00
8.412497049736118726e-02 1.904995439429485016e+00
8.494330000928071445e-02 1.904717446933606784e+00
8.576958985908941790e-02 1.904434447042430589e+00
8.660391748133952627e-02 1.904150532333647172e+00
8.744636106383144036e-02 1.903854004480350914e+00
8.829699955494091368e-02 1.903555499333019485e+00
8.915591267101763417e-02 1.903249621002794267e+00
9.002318090385581784e-02 1.902939145512478669e+00
9.089888552823731371e-02 1.902622191537856056e+00
9.178310860954806694e-02 1.902298965017366505e+00
9.267593301146882789e-02 1.901969513004920120e+00
9.357744240374062106e-02 1.901633287504547187e+00
9.448772127000577836e-02 1.901290140185772692e+00
9.540685491572513388e-02 1.900939215551068040e+00
9.633492947617222635e-02 1.900582321369541638e+00
9.727203192450542546e-02 1.900218199703507027e+00
9.821825007991856482e-02 1.899846728126542761e+00
9.917367261587073379e-02 1.899467448028791638e+00
1.001383890683960748e-01 1.899082724643390119e+00
1.011124898444945991e-01 1.898695371193440895e+00
1.020960662306047012e-01 1.898293670949666723e+00
1.030892104011576216e-01 1.897887266443641030e+00
1.040920154272158005e-01 1.897473753904278526e+00
1.051045752851944987e-01 1.897053331800175435e+00
1.061269848656690717e-01 1.896623604437750243e+00
1.071593399822671072e-01 1.896185331029821119e+00
1.082017373806478805e-01 1.895738854128500073e+00
1.092542747475682557e-01 1.895283953690945822e+00
1.103170507200377515e-01 1.894820833152354833e+00
1.113901648945616746e-01 1.894347724504617858e+00
1.124737178364751955e-01 1.893864787659150561e+00
1.135678110893671017e-01 1.893371413523398328e+00
1.146725471845963656e-01 1.892867701609931785e+00
1.157880296509002094e-01 1.892358440062372971e+00
1.169143630240966764e-01 1.891838458958551739e+00
1.180516528568804902e-01 1.891308320812445487e+00
1.192000057287153220e-01 1.890768253727187043e+00
1.203595292558212876e-01 1.890217420647781976e+00
1.215303321012602134e-01 1.889657543303251641e+00
1.227125239851190319e-01 1.889087181930485526e+00
1.239062156947916271e-01 1.888503989502641645e+00
1.251115190953615564e-01 1.887909680599374695e+00
1.263285471400849291e-01 1.887306035570520679e+00
1.275574138809759950e-01 1.886691304440751615e+00
1.287982344794950385e-01 1.886065431737258269e+00
1.300511252173409127e-01 1.885423321075487380e+00
1.313162035073478784e-01 1.884772664651813479e+00
1.325935879044890797e-01 1.884109235326124621e+00
1.338833981169864351e-01 1.883431929284400175e+00
1.351857550175293021e-01 1.882741578410250582e+00
1.365007806546013891e-01 1.882038412204526390e+00
1.378285982639189389e-01 1.881322873465892886e+00
1.391693322799789911e-01 1.880594432776993674e+00
1.405231083477211373e-01 1.879852214051190407e+00
1.418900533343016301e-01 1.879096851897219533e+00
1.432702953409830948e-01 1.878328385581069515e+00
1.446639637151387880e-01 1.877543281736929748e+00
1.460711890623745679e-01 1.876744130935607657e+00
1.474921032587684921e-01 1.875929606799510374e+00
1.489268394632288772e-01 1.875099689304497774e+00
1.503755321299738434e-01 1.874252916258911217e+00
1.518383170211306810e-01 1.873389201694543482e+00
1.533153312194593942e-01 1.872511481084118579e+00
1.548067131411984265e-01 1.871617436602354356e+00
1.563126025490369497e-01 1.870707321837381976e+00
1.578331405652117214e-01 1.869781156556716839e+00
1.593684696847328941e-01 1.868837703935910088e+00
1.609187337887370006e-01 1.867875991890732834e+00
1.624840781579713067e-01 1.866895287430340389e+00
1.640646494864078653e-01 1.865896125726799415e+00
1.656605958949914359e-01 1.864878446198892314e+00
1.672720669455196874e-01 1.863844951378129666e+00
1.688992136546599021e-01 1.862789782486413692e+00
1.705421885081006561e-01 1.861713910372293945e+00
1.722011454748421100e-01 1.860619545534084374e+00
1.738762400216251336e-01 1.859506828568185943e+00
1.755676291275001522e-01 1.858371293427553139e+00
1.772754712985387948e-01 1.857215840711004873e+00
1.789999265826875408e-01 1.856040752941153116e+00
1.807411565847668600e-01 1.854841614662767535e+00
1.824993244816152382e-01 1.853623106232888063e+00
1.842745950373816666e-01 1.852379660299640296e+00
1.860671346189656239e-01 1.851113876460142471e+00
1.878771112116086051e-01 1.849824901705201974e+00
1.897046944346358344e-01 1.848513768570082094e+00
1.915500555573527997e-01 1.847176265403581485e+00
1.934133675150944698e-01 1.845819239507426879e+00
1.952948049254327745e-01 1.844436051199451532e+00
1.971945441045395986e-01 1.843025064578647898e+00
1.991127630837108697e-01 1.841589081672629469e+00
2.010496416260497965e-01 1.840130444468947690e+00
2.030053612433137811e-01 1.838641339702901556e+00
2.049801052129238688e-01 1.837127533225836107e+00
2.069740585951406198e-01 1.835585055621548500e+00
2.089874082504071251e-01 1.834014889966317119e+00
2.110203428568595552e-01 1.832418297351406267e+00
2.130730529280097374e-01 1.830795362561798756e+00
2.151457308305980698e-01 1.829142056897186785e+00
2.172385708026215445e-01 1.827457772866504460e+00
2.193517689715359098e-01 1.825741431774051904e+00
2.214855233726360506e-01 1.823998493739787063e+00
2.236400339676138660e-01 1.822221432010612263e+00
2.258155026632983065e-01 1.820414650573516591e+00
2.280121333305757114e-01 1.818576581817325177e+00
2.302301318234963867e-01 1.816707132355017462e+00
2.324697059985647851e-01 1.814804749589814303e+00
2.347310657342196183e-01 1.812867519160461294e+00
2.370144229505012079e-01 1.810896527949330093e+00
2.393199916289123208e-01 1.808889809946528704e+00
2.416479878324700736e-01 1.806847800658871295e+00
2.439986297259550130e-01 1.804774431143078672e+00
2.463721375963552895e-01 1.802663697171863921e+00
2.487687338735107279e-01 1.800515162562180471e+00
2.511886431509580686e-01 1.798328773138441417e+00
2.536320922069775774e-01 1.796105377205802212e+00
2.560993100258459609e-01 1.793842850097252528e+00
2.585905278192945911e-01 1.791543848049683696e+00
2.611059790481781162e-01 1.789208999527696964e+00
2.636458994443517945e-01 1.786829343751212829e+00
2.662105270327638773e-01 1.784404879470042449e+00
2.688001021537606006e-01 1.781942628269844064e+00
2.714148674856106669e-01 1.779443376625353457e+00
2.740550680672460548e-01 1.776903197248114630e+00
2.767209513212268712e-01 1.774314578390585151e+00
2.794127670769268601e-01 1.771681833335427392e+00
2.821307675939472293e-01 1.769013200295514565e+00
2.848752075857552413e-01 1.766293991802827312e+00
2.876463442435557849e-01 1.763529054401533402e+00
2.904444372603925406e-01 1.760715528391891382e+00
2.932697488554852905e-01 1.757860773038278923e+00
2.961225437988035947e-01 1.754960400821061972e+00
2.990030894358785551e-01 1.752011440686877863e+00
3.019116557128577738e-01 1.749010460351912322e+00
3.048485152018017286e-01 1.745964737778840092e+00
3.078139431262288950e-01 1.742868329706811270e+00
3.108082173869063936e-01 1.739722577762429001e+00
3.138316185878944342e-01 1.736526058016334861e+00
3.168844300628416155e-01 1.733278454428662574e+00
3.199669379015380732e-01 1.729978689635763400e+00
3.230794309767249795e-01 1.726624300982657179e+00
3.262222009711669979e-01 1.723222216512987348e+00
3.293955424049855307e-01 1.719766800402505069e+00
3.325997526632606949e-01 1.716250787545231971e+00
3.358351320238990301e-01 1.712681074173583839e+00
3.391019836857747105e-01 1.709056584044047256e+00
3.424006137971423724e-01 1.705378633210093309e+00
3.457313314843284413e-01 1.701644218618505011e+00
3.490944488806992929e-01 1.697851805008931292e+00
3.524902811559130766e-01 1.694000365648654860e+00
3.559191465454557002e-01 1.690088998394117636e+00
3.593813663804627523e-01 1.686120725471081494e+00
3.628772651178337472e-01 1.682091656081692976e+00
3.664071703706370808e-01 1.678006096551777127e+00
3.699714129388128048e-01 1.673855877241802181e+00
3.735703268401719401e-01 1.669646655692490267e+00
3.772042493416999376e-01 1.665373062371934942e+00
3.808735209911614517e-01 1.661039710136329228e+00
3.845784856490158665e-01 1.656639752854451419e+00
3.883194905206404091e-01 1.652176780482110363e+00
3.920968861888690649e-01 1.647655246914123683e+00
3.959110266468458539e-01 1.643064117027540405e+00
3.997622693312000708e-01 1.638411455725018451e+00
4.036509751555413805e-01 1.633690010517459434e+00
4.075775085442840395e-01 1.628901562163347805e+00
4.115422374667966343e-01 1.624050240724014049e+00
4.155455334718875515e-01 1.619128989251949369e+00
4.195877717226225712e-01 1.614143177410490182e+00
4.236693310314835759e-01 1.609089502167837527e+00
4.277905938958687093e-01 1.603964286877914036e+00
4.319519465339363706e-01 1.598769298968607533e+00
4.361537789208005944e-01 1.593511048865243307e+00
4.403964848250754294e-01 1.588181665699999190e+00
4.446804618457780300e-01 1.582778386077549726e+00
4.490061114495874639e-01 1.577310619588799367e+00
4.533738390084691150e-01 1.571768156856663490e+00
4.577840538376618529e-01 1.566156908164021866e+00
4.622371692340384031e-01 1.560474882122663276e+00
4.667336025148346446e-01 1.554718636027774714e+00
4.712737750567601580e-01 1.548897330040274412e+00
4.758581123354846953e-01 1.542994731537016051e+00
4.804870439655131720e-01 1.537030106431773735e+00
4.851610037404442966e-01 1.530989631929517980e+00
4.898804296736250508e-01 1.524872866268545124e+00
4.946457640391963562e-01 1.518689583135318433e+00
4.994574534135413635e-01 1.512430641490704719e+00
5.043159487171361421e-01 1.506100465154140311e+00
5.092217052568053237e-01 1.499696416666445931e+00
5.141751827683928022e-01 1.493224088852535880e+00
5.191768454598426619e-01 1.486675938559973487e+00
5.242271620547044320e-01 1.480049980897413464e+00
5.293266058360561743e-01 1.473360101541694167e+00
5.344756546908600026e-01 1.466594590816198362e+00
5.396747911547442600e-01 1.459760769877449293e+00
5.449245024572260121e-01 1.452846660046899441e+00
5.502252805673685243e-01 1.445866454727250172e+00
5.555776222398878250e-01 1.438816859998795161e+00
5.609820290617031358e-01 1.431692765223516295e+00
5.664390074989449353e-01 1.424493627126536932e+00
5.719490689444144405e-01 1.417228221767230067e+00
5.775127297655114900e-01 1.409892930666207356e+00
5.831305113526221717e-01 1.402487903850422768e+00
5.888029401679826247e-01 1.395011059070631276e+00
5.945305477950136863e-01 1.387466970611328509e+00
6.003138709881384871e-01 1.379853284131703495e+00
6.061534517230839914e-01 1.372174948299818231e+00
6.120498372476699256e-01 1.364425428231888171e+00
6.180035801330957534e-01 1.356611699364591139e+00
6.240152383257209223e-01 1.348730302319618657e+00
6.300853751993553686e-01 1.340783108099482535e+00
6.362145596080520660e-01 1.332775018055856187e+00
6.424033659394193796e-01 1.324694808908995824e+00
6.486523741684461219e-01 1.316566603277975034e+00
6.549621699118558515e-01 1.308358284755453571e+00
6.613333444829840868e-01 1.300099036554830390e+00
6.677664949471955325e-01 1.291780277241767250e+00
6.742622241778342129e-01 1.283398278709072526e+00
6.808211409127237213e-01 1.274960602587582370e+00
6.874438598112112553e-01 1.266461247383292799e+00
6.941310015117725385e-01 1.257912166554659317e+00
7.008831926901714082e-01 1.249302093205879594e+00
7.077010661181889484e-01 1.240642145859519374e+00
7.145852607229240538e-01 1.231928677089838553e+00
7.215364216466665370e-01 1.223160695054243741e+00
7.285552003073593186e-01 1.214345896223157029e+00
7.356422544596413760e-01 1.205481677149673914e+00
7.427982482564918776e-01 1.196567621536141379e+00
7.500238523114668432e-01 1.187610186072288965e+00
7.573197437615483141e-01 1.178607904486227875e+00
7.646866063305975958e-01 1.169558443903518929e+00
7.721251303934327792e-01 1.160473833099844088e+00
7.796360130405233235e-01 1.151344505521068484e+00
7.872199581433195759e-01 1.142174741966248908e+00
7.948776764202123424e-01 1.132972585284900857e+00
8.026098855031396084e-01 1.123731545546757582e+00
8.104173100048355227e-01 1.114456340706303727e+00
8.183006815867394090e-01 1.105151056233728779e+00
8.262607390275591435e-01 1.095815407044543610e+00
8.342982282925082149e-01 1.086446798353680743e+00
8.424139026032094746e-01 1.077054249450377865e+00
8.506085225082840040e-01 1.067636514118055935e+00
8.588828559546254349e-01 1.058194255515170878e+00
8.672376783593644944e-01 1.048731558081889892e+00
8.756737726825394308e-01 1.039246211826491351e+00
8.841919295004664336e-01 1.029742611659687279e+00
8.927929470798307010e-01 1.020228016389172154e+00
9.014776314524917122e-01 1.010694405925668171e+00
9.102467964910225806e-01 1.001148438333069102e+00
9.191012639849772681e-01 9.915923938788616665e-01
9.280418637179072006e-01 9.820272172158585056e-01
9.370694335451198453e-01 9.724557062500209792e-01
9.461848194722002336e-01 9.628799588678564891e-01
9.553888757342895444e-01 9.533030961916038049e-01
9.646824648761427312e-01 9.437219188326179120e-01
9.740664578329562007e-01 9.341395481730677686e-01
9.835417340119908536e-01 9.245651062690999344e-01
9.931091813749796104e-01 9.149931263391363201e-01
1.002769696521346621e+00 9.054290724749840535e-01
1.012524184772224167e+00 8.958712782358834170e-01
1.022373560255302127e+00 8.863255973545527411e-01
1.032318745990486564e+00 8.767910448739447693e-01
1.042360673976402197e+00 8.672734928385891218e-01
1.052500285277732761e+00 8.577724647451803186e-01
1.062738530113414459e+00 8.482870157362069063e-01
1.073076367945679621e+00 8.388243922468443525e-01
1.083514767569973225e+00 8.293812464122535255e-01
1.094054707205742494e+00 8.199634273369398318e-01
1.104697174588111785e+00 8.105707329233300396e-01
1.115443167060441221e+00 8.012051590963917835e-01
1.126293691667795249e+00 7.918680548978624945e-01
1.137249765251314271e+00 7.825657033658085515e-01
1.148312414543511073e+00 7.732916954074181559e-01
1.159482676264482759e+00 7.640561760678649117e-01
1.170761597219069250e+00 7.548529616037280565e-01
1.182150234394952371e+00 7.456916832987123822e-01
1.193649655061713055e+00 7.365672353684710183e-01
1.205260936870842681e+00 7.274840223632129677e-01
1.216985167956738056e+00 7.184459656154977836e-01
1.228823447038673411e+00 7.094494149250650805e-01
1.240776883523764251e+00 7.004994622356507383e-01
1.252846597610937529e+00 6.915984964305801341e-01
1.265033720395903893e+00 6.827444271602497450e-01
1.277339393977160009e+00 6.739409169943956224e-01
1.289764771563017165e+00 6.651939474061460134e-01
1.302311017579677488e+00 6.564880258253857903e-01
1.314979307780347773e+00 6.478483727671182635e-01
1.327770829355430449e+00 6.392601734418287274e-01
1.340686781043774811e+00 6.307267875681821234e-01
1.353728373245021821e+00 6.222542616156768736e-01
1.366896828133026487e+00 6.138380763455980604e-01
1.380193379770397355e+00 6.054847426529511578e-01
1.393619274224142002e+00 5.971921173805672112e-01
1.407175769682446731e+00 5.889605071143494408e-01
1.420864136572576708e+00 5.807952421262447817e-01
1.434685657679937831e+00 5.726897523513073684e-01
1.448641628268290127e+00 5.646529759933425208e-01
1.462733356201129986e+00 5.566842462341722308e-01
1.476962162064259898e+00 5.487770065704227207e-01
1.491329379289537682e+00 5.409415108091237823e-01
1.505836354279841416e+00 5.331728972455137550e-01
1.520484446535244283e+00 5.254727639074641132e-01
1.535275028780422657e+00 5.178471822815710057e-01
1.550209487093291205e+00 5.102873851961863272e-01
1.565289221034902312e+00 5.027988181271585422e-01
1.580515643780601165e+00 4.953838972418612152e-01
1.595890182252465817e+00 4.880403993607240754e-01
1.611414277253019778e+00 4.807691513658260973e-01
1.627089383600260675e+00 4.735718423476139582e-01
1.642916970263993193e+00 4.664486135431787361e-01
1.658898520503498064e+00 4.593962371715028525e-01
1.675035532006524441e+00 4.524192654831267757e-01
1.691329517029648732e+00 4.455176553042008991e-01
1.707782002539993016e+00 4.386923419309452510e-01
1.724394530358320354e+00 4.319386757679696265e-01
1.741168657303530987e+00 4.252590984253465378e-01
1.758105955338547632e+00 4.186558198697067912e-01
1.775208011717636092e+00 4.121311400781225709e-01
1.792476429135148930e+00 4.056783444666827720e-01
1.809912825875727105e+00 3.993012946879131442e-01
1.827518835965944666e+00 3.929991169578926358e-01
1.845296109327445366e+00 3.867714088868385858e-01
1.863246311931559873e+00 3.806214542828597058e-01
1.881371125955437096e+00 3.745451857593505296e-01
1.899672249939675650e+00 3.685443984282455454e-01
1.918151398947507635e+00 3.626175477995036145e-01
1.936810304725519849e+00 3.567634394520601826e-01
1.955650715865949074e+00 3.509874072948134249e-01
1.974674397970537454e+00 3.452842862371074406e-01
1.993883133816001019e+00 3.396550353630051755e-01
2.013278723521096492e+00 3.340976691185204017e-01
2.032862984715323673e+00 3.286145441516027943e-01
2.052637752709252084e+00 3.232051667913074522e-01
2.072604880666519822e+00 3.178688455558028592e-01
2.092766239777499759e+00 3.126035477649493632e-01
2.113123719434652603e+00 3.074098728680769166e-01
2.133679227409597701e+00 3.022882594538226497e-01
2.154434690031884259e+00 2.972365724843505919e-01
2.175392052369522489e+00 2.922564844317611099e-01
2.196553278411258248e+00 2.873462524849426658e-01
2.217920351250634692e+00 2.825064285370908479e-01
2.239495273271823184e+00 2.777333653893143128e-01
2.261280066337279404e+00 2.730305126619797518e-01
2.283276771977218012e+00 2.683946660193694544e-01
2.305487451580938707e+00 2.638277964388724972e-01
2.327914186589993051e+00 2.593262421203938461e-01
2.350559078693253756e+00 2.548920822424166621e-01
2.373424250023866033e+00 2.505225476386155892e-01
2.396511843358130278e+00 2.462190756767045630e-01
2.419824022316292567e+00 2.419802898838196714e-01
2.443362971565319341e+00 2.378044702783667919e-01
2.467130897023623426e+00 2.336928336423649000e-01
2.491130026067788439e+00 2.296432956534487646e-01
2.515362607741312928e+00 2.256556005956185385e-01
2.539830912965362675e+00 2.217309304122674074e-01
2.564537234751594674e+00 2.178662473520795728e-01
2.589483888417040802e+00 2.140598021215471269e-01
2.614673211801092023e+00 2.103156930034250915e-01
2.640107565484572927e+00 2.066290204298472932e-01
2.665789333010967876e+00 2.030003610788106982e-01
2.691720921109787668e+00 1.994299172003800302e-01
2.717904759922122881e+00 1.959149826490520219e-01
2.744343303228365283e+00 1.924582181555462568e-01
2.771039028678170535e+00 1.890552621873628492e-01
2.797994438022641805e+00 1.857082548652551623e-01
2.825212057348790218e+00 1.824148220704271128e-01
2.852694437316245057e+00 1.791736107968467662e-01
2.880444153396297668e+00 1.759878473213281891e-01
2.908463806113254169e+00 1.728529693407744317e-01
2.936756021288137397e+00 1.697688856123503176e-01
2.965323450284773621e+00 1.667361559322775855e-01
2.994168770258243573e+00 1.637531326396136078e-01
3.023294684405779531e+00 1.608203665053090092e-01
3.052703922220086241e+00 1.579360776667221022e-01
3.082399239745143404e+00 1.550997354513387327e-01
3.112383419834465759e+00 1.523104464342699138e-01
3.142659272411905569e+00 1.495687726296765774e-01
3.173229634734976212e+00 1.468726831915422304e-01
3.204097371660752813e+00 1.442224911868346393e-01
3.235265375914330388e+00 1.416170114326066598e-01
3.266736568359921655e+00 1.390557042581222758e-01
3.298513898274578082e+00 1.365371021548452968e-01
3.330600343624588788e+00 1.340619712629501636e-01
3.362998911344535991e+00 1.316309003615739326e-01
3.395712637619100693e+00 1.292396554435238931e-01
3.428744588167585317e+00 1.268892080574927639e-01
3.462097858531227423e+00 1.245792586988406780e-01
3.495775574363275240e+00 1.223104290120842347e-01
3.529780891721914671e+00 1.200808961548596732e-01
3.564116997366032269e+00 1.178891217135355773e-01
3.598787109053855460e+00 1.157350976045802282e-01
3.633794475844513094e+00 1.136184507557321671e-01
3.669142378402494131e+00 1.115394834899322007e-01
3.704834129305105694e+00 1.094969958991540704e-01
3.740873073352900313e+00 1.074898401383694718e-01
3.777262587883141176e+00 1.055174650490373622e-01
3.814006083086284082e+00 1.035795408372246207e-01
3.851107002325572903e+00 1.016761185072604795e-01
3.888568822459721019e+00 9.980695308278834943e-02
3.926395054168756449e+00 9.797025364794281765e-02
3.964589242282997805e+00 9.616539336955920447e-02
4.003154966115265445e+00 9.439254174390951380e-02
4.042095839796306045e+00 9.265153239684147113e-02
4.081415512613501662e+00 9.094164095105984613e-02
4.121117669352832635e+00 8.926177430747017638e-02
4.161206030644208020e+00 8.761170101613818817e-02
4.201684353310133346e+00 8.599116835029002592e-02
4.242556430717777438e+00 8.439935169083002953e-02
4.283826093134470270e+00 8.283623018417511641e-02
4.325497208086633627e+00 8.130097861771720669e-02
4.367573680722233398e+00 7.979338560989281126e-02
4.410059454176736615e+00 7.831218763738106992e-02
4.452958509942654963e+00 7.685826149868629775e-02
4.496274868242640110e+00 7.543008072234967665e-02
4.540012588406244554e+00 7.402755481198534937e-02
4.584175769250333765e+00 7.265080602158517642e-02
4.628768549463215365e+00 7.129805899139027292e-02
4.673795107992464004e+00 6.997014747011258418e-02
4.719259664436561863e+00 6.866619382732287724e-02
4.765166479440326341e+00 6.738574501148580920e-02
4.811519855094205766e+00 6.612849565056966306e-02
4.858324135337417360e+00 6.489394836771537889e-02
4.905583706365050922e+00 6.368170015957846930e-02
4.953302997039108924e+00 6.249134789828562908e-02
5.001486479303548727e+00 6.132303792747281768e-02
5.050138668603383785e+00 6.017577606769215770e-02
5.099264124307808288e+00 5.904876020584919061e-02
5.148867450137498025e+00 5.794307255763648384e-02
5.198953294596024399e+00 5.685701003676453535e-02
5.249526351405507718e+00 5.579095224867591796e-02
5.300591359946452030e+00 5.474406755231196742e-02
5.352153105701904501e+00 5.371634351581753425e-02
5.404216420705915347e+00 5.270775752050758239e-02
5.456786183996381823e+00 5.171710099772375280e-02
5.509867322072253160e+00 5.074502027929796155e-02
5.563464809355226137e+00 4.979025351870284416e-02
5.617583668655908191e+00 4.885292118387467297e-02
5.672228971644543094e+00 4.793326370838751904e-02
5.727405839326266346e+00 4.703007848538481861e-02
5.783119442521027054e+00 4.614353788031566594e-02
5.839375002348160315e+00 4.527313187571863073e-02
5.896177790715694478e+00 4.441875941711569131e-02
5.953533130814370189e+00 4.358019916424986373e-02
6.011446397616513337e+00 4.275707368630018990e-02
6.069923018379741464e+00 4.194873696033261240e-02
6.128968473155564034e+00 4.115541937759997076e-02
6.188588295302960063e+00 4.037692668525105777e-02
6.248788072006894012e+00 3.961248857860102252e-02
6.309573444801936049e+00 3.886223242882455575e-02
6.370950110100935149e+00 3.812584245746310913e-02
6.432923819728876502e+00 3.740274230209497675e-02
6.495500381461869033e+00 3.669327152799555652e-02
6.558685659571435345e+00 3.599683682159449810e-02
6.622485575374063238e+00 3.531334121530846359e-02
6.686906107786136921e+00 3.464219145626629137e-02
6.751953293884205287e+00 3.398339385597149570e-02
6.817633229470763112e+00 3.333714588674347584e-02
6.883952069645496330e+00 3.270266910865353427e-02
6.950916029382126382e+00 3.207997737037071584e-02
7.018531384110795912e+00 3.146865327676047486e-02
7.086804470306189430e+00 3.086866796269201879e-02
7.155741686081340980e+00 3.027987756976310493e-02
7.225349491787214085e+00 2.970197214519681647e-02
7.295634410618154320e+00 2.913473621797495541e-02
7.366603029223159460e+00 2.857813050788154258e-02
7.438261998323163482e+00 2.803170528533256711e-02
7.510618033334286459e+00 2.749544829824229417e-02
7.583677914997190683e+00 2.696923829601605149e-02
7.657448490012479958e+00 2.644788445521868703e-02
7.731936671682362316e+00 2.594587759581699210e-02
7.807149440558499798e+00 2.544829083728989555e-02
7.883093845096216690e+00 2.496006345465843351e-02
7.959777002314985417e+00 2.448097997793361943e-02
8.037206098465421888e+00 2.401076574331762262e-02
8.115388389702712146e+00 2.354927039887743517e-02
8.194331202766655053e+00 2.309635095065045926e-02
8.274041935668218883e+00 2.265185970060676346e-02
8.354528058382872047e+00 2.221574918561385753e-02
8.435797113550611570e+00 2.178772232023734948e-02
8.517856717182803905e+00 2.136764202018614361e-02
8.600714559375941093e+00 2.095543527675085976e-02
8.684378405032257220e+00 2.055088606550482810e-02
8.768856094587436090e+00 2.015118346063351357e-02
8.854155544745349715e+00 1.976445342835124463e-02
8.940284749219998162e+00 1.938212657388421398e-02
9.027251779484577909e+00 1.900696938654208856e-02
9.115064785527916769e+00 1.863935932227663711e-02
9.203731996618220279e+00 1.827770955302722780e-02
9.293261722074316111e+00 1.792322629401579479e-02
9.383662352044273902e+00 1.757544473302596888e-02
9.474942358291729150e+00 1.723413859340085230e-02
9.567110294989774388e+00 1.689926206364816483e-02
9.660174799522645017e+00 1.657062864905566729e-02
9.754144593295098531e+00 1.624822463969159345e-02
9.849028482549766039e+00 1.593178805331092046e-02
9.944835359192397917e+00 1.562130863554480123e-02
1.004157420162519543e+01 1.531671504026000698e-02
1.013925407558815373e+01 1.501782745163214756e-02
1.023788413500867378e+01 1.472456229272934951e-02
1.033747362285940774e+01 1.443673950754024125e-02
1.043803187202444072e+01 1.415447612833159799e-02
1.053956830617394580e+01 1.387743349342535418e-02
1.064209244064724658e+01 1.360563992353560313e-02
1.074561388334458023e+01 1.333909534400939435e-02
1.085014233562746178e+01 1.307725535525988692e-02
1.095568759322787855e+01 1.282063206114233099e-02
1.106225954716621906e+01 1.256881653090160048e-02
1.116986818467823817e+01 1.232167796284965380e-02
1.127852359015096795e+01 1.207919184908941117e-02
1.138823594606782130e+01 1.184139445230402397e-02
1.149901553396274245e+01 1.160806329117421674e-02
1.161087273538378994e+01 1.137915976319868981e-02
1.172381803286598512e+01 1.115453537419976160e-02
1.183786201091373513e+01 1.093420501346196137e-02
1.195301535699265827e+01 1.071805328879590555e-02
1.206928886253119870e+01 1.050600478266638244e-02
1.218669342393191712e+01 1.029797353629022423e-02
1.230524004359261525e+01 1.009389699701634599e-02
1.242493983093746479e+01 9.893674531642212763e-03
1.254580400345803248e+01 9.697441747631405790e-03
1.266784388776455827e+01 9.504703048165684745e-03
1.279107092064739781e+01 9.315674150642142340e-03
1.291549665014884063e+01 9.130276540415326741e-03
1.304113273664525430e+01 8.948426581116336251e-03
1.316799095393986185e+01 8.770061429139004716e-03
1.329608319036608854e+01 8.595047086534676750e-03
1.342542144990170527e+01 8.423434835141846780e-03
1.355601785329368880e+01 8.255382571474689096e-03
1.368788463919415221e+01 8.089920804106441599e-03
1.382103416530724438e+01 7.927973600678893396e-03
1.395547890954729020e+01 7.767680605387218551e-03
1.409123147120805619e+01 7.613233975883628747e-03
1.422830457214353395e+01 7.460408828325435990e-03
1.436671105796013137e+01 7.310494312635021016e-03
1.450646389922046886e+01 7.163458393933488412e-03
1.464757619265895272e+01 7.019275459534720339e-03
1.479006116240903168e+01 6.877802585931781960e-03
1.493393216124253264e+01 6.739096245761942890e-03
1.507920267182097263e+01 6.603048355806530323e-03
1.522588630795911513e+01 6.469617501811592702e-03
1.537399681590069456e+01 6.338778944138007999e-03
1.552354807560667105e+01 6.210433476476084728e-03
1.567455410205595001e+01 6.084592261615232728e-03
1.582702904655883280e+01 5.961166970438599652e-03
1.598098719808309376e+01 5.840121296952017864e-03
1.613644298459311699e+01 5.721440308343158677e-03
1.629341097440194730e+01 5.605032024715317709e-03
1.645190587753662470e+01 5.490893156512520988e-03
1.661194254711659113e+01 5.378975115724934225e-03
1.677353598074571295e+01 5.269220524703024759e-03
1.693670132191772026e+01 5.161596286016096290e-03
1.710145386143542012e+01 5.056159714403212109e-03
1.726780903884355922e+01 4.952594105738152876e-03
1.743578244387577669e+01 4.851135165915943653e-03
1.760538981791556523e+01 4.751632315926295966e-03
1.777664705547142532e+01 4.654082873167228983e-03
1.794957020566648254e+01 4.558450052897952860e-03
1.812417547374237614e+01 4.464663744989251504e-03
1.830047922257800863e+01 4.372722608937374376e-03
1.847849797422290763e+01 4.282583668024536258e-03
1.865824841144566193e+01 4.194257706005817890e-03
1.883974737929719367e+01 4.107423248711383756e-03
1.902301188668945642e+01 4.022612540597482640e-03
1.920805910798935301e+01 3.939325374043019246e-03
1.939490638462828542e+01 3.857672059059313787e-03
1.958357122672716955e+01 3.777653495814926616e-03
1.977407131473744428e+01 3.699176917261128364e-03
1.996642450109793288e+01 3.622275032129106988e-03
2.016064881190793656e+01 3.546771176470723663e-03
2.035676244861640072e+01 3.472940862593305259e-03
2.055478378972772546e+01 3.400492119002682459e-03
2.075473139252405730e+01 3.329471329014077781e-03
2.095662399480432825e+01 3.259867872589027570e-03
2.116048051664034446e+01 3.191615650639776074e-03
2.136632006214970403e+01 3.124570557514268383e-03
2.157416192128621546e+01 3.059177972531714178e-03
2.178402557164756459e+01 2.994907856070963027e-03
2.199593068030074861e+01 2.931867687933663487e-03
2.220989710562497521e+01 2.870206951678869536e-03
2.242594489917278011e+01 2.809704888745150498e-03
2.264409430754907504e+01 2.750414971407465822e-03
2.286436577430861306e+01 2.692257511599724373e-03
2.308677994187169702e+01 2.635342372979672040e-03
2.331135765345874944e+01 2.579535597963077045e-03
2.353811995504354471e+01 2.524865157013260735e-03
2.376708809732560823e+01 2.471250753953609970e-03
2.399828353772154799e+01 2.418732244420760367e-03
2.423172794237600769e+01 2.367262181324669007e-03
2.446744318819203201e+01 2.316825115233294048e-03
2.470545136488123816e+01 2.267406148922373587e-03
2.494577477703398571e+01 2.218977158230873298e-03
2.518843594620949489e+01 2.171520438386587148e-03
2.543345761304651020e+01 2.125041244919058814e-03
2.568086273939435316e+01 2.079480050751434609e-03
2.593067451046487548e+01 2.034846107649118663e-03
2.618291633700505372e+01 1.991114766415064217e-03
2.643761185749101372e+01 1.948273308212498641e-03
2.669478494034320804e+01 1.906289848563032588e-03
2.695445968616333587e+01 1.865168756412184138e-03
2.721666042999271795e+01 1.824847734218124117e-03
2.748141174359293259e+01 1.785406652968730100e-03
2.774873843774846804e+01 1.746741330372800520e-03
2.801866556459195223e+01 1.708866810927220196e-03
2.829121841995168651e+01 1.671762354182255387e-03
2.856642254572233952e+01 1.635507060921243113e-03
2.884430373225852051e+01 1.599808743389280344e-03
2.912488802079168337e+01 1.564932910658120959e-03
2.940820170587063842e+01 1.530764583289995944e-03
2.969427133782552986e+01 1.497311235946329399e-03
2.998312372525609959e+01 1.464534876570441858e-03
3.027478593754393543e+01 1.432442175830285144e-03
3.056928530738937155e+01 1.400998766383119813e-03
3.086664943337274636e+01 1.370209422502564672e-03
3.116690618254088463e+01 1.340052900938374682e-03
3.147008369301855879e+01 1.310513541641432139e-03
3.177621037664554038e+01 1.281604929594582290e-03
3.208531492163897525e+01 1.253274941365037755e-03
3.239742629528198847e+01 1.225539898014514411e-03
3.271257374663825601e+01 1.198386912442906673e-03
3.303078680929315425e+01 1.171781300900668309e-03
3.335209530412127066e+01 1.145733411694569836e-03
3.367652934208116022e+01 1.120232883368760170e-03
3.400411932703705986e+01 1.095264263092806745e-03
3.433489595860830690e+01 1.070817175360827588e-03
3.466889023504609213e+01 1.046874011578169351e-03
3.500613345613854221e+01 1.023440582944785135e-03
3.534665722614391115e+01 1.000496662019036186e-03
3.569049345675229290e+01 9.780302137510617309e-04
3.603767437007633134e+01 9.560292157141386674e-04
3.638823250167062184e+01 9.344998315699814791e-04
3.674220070358090595e+01 9.134201449352755521e-04
3.709961214742267543e+01 8.927848764523762604e-04
3.746050032748993175e+01 8.725842536232078636e-04
3.782489906389385936e+01 8.528166179185377909e-04
3.819284250573236505e+01 8.334572663545182069e-04
3.856436513429023449e+01 8.145080435288526433e-04
3.893950176627063087e+01 7.959688806256809716e-04
3.931828755705770106e+01 7.778149435359191450e-04
3.970075800401124155e+01 7.600425802672968302e-04
4.008694894979318946e+01 7.426609943826989252e-04
4.047689658572676308e+01 7.256438594176821931e-04
4.087063745518780422e+01 7.089949607694973890e-04
4.126820845702955864e+01 6.926899769136004919e-04
4.166964684904057492e+01 6.767394569562906097e-04
4.207499025143619065e+01 6.611294369421755754e-04
4.248427665038425260e+01 6.458565827837488759e-04
4.289754440156466586e+01 6.309112340809000128e-04
4.331483223376402947e+01 6.162803734895135966e-04
4.373617925250492533e+01 6.019738347164617538e-04
4.416162494371084790e+01 5.879721311949899585e-04
4.459120917740628443e+01 5.742693101830689817e-04
4.502497221145327444e+01 5.608615103335636660e-04
4.546295469532399380e+01 5.477501848854363390e-04
4.590519767391037220e+01 5.349202312331689324e-04
4.635174259137027519e+01 5.223632499210633089e-04
4.680263129501155817e+01 5.100818477189507111e-04
4.725790603921362276e+01 4.980681189499196323e-04
4.771760948938745628e+01 4.863155209047684518e-04
4.818178472597362827e+01 4.748268527843416478e-04
4.865047524847972937e+01 4.635929491260644473e-04
4.912372497955678341e+01 4.525704299776744629e-04
4.960157826911540724e+01 4.418113249960737426e-04
5.008407989848212338e+01 4.312890765416984998e-04
5.057127508459573306e+01 4.209938594077487816e-04
5.106320948424492911e+01 4.109234072835868975e-04
5.155992919834686461e+01 4.010776721428168908e-04
5.206148077626762216e+01 3.914502937200994045e-04
5.256791122018424289e+01 3.820354179792749137e-04
5.307926798948964375e+01 3.728252512231978663e-04
5.359559900524011766e+01 3.638180800210457982e-04
5.411695265464637572e+01 3.550105375738675864e-04
5.464337779560780461e+01 3.464040662298727949e-04
5.517492376129128928e+01 3.379752013491535119e-04
5.571164036475430237e+01 3.297483687510964316e-04
5.625357790361330501e+01 3.216962889948552320e-04
5.680078716475694733e+01 3.138246642876627284e-04
5.735331942910571712e+01 3.061317449885469404e-04
5.791122647641758192e+01 2.986102213622396167e-04
5.847456059014062646e+01 2.912529373239973723e-04
5.904337456231242243e+01 2.840612559325701161e-04
5.961772169850755887e+01 2.770331831929994412e-04
6.019765582283304184e+01 2.701608483766647925e-04
6.078323128297230227e+01 2.634448512088025476e-04
6.137450295527852973e+01 2.568794662937089451e-04
6.197152624991698389e+01 2.504607954031276779e-04
6.257435711605789663e+01 2.441883161500118236e-04
6.318305204711957401e+01 2.380574022773572192e-04
6.379766808606282069e+01 2.320634712012821120e-04
6.441826283073628190e+01 2.262068558402602965e-04
6.504489443927437264e+01 2.204840867417113192e-04
6.567762163554736787e+01 2.148871465949555800e-04
6.631650371466487570e+01 2.094217477670090382e-04
6.696160054853221766e+01 2.040824869263266404e-04
6.761297259146149941e+01 1.988611800104105683e-04
6.827068088583682481e+01 1.937590882834132398e-04
6.893478706783510290e+01 1.887730559390085150e-04
6.960535337320180815e+01 1.839052972356148869e-04
7.028244264308352740e+01 1.791461933153827536e-04
7.096611832991698066e+01 1.744979337732856294e-04
7.165644450337531168e+01 1.699540368777130884e-04
7.235348585637258623e+01 1.655158588463416774e-04
7.305730771112592947e+01 1.611806402162880496e-04
7.376797602527737752e+01 1.569442546431793254e-04
7.448555739807494547e+01 1.528038368034743532e-04
7.521011907661404905e+01 1.487669036674233532e-04
7.594172896213913759e+01 1.448145615293504427e-04
7.668045561640717267e+01 1.409571478897384998e-04
7.742636826811269657e+01 1.371880144948867922e-04
7.817953681937576960e+01 1.335073893317518092e-04
7.894003185229233566e+01 1.299125000765401672e-04
7.970792463554894880e+01 1.264028056592665010e-04
8.048328713110151966e+01 1.229741197108778262e-04
8.126619200091946027e+01 1.196268927208194506e-04
8.205671261379453085e+01 1.163547703713077656e-04
8.285492305221690401e+01 1.131580530846663723e-04
8.366089811931756515e+01 1.100399522425931487e-04
8.447471334587828551e+01 1.069963906929140052e-04
8.529644499741024788e+01 1.040148405906930913e-04
8.612617008130067120e+01 1.011108613234460373e-04
8.696396635402970787e+01 9.827266368184873297e-05
8.780991232845718741e+01 9.550230513682374841e-05
8.866408728118061333e+01 9.279666332018667117e-05
8.952657125996400111e+01 9.015472977682492596e-05
9.039744509123974581e+01 8.757370304327780639e-05
9.127679038768296493e+01 8.505417440374020432e-05
9.216468955586012157e+01 8.259510570901486964e-05
9.306122580395103228e+01 8.019212774624353602e-05
9.396648314954700254e+01 7.784816128269251407e-05
9.488054642752423717e+01 7.555990763548337246e-05
9.580350129799435877e+01 7.332222444638159247e-05
9.673543425433136633e+01 7.113854770480708119e-05
9.767643263127766318e+01 6.900700474279200015e-05
9.862658461312820180e+01 6.692614369530011404e-05
9.958597924199507645e+01 6.489374482676596835e-05
1.005547064261513555e+02 6.290602126091209532e-05
1.015328569484565975e+02 6.096950227067105042e-05
1.025205224748657002e+02 5.907728721131924550e-05
1.035177955630176285e+02 5.723011662866114824e-05
1.045247696709102172e+02 5.542497097662864601e-05
1.055415391656582784e+02 5.366258632126917350e-05
1.065681993323370733e+02 5.194166440589948863e-05
1.076048463829117878e+02 5.026163493562429909e-05
1.086515774652539505e+02 4.861895196526386177e-05
1.097084906722451905e+02 4.701626339947987873e-05
1.107756850509708642e+02 4.544786279931197675e-05
1.118532606120007102e+02 4.391795879776685518e-05
1.129413183387621018e+02 4.242239564517566696e-05
1.140399601970033103e+02 4.096109387071240795e-05
1.151492891443491402e+02 3.953326304160541325e-05
1.162694091399494027e+02 3.813713361989709300e-05
1.174004251542213098e+02 3.677259929217481792e-05
1.185424431786863977e+02 3.543880702064445897e-05
1.196955702359042846e+02 3.413458818559588675e-05
1.208599143895007444e+02 3.285839317637512057e-05
1.220355847542956980e+02 3.160934442817180340e-05
1.232226915065284345e+02 3.038763890751487154e-05
1.244213458941827213e+02 2.919127506735854461e-05
1.256316602474121424e+02 2.802008705261034872e-05
1.268537479890670454e+02 2.687201967231584902e-05
1.280877236453237629e+02 2.574687095728593072e-05
1.293337028564169486e+02 2.464345761163646152e-05
1.305918023874777987e+02 2.356077728360133207e-05
1.318621401394748602e+02 2.249731757509704336e-05
1.331448351602640230e+02 2.145226637836354083e-05
1.344400076557447221e+02 2.042412977373816226e-05
1.357477790011246839e+02 1.941189258993263804e-05
1.370682717522946348e+02 1.841375249387259739e-05
1.384016096573132870e+02 1.742809930239492346e-05
1.397479176680040780e+02 1.645313175384884851e-05
1.411073219516657957e+02 1.548684873732857401e-05
1.424799499028946457e+02 1.452663871821964074e-05
1.438659301555238414e+02 1.356965703969831554e-05
1.452653925946781328e+02 1.261226763832024882e-05
1.466784683689457722e+02 1.164986278275960214e-05
1.481052899026690000e+02 1.067658934119848159e-05
1.495459909083537866e+02 9.684338976646284980e-06
1.510007063992007659e+02 8.661504729863534524e-06
1.524695727017573006e+02 7.590238520207414389e-06
1.539527274686944622e+02 6.440307028591238806e-06
1.554503096917050300e+02 5.152099262924951773e-06
1.569624597145302403e+02 3.569393281344900969e-06
1.584893192461114211e+02 0.000000000000000000e+00
